

Data analysis for each instance£º 
AVG,MED,MAX,MIN
0.379,0.336,1,0.088,
0.466,0.457,1,0.137,
0.389,0.441,1,0.096,
0.44,0.445,1,0.188,
0.391,0.461,1,0.042,
0.362,0.292,1,0.071,
0.33,0.279,1,0.062,
0.378,0.411,1,0.105,
0.406,0.444,1,0.106,
0.337,0.212,1,0.11,
0.464,0.567,1,0.116,
0.412,0.403,1,0.135,
0.408,0.461,1,0.079,
0.445,0.497,1,0.131,
0.339,0.219,1,0.084,
0.386,0.405,1,0.018,
0.398,0.28,1,0.155,
0.38,0.381,1,0.072,
0.415,0.365,1,0.095,
0.388,0.244,1,0.12,
0.397,0.33,1,0.101,
0.386,0.304,1,0.1,
0.395,0.35,1,0.057,
0.449,0.441,1,0.137,
0.411,0.328,1,0.128,
0.409,0.385,1,0.108,
0.47,0.46,1,0.056,
0.44,0.313,1,0.127,
0.332,0.259,1,0.091,
0.412,0.406,1,0.169,
0.407,0.396,1,0.14,
0.492,0.543,1,0.076,
0.429,0.455,1,0.09,
0.378,0.401,1,0.018,
0.462,0.459,1,0.093,
0.437,0.349,1,0.142,
0.322,0.201,1,0.022,
0.471,0.401,1,0.127,
0.377,0.342,1,0.117,
0.469,0.337,1,0.142,
0.473,0.496,1,0.181,
0.443,0.469,1,0.087,
0.448,0.446,1,0.089,
0.329,0.175,1,0.029,
0.378,0.245,1,0.105,
0.427,0.405,1,0.029,
0.399,0.292,1,0.192,
0.401,0.387,1,0.127,
0.506,0.491,1,0.2,
0.443,0.391,1,0.128,
0.477,0.387,1,0.08,
0.426,0.374,1,0.212,
0.434,0.394,1,0.265,
0.459,0.49,1,0.16,
0.388,0.254,1,0.069,
0.435,0.459,1,0.037,
0.357,0.353,1,0.054,
0.41,0.405,1,0.166,
0.416,0.342,1,0.043,
0.431,0.395,1,0.132,
0.429,0.47,1,0.031,
0.391,0.347,1,0.142,
0.4,0.319,1,0.118,
0.321,0.232,1,0.019,
0.341,0.242,1,0.096,
0.366,0.258,1,0.118,
0.432,0.444,1,0.172,
0.389,0.325,1,0.127,
0.47,0.404,1,0.181,
0.424,0.367,1,0.18,
0.365,0.359,1,0.023,
0.452,0.482,1,0.156,
0.447,0.467,1,0.124,
0.464,0.384,1,0.045,
0.397,0.396,1,0.13,
0.401,0.401,1,0.137,
0.532,0.558,1,0.11,
0.416,0.371,1,0.131,
0.291,0.175,1,0.081,
0.458,0.438,1,0.161,
0.456,0.518,1,0.145,
0.508,0.607,1,0.082,
0.411,0.315,1,0.138,
0.368,0.275,1,0.166,
0.403,0.369,1,0.056,
0.368,0.323,1,0.126,
0.391,0.373,1,0.054,
0.409,0.41,1,0.132,
0.416,0.374,1,0.155,
0.402,0.289,1,0.137,
0.426,0.464,1,0.034,
0.451,0.44,1,0.181,
0.503,0.509,1,0.2,
0.361,0.29,1,0.027,
0.338,0.19,1,0.059,
0.446,0.337,1,0.168,
0.397,0.256,1,0.059,
0.428,0.456,1,0.117,
0.443,0.525,1,0.107,
0.451,0.431,1,0.103,
0.377,0.241,1,0.04,
0.423,0.399,1,0.069,
0.406,0.42,1,0.13,
0.403,0.442,1,0.109,
0.331,0.198,1,0.016,
0.385,0.385,1,0.075,
0.396,0.287,1,0.129,
0.388,0.281,1,0.116,
0.409,0.357,1,0.1,
0.486,0.435,1,0.24,
0.462,0.483,1,0.149,
0.427,0.424,1,0.207,
0.433,0.408,1,0.26,
0.436,0.442,1,0.162,
0.377,0.305,1,0.083,
0.468,0.488,1,0.046,
0.381,0.309,1,0.059,
0.423,0.438,1,0.154,
0.372,0.276,1,0.074,
0.37,0.265,1,0.093,
0.439,0.38,1,0.166,
0.38,0.407,1,0.048,
0.491,0.395,1,0.184,
0.339,0.236,1,0.037,
0.335,0.259,1,0.119,
0.373,0.28,1,0.027,
0.417,0.385,1,0.119,
0.435,0.304,1,0.18,
0.417,0.366,1,0.09,
0.396,0.324,1,0.164,
0.443,0.443,1,0.084,
0.422,0.444,1,0.121,
0.469,0.528,1,0.159,
0.385,0.323,1,0.155,
0.397,0.331,1,0.111,
0.382,0.318,1,0.015,
0.441,0.419,1,0.016,
0.356,0.294,1,0.072,
0.423,0.464,1,0.156,
0.428,0.395,1,0.167,
0.416,0.404,1,0.112,
0.429,0.359,1,0.175,
0.515,0.412,1,0.255,
0.347,0.243,1,0.04,
0.398,0.245,1,0.138,
0.386,0.388,1,0.036,
0.352,0.268,1,0.122,
0.443,0.343,1,0.175,
0.445,0.405,1,0.178,
0.422,0.318,1,0.183,
0.497,0.476,1,0.083,
0.402,0.311,1,0.154,
0.422,0.419,1,0.129,
0.416,0.408,1,0.152,
0.402,0.382,1,0.09,
0.51,0.449,1,0.169,
0.353,0.212,1,0.094,
0.373,0.274,1,0.124,
0.443,0.388,1,0.083,
0.414,0.366,1,0.191,
0.366,0.346,1,0.095,
0.398,0.315,1,0.141,
0.477,0.471,1,0.181,
0.471,0.434,1,0.115,
0.426,0.397,1,0.125,
0.454,0.554,1,0.11,
0.414,0.299,1,0.014,
0.427,0.339,1,0.063,
0.397,0.36,1,0.143,
0.414,0.341,1,0.159,
0.425,0.424,1,0.143,
0.4,0.459,1,0.017,
0.419,0.464,1,0.118,
0.456,0.503,1,0.062,
0.398,0.332,1,0.159,
0.411,0.436,1,0.116,
0.43,0.414,1,0.063,
0.326,0.243,1,0.014,
0.392,0.406,1,0.061,
0.42,0.361,1,0.089,
0.393,0.395,1,0.105,
0.384,0.267,1,0.083,
0.42,0.461,1,0.169,
0.374,0.375,1,0.093,
0.456,0.377,1,0.172,
0.414,0.397,1,0.111,
0.333,0.23,1,0.069,
0.387,0.386,1,0.135,
0.435,0.448,1,0.111,
0.472,0.431,1,0.016,
0.44,0.345,1,0.081,
0.407,0.32,1,0.111,
0.493,0.51,1,0.127,
0.431,0.383,1,0.079,
0.439,0.45,1,0.161,
0.386,0.291,1,0.068,
0.353,0.314,1,0.123,
0.463,0.42,1,0.1,
0.382,0.384,1,0.113,
0.458,0.388,1,0.124,
0.407,0.308,1,0.041,
0.458,0.499,1,0.167,
0.394,0.319,1,0.176,
0.414,0.332,1,0.137,
0.507,0.428,1,0.188,
0.46,0.373,1,0.206,
0.448,0.438,1,0.13,
0.487,0.495,1,0.241,
0.468,0.451,1,0.176,
0.432,0.372,1,0.097,
0.413,0.46,1,0.119,
0.407,0.395,1,0.115,
0.402,0.315,1,0.118,
0.49,0.481,1,0.182,
0.521,0.535,1,0.202,
0.455,0.364,1,0.2,
0.439,0.417,1,0.165,
0.434,0.459,1,0.156,
0.394,0.337,1,0.049,
0.322,0.241,1,0.089,
0.429,0.402,1,0.183,
0.329,0.191,1,0.03,
0.439,0.456,1,0.121,
0.371,0.31,1,0.151,
0.448,0.414,1,0.178,
0.412,0.433,1,0.141,
0.438,0.417,1,0.155,
0.453,0.521,1,0.101,
0.386,0.264,1,0.054,
0.401,0.361,1,0.116,
0.382,0.351,1,0.129,
0.38,0.343,1,0.074,
0.536,0.663,1,0.013,
0.398,0.328,1,0.175,
0.368,0.325,1,0.046,
0.423,0.435,1,0.088,
0.389,0.358,1,0.028,
0.453,0.383,1,0.119,
0.398,0.318,1,0.154,
0.455,0.364,1,0.157,
0.418,0.339,1,0.091,
0.379,0.268,1,0.129,
0.443,0.424,1,0.134,
0.352,0.34,1,0.018,
0.409,0.392,1,0.098,
0.401,0.377,1,0.146,
0.363,0.276,1,0.161,
0.31,0.17,1,0.018,
0.405,0.368,1,0.147,
0.389,0.289,1,0.064,
0.441,0.503,1,0.018,
0.352,0.253,1,0.092,
0.4,0.308,1,0.141,
0.452,0.473,1,0.171,
0.394,0.409,1,0.153,
0.383,0.257,1,0.042,
0.272,0.174,1,0.049,
0.427,0.461,1,0.08,
0.435,0.453,1,0.119,
0.425,0.354,1,0.164,
0.42,0.355,1,0.046,
0.366,0.241,1,0.15,
0.432,0.449,1,0.137,
0.451,0.483,1,0.152,
0.487,0.492,1,0.161,
0.308,0.197,1,0.1,
0.454,0.416,1,0.183,
0.351,0.337,1,0.115,
0.434,0.48,1,0.092,
0.419,0.332,1,0.079,
0.407,0.397,1,0.109,
0.417,0.483,1,0.036,
0.404,0.334,1,0.177,
0.424,0.417,1,0.137,
0.349,0.248,1,0.129,
0.464,0.46,1,0.138,
0.425,0.372,1,0.185,
0.381,0.291,1,0.114,
0.319,0.27,1,0.032,
0.481,0.481,1,0.022,
0.441,0.459,1,0.144,
0.43,0.37,1,0.138,
0.437,0.343,1,0.14,
0.455,0.501,1,0.17,
0.37,0.451,1,0.044,
0.433,0.441,1,0.142,
0.342,0.233,1,0.088,
0.432,0.323,1,0.043,
0.416,0.372,1,0.108,
0.38,0.282,1,0.033,
0.484,0.517,1,0.038,
0.39,0.319,1,0.186,
0.373,0.304,1,0.138,
0.391,0.397,1,0.112,
0.44,0.425,1,0.155,
0.513,0.484,1,0.082,
0.455,0.405,1,0.028,
0.348,0.255,1,0.051,
0.41,0.397,1,0.145,
0.444,0.321,1,0.109,
0.388,0.293,1,0.09,
0.46,0.404,1,0.188,
0.421,0.412,1,0.131,
0.46,0.547,1,0.076,
0.427,0.414,1,0.114,
0.41,0.371,1,0.122,
0.419,0.252,1,0.113,
0.425,0.463,1,0.114,
0.365,0.405,1,0.129,
0.325,0.198,1,0.028,
0.408,0.416,1,0.126,
0.357,0.27,1,0.113,
0.424,0.267,1,0.118,
0.41,0.387,1,0.109,
0.431,0.447,1,0.108,
0.386,0.346,1,0.131,
0.394,0.361,1,0.1,
0.356,0.23,1,0.12,
0.423,0.463,1,0.027,
0.398,0.338,1,0.141,
0.411,0.366,1,0.098,
0.489,0.519,1,0.061,
0.464,0.455,1,0.022,
0.369,0.28,1,0.073,
0.416,0.363,1,0.097,
0.417,0.399,1,0.143,
0.395,0.314,1,0.147,
0.375,0.248,1,0.029,
0.385,0.295,1,0.142,
0.415,0.44,1,0.137,
0.379,0.29,1,0.114,
0.376,0.324,1,0.012,
0.359,0.231,1,0.013,
0.374,0.295,1,0.139,
0.338,0.275,1,0.067,
0.394,0.331,1,0.101,
0.447,0.373,1,0.118,
0.3,0.189,1,0.072,
0.4,0.418,1,0.106,
0.41,0.488,1,0.14,
0.375,0.372,1,0.022,
0.478,0.571,1,0.149,
0.433,0.388,1,0.136,
0.44,0.427,1,0.139,
0.445,0.423,1,0.184,
0.413,0.318,1,0.041,
0.308,0.236,1,0.021,
0.402,0.415,1,0.179,
0.359,0.344,1,0.026,
0.383,0.504,1,0.016,
0.382,0.31,1,0.05,
0.411,0.293,1,0.145,
0.429,0.316,1,0.164,
0.338,0.35,1,0.101,
0.44,0.426,1,0.132,
0.416,0.405,1,0.099,
0.427,0.413,1,0.135,
0.448,0.425,1,0.21,
0.416,0.286,1,0.015,
0.526,0.618,1,0.148,
0.411,0.407,1,0.027,
0.508,0.536,1,0.159,
0.444,0.462,1,0.121,
0.406,0.41,1,0.122,
0.444,0.482,1,0.055,
0.319,0.247,1,0.113,
0.392,0.374,1,0.09,
0.428,0.479,1,0.11,
0.44,0.373,1,0.065,
0.573,0.628,1,0.092,
0.427,0.378,1,0.202,
0.4,0.288,1,0.026,
0.427,0.364,1,0.127,
0.43,0.418,1,0.127,
0.381,0.342,1,0.112,
0.451,0.488,1,0.102,
0.382,0.419,1,0.09,
0.439,0.317,1,0.064,
0.439,0.438,1,0.114,
0.383,0.354,1,0.105,
0.487,0.459,1,0.192,
0.386,0.373,1,0.094,
0.44,0.325,1,0.039,
0.303,0.171,1,0.013,
0.359,0.253,1,0.026,
0.427,0.431,1,0.128,
0.382,0.224,1,0.121,
0.389,0.269,1,0.078,
0.412,0.316,1,0.145,
0.316,0.182,1,0.081,
0.404,0.424,1,0.146,
0.401,0.321,1,0.154,
0.452,0.387,1,0.062,
0.373,0.3,1,0.063,
0.443,0.478,1,0.106,
0.391,0.257,1,0.108,
0.339,0.214,1,0.015,
0.401,0.362,1,0.086,
0.45,0.416,1,0.183,
0.358,0.33,1,0.033,
0.428,0.405,1,0.13,
0.47,0.476,1,0.057,
0.435,0.372,1,0.152,
0.428,0.503,1,0.143,
0.399,0.477,1,0.011,
0.382,0.319,1,0.147,
0.358,0.257,1,0.049,
0.397,0.346,1,0.079,
0.395,0.318,1,0.133,
0.38,0.296,1,0.01,
0.414,0.366,1,0.153,
0.492,0.448,1,0.172,
0.485,0.459,1,0.024,
0.419,0.388,1,0.165,
0.493,0.448,1,0.172,
0.43,0.454,1,0.13,
0.421,0.43,1,0.086,
0.37,0.341,1,0.129,
0.381,0.256,1,0.104,
0.454,0.384,1,0.139,
0.45,0.423,1,0.069,
0.41,0.394,1,0.052,
0.46,0.444,1,0.081,
0.382,0.312,1,0.093,
0.432,0.343,1,0.149,
0.479,0.519,1,0.072,
0.401,0.278,1,0.153,
0.289,0.172,1,0.045,
0.331,0.271,1,0.031,
0.409,0.383,1,0.066,
0.401,0.429,1,0.108,
0.426,0.398,1,0.133,
0.393,0.443,1,0.027,
0.503,0.506,1,0.197,
0.41,0.417,1,0.046,
0.419,0.477,1,0.123,
0.443,0.417,1,0.219,
0.465,0.495,1,0.056,
0.392,0.311,1,0.188,
0.433,0.293,1,0.148,
0.377,0.421,1,0.096,
0.516,0.49,1,0.203,
0.418,0.288,1,0.112,
0.381,0.297,1,0.008,
0.418,0.411,1,0.131,
0.447,0.331,1,0.166,
0.437,0.399,1,0.137,
0.45,0.453,1,0.17,
0.43,0.426,1,0.204,
0.477,0.392,1,0.2,
0.456,0.538,1,0.107,
0.422,0.419,1,0.119,
0.544,0.574,1,0.215,
0.451,0.468,1,0.199,
0.349,0.21,1,0.067,
0.391,0.399,1,0.055,
0.386,0.291,1,0.155,
0.401,0.402,1,0.095,
0.392,0.423,1,0.129,
0.491,0.547,1,0.147,
0.431,0.461,1,0.058,
0.472,0.414,1,0.249,
0.437,0.324,1,0.13,
0.429,0.505,1,0.036,
0.407,0.307,1,0.042,
0.323,0.22,1,0.1,
0.415,0.372,1,0.144,
0.395,0.264,1,0.14,
0.396,0.333,1,0.087,
0.407,0.315,1,0.131,
0.418,0.407,1,0.108,
0.466,0.46,1,0.148,
0.416,0.422,1,0.125,
0.369,0.274,1,0.127,
0.454,0.395,1,0.028,
0.449,0.464,1,0.153,
0.422,0.445,1,0.114,
0.542,0.586,1,0.11,
0.43,0.329,1,0.139,
0.415,0.361,1,0.089,
0.366,0.295,1,0.03,
0.451,0.473,1,0.143,
0.501,0.459,1,0.13,
0.386,0.308,1,0.111,
0.365,0.243,1,0.088,
0.444,0.436,1,0.116,
0.41,0.406,1,0.12,
0.406,0.433,1,0.124,
0.414,0.302,1,0.113,
0.291,0.121,1,0.012,
0.352,0.278,1,0.073,
0.346,0.234,1,0.047,
0.431,0.383,1,0.139,
0.35,0.237,1,0.123,
0.427,0.452,1,0.048,
0.393,0.347,1,0.174,
0.444,0.392,1,0.109,
0.384,0.386,1,0.113,
0.447,0.442,1,0.144,
0.438,0.564,1,0.021,
0.386,0.214,1,0.058,
0.395,0.345,1,0.066,
0.477,0.452,1,0.043,
0.426,0.372,1,0.116,
0.499,0.561,1,0.127,
0.508,0.506,1,0.037,
0.388,0.269,1,0.181,
0.404,0.266,1,0.088,
0.379,0.339,1,0.118,
0.363,0.418,1,0.027,
0.436,0.425,1,0.114,
0.41,0.364,1,0.128,
0.507,0.552,1,0.131,
0.427,0.445,1,0.147,
0.442,0.321,1,0.044,
0.404,0.374,1,0.095,
0.421,0.414,1,0.157,
0.457,0.469,1,0.166,
0.421,0.351,1,0.156,
0.411,0.367,1,0.069,
0.467,0.492,1,0.188,
0.356,0.384,1,0.09,
0.433,0.445,1,0.039,
0.439,0.386,1,0.06,
0.398,0.296,1,0.026,
0.499,0.48,1,0.093,
0.403,0.392,1,0.135,
0.381,0.257,1,0.059,
0.435,0.409,1,0.175,
0.388,0.27,1,0.098,
0.413,0.389,1,0.159,
0.429,0.401,1,0.126,
0.455,0.472,1,0.137,
0.47,0.443,1,0.129,
0.477,0.481,1,0.026,
0.403,0.424,1,0.111,
0.405,0.319,1,0.147,
0.343,0.198,1,0.062,
0.397,0.37,1,0.197,
0.428,0.388,1,0.159,
0.413,0.463,1,0.081,
0.427,0.427,1,0.075,
0.382,0.325,1,0.003,
0.399,0.409,1,0.155,
0.463,0.434,1,0.108,
0.442,0.444,1,0.157,
0.404,0.31,1,0.109,
0.443,0.438,1,0.106,
0.438,0.47,1,0.185,
0.387,0.252,1,0.054,
0.421,0.43,1,0.062,
0.359,0.304,1,0.081,
0.428,0.402,1,0.174,
0.438,0.398,1,0.181,
0.425,0.398,1,0.09,
0.408,0.322,1,0.126,
0.364,0.24,1,0.144,
0.368,0.301,1,0.105,
0.512,0.591,1,0.075,
0.378,0.451,1,0.02,
0.452,0.455,1,0.085,
0.388,0.348,1,0.149,
0.34,0.202,1,0.072,
0.435,0.402,1,0.095,
0.364,0.326,1,0.019,
0.407,0.35,1,0.055,
0.432,0.382,1,0.036,
0.368,0.279,1,0.13,
0.452,0.434,1,0.081,
0.447,0.474,1,0.159,
0.352,0.302,1,0.147,
0.39,0.43,1,0.13,
0.404,0.421,1,0.16,
0.418,0.349,1,0.04,
0.456,0.384,1,0.115,
0.4,0.365,1,0.151,
0.468,0.509,1,0.08,
0.419,0.356,1,0.009,
0.438,0.398,1,0.104,
0.408,0.373,1,0.086,
0.404,0.343,1,0.144,
0.436,0.472,1,0.153,
0.403,0.36,1,0.024,
0.469,0.459,1,0.116,
0.411,0.37,1,0.182,
0.408,0.43,1,0.131,
0.428,0.334,1,0.132,
0.465,0.502,1,0.154,
0.466,0.416,1,0.103,
0.459,0.458,1,0.025,
0.509,0.455,1,0.16,
0.443,0.395,1,0.021,
0.429,0.365,1,0.135,
0.358,0.321,1,0.037,
0.414,0.422,1,0.137,
0.45,0.351,1,0.174,
0.444,0.384,1,0.176,
0.444,0.349,1,0.057,
0.464,0.449,1,0.163,
0.466,0.457,1,0.102,
0.418,0.4,1,0.045,
0.474,0.427,1,0.042,
0.462,0.465,1,0.046,
0.405,0.393,1,0.154,
0.432,0.469,1,0.168,
0.389,0.4,1,0.03,
0.359,0.249,1,0.08,
0.372,0.296,1,0.066,
0.439,0.371,1,0.148,
0.444,0.42,1,0.142,
0.387,0.333,1,0.173,
0.399,0.269,1,0.157,
0.371,0.316,1,0.031,
0.332,0.281,1,0.136,
0.399,0.309,1,0.131,
0.401,0.427,1,0.021,
0.421,0.389,1,0.015,
0.386,0.376,1,0.066,
0.448,0.414,1,0.143,
0.373,0.242,1,0.115,
0.4,0.354,1,0.142,
0.405,0.34,1,0.111,
0.444,0.471,1,0.161,
0.466,0.488,1,0.075,
0.452,0.424,1,0.065,
0.456,0.425,1,0.159,
0.421,0.356,1,0.098,
0.361,0.247,1,0.011,
0.447,0.427,1,0.142,
0.407,0.323,1,0.072,
0.406,0.394,1,0.179,
0.436,0.478,1,0.162,
0.418,0.365,1,0.038,
0.388,0.282,1,0.037,
0.415,0.323,1,0.153,
0.387,0.312,1,0.141,
0.394,0.345,1,0.162,
0.39,0.387,1,0.141,
0.402,0.33,1,0.132,
0.412,0.365,1,0.145,
0.38,0.415,1,0.056,
0.479,0.405,1,0.156,
0.464,0.485,1,0.057,
0.401,0.416,1,0.142,
0.391,0.352,1,0.047,
0.437,0.472,1,0.112,
0.467,0.377,1,0.152,
0.424,0.347,1,0.165,
0.456,0.499,1,0.159,
0.463,0.478,1,0.136,
0.412,0.282,1,0.096,
0.388,0.272,1,0.046,
0.336,0.246,1,0.041,
0.476,0.519,1,0.167,
0.429,0.451,1,0.155,
0.335,0.24,1,0.051,
0.437,0.356,1,0.081,
0.376,0.282,1,0.135,
0.419,0.443,1,0.122,
0.453,0.461,1,0.187,
0.406,0.378,1,0.089,
0.393,0.347,1,0.169,
0.371,0.251,1,0.095,
0.479,0.432,1,0.112,
0.373,0.336,1,0.025,
0.499,0.604,1,0.188,
0.462,0.483,1,0.213,
0.419,0.343,1,0.15,
0.462,0.373,1,0.108,
0.373,0.258,1,0.103,
0.367,0.352,0.996,0.116,
0.44,0.44,1,0.069,
0.416,0.441,1,0.134,
0.413,0.517,1,0.036,
0.406,0.386,1,0.032,
0.427,0.422,1,0.126,
0.407,0.476,1,0.02,
0.496,0.436,1,0.142,
0.373,0.324,1,0.107,
0.454,0.398,1,0.122,
0.464,0.475,1,0.157,
0.422,0.427,1,0.188,
0.462,0.527,1,0.072,
0.395,0.335,1,0.04,
0.325,0.225,1,0.058,
0.471,0.467,1,0.137,
0.536,0.519,1,0.218,
0.508,0.416,1,0.18,
0.416,0.317,1,0.17,
0.418,0.329,1,0.114,
0.422,0.531,1,0.083,
0.379,0.368,1,0.098,
0.413,0.481,1,0.083,
0.394,0.422,1,0.084,
0.38,0.461,1,0.132,
0.394,0.401,1,0.049,
0.495,0.497,1,0.171,
0.439,0.4,1,0.204,
0.482,0.431,1,0.102,
0.436,0.441,1,0.165,
0.447,0.468,1,0.135,
0.339,0.237,1,0.062,
0.414,0.304,1,0.158,
0.417,0.39,1,0.109,
0.447,0.44,1,0.183,
0.302,0.187,1,0.011,
0.406,0.395,1,0.153,
0.368,0.314,1,0.098,
0.411,0.372,1,0.163,
0.453,0.444,1,0.188,
0.429,0.365,1,0.117,
0.428,0.464,1,0.122,
0.352,0.228,1,0.143,
0.395,0.247,1,0.083,
0.378,0.305,1,0.082,
0.32,0.249,1,0.014,
0.428,0.403,1,0.167,
0.417,0.461,1,0.153,
0.402,0.337,1,0.059,
0.438,0.403,1,0.106,
0.393,0.357,1,0.158,
0.412,0.402,1,0.072,
0.385,0.384,1,0.136,
0.353,0.237,1,0.037,
0.347,0.28,1,0.154,
0.382,0.282,1,0.129,
0.393,0.408,1,0.076,
0.44,0.393,1,0.091,
0.45,0.342,1,0.165,
0.384,0.278,1,0.076,
0.412,0.352,1,0.031,
0.382,0.318,1,0.114,
0.429,0.409,1,0.043,
0.4,0.31,1,0.053,
0.451,0.453,1,0.177,
0.437,0.468,1,0.118,
0.435,0.395,1,0.22,
0.434,0.466,1,0.07,
0.475,0.488,1,0.12,
0.367,0.28,1,0.008,
0.416,0.392,1,0.063,
0.472,0.421,1,0.241,
0.454,0.369,1,0.173,
0.45,0.438,1,0.136,
0.427,0.468,1,0.013,
0.365,0.365,1,0.029,
0.348,0.247,1,0.056,
0.391,0.326,1,0.187,
0.474,0.383,1,0.16,
0.34,0.234,1,0.119,
0.458,0.432,1,0.156,
0.383,0.257,1,0.153,
0.417,0.367,1,0.19,
0.423,0.327,1,0.139,
0.477,0.482,1,0.14,
0.47,0.524,1,0.03,
0.534,0.479,1,0.174,
0.382,0.325,1,0.154,
0.362,0.249,1,0.098,
0.391,0.444,1,0.038,
0.479,0.475,1,0.212,
0.461,0.396,1,0.087,
0.409,0.369,1,0.121,
0.408,0.439,1,0.044,
0.418,0.376,1,0.072,
0.48,0.591,1,0.047,
0.389,0.337,1,0.198,
0.377,0.342,1,0.122,
0.374,0.299,1,0.045,
0.401,0.396,1,0.123,
0.405,0.33,1,0.134,
0.515,0.554,1,0.047,
0.419,0.443,1,0.156,
0.395,0.348,1,0.12,
0.347,0.203,1,0.04,
0.4,0.278,1,0.141,
0.397,0.354,1,0.188,
0.437,0.341,1,0.156,
0.48,0.583,1,0.084,
0.556,0.482,1,0.313,
0.409,0.336,1,0.133,
0.456,0.483,1,0.152,
0.433,0.378,1,0.091,
0.407,0.285,1,0.04,
0.467,0.429,1,0.113,
0.489,0.449,1,0.2,
0.433,0.459,1,0.122,
0.426,0.378,1,0.051,
0.424,0.354,1,0.038,
0.346,0.267,1,0.136,
0.373,0.413,1,0.035,
0.436,0.422,1,0.132,
0.441,0.398,1,0.106,
0.447,0.436,1,0.175,
0.368,0.346,1,0.098,
0.486,0.428,1,0.191,
0.318,0.26,1,0.008,
0.404,0.3,1,0.156,
0.428,0.355,1,0.168,
0.379,0.426,1,0.133,
0.438,0.349,1,0.188,
0.409,0.293,1,0.174,
0.447,0.472,1,0.159,
0.421,0.417,1,0.057,
0.427,0.475,1,0.138,
0.48,0.51,1,0.067,
0.446,0.432,1,0.069,
0.431,0.477,1,0.162,
0.416,0.427,1,0.143,
0.381,0.261,1,0.104,
0.425,0.408,1,0.124,
0.466,0.462,1,0.178,
0.418,0.369,1,0.055,
0.451,0.493,1,0.147,
0.346,0.263,1,0.072,
0.462,0.465,1,0.186,
0.379,0.279,1,0.064,
0.43,0.41,1,0.149,
0.497,0.44,1,0.167,
0.392,0.337,1,0.152,
0.504,0.455,1,0.066,
0.385,0.338,1,0.079,
0.389,0.399,1,0.154,
0.413,0.323,1,0.106,
0.359,0.254,1,0.113,
0.459,0.476,1,0.11,
0.38,0.416,1,0.134,
0.38,0.394,1,0.088,
0.459,0.392,1,0.064,
0.378,0.305,1,0.174,
0.416,0.441,1,0.021,
0.441,0.448,1,0.18,
0.439,0.333,1,0.172,
0.568,0.537,1,0.263,
0.428,0.409,1,0.117,
0.363,0.256,1,0.082,
0.424,0.282,1,0.134,
0.39,0.276,1,0.073,
0.386,0.359,1,0.057,
0.417,0.354,1,0.184,
0.373,0.295,1,0.048,
0.433,0.443,1,0.147,
0.438,0.384,1,0.168,
0.503,0.456,1,0.094,
0.523,0.432,1,0.196,
0.435,0.362,1,0.211,
0.458,0.405,1,0.136,
0.384,0.351,1,0.146,
0.41,0.41,1,0.129,
0.434,0.336,1,0.122,
0.413,0.423,1,0.011,
0.45,0.391,1,0.083,
0.389,0.286,1,0.093,
0.471,0.527,1,0.156,
0.403,0.314,1,0.124,
0.424,0.366,1,0.007,
0.4,0.381,1,0.033,
0.381,0.308,1,0.115,
0.391,0.205,1,0.077,
0.395,0.421,1,0.058,
0.414,0.415,1,0.175,
0.379,0.401,1,0.055,
0.395,0.384,1,0.145,
0.367,0.273,1,0.115,
0.422,0.46,1,0.084,
0.342,0.226,1,0.024,
0.396,0.313,1,0.184,
0.438,0.481,1,0.166,
0.399,0.482,1,0.019,
0.41,0.366,1,0.051,
0.432,0.338,1,0.15,
0.487,0.514,1,0.052,
0.432,0.447,1,0.029,
0.379,0.364,1,0.096,
0.384,0.248,1,0.062,
0.419,0.428,1,0.13,
0.462,0.461,1,0.154,
0.429,0.43,1,0.107,
0.397,0.245,1,0.031,
0.337,0.264,1,0.069,
0.374,0.338,1,0.171,
0.39,0.395,1,0.103,
0.345,0.332,1,0.021,
0.385,0.324,1,0.016,
0.411,0.35,1,0.129,
0.412,0.397,1,0.099,
0.415,0.45,1,0.142,
0.444,0.536,1,0.147,
0.495,0.484,1,0.031,
0.417,0.354,1,0.099,
0.426,0.472,1,0.141,
0.459,0.453,1,0.19,
0.377,0.309,1,0.056,
0.509,0.524,1,0.144,
0.433,0.463,1,0.07,
0.397,0.451,1,0.058,
0.471,0.374,1,0.093,
0.419,0.408,1,0.05,
0.374,0.333,1,0.137,
0.385,0.43,1,0.106,
0.36,0.341,1,0.042,
0.361,0.375,1,0.028,
0.444,0.442,1,0.106,
0.563,0.534,1,0.279,
0.464,0.427,1,0.111,
0.361,0.197,0.998,0.04,
0.413,0.372,1,0.092,
0.385,0.342,1,0.132,
0.381,0.351,1,0.149,
0.394,0.307,1,0.092,
0.394,0.404,1,0.118,
0.401,0.313,1,0.035,
0.52,0.55,1,0.092,
0.405,0.394,1,0.161,
0.394,0.312,1,0.099,
0.465,0.477,1,0.044,
0.391,0.24,1,0.095,
0.439,0.307,1,0.135,
0.392,0.35,1,0.106,
0.424,0.339,1,0.103,
0.433,0.451,1,0.087,
0.39,0.342,1,0.133,
0.432,0.417,1,0.15,
0.441,0.388,1,0.053,
0.336,0.205,1,0.058,
0.418,0.414,1,0.158,
0.345,0.223,1,0.103,
0.44,0.4,1,0.103,
0.297,0.162,1,0.014,
0.374,0.237,1,0.109,
0.417,0.369,1,0.137,
0.432,0.356,1,0.152,
0.429,0.441,1,0.16,
0.44,0.396,1,0.077,
0.418,0.426,1,0.139,
0.406,0.365,1,0.079,
0.369,0.259,1,0.087,
0.577,0.608,1,0.337,
0.428,0.434,1,0.179,
0.384,0.258,1,0.082,
0.348,0.284,1,0.114,
0.428,0.424,1,0.157,
0.377,0.337,1,0.128,
0.427,0.415,1,0.151,
0.452,0.526,1,0.087,
0.412,0.402,1,0.172,
0.484,0.408,1,0.239,
0.391,0.309,1,0.108,
0.405,0.395,1,0.147,
0.407,0.393,1,0.038,
0.434,0.41,1,0.085,
0.402,0.339,1,0.185,
0.402,0.322,1,0.018,
0.416,0.38,1,0.168,
0.436,0.33,1,0.166,
0.474,0.408,1,0.041,
0.422,0.303,1,0.099,
0.406,0.293,1,0.11,
0.491,0.457,1,0.004,
0.397,0.371,1,0.038,
0.492,0.499,1,0.182,
0.516,0.456,1,0.115,
0.433,0.491,1,0.004,
0.418,0.479,1,0.086,
0.431,0.399,1,0.129,
0.411,0.454,1,0.05,
0.423,0.446,1,0.125,
0.422,0.354,1,0.007,
0.459,0.473,1,0.022,
0.458,0.413,1,0.185,
0.39,0.33,1,0.098,
0.453,0.489,1,0.119,
0.354,0.341,1,0.04,
0.435,0.467,1,0.153,
0.391,0.302,1,0.141,
0.456,0.446,1,0.139,
0.479,0.428,1,0.085,
0.392,0.209,1,0.119,
0.424,0.475,1,0.049,
0.399,0.319,1,0.168,
0.394,0.321,1,0.121,
0.39,0.377,1,0.113,
0.395,0.382,1,0.032,
0.416,0.467,1,0.042,
0.422,0.352,1,0.131,
0.488,0.429,1,0.222,
0.446,0.516,1,0.059,
0.454,0.433,1,0.168,
0.423,0.394,1,0.053,
0.393,0.374,1,0.069,
0.396,0.446,1,0.125,
0.43,0.349,1,0.094,
0.429,0.301,1,0.157,
0.453,0.554,1,0.056,
0.445,0.446,1,0.013,
0.415,0.366,1,0.18,
0.454,0.433,1,0.044,
0.327,0.288,1,0.026,
0.377,0.333,1,0.085,
0.446,0.419,1,0.173,


0.47,0.402,1,0.105,
0.549,0.569,1,0.142,
0.489,0.483,1,0.101,
0.496,0.51,1,0.143,
0.446,0.481,1,0.049,
0.456,0.432,1,0.079,
0.441,0.364,1,0.075,
0.488,0.447,1,0.135,
0.474,0.472,1,0.129,
0.439,0.299,1,0.126,
0.558,0.663,1,0.149,
0.507,0.461,1,0.154,
0.485,0.531,1,0.101,
0.528,0.512,1,0.165,
0.404,0.334,1,0.1,
0.509,0.524,1,0.019,
0.486,0.522,1,0.156,
0.46,0.417,1,0.074,
0.501,0.548,1,0.096,
0.469,0.385,1,0.153,
0.466,0.398,1,0.079,
0.479,0.493,1,0.141,
0.469,0.402,1,0.063,
0.545,0.55,1,0.15,
0.518,0.506,1,0.126,
0.486,0.452,1,0.048,
0.529,0.51,1,0.06,
0.51,0.464,1,0.129,
0.419,0.313,1,0.1,
0.504,0.487,1,0.211,
0.511,0.474,1,0.152,
0.57,0.615,1,0.075,
0.507,0.516,1,0.096,
0.438,0.442,1,0.019,
0.541,0.556,1,0.107,
0.514,0.392,1,0.108,
0.4,0.388,1,0.022,
0.524,0.453,1,0.13,
0.443,0.41,1,0.174,
0.543,0.538,1,0.152,
0.524,0.476,1,0.189,
0.495,0.543,1,0.098,
0.518,0.56,1,0.068,
0.407,0.295,1,0.032,
0.457,0.329,1,0.109,
0.502,0.522,1,0.032,
0.479,0.349,1,0.228,
0.509,0.479,1,0.137,
0.588,0.522,1,0.225,
0.534,0.528,1,0.13,
0.519,0.514,1,0.047,
0.503,0.463,1,0.229,
0.519,0.494,1,0.295,
0.535,0.56,1,0.17,
0.472,0.461,1,0.083,
0.504,0.479,1,0.042,
0.427,0.403,1,0.06,
0.478,0.462,1,0.189,
0.489,0.46,1,0.049,
0.501,0.472,1,0.134,
0.506,0.552,1,0.033,
0.487,0.476,1,0.149,
0.451,0.42,1,0.111,
0.392,0.318,1,0.021,
0.435,0.415,1,0.111,
0.466,0.376,1,0.136,
0.499,0.524,1,0.208,
0.478,0.418,1,0.143,
0.543,0.482,1,0.191,
0.499,0.476,1,0.179,
0.428,0.413,1,0.024,
0.512,0.488,1,0.17,
0.51,0.547,1,0.125,
0.491,0.441,1,0.046,
0.473,0.427,1,0.168,
0.456,0.44,1,0.15,
0.605,0.595,1,0.055,
0.483,0.46,1,0.156,
0.361,0.281,1,0.09,
0.544,0.443,1,0.211,
0.52,0.55,1,0.175,
0.552,0.665,1,0.088,
0.483,0.45,1,0.142,
0.445,0.396,1,0.194,
0.47,0.49,1,0.057,
0.438,0.474,1,0.135,
0.476,0.49,1,0.056,
0.502,0.474,1,0.148,
0.488,0.457,1,0.175,
0.49,0.467,1,0.152,
0.518,0.542,1,0.037,
0.5,0.5,1,0.082,
0.579,0.581,1,0.246,
0.448,0.459,1,0.028,
0.467,0.41,1,0.064,
0.503,0.438,1,0.173,
0.479,0.458,1,0.07,
0.521,0.545,1,0.127,
0.515,0.532,1,0.126,
0.477,0.47,1,0.107,
0.479,0.395,1,0.043,
0.487,0.456,1,0.081,
0.479,0.483,1,0.135,
0.473,0.5,1,0.125,
0.407,0.451,1,0.016,
0.499,0.486,1,0.079,
0.478,0.412,1,0.126,
0.466,0.484,1,0.124,
0.469,0.454,1,0.129,
0.559,0.486,1,0.259,
0.535,0.563,1,0.175,
0.527,0.505,1,0.214,
0.508,0.496,1,0.263,
0.512,0.56,1,0.169,
0.512,0.449,1,0.087,
0.518,0.543,1,0.045,
0.481,0.433,1,0.063,
0.471,0.425,1,0.176,
0.449,0.33,1,0.092,
0.467,0.433,1,0.107,
0.483,0.382,1,0.204,
0.437,0.449,1,0.052,
0.578,0.507,1,0.204,
0.416,0.334,1,0.038,
0.402,0.31,1,0.145,
0.452,0.413,1,0.029,
0.467,0.437,1,0.124,
0.513,0.476,1,0.161,
0.488,0.45,1,0.101,
0.494,0.43,1,0.183,
0.526,0.486,1,0.096,
0.484,0.512,1,0.136,
0.518,0.571,1,0.159,
0.438,0.338,1,0.193,
0.462,0.447,1,0.115,
0.451,0.391,1,0.017,
0.507,0.554,1,0.016,
0.462,0.4,1,0.079,
0.482,0.42,1,0.166,
0.481,0.475,1,0.174,
0.486,0.436,1,0.133,
0.507,0.463,1,0.202,
0.596,0.561,1,0.245,
0.421,0.299,1,0.043,
0.46,0.384,1,0.146,
0.456,0.438,1,0.04,
0.448,0.45,1,0.119,
0.505,0.427,1,0.19,
0.536,0.506,1,0.182,
0.481,0.392,1,0.207,
0.561,0.512,1,0.095,
0.473,0.496,1,0.173,
0.494,0.444,1,0.149,
0.481,0.486,1,0.174,
0.479,0.478,1,0.095,
0.575,0.498,1,0.201,
0.43,0.408,1,0.088,
0.488,0.418,1,0.129,
0.532,0.494,1,0.038,
0.48,0.445,1,0.206,
0.423,0.389,1,0.114,
0.47,0.448,1,0.144,
0.537,0.457,1,0.219,
0.542,0.564,1,0.121,
0.508,0.486,1,0.14,
0.496,0.586,1,0.114,
0.48,0.573,1,0.014,
0.513,0.461,1,0.072,
0.47,0.458,1,0.146,
0.478,0.401,1,0.165,
0.505,0.451,1,0.166,
0.458,0.55,1,0.018,
0.496,0.532,1,0.094,
0.518,0.56,1,0.068,
0.46,0.382,1,0.165,
0.469,0.498,1,0.143,
0.499,0.416,1,0.062,
0.379,0.337,1,0.015,
0.502,0.502,1,0.062,
0.47,0.448,1,0.066,
0.468,0.48,1,0.118,
0.465,0.383,1,0.09,
0.476,0.498,1,0.159,
0.437,0.413,1,0.095,
0.52,0.496,1,0.19,
0.503,0.496,1,0.133,
0.404,0.426,1,0.068,
0.464,0.444,1,0.183,
0.512,0.519,1,0.124,
0.538,0.542,1,0.017,
0.521,0.461,1,0.087,
0.455,0.327,1,0.131,
0.603,0.679,1,0.148,
0.47,0.372,1,0.083,
0.515,0.504,1,0.182,
0.438,0.339,1,0.071,
0.446,0.416,1,0.13,
0.506,0.48,1,0.098,
0.45,0.431,1,0.126,
0.523,0.506,1,0.117,
0.487,0.388,1,0.039,
0.541,0.542,1,0.191,
0.466,0.463,1,0.195,
0.487,0.502,1,0.159,
0.576,0.536,1,0.224,
0.549,0.506,1,0.248,
0.512,0.564,1,0.111,
0.57,0.546,1,0.326,
0.555,0.52,1,0.178,
0.535,0.571,1,0.113,
0.479,0.486,1,0.156,
0.516,0.468,1,0.128,
0.504,0.562,1,0.125,
0.576,0.53,1,0.215,
0.574,0.584,1,0.223,
0.582,0.534,1,0.229,
0.54,0.51,1,0.183,
0.508,0.487,1,0.175,
0.451,0.419,1,0.051,
0.406,0.336,1,0.104,
0.518,0.451,1,0.195,
0.395,0.382,1,0.03,
0.501,0.517,1,0.137,
0.435,0.379,1,0.162,
0.51,0.462,1,0.201,
0.506,0.53,1,0.151,
0.509,0.483,1,0.156,
0.497,0.564,1,0.086,
0.473,0.46,1,0.065,
0.494,0.423,1,0.16,
0.47,0.54,1,0.138,
0.459,0.459,1,0.075,
0.629,0.734,1,0.015,
0.476,0.383,1,0.161,
0.452,0.426,1,0.049,
0.496,0.425,1,0.103,
0.469,0.453,1,0.031,
0.522,0.419,1,0.125,
0.49,0.43,1,0.163,
0.532,0.488,1,0.171,
0.49,0.47,1,0.071,
0.43,0.346,1,0.083,
0.507,0.481,1,0.15,
0.409,0.456,1,0.021,
0.463,0.461,1,0.099,
0.476,0.478,1,0.137,
0.43,0.309,1,0.172,
0.42,0.253,1,0.021,
0.469,0.423,1,0.231,
0.448,0.433,1,0.068,
0.479,0.534,1,0.019,
0.457,0.498,1,0.095,
0.476,0.44,1,0.137,
0.522,0.524,1,0.212,
0.476,0.45,1,0.179,
0.429,0.278,1,0.057,
0.364,0.256,1,0.058,
0.5,0.547,1,0.087,
0.495,0.486,1,0.122,
0.485,0.426,1,0.176,
0.464,0.395,1,0.055,
0.447,0.33,1,0.168,
0.489,0.425,1,0.163,
0.542,0.555,1,0.18,
0.542,0.514,1,0.175,
0.386,0.247,1,0.107,
0.517,0.493,1,0.219,
0.428,0.422,1,0.118,
0.526,0.569,1,0.101,
0.512,0.445,1,0.079,
0.511,0.5,1,0.152,
0.49,0.577,1,0.045,
0.478,0.439,1,0.167,
0.493,0.498,1,0.144,
0.415,0.339,1,0.13,
0.521,0.526,1,0.159,
0.521,0.457,1,0.225,
0.456,0.416,1,0.137,
0.399,0.356,1,0.032,
0.533,0.558,1,0.022,
0.503,0.523,1,0.162,
0.503,0.476,1,0.155,
0.498,0.408,1,0.165,
0.54,0.496,1,0.188,
0.458,0.482,1,0.045,
0.503,0.503,1,0.151,
0.474,0.361,1,0.107,
0.497,0.484,1,0.052,
0.495,0.499,1,0.142,
0.463,0.482,1,0.036,
0.57,0.603,1,0.038,
0.476,0.402,1,0.173,
0.444,0.379,1,0.154,
0.486,0.439,1,0.144,
0.494,0.448,1,0.177,
0.529,0.488,1,0.082,
0.485,0.469,1,0.03,
0.418,0.338,1,0.056,
0.466,0.461,1,0.165,
0.565,0.585,1,0.124,
0.446,0.388,1,0.091,
0.531,0.532,1,0.218,
0.514,0.491,1,0.143,
0.512,0.569,1,0.077,
0.486,0.435,1,0.129,
0.497,0.466,1,0.129,
0.516,0.593,1,0.11,
0.513,0.572,1,0.139,
0.434,0.46,1,0.145,
0.4,0.252,1,0.028,
0.492,0.506,1,0.143,
0.455,0.379,1,0.116,
0.499,0.5,1,0.137,
0.497,0.443,1,0.11,
0.473,0.482,1,0.115,
0.471,0.432,1,0.154,
0.482,0.443,1,0.116,
0.432,0.379,1,0.139,
0.513,0.506,1,0.029,
0.471,0.433,1,0.153,
0.505,0.443,1,0.123,
0.577,0.577,1,0.07,
0.509,0.629,1,0.024,
0.445,0.429,1,0.082,
0.534,0.471,1,0.09,
0.493,0.439,1,0.186,
0.477,0.425,1,0.177,
0.452,0.385,1,0.031,
0.509,0.453,1,0.153,
0.486,0.471,1,0.171,
0.44,0.359,1,0.127,
0.439,0.36,1,0.014,
0.454,0.385,1,0.015,
0.486,0.414,1,0.15,
0.424,0.44,1,0.07,
0.456,0.472,1,0.092,
0.519,0.493,1,0.131,
0.398,0.289,1,0.082,
0.466,0.467,1,0.088,
0.48,0.52,1,0.159,
0.474,0.501,1,0.025,
0.527,0.627,1,0.107,
0.5,0.418,1,0.162,
0.517,0.51,1,0.146,
0.522,0.466,1,0.209,
0.469,0.389,1,0.041,
0.386,0.293,1,0.019,
0.494,0.474,1,0.202,
0.423,0.459,1,0.026,
0.445,0.493,1,0.016,
0.441,0.456,1,0.059,
0.522,0.498,1,0.144,
0.503,0.458,1,0.177,
0.404,0.363,1,0.108,
0.5,0.514,1,0.117,
0.481,0.477,1,0.113,
0.477,0.41,1,0.161,
0.521,0.47,1,0.235,
0.463,0.358,1,0.015,
0.572,0.678,1,0.112,
0.507,0.497,1,0.031,
0.529,0.545,1,0.179,
0.528,0.591,1,0.114,
0.477,0.458,1,0.134,
0.502,0.568,1,0.058,
0.418,0.31,1,0.112,
0.452,0.426,1,0.093,
0.487,0.54,1,0.119,
0.544,0.615,1,0.077,
0.633,0.7,1,0.109,
0.494,0.464,1,0.21,
0.466,0.374,1,0.025,
0.501,0.455,1,0.131,
0.513,0.438,1,0.142,
0.451,0.4,1,0.118,
0.538,0.562,1,0.127,
0.46,0.49,1,0.104,
0.54,0.546,1,0.063,
0.533,0.537,1,0.125,
0.456,0.377,1,0.124,
0.548,0.528,1,0.215,
0.442,0.499,1,0.114,
0.485,0.359,1,0.042,
0.367,0.254,1,0.013,
0.43,0.384,1,0.028,
0.524,0.476,1,0.154,
0.453,0.374,1,0.131,
0.46,0.336,1,0.087,
0.491,0.411,1,0.15,
0.382,0.31,1,0.085,
0.468,0.481,1,0.153,
0.502,0.429,1,0.173,
0.529,0.597,1,0.06,
0.468,0.36,1,0.064,
0.497,0.51,1,0.104,
0.469,0.352,1,0.111,
0.433,0.414,1,0.016,
0.444,0.411,1,0.09,
0.514,0.484,1,0.255,
0.445,0.449,1,0.033,
0.534,0.506,1,0.136,
0.543,0.558,1,0.06,
0.53,0.486,1,0.166,
0.501,0.567,1,0.115,
0.454,0.488,1,0.012,
0.458,0.372,1,0.171,
0.428,0.365,1,0.05,
0.481,0.503,1,0.087,
0.453,0.373,1,0.158,
0.455,0.361,1,0.011,
0.488,0.455,1,0.171,
0.555,0.516,1,0.172,
0.546,0.573,1,0.025,
0.505,0.452,1,0.207,
0.572,0.546,1,0.183,
0.533,0.528,1,0.148,
0.507,0.55,1,0.092,
0.449,0.411,1,0.133,
0.467,0.384,1,0.115,
0.545,0.482,1,0.178,
0.508,0.52,1,0.071,
0.53,0.472,1,0.055,
0.516,0.473,1,0.098,
0.491,0.47,1,0.093,
0.529,0.488,1,0.19,
0.542,0.609,1,0.079,
0.465,0.487,1,0.171,
0.353,0.228,1,0.046,
0.405,0.381,1,0.033,
0.486,0.498,1,0.069,
0.465,0.49,1,0.143,
0.483,0.443,1,0.145,
0.491,0.532,1,0.03,
0.581,0.545,1,0.216,
0.504,0.477,1,0.045,
0.479,0.53,1,0.151,
0.511,0.48,1,0.213,
0.529,0.587,1,0.061,
0.484,0.403,1,0.211,
0.518,0.569,1,0.188,
0.475,0.456,1,0.102,
0.573,0.574,1,0.199,
0.526,0.509,1,0.122,
0.482,0.45,1,0.008,
0.504,0.487,1,0.16,
0.504,0.431,1,0.185,
0.502,0.458,1,0.155,
0.535,0.528,1,0.205,
0.52,0.489,1,0.258,
0.575,0.499,1,0.225,
0.529,0.582,1,0.126,
0.464,0.47,1,0.126,
0.647,0.677,1,0.266,
0.514,0.52,1,0.221,
0.431,0.422,1,0.061,
0.438,0.522,1,0.067,
0.46,0.38,1,0.169,
0.498,0.467,1,0.126,
0.465,0.459,1,0.147,
0.518,0.606,1,0.159,
0.463,0.483,1,0.065,
0.554,0.51,1,0.286,
0.511,0.455,1,0.143,
0.504,0.544,1,0.04,
0.447,0.412,1,0.036,
0.405,0.33,1,0.124,
0.505,0.466,1,0.175,
0.491,0.426,1,0.112,
0.459,0.402,1,0.128,
0.463,0.41,1,0.142,
0.467,0.413,1,0.132,
0.527,0.499,1,0.166,
0.476,0.464,1,0.152,
0.464,0.392,1,0.131,
0.534,0.646,1,0.029,
0.527,0.512,1,0.217,
0.495,0.482,1,0.127,
0.594,0.623,1,0.12,
0.472,0.387,1,0.158,
0.502,0.43,1,0.105,
0.432,0.375,1,0.033,
0.517,0.501,1,0.187,
0.56,0.525,1,0.119,
0.475,0.398,1,0.138,
0.418,0.363,1,0.098,
0.513,0.518,1,0.12,
0.473,0.532,1,0.093,
0.469,0.47,1,0.139,
0.506,0.477,1,0.115,
0.346,0.211,1,0.014,
0.412,0.371,1,0.078,
0.435,0.443,1,0.049,
0.505,0.502,1,0.154,
0.458,0.417,1,0.139,
0.49,0.47,1,0.051,
0.496,0.433,1,0.211,
0.497,0.455,1,0.113,
0.453,0.457,1,0.127,
0.534,0.548,1,0.16,
0.504,0.599,1,0.023,
0.471,0.487,1,0.063,
0.478,0.386,1,0.08,
0.527,0.487,1,0.049,
0.507,0.512,1,0.139,
0.614,0.639,1,0.129,
0.539,0.589,1,0.036,
0.454,0.353,1,0.184,
0.497,0.484,1,0.082,
0.472,0.468,1,0.146,
0.444,0.516,1,0.028,
0.524,0.534,1,0.133,
0.489,0.457,1,0.17,
0.562,0.639,1,0.141,
0.493,0.499,1,0.163,
0.493,0.444,1,0.045,
0.478,0.504,1,0.1,
0.51,0.432,1,0.158,
0.561,0.57,1,0.172,
0.516,0.483,1,0.181,
0.481,0.474,1,0.072,
0.523,0.562,1,0.198,
0.484,0.483,1,0.103,
0.502,0.49,1,0.037,
0.484,0.402,1,0.062,
0.458,0.427,1,0.026,
0.524,0.544,1,0.094,
0.472,0.449,1,0.162,
0.488,0.44,1,0.063,
0.487,0.491,1,0.151,
0.438,0.314,1,0.091,
0.494,0.478,1,0.173,
0.495,0.568,1,0.133,
0.516,0.533,1,0.176,
0.519,0.512,1,0.125,
0.541,0.605,1,0.028,
0.473,0.467,1,0.151,
0.476,0.399,1,0.191,
0.408,0.31,1,0.075,
0.486,0.457,1,0.248,
0.492,0.438,1,0.155,
0.49,0.513,1,0.095,
0.494,0.474,1,0.076,
0.395,0.364,1,0.003,
0.482,0.475,1,0.191,
0.549,0.481,1,0.117,
0.501,0.431,1,0.164,
0.508,0.468,1,0.112,
0.533,0.545,1,0.111,
0.525,0.534,1,0.199,
0.486,0.455,1,0.057,
0.458,0.45,1,0.062,
0.421,0.364,1,0.087,
0.499,0.483,1,0.215,
0.499,0.421,1,0.178,
0.52,0.542,1,0.099,
0.492,0.408,1,0.118,
0.445,0.365,1,0.161,
0.449,0.417,1,0.115,
0.598,0.72,1,0.076,
0.455,0.491,1,0.018,
0.541,0.56,1,0.089,
0.473,0.456,1,0.155,
0.412,0.344,1,0.073,
0.487,0.488,1,0.097,
0.457,0.381,1,0.02,
0.447,0.368,1,0.057,
0.467,0.45,1,0.036,
0.452,0.447,1,0.143,
0.53,0.607,1,0.082,
0.542,0.599,1,0.182,
0.44,0.4,1,0.155,
0.461,0.47,1,0.134,
0.476,0.424,1,0.188,
0.458,0.379,1,0.039,
0.524,0.478,1,0.125,
0.462,0.438,1,0.165,
0.519,0.554,1,0.083,
0.533,0.538,1,0.01,
0.493,0.41,1,0.115,
0.5,0.488,1,0.094,
0.485,0.464,1,0.154,
0.526,0.546,1,0.15,
0.471,0.465,1,0.025,
0.55,0.511,1,0.127,
0.477,0.431,1,0.185,
0.478,0.464,1,0.147,
0.489,0.429,1,0.148,
0.526,0.563,1,0.159,
0.53,0.468,1,0.114,
0.513,0.53,1,0.025,
0.59,0.542,1,0.159,
0.475,0.445,1,0.022,
0.484,0.428,1,0.151,
0.432,0.367,1,0.042,
0.476,0.469,1,0.176,
0.525,0.45,1,0.205,
0.533,0.45,1,0.188,
0.478,0.407,1,0.06,
0.531,0.507,1,0.18,
0.503,0.451,1,0.105,
0.473,0.528,1,0.045,
0.525,0.502,1,0.045,
0.509,0.48,1,0.052,
0.461,0.423,1,0.171,
0.507,0.515,1,0.189,
0.47,0.508,1,0.034,
0.459,0.426,1,0.098,
0.466,0.398,1,0.07,
0.516,0.476,1,0.168,
0.536,0.461,1,0.155,
0.439,0.369,1,0.174,
0.501,0.453,1,0.188,
0.437,0.453,1,0.034,
0.424,0.412,1,0.147,
0.455,0.42,1,0.152,
0.477,0.475,1,0.021,
0.472,0.451,1,0.017,
0.453,0.449,1,0.079,
0.528,0.506,1,0.16,
0.429,0.308,1,0.118,
0.474,0.465,1,0.148,
0.48,0.496,1,0.102,
0.514,0.465,1,0.162,
0.542,0.532,1,0.083,
0.466,0.429,1,0.074,
0.528,0.493,1,0.171,
0.482,0.45,1,0.111,
0.43,0.334,1,0.012,
0.525,0.511,1,0.144,
0.481,0.39,1,0.082,
0.502,0.499,1,0.206,
0.507,0.498,1,0.182,
0.466,0.5,1,0.047,
0.447,0.363,1,0.041,
0.486,0.415,1,0.114,
0.459,0.43,1,0.154,
0.474,0.442,1,0.181,
0.477,0.447,1,0.15,
0.483,0.483,1,0.147,
0.499,0.459,1,0.133,
0.459,0.516,1,0.053,
0.547,0.507,1,0.159,
0.537,0.605,1,0.061,
0.476,0.422,1,0.162,
0.444,0.423,1,0.049,
0.533,0.532,1,0.127,
0.52,0.421,1,0.167,
0.524,0.491,1,0.173,
0.517,0.531,1,0.205,
0.547,0.547,1,0.143,
0.486,0.469,1,0.1,
0.493,0.55,1,0.052,
0.397,0.357,1,0.048,
0.544,0.534,1,0.186,
0.506,0.495,1,0.184,
0.422,0.31,1,0.055,
0.5,0.423,1,0.09,
0.452,0.352,1,0.141,
0.487,0.504,1,0.126,
0.522,0.505,1,0.208,
0.47,0.403,1,0.098,
0.485,0.426,1,0.161,
0.439,0.381,1,0.096,
0.55,0.594,1,0.11,
0.469,0.417,1,0.027,
0.557,0.706,1,0.201,
0.529,0.558,1,0.253,
0.513,0.449,1,0.181,
0.578,0.579,1,0.117,
0.44,0.32,1,0.103,
0.464,0.477,1,0.118,
0.469,0.485,1,0.055,
0.477,0.519,1,0.147,
0.454,0.536,1,0.041,
0.48,0.453,1,0.033,
0.494,0.425,1,0.171,
0.468,0.535,1,0.022,
0.544,0.477,1,0.125,
0.461,0.503,1,0.134,
0.526,0.514,1,0.13,
0.517,0.534,1,0.144,
0.5,0.471,1,0.206,
0.527,0.586,1,0.082,
0.496,0.561,1,0.044,
0.428,0.401,1,0.078,
0.53,0.524,1,0.168,
0.607,0.562,1,0.24,
0.571,0.498,1,0.204,
0.5,0.455,1,0.184,
0.498,0.497,1,0.122,
0.498,0.566,1,0.092,
0.441,0.425,1,0.097,
0.482,0.491,1,0.095,
0.5,0.515,1,0.089,
0.455,0.486,1,0.134,
0.466,0.46,1,0.052,
0.569,0.567,1,0.153,
0.502,0.486,1,0.151,
0.542,0.51,1,0.11,
0.491,0.513,1,0.186,
0.541,0.518,1,0.135,
0.412,0.423,1,0.059,
0.536,0.515,1,0.185,
0.496,0.461,1,0.113,
0.511,0.52,1,0.213,
0.39,0.247,1,0.013,
0.476,0.471,1,0.173,
0.437,0.414,1,0.113,
0.492,0.466,1,0.177,
0.529,0.484,1,0.235,
0.527,0.552,1,0.132,
0.532,0.524,1,0.143,
0.435,0.45,1,0.164,
0.46,0.514,1,0.093,
0.422,0.351,1,0.08,
0.41,0.345,1,0.015,
0.5,0.456,1,0.171,
0.496,0.499,1,0.179,
0.48,0.372,1,0.069,
0.524,0.49,1,0.12,
0.506,0.46,1,0.156,
0.495,0.5,1,0.091,
0.462,0.493,1,0.155,
0.373,0.265,1,0.034,
0.407,0.317,1,0.163,
0.47,0.441,1,0.152,
0.454,0.486,1,0.083,
0.502,0.472,1,0.081,
0.547,0.5,1,0.179,
0.465,0.415,1,0.078,
0.48,0.494,1,0.036,
0.434,0.361,1,0.152,
0.463,0.464,1,0.036,
0.45,0.368,1,0.057,
0.518,0.516,1,0.243,
0.541,0.551,1,0.118,
0.482,0.431,1,0.261,
0.48,0.506,1,0.076,
0.579,0.61,1,0.118,
0.453,0.368,1,0.009,
0.435,0.415,1,0.063,
0.567,0.564,1,0.252,
0.535,0.457,1,0.176,
0.526,0.514,1,0.147,
0.508,0.546,1,0.015,
0.429,0.437,1,0.032,
0.411,0.335,1,0.053,
0.449,0.391,1,0.207,
0.544,0.502,1,0.174,
0.43,0.428,1,0.125,
0.521,0.502,1,0.191,
0.47,0.369,1,0.179,
0.501,0.469,1,0.198,
0.482,0.365,1,0.127,
0.559,0.564,1,0.143,
0.554,0.625,1,0.037,
0.581,0.573,1,0.181,
0.457,0.402,1,0.175,
0.436,0.349,1,0.116,
0.461,0.477,1,0.042,
0.548,0.532,1,0.264,
0.538,0.607,1,0.097,
0.5,0.469,1,0.163,
0.468,0.499,1,0.03,
0.486,0.441,1,0.081,
0.532,0.624,1,0.048,
0.484,0.395,1,0.257,
0.486,0.448,1,0.134,
0.456,0.418,1,0.049,
0.465,0.437,1,0.14,
0.505,0.524,1,0.137,
0.575,0.643,1,0.048,
0.478,0.443,1,0.175,
0.483,0.428,1,0.138,
0.399,0.248,1,0.039,
0.508,0.48,1,0.142,
0.463,0.432,1,0.226,
0.539,0.49,1,0.172,
0.54,0.617,1,0.06,
0.595,0.536,1,0.348,
0.458,0.37,1,0.134,
0.543,0.505,1,0.187,
0.494,0.546,1,0.097,
0.491,0.596,1,0.047,
0.54,0.502,1,0.121,
0.549,0.496,1,0.229,
0.51,0.512,1,0.171,
0.499,0.485,1,0.053,
0.464,0.401,1,0.044,
0.427,0.316,1,0.153,
0.449,0.5,1,0.036,
0.514,0.468,1,0.188,
0.54,0.603,1,0.115,
0.521,0.494,1,0.22,
0.458,0.446,1,0.114,
0.545,0.513,1,0.187,
0.421,0.407,1,0.007,
0.465,0.32,1,0.181,
0.497,0.449,1,0.178,
0.445,0.473,1,0.13,
0.518,0.43,1,0.242,
0.488,0.393,1,0.156,
0.514,0.514,1,0.191,
0.506,0.484,1,0.066,
0.489,0.518,1,0.13,
0.549,0.595,1,0.067,
0.509,0.462,1,0.077,
0.526,0.557,1,0.175,
0.489,0.477,1,0.152,
0.428,0.406,1,0.088,
0.504,0.479,1,0.136,
0.544,0.518,1,0.192,
0.488,0.464,1,0.057,
0.531,0.542,1,0.161,
0.427,0.342,1,0.08,
0.539,0.484,1,0.208,
0.476,0.454,1,0.085,
0.536,0.521,1,0.161,
0.573,0.595,1,0.195,
0.452,0.351,1,0.167,
0.543,0.52,1,0.045,
0.475,0.5,1,0.078,
0.488,0.465,1,0.171,
0.446,0.364,1,0.112,
0.45,0.318,1,0.117,
0.558,0.595,1,0.117,
0.464,0.471,1,0.167,
0.446,0.457,1,0.083,
0.511,0.477,1,0.073,
0.464,0.381,1,0.201,
0.475,0.47,1,0.022,
0.525,0.463,1,0.202,
0.501,0.41,1,0.176,
0.621,0.625,1,0.282,
0.497,0.486,1,0.132,
0.439,0.408,1,0.094,
0.499,0.453,1,0.15,
0.473,0.424,1,0.08,
0.478,0.455,1,0.061,
0.475,0.455,1,0.214,
0.428,0.358,1,0.048,
0.489,0.497,1,0.176,
0.55,0.528,1,0.187,
0.595,0.57,1,0.102,
0.572,0.551,1,0.232,
0.514,0.432,1,0.203,
0.521,0.508,1,0.14,
0.454,0.417,1,0.176,
0.471,0.386,1,0.156,
0.515,0.579,1,0.121,
0.515,0.548,1,0.012,
0.495,0.423,1,0.088,
0.495,0.418,1,0.101,
0.54,0.56,1,0.189,
0.459,0.448,1,0.136,
0.5,0.536,1,0.008,
0.461,0.449,1,0.035,
0.475,0.476,1,0.139,
0.452,0.454,1,0.085,
0.455,0.451,1,0.06,
0.5,0.45,1,0.243,
0.472,0.47,1,0.055,
0.458,0.43,1,0.172,
0.456,0.422,1,0.128,
0.505,0.544,1,0.088,
0.417,0.385,1,0.025,
0.462,0.449,1,0.195,
0.505,0.51,1,0.206,
0.479,0.52,1,0.02,
0.505,0.455,1,0.058,
0.511,0.543,1,0.149,
0.507,0.558,1,0.056,
0.502,0.512,1,0.027,
0.46,0.442,1,0.108,
0.463,0.411,1,0.07,
0.507,0.51,1,0.143,
0.549,0.512,1,0.182,
0.507,0.601,1,0.121,
0.456,0.334,1,0.03,
0.397,0.319,1,0.076,
0.462,0.394,1,0.197,
0.463,0.438,1,0.115,
0.426,0.465,1,0.023,
0.473,0.474,1,0.016,
0.506,0.445,1,0.131,
0.489,0.479,1,0.098,
0.501,0.554,1,0.102,
0.487,0.589,1,0.114,
0.546,0.526,1,0.032,
0.483,0.443,1,0.101,
0.488,0.501,1,0.149,
0.551,0.532,1,0.198,
0.451,0.46,1,0.062,
0.601,0.673,1,0.151,
0.534,0.52,1,0.081,
0.456,0.435,1,0.059,
0.503,0.39,1,0.105,
0.486,0.483,1,0.049,
0.447,0.388,1,0.156,
0.437,0.476,1,0.118,
0.428,0.385,1,0.046,
0.421,0.426,1,0.029,
0.525,0.556,1,0.119,
0.642,0.629,1,0.298,
0.541,0.554,1,0.122,
0.451,0.443,1,0.042,
0.499,0.477,1,0.096,
0.484,0.443,1,0.161,
0.441,0.42,1,0.167,
0.466,0.432,1,0.083,
0.481,0.435,1,0.157,
0.477,0.456,1,0.036,
0.57,0.641,1,0.096,
0.475,0.472,1,0.181,
0.472,0.374,1,0.107,
0.543,0.573,1,0.048,
0.451,0.335,1,0.104,
0.534,0.417,1,0.152,
0.51,0.524,1,0.107,
0.486,0.478,1,0.101,
0.523,0.577,1,0.098,
0.452,0.406,1,0.133,
0.512,0.482,1,0.173,
0.542,0.509,1,0.057,
0.485,0.498,1,0.062,
0.495,0.446,1,0.163,
0.448,0.395,1,0.131,
0.494,0.442,1,0.104,
0.376,0.232,1,0.015,
0.466,0.429,1,0.122,
0.513,0.458,1,0.164,
0.51,0.473,1,0.202,
0.503,0.489,1,0.193,
0.507,0.44,1,0.083,
0.499,0.467,1,0.163,
0.471,0.436,1,0.081,
0.437,0.384,1,0.091,
0.694,0.701,1,0.36,
0.504,0.5,1,0.208,
0.487,0.493,1,0.087,
0.434,0.415,1,0.121,
0.518,0.593,1,0.179,
0.452,0.39,1,0.16,
0.495,0.5,1,0.184,
0.516,0.55,1,0.097,
0.499,0.508,1,0.188,
0.538,0.489,1,0.254,
0.488,0.421,1,0.116,
0.489,0.481,1,0.161,
0.496,0.478,1,0.042,
0.495,0.474,1,0.083,
0.495,0.439,1,0.2,
0.483,0.536,1,0.019,
0.477,0.401,1,0.186,
0.515,0.456,1,0.184,
0.547,0.669,1,0.044,
0.491,0.428,1,0.106,
0.51,0.559,1,0.112,
0.54,0.524,1,0.004,
0.476,0.466,1,0.039,
0.541,0.561,1,0.14,
0.599,0.597,1,0.123,
0.51,0.591,1,0.004,
0.475,0.502,1,0.106,
0.517,0.444,1,0.157,
0.503,0.54,1,0.056,
0.511,0.54,1,0.125,
0.469,0.51,1,0.007,
0.534,0.597,1,0.023,
0.507,0.525,1,0.177,
0.485,0.513,1,0.107,
0.534,0.445,1,0.167,
0.465,0.41,1,0.048,
0.499,0.527,1,0.174,
0.494,0.394,1,0.14,
0.536,0.527,1,0.151,
0.529,0.487,1,0.088,
0.456,0.303,1,0.116,
0.478,0.548,1,0.056,
0.489,0.415,1,0.161,
0.467,0.407,1,0.194,
0.44,0.403,1,0.128,
0.471,0.428,1,0.04,
0.472,0.522,1,0.048,
0.496,0.417,1,0.161,
0.57,0.522,1,0.263,
0.521,0.554,1,0.065,
0.5,0.46,1,0.18,
0.487,0.452,1,0.059,
0.469,0.491,1,0.076,
0.463,0.53,1,0.147,
0.503,0.428,1,0.109,
0.521,0.501,1,0.181,
0.519,0.589,1,0.06,
0.498,0.498,1,0.015,
0.496,0.481,1,0.204,
0.523,0.52,1,0.049,
0.413,0.387,1,0.03,
0.494,0.542,1,0.089,
0.51,0.516,1,0.201,




Further Data analysis of all test cases£º 
avg med max min 
AVGs,0.416,0.416,0.577,0.272,
MEDs,0.38,0.387,0.663,0.121,
MAXs,1,1,1,0.996,
MINs,0.11,0.114,0.337,0.003,
AVGs,0.491,0.49,0.694,0.346,
MEDs,0.469,0.471,0.734,0.211,
MAXs,1,1,1,1,
MINs,0.121,0.124,0.36,0.003,

