

Data analysis for each instance 
AVG,MED,MAX,MIN
0,0,0,0,0,0,0,0,0,0,0,0,0,0,0,
0,0,0,0,0.009,0.093,-0.027,0.033,0.12,0.073,0.078,0.132,0.033,-0.075,-0.264,
0,0,0,-0.034,-0.105,0.126,-0.118,-0.147,-0.015,0.003,0.082,-0.026,0.113,-0.026,-0.117,
0,0,0,0,0,0,0,0,0,0,0,0,0,-0.151,0.132,
0,0.039,-0.032,0.053,-0.024,0.01,0.034,0.013,0.004,0.033,0.067,0.154,0.069,0.113,0.082,
0,0,0,0,0,0,0,0,0,-0.055,0.101,-0.047,0.069,0.068,-0.087,
0,-0.043,0.006,-0.011,0.03,0.01,-0.024,0.16,0.026,0.083,0.044,-0.031,-0.036,-0.149,-0.008,
0,0,0,0,0,0,0,0,0,0.041,0.043,-0.077,0.041,0.123,-0.007,
0,0,0.011,-0.051,0.007,-0.029,0.068,0.036,0.005,-0.006,-0.058,-0.062,-0.011,-0.002,-0.031,
0,0,0,0,-0.041,-0.158,0.018,-0.125,-0.001,0.01,-0.126,0.03,-0.14,-0.076,0.103,
0,0.049,-0.034,-0.085,0.099,0.026,0.084,0.003,-0.002,-0.026,-0.011,0.033,0.055,-0.022,-0.014,
0,0.029,0.026,-0.034,-0.144,-0.147,0.063,0.125,0.046,0.081,0.02,0.053,0.183,0.107,-0.046,
0,0,0,0,0,0,0,0,0,0,0,0,0,0,0,
0,-0.011,0.042,0.032,-0.053,0.156,0.073,0.136,-0.015,0.042,-0.034,-0.183,0.03,-0.076,0.008,
0,0,0,0.024,0.067,-0.068,0.052,0.029,-0.021,-0.127,-0.019,0.043,-0.01,0.042,-0.074,
0,0,0,0,0,-0,-0.16,-0.084,0.043,0.039,-0.07,0.066,0.048,0.106,-0.052,
0,-0.001,-0.003,0.077,-0.05,-0.049,-0.007,0.027,0.025,0.125,0.142,0.091,0.145,0.057,0.106,
0,-0.011,0.065,-0.078,0.034,-0.045,0.076,-0.072,-0.034,0.062,-0.101,0.005,-0.013,-0.007,0.012,
0,0,0,0,0,0.013,-0.042,-0.022,0.025,0.123,0.044,-0.008,0.027,0.066,0.055,
0,0,0,0,0,0,0,0,0,0,0,0,0,0,0,
0,0.059,-0.095,0.035,0.032,-0.035,0.053,0.13,0.009,-0.143,0.031,-0.044,-0.021,0.136,0.01,
0,0,0,0,0,0,0,-0.037,-0.041,0.081,0.051,0.135,0.144,-0.062,0.098,
0,0,0,0,0,0,0,0,0,0,0,0,0,0,0,
0,-0.087,-0.012,-0.018,0.079,0.016,0.054,0.055,-0.117,0.061,0.017,0.016,0.032,0.081,-0.004,
0,0,0,0,0,0,0,0,0,0,0,0,0,0,0,
0,0,0,0,0,0,0,0,0,0,0,0.003,-0.023,0.014,-0.097,
0,0,0,0,0,0,0.001,-0.118,-0.069,-0.055,-0.126,-0.033,-0.173,-0.044,-0.124,
0,-0.002,-0.063,0.064,-0.112,-0.072,0.085,-0.024,0.013,-0.009,-0.197,0.016,-0.115,0.004,0.021,
0,0,0,0,0.057,0.084,0.034,-0.025,-0.063,-0.073,0.004,-0.059,-0.04,0.016,0.064,
0,-0.037,-0.19,0.066,0.108,0.107,0.09,-0.143,0.061,0.161,-0.066,-0.017,0.093,-0.105,0.084,
0,-0.029,0.016,0.067,0.011,0.029,-0.126,-0.113,-0.013,0.081,0.043,0.019,0.091,0.02,0.055,
0,0,0,0,0,0,0,0,0,0,0,0,0,-0.099,-0.008,
0,0,0,0,0,0,0,0,0,0,0,0,0,0,0,
0,0,0,0,0,0,0,0,0,0,0,0,0,-0.014,-0.126,
0,0,0.111,-0.038,-0.161,-0.09,-0.098,-0.125,0.026,-0.034,-0.01,-0.059,-0.018,0.017,0.084,
0,0,0,0,0,0,0,0,0,0,0,0,0,0,0,
0,-0.003,0.031,0.082,-0.066,0.005,0.038,-0.088,0.078,0.114,0.085,-0.012,-0.104,-0.043,0.005,
0,-0.001,-0.007,-0.05,-0.032,-0.108,-0.026,-0.101,0.122,0.133,0.157,0.086,-0.174,-0.089,-0.081,
0,-0.031,0.097,-0.037,-0.032,-0.065,-0.056,-0.114,0.069,-0.059,0.136,0.008,-0.001,0.112,-0.01,
0,0.075,0.003,0.03,-0.043,-0.052,-0.087,-0.107,0.14,-0.026,0.058,-0.081,0.022,0.029,-0.013,
0,0,0,0,-0.028,-0.026,0.033,-0.015,-0.124,-0.027,-0.025,0.054,-0.006,-0.043,0.006,
0,0,0,0,0,0,0,0,0,0,0,0,0,-0.004,0.021,
0,0.026,-0.086,0.037,-0.112,0.002,-0.04,-0.092,-0.084,-0.055,-0.073,0.069,-0.056,0.025,-0.025,
0,0,0,-0.006,0.196,0.036,-0.061,-0.191,-0.014,-0.217,-0.188,-0.311,-0.068,-0.089,-0.092,
0,0,0,0,0,0,0,0,0,0,0,0,0,0,0,
0,-0.031,0.05,0.033,-0.084,0.163,-0.073,-0.103,-0.039,0.039,-0.06,0.062,-0.084,0.035,-0.095,
0,0,0,0,0,0,0,0,0,0,0,0,0,0,0,
0,-0.027,-0.055,0.006,0.043,0.045,0.024,-0.013,0.002,-0.009,0.022,0.044,-0.067,-0.047,-0.057,
0,0.013,0.003,-0.005,-0.066,0.037,0.009,0.017,-0.041,-0.049,0.001,-0.037,-0.02,-0.072,-0.021,
0,0,0.015,-0.034,-0.086,-0.095,0.083,-0.056,-0.001,0.001,-0.079,-0.117,-0.161,0.158,0.065,
0,0,-0.058,0.033,-0.065,-0.002,0.064,0.186,0.08,-0.024,-0.008,-0.101,-0.143,-0.085,0.119,
0,0,0,-0.088,-0.043,-0.003,0.04,-0.068,-0.013,-0.036,0.096,0.123,0.04,0.078,0.09,
0,0.045,0.042,0.004,-0.113,0.033,-0.023,-0.113,-0.055,-0.071,-0.003,0.073,0.109,-0.054,0.028,
0,-0.037,-0.021,0.03,-0.163,-0.049,-0.029,-0.056,-0.156,0.027,-0.023,-0.031,0.037,-0.076,0.109,
0,0,-0.008,-0.076,0.043,0.066,-0.019,0.052,-0.093,0.001,-0.032,-0.003,-0.062,0.009,-0.047,
0,0,0,0,-0.001,-0.052,-0.067,-0.059,0.035,-0.034,-0.058,-0.157,0.111,0.009,0.046,
0,0,0,0,0,0,0,0,0,0,0,0,0,0,0,
0,-0.075,0.046,-0.069,-0.079,0.063,-0.107,-0.066,-0.122,-0.027,0.002,-0.129,-0.145,0.073,0.061,
0,0,0,0,0,0,0,0,0,0,0,0,0,0,0,
0,0,0,0,0,0,0,0,0,0,0,0,0,0,0,
0,-0.086,0.037,0.136,-0.163,-0.062,0.039,-0.012,0.014,0.185,0.132,0,0.021,0.035,-0.008,
0,0.02,0.081,-0.055,-0.104,-0.098,-0.012,0.028,0.006,0.122,0.125,0.083,0.112,0.1,0.037,
0,0.038,0.033,-0.037,0.019,0.019,-0.072,-0.001,-0.06,-0.097,-0.014,0.072,0.024,0.034,0.088,
0,0.024,0.007,0.035,-0.017,0.012,0.087,0.019,-0.087,-0.11,-0.027,-0.004,-0.105,0.001,0.138,
0,-0.004,-0.031,0.023,-0.034,0.121,-0.098,0.042,0.006,0.013,0.017,0.017,0.017,0.017,0.017,
0,0,0,0,0,0,0,0,0,0,0,0,0,0,0,
0,0,0,0,0.048,0.084,0.093,-0.041,-0.159,-0.033,-0.011,0.068,0.078,-0.064,0.015,
0,0.134,-0.076,-0.022,0.051,0.017,-0.051,0.062,0.001,-0.022,-0.079,-0.012,-0.044,-0.077,0.147,
0,0,0,0,0,0,0,0,0,0,0,0,0,0,0,
0,0.017,-0.053,0.077,0.08,0.049,-0.077,0.012,-0.047,-0.026,-0.013,-0.033,-0.03,0.021,0.052,
0,-0.096,0.079,-0.047,0.021,-0.23,0.045,-0.047,0.12,0.196,-0.047,0.03,-0.042,0.134,0.037,
0,-0.011,0.131,-0.192,0.004,0.032,0.083,-0.012,0.127,0.068,0.044,-0.068,0.028,-0.039,0.083,
0,0,0,0,0,0,0,-0.047,0.06,0.1,0.094,0.041,0.01,-0.119,-0.127,
0,-0.002,-0.035,-0.038,0.014,-0.063,0.016,0.004,0.06,0.041,0.055,0.105,-0.077,0.099,0.039,
0,0,0,0,0,0,0,0,0,0,0,0,0,0,0,
0,0,0,0,0,-0.001,0,0.002,0,0,0,0.002,0.157,0.096,-0.144,
0,-0.02,0.108,-0.049,0.193,0.085,-0.005,0.152,0.146,0.078,0.12,-0.037,0.017,0.037,0.128,
0,0,0,0,0,0,0,0,0,0,0,0,0,0,0,
0,-0.099,-0.016,0.073,-0.051,0.017,-0.008,0.063,-0.036,-0.039,0.024,0.027,0.031,0.125,-0.089,
0,0,0,-0.004,0.068,0.047,0.125,0.08,0.053,-0.081,-0.161,0.044,0.093,-0.125,0.093,
0,0,0,0,0,0,0,-0.002,0.024,0.103,0.096,-0.062,-0.051,-0.039,-0.086,
0,0.051,0.027,0.081,0,0.079,0.072,0.021,-0.085,0.027,-0.054,-0.092,-0.015,-0.057,-0.06,
0,0,0,0,0,0,0,0,0,0,0,0,0,0,0,
0,-0.031,-0.039,-0.02,-0.065,-0.065,-0.161,0.032,0.022,-0.075,-0.029,-0.005,0.095,-0.017,-0.034,
0,-0.02,-0.091,-0.02,-0.156,0.064,0.176,-0.066,-0.004,-0.001,0.072,0.147,0.157,0.086,-0.085,
0,0.047,-0.001,-0.004,-0.074,0.023,-0.007,0.083,0.144,0.062,0.039,-0.085,0.033,-0.124,0.029,
0,0,0,0,0,0,0,0,0,0,-0.093,0.035,-0.047,0.029,-0.066,
0,0,-0.113,-0.086,-0.069,0.125,0.006,0.023,-0.108,0.125,-0.083,-0.218,-0.043,-0.126,-0.022,
0,0,0,0,0,0,0,0,0,0,0,0,0,0,0,
0,0,0,0,0,0,0,0,0,0,0,0,0,0,0,
0,0,0,0,0,-0.003,-0.061,0.057,0.063,0.072,-0.017,0.011,0.006,0.083,0.176,
0,0,0,0,0,0,0,0,0,0,0,0,0,0,0,
0,0,0,0,0,0,0,0,0,0,0,0,0,0,0,
0,-0.041,0.006,0.004,0.108,0.037,0.074,-0.029,0.039,-0.021,-0.01,0.019,-0.069,0,0.014,
0,0,-0.04,-0.056,-0.032,-0.107,-0.075,-0.096,0.066,0.047,0.028,-0.012,0.046,0.088,0.131,
0,-0,0.018,0.037,-0.047,-0.063,-0.118,-0.033,-0.1,-0.019,-0.06,-0.047,-0.056,-0.048,0.036,
0,0,0,0,0,0,0,0,0,0,0,0,0,0,0,
0,0,0,-0.021,0.049,-0.113,-0.003,0.067,0.089,-0.01,0.028,-0.051,-0.088,0.068,-0.021,
0,0,-0.061,-0.025,0.047,0.03,0.106,0.151,0.016,-0.025,0.04,0.03,-0.194,0.093,0.109,
0,-0.001,0.001,0.047,0.14,-0.017,0.049,-0.027,-0.106,0.003,-0.13,0.027,0.099,-0.094,0.005,
0,-0.014,-0.05,-0.02,0.002,-0.028,0.013,0.023,0.069,-0.002,-0.049,0.003,0.043,0.098,0.02,
0,0.012,0.009,-0.149,-0.132,0.023,-0.063,-0.076,-0.024,0.11,-0.124,0.024,-0.117,-0.107,-0.239,
0,0,-0.002,-0.081,-0.042,-0.008,-0.089,-0.028,0.081,0.087,-0.131,0.052,0.108,-0.057,-0.14,
0,0,-0.001,0.032,-0.109,-0.035,-0.069,0.045,0.051,-0.008,0.004,0.047,0.123,0.126,0.055,
0,-0.014,-0.003,-0.022,-0.08,-0.057,-0.032,0.041,-0.016,0.026,-0.025,-0.052,0.007,0.037,0.043,
0,0,0,0,0,0,0,0,0,0.002,0.076,-0.061,0.103,0.029,-0.008,
0,0,0.098,0.057,0.158,0.086,0.152,-0.105,-0.082,-0.07,0.086,0.049,0.053,0.023,-0.094,
0,0,0.068,-0.042,-0.022,0.047,0.074,-0.014,-0.104,0.052,-0.028,-0.135,-0.077,0.036,0.026,
0,0,0,0,0.006,-0.078,0.138,-0.02,-0.02,-0.058,-0.136,0.118,0.089,0.147,-0.084,
0,-0.001,-0.008,0.001,-0.108,0.046,0.058,-0.118,0.03,-0.039,0.115,-0.186,0.059,-0.046,0.059,
0,-0.054,-0.134,0.072,0.059,-0.078,-0.121,-0.111,-0.072,-0.073,-0.056,0.178,-0.055,-0.039,0.062,
0,-0.003,0.013,0.057,-0.079,0.07,-0.085,-0.034,-0.012,0.016,-0.072,0.063,-0.057,0.044,-0.111,
0,0,0,0,0,0,0,0,0,0,0,0,0,0,0,
0,-0.034,-0.066,0.011,-0.117,-0.054,-0.237,-0.003,0.107,-0.101,-0.123,-0.025,0.007,0.014,0.009,
0,-0.001,-0.015,0.067,0.068,0.103,-0.045,-0.03,0.046,0.063,0.074,-0.081,-0.088,-0.053,-0.066,
0,0.014,-0.016,0.058,0.02,0.049,0.118,0.007,0.013,0.023,-0.031,-0.031,-0.059,0.007,0.068,
0,0.059,0.051,0.013,-0.007,-0.03,-0.003,-0.109,0.014,0.019,0.068,0.052,-0.077,-0.21,0.124,
0,0,0,0,0,0,0,0,0,0,0,0,0,0,0,
0,0.033,0.085,-0.086,0.068,-0.009,0.089,0.046,-0.187,0.099,0.081,-0.006,0.118,-0.031,-0.004,
0,-0.051,0.053,0.079,-0.013,0.008,-0.109,-0.11,-0.063,-0.008,-0.016,-0.014,0.052,-0.044,-0.053,
0,0,0,0,0,0,0,0,0,0,0,0,0,0,0,
0,0,0,0,0,0,0,0,0,0,0,0,0,0,0,
0,0,0,0,0,0,0,0,0,0,0,0,0.068,-0.035,0.059,
0,0.043,-0.081,0.131,-0.008,0.048,-0.131,-0.01,-0.061,0.063,0.004,0.08,-0.043,0.108,-0.019,
0,-0.157,0.098,-0.087,-0.123,-0.08,-0.042,0.003,0.123,-0.063,0.24,-0.105,0.242,-0.103,0.011,
0,-0.048,-0.084,-0.075,-0.028,-0.059,-0.041,-0.02,0.064,0.047,0.089,-0.009,-0.016,0.005,-0.015,
0,-0,-0.043,-0.026,0.083,-0.054,-0.004,-0.108,-0.106,-0.125,-0.057,-0.088,0.031,0.064,0.076,
0,0,0,0,0,0,0,0,0,0.043,-0.125,0.033,-0.113,-0.041,-0.123,
0,0,0.019,-0.038,0.089,-0.015,0.019,0.019,-0.022,-0.067,-0.03,0.03,0.127,-0.033,0.007,
0,0,0,0,0,0,0,0,0,0,0,0,0,0,0,
0,0,0,0,0,0,0,0,0,0,0,0,0,0,0,
0,0.023,-0.019,0.066,-0.007,-0.022,0.011,-0.048,0.015,-0.019,-0.136,-0.007,-0.012,0.008,-0.03,
0,0,0.019,0.017,0.032,-0.028,0.113,0.124,0.06,0.067,-0.151,0.04,-0.042,0.008,-0.05,
0,0.087,0.068,0.052,0.009,0.032,-0.05,-0.168,-0.08,-0.135,0.015,0.085,0.078,0.081,-0.08,
0,-0.051,0.014,0.033,-0.014,-0.08,0.122,0.127,-0.077,-0.082,-0.081,-0.015,0.135,-0.071,-0.057,
0,0,0,0,0,0,-0.007,-0.004,-0.14,0.06,0.029,-0.143,-0.145,0.026,0.032,
0,0,0,0,0,0,0,0,0,0,0,0,0,0,0,
0,0,0.072,-0.071,0.069,-0.086,-0.062,-0.032,0.095,0.016,0.004,-0.054,0.122,0.073,-0.112,
0,-0.028,0.021,0.056,0.114,-0.019,-0.005,0.057,-0.031,-0.01,-0.039,0.002,-0.002,0.105,-0.005,
0,0.001,0.159,0.137,-0.015,0.151,-0.186,-0.212,0.031,0.271,-0.038,0.095,0.031,0.117,0.056,
0,0.103,-0.072,-0.091,-0.091,-0.084,0.042,0.091,0.137,-0.069,-0.003,0.104,-0.07,0.052,-0.037,
0,0,0,0,0.101,-0.062,0.029,-0.133,0.199,0.067,-0.023,-0.11,-0.103,-0.045,0.017,
0,0,0,0,0,0,0,0,0,0,0,-0.042,0.026,-0.015,0.031,
0,-0.026,-0.069,0.116,0.027,0.102,-0.018,-0.02,0.03,0.023,0.001,0.013,-0.004,0.075,0.153,
0,0,0.084,0.126,-0.002,0.08,0.094,-0.006,0.08,0.042,0.07,0.074,0.036,0.003,-0.009,
0,-0.05,-0.049,0.024,-0.114,-0.032,-0.072,-0.166,-0.079,-0.001,0.053,-0.081,0.067,-0.005,0.077,
0,-0.076,-0.023,-0.069,0.01,-0.002,-0.05,-0.073,-0.141,0.057,0.035,0.012,-0.003,-0.019,-0.074,
0,0.002,0.045,-0.123,0.024,0.03,0.044,0.154,-0.042,-0.034,0.052,-0.067,0.105,-0.039,0.051,
0,0,0,0,0,0,0,0,0,0,0,0,0,0,0,
0,0.026,-0.043,0.016,-0.075,0.018,-0.037,-0.091,0.154,-0.013,-0.055,0.118,-0.042,-0.053,-0.002,
0,0,0,0,0,0,0,0,0,0,0,0,0,0,0,
0,0.039,0.036,0.018,-0.108,-0.099,0.014,-0.025,0.047,0.026,0.077,0.005,-0.061,-0.098,0.04,
0,-0.076,0.056,-0.184,-0.105,0.067,0.145,0.05,0.122,-0.042,-0.158,0.07,-0.197,-0.092,-0.006,
0,0.075,0.044,-0.042,0.033,0.074,-0.01,0.01,0.038,0.055,0.006,-0.069,-0.02,0.017,-0.109,
0,0.016,0.001,0.031,0.129,-0.109,-0.021,-0.001,-0.105,0.031,-0.058,-0.095,0.023,-0.05,0.018,
0,0.005,-0.075,-0.086,0.028,-0.031,0.022,-0.123,-0.145,0.053,-0.064,-0.05,0.003,-0.081,-0.048,
0,0,-0.017,0.068,-0.011,0.057,-0.083,-0.077,0.109,0.054,-0.1,0.051,-0.049,0.042,0.063,
0,0,0,0,0,0,0,0,0,0,0,0,0,0,0,
0,0.062,0.008,0.037,0.035,-0.071,0.032,-0.043,-0.001,0.006,-0.042,-0.062,-0.028,-0.035,-0.021,
0,-0.012,-0.108,0.037,0.08,-0.018,0.076,0.064,0.186,-0.047,-0.023,0.003,0.08,0.046,0.015,
0,0.005,0.026,0.129,0.08,0.081,0.046,0.04,-0.014,-0.074,-0.155,-0.058,0.12,-0.014,0.005,
0,0,-0.022,0.003,0.018,0.128,0.003,0.014,0.08,0.123,0.071,0.149,0.05,-0.107,0.014,
0,0,0,0.104,0,0.015,-0.032,-0.087,-0.035,0.014,-0.034,-0.029,0.049,-0.043,-0.007,
0,0.055,-0.037,0.021,0.114,0.041,-0.108,-0.005,-0.069,0.046,0.099,0.039,-0.025,-0.033,-0.02,
0,-0.065,-0.058,0.074,-0.085,0.068,0.136,0.064,0.069,-0.006,0.058,0.008,0.05,-0.016,0.065,
0,0,0,0.001,-0.037,-0.072,0.047,0.065,-0.102,-0.035,-0.027,0.074,-0.017,-0.003,0.059,
0,0,0,0,0,0,0,0,0,0,0,0,0,0,0,
0,0,0.115,0.064,-0.123,0.077,0.035,-0.034,0.032,0.029,-0.066,0.134,0.094,0.053,-0.097,
0,0,0.027,0.095,0.052,0.07,0.056,-0.017,0,-0.029,0.073,0.01,0.05,-0.031,-0.102,
0,0,0,0,0,0,0,0,0,0.003,-0.023,-0.119,0.055,0.091,0.019,
0,-0.05,-0.031,-0.014,0.089,0.045,0.06,-0.074,0.109,-0.004,0.103,-0.036,0.083,0.022,0.059,
0,0,0,0,0,0,0,0,0,0,0,0,0,0,0,
0,0,0,0,0,0,0,0,0,0,0,0,0,0,0,
0,0,0,0,0,0,0,0,0,0,0,0,0,0,0,
0,0,0,0,0,0,0,0,0,0,0,0,0,0,0,
0,0,0,0,-0.007,0.079,-0.036,0.022,-0.004,-0.006,0.163,0.094,0.091,-0.218,-0.06,
0,0,0,0,0,0,0,0,-0.079,-0.001,0.005,-0.176,0.16,-0.103,0.125,
0,-0.012,0.037,0.011,-0.092,-0.013,0.036,-0.065,-0.084,0.042,0.072,0.028,-0.077,0.005,0.008,
0,0,0.002,0.028,-0.02,0.077,0.036,-0.002,-0.012,-0.022,-0.004,-0.062,0.027,-0.091,0.013,
0,-0.044,-0.053,0.029,0.053,-0.015,-0.055,-0.054,0.065,-0.051,-0.021,0.018,0.08,-0.134,0.001,
0,-0.007,-0.043,-0.105,0.035,0.101,-0.196,0.022,-0.092,-0.109,0.284,0.206,-0.037,0.026,-0.041,
0,-0.038,0.118,-0.065,-0.078,0.024,0.051,0.002,0.044,0.032,-0.134,0.03,0.031,0.085,-0.069,
0,0,0.034,-0.012,-0.019,0.002,-0.041,0.01,-0.007,-0.066,-0.059,-0.049,-0.011,0.031,0.082,
0,0,0.047,0.047,-0.1,0.019,-0.09,-0.108,-0.065,0.072,-0.032,-0.063,0.073,0.036,-0.006,
0,-0.024,0.015,0.043,0.027,0.075,-0.111,0.002,0.07,-0.022,0.128,0.042,-0.016,0.007,0.112,
0,-0.001,0.018,-0.026,-0.015,0.006,-0.017,0.001,-0.14,0.052,-0.086,0.101,-0.001,-0.002,-0.019,
0,0,0,0,0,0,0.02,0.076,0.097,0.06,0.088,0.016,0.039,0.08,-0.125,
0,-0.022,-0.006,-0.023,0.008,-0.037,-0.072,-0.022,0.02,-0.023,-0.123,0.081,-0.151,-0.046,-0.077,
0,0,0,0,-0.005,-0.013,-0.076,-0.001,0.006,0.009,-0.022,0.031,-0.118,0.059,0.065,
0,0,0.058,0.005,-0.156,-0.02,-0.115,-0.051,-0.127,0.017,0.034,0.214,0.181,0.078,-0.111,
0,0.099,-0.051,0.001,-0.062,-0.048,0.044,0.085,0.001,0.065,-0.097,0.055,-0.042,-0.014,0.004,
0,0.016,0.133,0.232,0.197,-0.055,-0.006,0.143,0.008,0.056,0.143,0.01,-0.033,-0.226,0.102,
0,0,0,0,0,-0.001,-0.05,0.083,0.027,-0.001,0.066,0.067,0.055,-0.049,0.01,
0,0.003,0.077,0.068,-0.055,-0.054,0.106,0.045,-0.061,0.065,-0.187,-0.095,0.033,-0.101,0.121,
0,0.009,0.093,-0.056,0.014,-0.014,-0.065,0.078,0.011,-0.05,-0.053,-0.05,0.106,-0.027,0.028,
0,0,0,0,0,0,0,0,0,0,-0.137,-0.034,-0.063,0.054,-0.027,
0,0.043,-0.032,-0.037,0.056,-0.003,0.028,-0.029,-0.05,-0.029,-0.097,-0.035,0.108,0.02,0.095,
0,0.011,0.049,-0.038,0.031,-0.125,0.085,-0.001,0.049,0.065,-0.012,-0.003,0.104,0.035,-0.012,
0,0,0,0,0,0.003,0.239,0.06,0.042,-0.112,0.049,0.045,0.086,0.183,0.051,
0,-0.057,0.046,-0.053,0.031,-0.047,-0.031,0.004,-0.044,0.001,-0.012,0.031,0.071,0.052,0.037,
0,0.061,-0.008,0.046,-0.018,0.083,0.118,0.007,0.04,0.111,-0.118,0.07,0.006,-0.053,-0.083,
0,0,0,0,0,0,0,0.09,0.085,0.076,0.042,0.052,-0.049,0.049,0.043,
0,0,0.002,-0.004,0.004,0.05,-0.028,0.088,0.117,-0.092,-0.027,-0.139,0.051,-0.138,0.029,
0,0,0,0,0,0,0,0,0,0,0,0,0.005,-0.008,-0.128,
0,0.007,-0,-0.002,-0.092,-0.036,-0.058,-0.075,0.063,-0.041,-0.025,0.075,-0.013,0.131,0.019,
0,0,0,0,0,0,-0.018,-0.035,-0.174,-0.173,-0.005,-0.064,0.001,0.084,0.006,
0,0,0,-0,0.039,-0.141,0.034,-0.124,0.021,0.053,0.038,0.077,-0.127,0.02,-0.156,
0,0.003,-0.058,-0.061,-0.135,-0.041,0.007,-0.064,-0.017,-0.126,-0.028,-0.154,-0.019,-0.004,-0.039,
0,0,0,0,0.054,-0.094,-0.038,0.214,0.057,0.04,0.075,0.108,0.077,0.072,0.071,
0,0.112,-0.078,-0.092,-0.193,0.079,0.132,0.308,0.315,0.287,0.297,0.372,0.295,0.296,0.263,
0,0,0.015,0.022,-0.011,0.001,0.089,0.028,0.087,0.053,-0.089,-0.029,0.06,-0.007,-0.167,
0,0,0,0,0,0,0,0,0,0,0,0,0,0,0,
0,0,0,0.065,0.054,0.055,-0.044,0.039,-0.045,0.009,0.02,0.026,0.047,-0.085,0.039,
0,0,0,0,-0.101,-0.013,0.018,0.101,0.064,0.129,0.008,-0.037,0.132,-0.051,0.016,
0,0,0,0,0,0,0,0,0,0,0,0,-0.01,0.103,0.1,
0,0,0,0,0,0,0,0,0,0,0,0,0,0,0,
0,0.023,0.05,0.071,-0.018,0.022,0.093,0.234,0.048,0.003,0.002,0.001,0.001,0.001,0.001,
0,-0.001,-0.033,0.11,0.033,0.003,-0.003,0.113,0.18,0.107,0.1,0.009,0.032,0.033,0.017,
0,0,0,0,0,0,0,0,0,0,0,0,0,0,0,
0,0,0,0,0,0,0,0,0,0,0,0,0,0,0,
0,0.004,-0.073,-0.017,-0.111,-0.069,0.051,0.091,0.051,-0.072,-0.037,-0.079,-0.009,-0.133,-0.093,
0,-0.042,-0.061,-0.016,-0.005,0.064,0.099,0.067,-0.034,-0.007,-0.086,0.004,0.016,-0.021,-0.092,
0,-0.022,0.086,-0.006,0.071,0.112,0.117,-0.035,-0.075,0.109,0.065,0.039,-0.001,-0.045,0.058,
0,0,0.005,-0.079,-0.12,-0.183,-0.084,-0.098,-0.141,0.003,0.105,0.13,0.155,0.151,0.149,
0,0,0,0,0,0,0,0,0,0,0,0,0,-0.128,0.027,
0,-0.067,0.032,-0.101,0.004,-0.008,0.003,-0.091,-0.028,-0.093,-0.047,-0.015,0.021,-0.017,-0.058,
0,0,0,0,0,0,0,0,0,0,0,0,0,0,0,
0,0.017,0.014,-0.133,-0.056,-0.09,0.027,-0.012,-0.137,-0.065,0.145,0.046,0.104,0.044,0.072,
0,0,0,-0.01,0.083,0.025,-0.103,0.03,0.184,-0.004,-0.05,-0.052,-0.143,0.023,0.041,
0,0.007,0.086,0.141,-0.078,-0.041,-0.006,0.064,0.01,-0.1,-0.143,0.115,-0.019,0.059,-0.015,
0,0,0,0,0,0.017,0.054,0.023,0.117,0.082,0.065,-0.035,0.092,-0.077,-0.21,
0,0,0,-0.057,0.039,0.152,0.017,0.073,-0.048,0.058,-0.103,-0.051,0.056,-0.044,0.036,
0,0.138,0.078,-0.071,0.029,0.083,-0.067,-0.107,0.018,-0.023,0.027,0.226,0.005,0.008,-0.097,
0,-0.008,-0.027,0.02,0.072,-0.014,-0.082,0.029,0.092,0.005,0.028,-0.042,-0.029,-0.04,-0.044,
0,0.031,0.063,-0.019,0.184,0.069,-0.064,0.043,-0.03,0.22,-0.027,0.095,-0.057,-0.04,0.039,
0,0,0,0,0,0.054,0.024,-0.037,0.084,-0.068,-0.106,-0.03,-0.082,-0.076,-0.034,
0,0,0,0,0,0,0,0,0,0,0,0,0,0,0,
0,0,0,0,0,-0.012,-0.008,-0.001,-0.06,-0.063,0.09,0.028,0.075,-0.016,-0.041,
0,0,0.032,-0.07,-0.026,0.037,0.118,0.023,0.024,-0.032,-0.065,-0.03,0.092,0.061,-0.049,
0,-0.178,-0.11,0.008,-0.096,-0.026,-0.159,-0.164,0.12,0.104,0.074,-0.206,-0.053,0.033,-0.01,
0,-0.001,0.096,-0.175,-0.117,0.028,-0.053,-0.014,-0.012,-0.012,-0.012,-0.013,-0.013,-0.013,-0.013,
0,0.01,0.05,-0.001,-0.184,-0.001,0.003,-0.054,0.082,-0.147,-0.01,-0.029,-0.04,0.066,0.034,
0,0,0,0,-0.001,-0.029,0.027,0.033,-0.053,0.017,0.002,0.046,0.017,-0.036,-0.091,
0,-0.019,-0.01,-0.031,-0.009,0.047,-0.026,-0.011,0.047,-0.001,0.21,0.019,-0.023,-0.032,0.092,
0,0,0,0,0,0,0,0,0,0,0,0,0,0,0,
0,0,0.092,-0.074,-0.111,-0.115,-0.074,-0.143,-0.086,0.012,0.111,0.152,-0.03,-0.111,-0.035,
0,0,0,0,0,0,0,0,0,0,0,0,0,0,0,
0,0,0,0,-0.005,-0.06,0.041,0.102,0.168,0.213,-0.026,0.028,0.115,-0.106,0.054,
0,-0.001,-0.002,-0.098,0.077,0.006,0.068,0.06,-0.011,-0.007,0.074,-0.059,0.109,-0.01,-0.13,
0,-0.032,-0.036,-0.015,0.063,-0.001,0.059,0.03,0.084,0.1,0.061,-0.006,0.015,-0.035,-0.048,
0,0,0,0,0,0,0,0,0,0,0,0,0,0,0,
0,0,0,0,0,0,0,0,0,0,0.003,-0.003,-0.044,-0.027,0.065,
0,0,0,-0.001,0.029,-0.075,-0.054,-0.074,0.03,0.044,0.057,-0.021,-0.046,-0.161,0.133,
0,0.001,-0.068,0.091,-0.011,-0.017,0.019,0.004,0.016,0.073,-0.133,-0.109,-0.01,-0.003,-0.07,
0,0,0,0,0,0,0,0,0,0,0,0,0.008,-0.052,0.146,
0,0.007,-0.017,-0.124,-0.008,0.057,0.082,0.055,-0.023,-0.077,0.039,0.067,0.048,0.099,-0.039,
0,0.043,-0.149,0.02,-0.045,0.031,0.024,-0.031,-0.147,0.007,-0.017,0.069,0.148,0.063,-0.066,
0,0,0,0,0.079,0.064,0.052,-0.03,0.017,0.048,0.003,-0.129,-0.125,-0.028,0.045,
0,0.05,0.15,0.075,0.139,-0.025,-0.047,0.056,0.073,0.111,-0.109,-0.078,0.031,0.064,0.034,
0,0,0,0,0,0,0,0.014,-0.135,0.015,0.045,-0.053,-0.017,-0.111,-0.027,
0,0.001,0.015,-0.116,-0.102,-0.065,0.054,0.015,0.054,0.084,0.152,0.058,0.177,-0.098,0.013,
0,0,0,0.003,0.066,0.009,0.022,0.049,0.143,-0.095,0.046,-0.111,-0.019,0.078,-0.026,
0,0,0,0,0,0,-0.076,-0.004,-0.054,-0.004,-0.048,0.163,-0.055,0.037,0.075,
0,0,0,0,0,0,0,0,0,0,-0.002,0,-0.002,0,-0.05,
0,0,0,0,0,0,0,0,0,-0,0.121,-0.084,-0.01,0.023,0.076,
0,-0.083,0.112,0.004,0.115,0.037,-0.097,0.122,0.035,-0.042,0.118,-0.146,-0.171,-0.097,0.067,
0,0,0,0,0,0,0,0,0,0,0,0,0,0,0,
0,-0.005,0.238,-0.125,0.154,0.043,-0.245,-0.057,-0.105,0.147,-0.102,-0.039,-0.122,0.064,-0.062,
0,0,-0.044,0.053,-0.071,0.26,0.045,-0.058,-0.064,-0.067,0.022,-0.089,0.042,0.093,-0.105,
0,0,0,0.001,-0.063,0.059,-0.005,-0.057,0.013,0.066,0.097,0.031,-0.133,-0.002,0.121,
0,0,0.108,-0.136,-0.004,0.027,-0.036,0.088,0.108,0.069,-0.005,0.038,-0.064,0.086,-0.015,
0,0.075,0.007,-0.016,-0.089,0.061,-0.06,0.003,-0.027,-0.016,0.073,0.079,-0.076,-0.066,0.021,
0,0,0,0,0,0,0,0,0.072,0.022,0.08,-0.052,0.045,-0.014,-0.025,
0,0,0,0,-0.044,-0.021,0.193,0.135,0.125,0.091,0.145,-0.077,-0.027,-0.114,-0.096,
0,0,0,0,0,0,0,0,0,0,0,0,0,0,0,
0,0,-0,0.019,-0.101,-0.074,0.092,0.154,0.029,-0.113,0.052,-0.077,-0.129,0.077,0.078,
0,0,0,0,0,0,0,0,0,0.001,-0.012,-0.033,-0.001,-0.016,-0.066,
0,-0.029,-0.084,0.008,0.005,0.004,-0.012,0.054,0.098,0.032,0.026,0.115,0.005,-0.112,-0.089,
0,0,0,0,0,0,0,0,0,0.008,-0.064,0.007,-0.082,-0.099,-0.065,
0,0.129,0.079,0.067,-0.224,0.062,-0.165,-0.034,0.334,0.165,-0.052,0.167,-0.011,-0.1,0.13,
0,0,0,0,0,0,0,-0.001,-0.066,0.031,-0.048,0.04,-0.093,-0.031,0.058,
0,0.081,-0.027,-0.024,0.038,0.005,-0.078,-0.098,-0.117,-0.029,0.04,0.055,0.093,-0.03,0.077,
0,0,0,0,0,0,0,0,0,0,0.037,-0.007,-0.074,-0.12,0.129,
0,0,0,0,0,0,0,0,0,0,0,-0.003,-0.139,-0.101,0.058,
0,0,0,0.075,0.002,0.033,-0.019,-0.077,-0.102,0.05,-0.179,0.022,-0.06,-0.024,0.02,
0,0,0,0,0.101,0.007,0.031,0.009,0.113,-0.039,0.001,0.099,-0.124,0.118,0.063,
0,0,0,0.08,0.131,0.007,0.063,0.129,0.069,-0.039,-0.163,0.034,-0.074,0.053,0.004,
0,0,0,0,0,0,0,0,0,-0.061,-0.131,0.083,-0.156,-0.064,-0.044,
0,0,0,0,0.044,0.02,0.099,0.074,0.045,0.076,-0.006,0.079,0.036,-0.085,-0.145,
0,0,0,0,0,0,0,0.136,0.082,-0.069,-0.005,-0.057,-0.24,0.095,0.024,
0,0,0,0,0,0,0,0,0,0,0,0,0,0,0.004,
0,0,0,0,0,0,0,0.002,-0.14,0.093,-0.004,0.056,-0.003,-0.003,0.083,
0,-0.067,0.015,0.111,-0.058,0.178,-0.051,-0.014,-0.048,-0.04,-0.041,0.075,0.119,-0.006,-0.007,
0,0,0,0,0,0,0.001,-0.04,-0.041,0.032,0.009,0.053,-0.018,-0.059,-0.003,
0,0,-0.008,-0.015,-0.016,0.162,0.026,0.046,0.086,0.12,-0.107,0.014,0.065,0.009,-0.135,
0,0,0.001,0.078,0.052,-0.116,0.118,0.02,0.012,-0.108,0.004,0.024,0.08,0.08,-0.046,
0,0,0,0.097,-0.051,0.094,-0.077,-0.007,-0.025,-0.103,-0.037,-0.035,0.015,-0.019,0.053,
0,0,0,0,0.013,-0.069,0.104,-0.019,0.035,0.072,-0.13,-0.031,0.006,0.008,0,
0,0.062,-0.078,-0.001,-0.064,0.006,0.02,-0.092,-0.049,-0.151,0.097,0.219,-0.016,0.108,-0.052,
0,0,0,0.002,0.041,-0.004,0.11,0.031,-0,0.087,0.014,-0.076,-0.015,0.066,-0.044,
0,0,0,0,0,0,0,-0.026,-0.003,0.002,0.066,0.106,-0.089,0.266,-0.122,
0,0,0,0,0,-0.052,0.057,0.059,0.003,-0.191,-0.038,0.055,0.045,0.093,0.161,
0,0,0,0,0,-0.042,0.178,0.016,0.069,-0.039,0.085,0.068,0.084,0.08,-0.046,
0,0,0,0,0,0,0,0,0,0,0,0,0,0,0,
0,0,0,0.004,-0.038,0.047,0.06,-0.035,0.157,-0.136,-0.06,-0.1,0.071,0.16,-0.098,
0,0,0,0.084,-0.033,-0.036,-0.104,-0.049,0.09,0.003,-0.065,-0.031,-0.012,-0.08,-0.006,
0,0,0.001,-0.048,-0.096,0.101,0.037,-0.055,-0.069,-0.107,0.012,-0.11,-0.076,-0.107,0.059,
0,-0.002,-0.11,0.118,0.038,0.058,0.069,-0.053,0.006,-0.02,-0.058,-0.048,0.081,0,0.017,
0,0,0,0,0,0,0,0,-0.087,0.055,-0.001,0.016,-0.014,0.176,0.038,
0,0,0,0,0,0.061,-0.035,-0.087,-0.059,0.019,-0.048,0.052,-0.015,0.005,-0.05,
0,0,-0.001,0.001,0.066,0.078,-0.031,0.042,-0.073,-0.049,-0.041,0.073,0.091,0.086,0.057,
0,0,0,0.017,0.024,-0.049,0.069,0.061,-0.02,0.079,-0.066,-0.152,-0.083,-0.061,0.055,
0,0,0.001,0.031,0.097,0.052,-0.039,-0.084,0.13,0.194,0.025,0.05,0.027,0.054,-0.029,
0,0,0,0,0.039,0.112,-0.032,-0.098,0.023,-0.142,-0.051,0.1,-0.113,-0.045,-0.027,
0,0,0,0,0,0,0,0,0,0,0,0,0,0,0,
0,-0.01,0.13,0.282,0.069,-0.052,-0.134,-0.014,-0.009,-0.118,-0.042,-0.043,0.291,0.33,0.262,
0,-0.002,-0.035,-0.005,0.122,0.024,-0.094,0.112,-0.008,0.037,0.097,-0.003,0.009,0.043,-0.063,
0,0,0,0,0,0,0,0,0,0,0,0,0,0,0,
0,0,0.024,0.037,0.031,-0.097,-0.16,0.008,0.044,-0.038,-0.109,-0.091,-0.08,-0.031,-0.129,
0,0,0,0,0,0,0,0,0,0,0,0,0,0,0,
0,0,0,0,0,0,0,0,-0.014,-0.109,-0.039,-0.056,0.029,0.033,0.133,
0,0,0,0,0,0,0,0,0,-0.001,0.003,0.001,-0.131,0.291,-0.021,
0,0.11,-0.059,-0.071,0.077,0.004,-0.152,-0.065,0.094,0.136,-0.02,0.117,0.225,0.049,0.004,
0,0,0,0,0,0,0,0,0,0.148,-0.043,-0.088,0.1,0.159,0.052,
0,0,0,0,-0.004,0.025,-0.111,-0.135,-0.177,-0.104,-0.07,-0.04,0.104,0.086,-0.039,
0,0,0,0,0,0,0,0,0,0.009,0.07,-0.088,-0.165,0.287,0.318,
0,0,0,0,0,0,0,0,0,0,0,0,0,0.003,0.003,
0,0.045,-0.075,0.045,-0.011,0.076,0.041,0.079,-0.048,-0.122,-0.035,-0.078,-0.075,-0.019,0.052,
0,0,0,0,0,0,0.035,0.025,0.051,0.058,0.008,0.019,-0.089,-0.103,0.037,
0,0,0,0.006,0.053,-0.015,-0.032,-0.032,0.101,0.157,-0.062,-0.17,-0.059,-0.098,-0.191,
0,0,-0.093,0.143,0.092,-0.034,0.082,0.025,0.083,-0.104,0.063,-0.05,0.065,0.03,0.18,
0,0,0,0,0,0,0.009,-0.137,0.003,-0.086,0.065,-0.027,-0.026,-0.031,-0.023,
0,0,0,0,0.025,-0.027,0.056,-0.017,-0.127,0.027,-0.091,-0.094,-0.058,-0.034,0.04,
0,-0.04,0.075,-0.082,-0.078,-0.098,0,-0.157,0.002,0.015,0.033,-0.067,-0.051,-0.153,0.035,
0,0,-0.029,-0.093,-0.037,0.12,-0.098,-0.022,-0.064,0.088,0.214,-0.054,-0.215,0.009,0.006,
0,0,-0.143,-0.032,0.06,-0.121,0.072,-0.04,-0.074,-0.104,0.05,0.003,-0.055,0.096,-0.047,
0,0.002,-0.002,0.001,0.151,0.04,0.043,0.039,0.039,0.037,0.033,0.033,0.033,0.033,0.033,
0,0,0,0,0,0,0,0,0,0,0,0,0,0,0,
0,0.013,-0.059,-0.025,-0.041,0.001,-0.009,0.1,0.117,-0.033,0.113,-0.001,0.034,-0.032,0.092,
0,0,0,0,0,0,0,0,0.001,0.051,-0.086,-0.156,-0.073,0.021,-0.116,
0,0,0,-0.085,0.029,0.077,0.028,0.112,0.126,-0.084,0.032,-0.189,-0.015,0.006,0.123,
0,0,0,0,0.166,0.165,-0.013,-0.134,0.13,0.074,0.215,-0.158,-0.086,0.124,0.105,
0,0,0,0,0,0.012,0.03,0.098,-0.068,0.04,-0.152,0.047,0.165,0.105,-0.016,
0,0,0,0,-0.114,0.093,0.034,0.11,0.069,-0.064,0.144,0.088,-0.016,-0.042,0.021,
0,0.246,-0.072,-0.007,-0.096,0.025,0.026,0.028,0.028,0.028,0.028,0.028,0.028,0.028,0.028,
0,0,0,0,0,0,0,0,0,0,0,0,0,0,0,
0,0,0,0,0,0,0,0,0,0,0,0,0,0,0,
0,0,0,0,0.017,0.232,0.033,-0.114,-0.087,-0.072,-0.082,-0.183,-0.022,0.06,-0.002,
0,0,0.103,-0.03,0.115,0.017,-0.008,-0.014,-0.056,0.068,-0.121,-0.071,-0.012,-0.104,-0.132,
0,0,0.092,-0.121,-0.057,-0.156,-0.056,-0.099,-0.079,0.014,0.072,-0.039,0.028,0.049,0.134,
0,0,-0.003,-0.045,0.105,0.135,-0.099,0.095,0.19,0.014,0.059,0.103,0.17,-0.022,0.013,
0,0,0,-0.003,-0.039,-0.003,0.036,-0.05,0.019,0.054,-0.05,0.049,0.014,0.015,0.109,
0,0.068,0.018,0.03,-0.043,-0.019,-0.016,0.053,-0.015,0.039,-0.021,-0.009,0.038,0.009,-0.007,
0,0,0,0,0,0,0.06,0.044,0.031,0.035,0.036,-0.021,-0.041,-0.039,-0.097,
0,0,-0.224,0.003,0.008,-0.017,-0.077,-0.094,0.209,0.041,0.157,0.197,0.203,0.099,-0.111,
0,0,0,0,0.084,0.046,-0.059,-0.053,-0.06,0.14,0.053,-0.018,0.11,0.097,-0.047,
0,0,0,0,0,0,0,0,0,0,0,0,0,0,0,
0,0,0,0,-0.014,0.01,-0.014,0.05,0.004,0.056,0.029,0.019,-0.078,0.043,0.007,
0,0,0,0,0,0,0,0,0,0,0,0,0,0,0,
0,0,0.066,-0.082,0.02,0.031,0.064,0.07,0.116,0.13,0.056,0.107,0.104,0.004,0.025,
0,-0.018,0,0.062,0.091,0.021,-0.032,-0.031,-0.077,0.13,0.03,0.161,-0.06,0.073,-0.059,
0,0,0,0,-0,-0.001,0.039,0.101,0.113,-0.146,-0.133,-0.153,-0.183,-0.056,0.027,
0,0,0,0,0,0,0,0,0.101,-0.069,-0.002,-0.092,-0.019,-0.038,0.107,
0,0,0,0,0,0,0,0,0.039,-0.003,0.064,0.102,-0.058,-0.063,-0.054,
0,0,0,0,0,0,0,0,0,0,0,0,0,0,0,
0,0,0,0,0,0,-0.001,-0.053,-0.017,0.103,0.083,0.005,0.049,0.131,0.01,
0,0,0,0,-0.001,0.051,-0.016,0.03,-0.003,0.103,0.079,0.13,-0.093,-0.105,-0.182,
0,0,0,0,0,0,0.068,0.025,0.09,-0.021,0.032,-0.048,-0.06,0.141,0.017,
0,0,0,0,0,0,0,0.029,-0.034,-0.039,0.063,0.054,0.053,-0.064,0.154,
0,0,-0.004,-0.014,0.003,-0.065,-0.018,-0.024,-0.157,0.023,-0.033,0.096,0.008,-0.009,-0.073,
0,0,0.006,-0.012,0.114,-0.004,-0.098,-0.036,0.001,0.034,-0.141,0.033,-0.068,0.047,0.004,
0,0,0,0,0,0,0,0,0,0,0,0,0,0,0,
0,0.022,-0.096,0.215,0.247,0.017,0.167,-0.019,0.25,0.046,0.13,0.182,-0.014,0.221,-0.029,
0,0,0,-0.011,0.051,0.022,-0.05,0.058,0.063,-0.01,-0.078,0.037,-0.154,0.04,-0.043,
0,0,0,0,0,0,0.099,-0.128,0.125,0.125,-0.076,0.019,-0.195,0.068,-0.06,
0,0,0.002,-0.062,0.058,0.024,-0.001,0.058,0.183,0.023,-0.023,0.144,-0,-0.145,-0.008,
0,0,0,0.069,0.052,0.108,0.013,0.056,-0.092,-0.049,-0.067,-0.041,-0.057,0.079,0.161,
0,0,0,0,0,0,0,0,0,0,0,0.006,0.021,-0.025,0.09,
0,-0.041,-0.053,-0.003,0.045,-0.08,-0.204,0.005,-0.107,0.074,-0.06,0.015,0.072,-0.007,-0.002,
0,0,0,0,0,0,0,0,0,0,0,0,0,-0.07,-0.039,
0,0,0,0.031,0.122,-0.016,0.029,0.064,0.026,0.029,0.078,-0.012,-0.026,-0.063,0.034,
0,0,0,0,0.013,0.008,-0.066,0.131,-0.003,-0.06,0.111,0.024,0.09,-0.123,0.048,
0,-0.003,0.031,-0.105,-0.064,0.002,-0.054,0.007,0.055,0.037,-0.098,-0.032,0.061,-0.041,-0.099,
0,0,0,0,0,0,0,0,0.001,-0.04,0.066,-0.014,-0.029,-0.028,-0.066,
0,0,0.001,0.08,0.063,-0.146,0.115,0.034,0.223,0.252,-0.18,0.034,0.101,0.112,0.158,
0,0,0,0,0,0.004,-0.063,-0.045,0.086,0.082,-0.004,0.044,-0.051,0.045,-0.198,
0,0,0,0,0,0,0,0,0,0,0,0,0,0,0,
0,0,0,0,0,-0.002,-0.081,-0.115,0.007,0.032,0.056,-0.154,0.063,-0.039,-0.201,
0,0,0.003,0.101,0.061,-0.159,0.115,0.034,-0.075,0.023,-0.233,-0.123,-0.123,-0.047,0.11,
0,0.001,-0.106,0.129,0.022,0.085,0.1,0.11,-0.068,-0.131,-0.137,-0.017,0.187,0.027,-0.083,
0,0,0,0,0,0,0,0,0,0,0,0,0,0,0,
0,0,0,0,0,0,0,0,0,0,0,0,0,0,0,
0,0.03,-0.036,-0.029,-0.089,0.029,-0.045,0.072,0.176,0.099,0.005,-0.006,-0.027,0.057,-0.015,
0,0,0,0,0,0,0,0,0,0,0,0,0,0,0,
0,0,-0,-0.134,0.156,0.086,-0.131,0.205,-0.022,0.123,0.077,-0.051,-0.02,0.007,0.028,
0,-0.118,0.035,-0.1,-0.013,0.111,0.182,0.069,-0.059,-0.006,0.118,-0.027,-0.15,0.014,0.029,
0,0,0,0,0,0,-0.001,0.01,0.017,-0.028,0.097,-0.112,-0.061,0.033,-0.074,
0,-0,0,0.086,0.093,-0.06,0.026,0.093,0.027,0.083,-0.093,-0.024,-0.062,-0.128,-0.053,
0,0.034,0.062,0.154,-0.026,-0.057,-0.082,-0.096,-0.004,-0.076,0.048,-0.011,0.028,-0.003,-0.048,
0,-0.01,-0.016,-0.136,-0.053,-0.12,-0.088,0.025,0.033,0.098,-0.047,-0.021,-0.104,-0.088,0.076,
0,0,-0.001,-0.023,-0.058,0.053,-0.174,0.066,-0.007,0.143,0.121,0.16,-0.109,-0.011,-0.06,
0,0,0,0,0,0,0.071,0.124,-0.125,-0.008,0.104,0.043,0.01,0.012,0.021,
0,0,0,0,0,0,-0.001,-0.011,-0.044,-0.071,0.121,0.071,-0.018,-0.016,-0.179,
0,0,0.039,0.053,0.037,0.143,-0.258,0.07,-0.042,0.03,-0.03,-0.056,0.024,-0.011,0.084,
0,0,0,0,0,0,0,0,0,0,0.054,0.157,0.07,0.174,-0.086,
0,0.011,-0.031,-0.028,0.052,0.087,-0.123,0.197,0.2,-0.117,0.026,-0.123,0.001,0.033,-0.01,
0,0,0,0,0,0,0,0,0,-0,0.03,0.065,-0.091,-0.054,-0.087,
0,0,0,0,0,0,0,0,0,0,0,0,0,0,0,
0,0,0,-0.001,-0.044,-0.017,-0.075,-0.059,-0.069,0.038,-0.037,0.001,0.034,0.087,0.136,
0,0,-0.001,-0.07,0.154,0.021,0.072,0.075,-0.081,-0.029,-0.047,-0.094,0.074,0.061,0.021,
0,0,0,0,0,0,0,0,0,0,0,0,0,0,0,
0,0,0,0.13,0.044,0.13,0.067,-0.044,0.034,-0.107,-0.057,-0.021,-0.003,-0.085,-0.088,
0,0,0,0,0,0,0,0,0,0,0,0,0,0,0,
0,0,0,0,0.038,-0.174,-0.04,0.05,0.132,0.045,-0.025,-0.102,-0.043,0.089,0.04,
0,0,0,0,0,0,0,0,0.126,0.056,0.043,0.099,0.158,0.085,0.008,
0,0,0,0,0,0,0,0,0,0,0,-0.001,-0.02,-0.053,0.092,
0,0,0,0,0,0,0,0,0,0,-0.036,0.119,-0.159,-0.089,0.056,
0,0,0,0,0,0,0,0,0,0,0,0,0,0,0,
0,0,0,0,0,0,0,0,0,0,0,0,0,0,-0,
0,0,0,0,0,0,-0.009,0.048,0.13,0.17,0.095,-0.097,0.107,0.024,0.061,
0,0,0,0,0,0,0,0,0,0,0.144,0.041,-0.073,-0.121,-0.039,
0,-0.075,-0.045,-0.09,-0.004,-0.142,0.005,0.092,0.185,0.089,0.198,0.09,0.058,-0.19,0.084,
0,0,0,0,0,0,0,0,0,0,0,0,0,0,0,
0,0,0,0,0,0,0,0,0,0,0,0,0,0,0,
0,0,0.021,-0.042,-0.112,-0.129,-0.055,-0.054,-0.093,0.069,0.041,-0.073,-0.077,-0.032,0.162,
0,0.001,-0.004,-0.008,-0.066,0.168,-0.091,-0.146,0.065,-0.063,0.089,-0.021,0.029,-0.034,0.064,
0,0,0,0,0,0,-0.057,-0.066,0.011,0.043,-0.005,-0.042,0.053,-0.008,-0.108,
0,0,0,0,0.193,-0.152,-0.099,0.075,-0.019,0.091,0.114,0.12,0.106,0.012,0.079,
0,0,0.004,0.025,0.163,0.098,0.156,0.12,-0.096,-0.051,0.081,0.055,-0.082,-0.063,-0.119,
0,0,0,0.025,0.111,-0.053,-0.142,0.037,-0.091,-0.059,-0.093,0.043,0.119,-0.152,0.003,
0,0,0,0,0,0,0,0,0,0,0,0,0,0,0,
0,0,0,0,0,0.007,-0.155,-0.042,-0.036,-0.08,0.015,-0.031,0.053,0.014,0.091,
0,0,0,0,0,0,0,-0.002,0.129,-0.062,-0.021,0.1,0.027,-0.13,-0.023,
0,0,0,0,0,0.079,-0.073,0.223,0.02,-0.026,-0.021,-0.12,-0.007,-0.01,-0.012,
0,0,0,0,0,0,-0.102,0.003,-0.021,0.061,0.063,-0.002,0.065,-0.017,0.03,
0,0,0,0,0,0,-0.052,0.021,0.013,-0.009,0.027,-0.015,-0.003,0.007,0.132,
0,0,0,0,0,0,0,0,0,0,0,0,0,0,0,
0,0.026,0.116,0.174,0.196,0.015,0.026,-0.192,0.161,-0.043,0.098,-0.053,0.054,0.093,0.113,
0,0,0,0,0,0,0,0,0,0,0,0,0,0,0,
0,0,-0.005,-0.048,0.092,-0.064,-0.166,-0.055,0.03,0.009,0.117,0.131,0.044,0.044,0.064,
0,0,0,0,0,0,0,0,0,0,0,0,0,0,0,
0,0,0.109,-0.027,-0.051,0.046,-0.126,-0.049,0.18,0.021,0.065,0.076,-0.043,-0.054,-0.122,
0,0,0,0,0,0,0,0,0,0,0,0,0,0,0,
0,0,0,0,0.002,-0.111,0.032,0.038,-0.124,0.002,-0.073,-0.037,-0.114,0.133,0.003,
0,0,0,0,0,0,0,0,0,0,0,0,0,0,0,
0,0,0,0,0,0,0,0,0,0,0,0,0,0,0,
0,0,0.098,0.078,0.068,0.12,0.085,0.097,0.031,-0.106,0.012,-0.19,-0.073,0.024,-0.094,
0,0,0,-0.043,0.064,0.073,-0.006,-0.004,-0.006,0.075,-0.01,-0.095,0.047,0.17,-0.021,
0,0,0.085,-0.19,0.006,-0.038,0.02,0.019,-0.108,0.006,0.099,0.011,0.038,-0.145,0.092,
0,0,0,0,0,0,0,0,-0.014,-0.003,0.146,0.068,0.103,-0.015,-0.187,
0,0.002,0.042,-0.178,0.234,-0.06,-0.072,-0.064,0.09,0.069,-0.036,-0.168,-0.064,0.087,0.03,
0,0,0,0,0,0,0,0,0,0,0,0,0,0,0,
0,0,0,0,0,0,0,0,0,0,0,0,0,0,0,
0,-0.003,0.036,-0.017,-0.138,-0.014,0.121,0.092,0.089,-0.01,-0.048,0.069,0.025,-0.102,0.026,
0,0,0,0,0,-0.036,-0.001,0.038,-0.055,0.074,-0.071,0.018,0.071,-0.06,-0.012,
0,-0.002,0.088,-0.131,-0.069,0,0.133,0.127,-0.084,-0.028,-0.008,-0.176,-0.021,-0.019,-0.125,
0,0,0.148,-0.069,-0.036,0.022,0.029,-0.12,0.003,-0.178,0.047,0.179,0.187,-0.156,0.131,
0,0.001,-0.117,-0.094,0.097,-0.066,-0.08,-0.003,-0.02,-0.141,-0.054,-0.079,-0.005,-0.025,0.073,
0,0,0,0,0,0,0.049,0.021,0.039,-0.08,-0.001,-0.151,-0.049,-0.001,-0.001,
0,0,0,0,0,0,0,0,0,0,0,0,0,0,-0.002,
0,0,0,0.062,0.101,0.051,0.114,-0.049,0.073,0.021,0.088,0.02,0.023,0.044,0.028,
0,0,0,0,0,0,0,-0.019,-0.057,0.043,0.097,-0.019,-0.091,-0.007,-0.01,
0,0,0,0.003,0.046,0.066,0.096,-0.048,-0.018,-0.021,-0.064,0.041,-0.027,-0.166,-0.089,
0,-0.006,0.116,0.009,0.048,0.024,-0.156,-0.098,-0.136,0.036,-0.131,-0.035,0,0.002,-0.033,
0,0,0.043,0.042,0.029,0.029,-0.113,-0.017,0.087,0.002,-0.033,-0.012,-0.067,0.017,0.014,
0,0.114,-0.024,0.187,-0.14,-0.111,0.01,-0.035,0.027,0.04,-0.099,0.089,-0.029,-0.003,0.068,
0,-0.116,0.047,-0.025,0.069,0.093,0.081,-0.089,0.024,0.035,-0.023,-0,0.23,-0.073,0.128,
0,0.081,-0.076,0.072,-0.079,-0.043,-0.003,0.08,-0.052,-0.092,0.037,0.128,0.079,0.112,0.165,
0,0,0,0,0,0,0,0,0,0,0,0,0,0,0,
0,-0.072,0.155,0.026,0.098,-0.126,-0.015,-0.016,0.1,-0.002,0.151,0.044,-0.05,0.123,0.037,
0,0,0,0.087,-0.064,0.025,0.054,0.018,-0.017,0.012,-0.098,0.092,-0.065,-0.111,-0.017,
0,-0.011,0.041,-0.008,-0.004,0.015,0.031,0.09,0.038,0.018,-0.027,0.057,0.021,-0.011,-0.137,
0,0.003,0.006,0.142,0.035,0.142,-0.075,-0.054,0.07,-0.028,-0.084,0.004,0.027,-0.011,-0.071,
0,0,0,-0.058,-0.054,0.028,0.06,-0.001,-0.076,0.022,-0.067,-0.19,-0.018,-0.016,0.203,
0,-0.002,-0.085,-0.002,-0.105,0.071,0.065,0.055,-0.038,-0.079,0.056,-0.074,-0.104,-0.062,-0.053,
0,0,0.038,-0.098,-0.024,-0.121,0.062,0.044,-0.12,0.01,0.025,0.068,-0.096,-0.034,-0.024,
0,0,0,0,0,0,0,0,0,0.001,-0.142,-0.009,0.09,0.109,-0.064,
0,0,0,0,0,-0.005,0.022,-0.062,-0.011,-0.038,0.049,0.038,0.04,-0.033,0.025,
0,0,0,0,0,0,0,0,0,0,0,0,0,0,0,
0,0,0,0,0.016,-0.014,-0.001,-0.051,0.007,0.013,0.031,0.086,-0.084,0.057,-0.011,
0,0,0,0,0,0,0,0,0,-0.002,0.057,0.135,-0.013,-0.034,0.045,
0,0.055,0.04,-0.021,0.197,0.118,-0.03,-0.121,-0.194,-0.193,-0.002,-0.11,0.063,0.019,-0.096,
0,-0.036,-0.078,-0.035,0.054,-0.044,0.105,-0.104,-0.014,0.022,-0.191,0.217,0.031,-0.071,-0.035,
0,0,0,0,0,0.026,0.135,0.159,0.129,0.195,0.171,-0.181,-0.014,0.125,-0.101,
0,0,0.066,0.074,0.06,0.011,0.011,0.072,0.07,0.096,0.002,0.032,-0.051,-0.114,-0.14,
0,-0.004,0.011,-0.059,-0.043,0.067,-0.017,0.069,-0.047,0.095,0.071,-0.038,-0.073,-0.088,0.132,
0,0,0,0,0,0,-0.003,0.003,0.025,0.005,0.037,-0.013,0.04,0.09,-0.081,
0,0,0,0,0,0,0,0,0,0,0,0,0,0,0,
0,0,0,0,0,0,0,0,0,0,0,0,0,0,0,
0,0.033,-0.004,0.017,-0.091,0.013,0.042,0.026,-0.049,0.025,0.025,-0.103,0.03,-0.079,0.061,
0,0,0,0,0,0,0,0,0.064,0,-0.089,-0.028,-0.001,-0.019,0.054,
0,0,0,0,0,0,0,0,0,0,0,0,0,0,0,
0,0,0,0,0,0,0,0,0,0,0,0,0,0,0,
0,-0.117,-0.006,0.104,-0.144,-0.002,-0.011,0.124,0.181,-0.022,0.079,-0.118,-0.007,0.011,0.035,
0,0,-0.166,0.028,-0.072,-0.102,-0.067,0.012,0.055,-0.049,-0.034,0.061,-0.057,0.019,-0.051,
0,0,0,0.043,0.073,-0.061,0.15,-0.153,0.063,0.083,0.063,0.156,0.046,0.083,0.122,
0,0,0,0,0,0.021,-0.042,-0.005,-0.016,-0.034,-0.069,0.105,0.022,-0.1,0.075,
0,0,0,0,0,0,0,0,0,0,0.052,0.009,-0.046,-0.002,0.064,
0,0,0,0.059,-0.022,0.018,-0.06,-0.15,0.074,-0.084,-0.076,0.132,0.053,-0.108,0.102,
0,-0.032,-0.053,-0.067,-0.065,-0.065,-0.065,-0.065,-0.065,-0.065,-0.065,-0.065,-0.065,-0.065,-0.065,


0,0.082,0.17,-0.102,0.12,-0.099,0.059,0.023,-0.035,-0.177,0.013,0.135,-0.171,0.101,-0.066,
0,0.104,-0.071,-0.06,-0.042,-0.099,-0.077,-0.046,0.027,-0.006,0.009,-0.092,-0.077,0.028,0.126,
0,0.021,0.077,-0.076,0.023,-0.129,-0.043,0.064,0.113,-0.059,-0.076,0.023,-0.119,-0.007,0.08,
0,0.079,-0.079,-0.011,-0.03,0.017,0.052,-0.186,0.019,0.028,0.099,-0.066,0.02,0.088,-0.097,
0,0.105,0.036,0.075,-0.017,-0.001,-0.064,-0.037,-0.079,-0.136,-0.005,-0.084,-0.058,-0.025,-0.054,
0,0.013,-0.04,0.047,-0.105,-0.14,-0.072,0.011,-0.041,-0.168,-0.111,0.026,0.016,-0.032,0.055,
0,0.037,0.166,0.062,-0.059,0.024,0.046,-0.016,0.067,-0.024,0.046,0.062,0.013,0.089,0.051,
0,-0.063,-0.09,0.006,0.145,0.076,-0.097,0.095,0.11,-0.019,-0.067,0.024,0.045,0.076,0.084,
0,-0.021,-0.002,-0.053,-0.034,0.091,-0.086,-0.006,0.023,0.013,0.062,0.058,0.025,-0.022,0.029,
0,0.072,0.098,-0.026,0.001,0.091,0.025,0.082,-0.118,-0.093,0.118,-0.102,0.003,0.011,-0.048,
0,-0.005,0.012,0.006,-0.076,0.039,-0.052,0.028,0.007,0.019,-0.064,0.009,-0.149,-0.016,0.028,
0,0.014,-0.002,-0.018,0.036,0.033,-0.052,0.059,0.017,-0.033,0.105,-0.061,-0.155,-0.04,0.06,
0,0.023,-0.123,-0.019,-0.016,-0.029,0.089,0.002,-0.171,0.103,0.084,0.003,0.021,-0.055,-0.064,
0,0.012,0.051,-0.031,-0.007,-0.112,-0.076,-0.073,0.016,-0.072,0.013,0.01,-0.06,-0.083,-0.115,
0,0.04,-0.021,0.055,-0.109,0.033,-0.114,0.037,-0.093,0.15,-0.078,-0.148,-0.124,-0.062,0.017,
0,0.011,0.072,-0.011,0.048,0.058,0.08,0.125,0.068,0.005,-0.13,-0.097,0.049,0.016,0.059,
0,-0.058,-0.102,-0.065,-0.014,0.046,-0.017,0.106,-0.004,-0.056,-0.106,-0.088,-0.061,-0.104,-0.02,
0,0.062,-0.063,0.133,0.02,0.026,-0.042,0.106,0.039,-0.042,0.068,-0.008,-0.013,0.006,0.018,
0,-0.018,-0.082,0.06,-0.057,0.016,0.165,0.022,0.097,-0.06,-0.189,-0.045,-0.022,-0.058,-0.145,
0,0.447,0.429,0.469,0.205,0.363,0.429,0.432,0.432,0.432,0.432,0.432,0.432,0.432,0.432,
0,-0.038,-0.11,-0.017,-0.041,-0.021,-0.196,-0.059,0.007,-0.022,-0.003,0.031,0.056,-0.137,0.103,
0,0.152,0.109,-0.03,0.054,-0.166,-0.086,0.125,-0.095,-0.059,0.111,-0.19,-0.125,-0.142,-0.068,
0,0.015,-0.01,0.031,-0.019,-0.022,-0.061,0.105,-0.041,0.12,0.039,0.082,-0.079,0.117,0.031,
0,0.078,0.053,-0.076,0.002,0.056,0.007,-0.032,0.168,-0.019,-0.035,-0.061,0.029,-0.014,-0.102,
0,-0.094,-0.032,-0.062,0.018,0.086,-0.006,0.018,-0.094,0.053,-0.101,0.024,0.144,-0.058,0.042,
0,0.026,0.094,-0.119,-0.039,0.033,0.095,-0.121,-0.028,-0.055,-0.128,-0.007,-0.17,-0.047,0.1,
0,0.041,0.052,-0.063,-0.25,0.028,-0.106,0.066,-0.045,-0.171,-0.057,-0.197,-0.073,-0.222,-0.068,
0,0.093,0.041,0.046,-0.066,-0.064,-0.107,0.064,-0.2,-0.068,0.007,-0.138,0.089,-0.212,-0.047,
0,-0.001,0.054,0.024,-0.037,0.004,-0.024,-0.05,-0.033,-0.031,0.017,0.107,0.061,-0.015,-0.093,
0,0.061,0.106,0.005,-0.289,-0.029,-0.106,0.006,-0.036,0.023,-0.012,0.011,0.098,0.065,-0.1,
0,-0.021,-0.081,-0.063,0.082,-0.165,0.126,0.019,0.01,-0.067,-0.069,-0.017,-0.104,-0.005,-0.049,
0,0.149,0.163,0.072,0.003,0.018,0.012,0.011,0.063,-0.055,-0.06,0.037,-0.002,0.14,0.124,
0,-0.062,-0.081,0.036,-0.088,0.022,-0.043,0.126,0.062,-0.096,0.085,-0.086,0.015,0.156,0.049,
0,0.024,-0.048,0.004,-0.018,0.1,0.187,-0.059,-0.055,-0.123,0.068,0.13,0.065,-0.113,0.049,
0,0.129,0.014,0.138,0.145,0.167,0.123,-0.1,0.013,0.068,0.034,-0.006,-0.017,0.022,-0.031,
0,0.001,-0.066,0.051,-0.031,-0.066,-0.071,-0.175,-0.166,-0.15,-0.085,0.021,-0.034,-0.144,0.037,
0,-0.044,0.031,0.049,0.09,-0.021,-0.016,0.015,-0.074,-0.011,-0.115,0.064,-0.109,-0.045,0.02,
0,0.032,0.051,-0.01,-0.11,0.102,-0.03,0.025,-0.071,-0.216,-0.098,-0.07,0.129,-0.086,0.086,
0,0.081,-0.097,0.079,0.011,0.021,0.067,0.053,-0.055,0.176,-0.103,-0.11,-0.024,-0.091,-0.048,
0,0.027,0.048,-0.049,-0.04,0.008,-0.01,0.101,-0.115,0.02,-0.144,0.021,0.075,-0.086,0.014,
0,-0.007,0.132,-0.012,0.053,0.031,-0.145,-0.083,0.039,0.017,0.07,-0.014,0.047,-0.007,-0.097,
0,0.025,-0.037,-0.089,-0.109,-0.047,-0.088,-0.012,-0.066,0.089,-0.018,-0.085,0.055,0.006,0.029,
0,0.071,0.054,0.101,0.112,-0.082,-0.007,-0.083,0.072,-0.029,0.032,-0.008,0.033,-0.048,-0.076,
0,-0.06,0.075,-0.037,0.019,-0.059,-0.061,0.185,0.141,0.017,0.017,0.007,-0.028,0.118,-0.156,
0,0.12,-0.094,0.108,-0.026,-0.099,-0.139,0.048,0.019,0.064,-0.003,-0.08,0.093,-0.037,0.032,
0,0.043,0.048,0.013,0.168,-0.179,-0.079,0.116,0.006,0.025,0.158,-0.118,0.032,0.003,0.061,
0,-0.233,0.104,-0.175,0.152,0.021,-0.124,0.074,0.01,-0.035,-0.015,-0.018,-0.074,-0.017,-0.058,
0,-0.015,0.032,-0.024,-0.006,0.042,-0.043,-0.009,-0.071,-0.022,0.028,-0.077,0.044,-0.087,0.005,
0,0.038,0.005,-0.029,0.069,0.001,-0.084,-0.031,0.09,0.027,0.049,0.095,0.031,-0.001,-0.018,
0,-0.074,0.058,0.05,0.033,0.006,-0.028,0.033,-0.013,0.062,-0.02,0.087,0.101,-0.07,-0.105,
0,-0.049,0.072,0.027,0.027,0.014,0.08,-0.037,-0.113,0.001,0.172,0.078,0.04,0.038,-0.1,
0,0.092,0.03,0.05,0.004,-0.089,-0.022,-0.013,-0.027,-0.081,-0.064,-0.084,0.022,-0.058,0.024,
0,0.031,0.099,-0.031,-0.007,-0.005,0.031,0.111,-0.025,-0.02,-0.04,-0.016,-0.119,0.01,0.037,
0,0.006,-0.019,0.052,0.135,-0.044,0.076,0.113,0.122,-0.037,-0.076,0.112,-0.022,0.054,-0.014,
0,-0.04,0.034,0.062,-0.07,-0.047,0.014,-0.015,0.028,0.074,-0.084,0.059,-0.014,-0.001,-0.007,
0,0.045,0.06,-0.116,-0.007,-0.046,0.032,0.046,-0.028,-0.014,-0.086,0.107,-0.101,-0.045,-0.018,
0,-0.121,-0.18,0.05,-0.08,0.165,0.216,0.147,-0.067,-0.065,-0.087,-0.002,0.092,0.151,-0.112,
0,0.014,-0.077,-0.002,0.04,-0.127,0.041,0.054,0.13,-0.058,-0.055,0.016,0.104,0.001,0.115,
0,0.035,-0.067,-0.114,0.083,0.046,-0.067,-0.035,-0.056,-0.141,0.004,0.088,-0.06,0.064,-0.06,
0,-0.047,-0.001,0.013,0.003,0.006,0.087,0.023,-0.041,-0.035,-0.038,0.033,0.028,0.009,-0.054,
0,-0.066,0.091,-0.201,-0.082,-0.079,-0.024,0.006,0.133,-0.094,-0.149,-0.08,-0.182,0.001,-0.11,
0,-0.029,-0.085,0.002,0.086,0.06,0.022,0.009,-0.019,-0.082,-0.168,-0.181,-0.105,-0.11,-0.075,
0,-0.013,-0.076,0.054,0.039,0.003,0.108,0.017,-0.032,0.049,-0.022,-0.018,0.005,-0.096,-0.062,
0,-0.089,-0.078,-0.03,0.027,0.068,-0.121,0.047,-0.032,0.023,0.062,-0.02,0.178,0.048,-0.124,
0,0.102,0.163,0.105,0.196,-0.054,0.123,0,-0.028,-0.037,-0.041,-0.041,-0.041,-0.041,-0.041,
0,0.007,-0.082,0.073,-0.044,-0.076,0.152,0.118,0.097,-0.029,0.016,0.138,-0.022,0.073,-0.006,
0,0.076,0.088,-0.113,0.071,-0.032,-0.139,0.007,0.087,0.024,-0.046,-0.132,-0.126,0.03,-0.018,
0,-0.069,0.066,-0.059,-0.108,-0.049,-0.067,-0.119,-0.018,-0.056,-0.044,-0.042,-0.102,-0.007,-0.055,
0,-0.109,0.116,-0.046,-0.101,0.076,-0.056,-0.032,-0.048,-0.097,0.089,0.127,0.025,0.1,0.11,
0,-0.093,0.02,-0.054,0.011,-0.005,-0.014,0.081,0.059,0.001,0.008,0.149,0.035,0.094,-0.002,
0,-0.001,0.009,-0.034,-0.014,0.025,-0.027,0.081,-0.02,-0.142,0.056,-0.079,0.082,-0.035,-0.068,
0,0.102,-0.027,0.052,-0.05,0.005,-0.051,-0.153,-0.042,-0.123,-0,0.099,-0.146,0.108,-0.085,
0,0.052,-0.054,-0.059,-0.026,0.006,-0.073,0.05,-0.059,-0.105,-0.081,-0.021,-0.009,0.059,0.092,
0,-0.022,0.05,0.046,0.018,0.063,0.051,-0.038,-0.008,-0.022,0.006,-0.018,-0.005,-0.078,-0.103,
0,-0.104,-0.036,0.01,0.003,0.05,-0.007,-0.008,-0.106,0.007,-0.001,-0.047,0.008,0.074,-0.059,
0,0.021,0.083,-0.081,0.112,0.039,-0.118,0.061,0.013,0.004,0.028,-0.001,-0.054,-0.019,0.14,
0,0.07,-0.194,0.063,0.009,-0.174,-0.053,0.002,-0.105,0.019,-0.027,0.109,0.06,-0.092,0.029,
0,0.182,0.052,0.02,0.105,0.105,0.105,0.105,0.105,0.105,0.105,0.105,0.105,0.105,0.105,
0,0.176,0.031,-0.012,-0.039,0.023,0.073,-0.004,0.096,0.061,0.032,0.037,0.028,-0.1,0.087,
0,0.191,0.046,0.012,-0.006,0.027,-0.043,-0.067,-0.1,0.006,0.046,-0.013,-0.102,0.002,-0.165,
0,-0.02,0.086,-0.024,0.019,-0.069,0.102,0.071,0.029,0.045,-0.138,0.033,-0.079,-0.022,0.042,
0,-0.043,-0.089,-0.037,0.012,-0.091,0.011,0.071,0.069,0.009,0.171,0.084,-0.096,0.019,-0.114,
0,-0.064,0.011,0.026,-0.145,-0.137,-0.134,-0.157,-0.022,-0.159,0.012,-0.152,-0.047,-0.141,-0.133,
0,0.024,-0.039,-0.057,0.005,-0.062,0.066,0.005,0.037,0.013,-0.084,-0.088,-0.114,-0.107,-0.044,
0,0.045,0.108,-0.082,-0.067,0.023,-0.01,0.057,0.083,0.004,-0.093,-0.056,-0.023,-0.123,0.049,
0,-0.023,0.156,0.089,0.044,0.113,0.03,-0.068,-0.066,-0.029,0.013,-0.025,0.076,0.189,-0.101,
0,0.113,-0.111,-0.048,-0.071,-0.141,-0.103,-0.031,-0.039,0.105,0.159,0.156,0.008,0.174,0.075,
0,0.353,0.032,0.135,0.104,-0.131,0.066,0.078,0.106,0.121,0.195,0.187,-0.127,0.107,0.053,
0,0.052,-0.074,-0.049,-0.05,-0.11,-0.212,0.119,-0.006,-0.024,-0.03,0.049,-0.107,-0.097,-0.048,
0,-0.138,-0.028,0.051,-0.018,-0.096,-0.06,-0.11,0.058,0.051,-0.025,0.089,-0.001,-0.117,0.074,
0,-0.027,0.038,0.002,-0.086,-0.091,-0.052,-0.104,-0.015,0.018,0.074,0.02,0.057,-0.016,-0.168,
0,-0.029,-0.163,-0.21,0.056,-0.084,0.118,-0.082,0.007,0.109,-0.066,-0.168,-0.107,-0.101,-0.029,
0,0.09,0.068,-0.071,0.007,0.012,0.077,0.079,-0.132,0.093,-0.034,0.025,0.035,-0.045,0.069,
0,-0.034,-0.036,-0.079,-0.03,0.059,0.014,0.168,-0.083,0.013,0.054,0.077,0.115,0.027,-0.064,
0,0.009,0.022,0.04,-0.01,-0.033,-0.037,0.016,-0.013,-0.062,-0.059,-0.139,-0.067,0.012,-0.143,
0,0.051,0.023,0.002,-0.001,0.027,-0.005,0.019,-0.002,-0.026,-0.004,0.03,-0.005,0.023,-0.089,
0,-0.009,0.026,0,0.019,0.017,0.016,0.016,0.016,0.016,0.016,0.016,0.016,0.016,0.016,
0,-0.049,-0.042,0.075,-0.08,-0.022,-0.064,-0.09,-0.011,-0.034,-0.03,-0.004,-0.059,-0.071,0.051,
0,0.104,0.058,-0.038,-0.104,-0.125,-0.118,-0.104,-0.069,0.096,-0.057,0.009,0.092,-0.093,0.024,
0,0.182,0.089,0.146,0.096,0.061,0.025,0.137,0.114,0.102,0.098,0.05,0.118,0.072,0.05,
0,0.049,0.107,0.007,0.034,-0.077,-0.051,-0.053,-0.045,-0.03,-0.087,-0.031,-0.051,-0.077,-0.047,
0,-0.092,-0.003,0.128,-0.046,0.017,-0.036,0.061,-0.139,-0.222,0.119,0.062,-0.084,-0.039,0.17,
0,0.042,-0.078,-0.062,0.076,0.023,0.082,0.091,0.065,0.093,0.009,0.028,0.08,0.083,0.187,
0,-0.024,-0.032,-0.115,0.066,-0.006,0.118,-0.036,-0.017,-0.063,-0.054,-0.132,-0.151,-0.074,-0.002,
0,0.038,-0.035,-0.011,0.01,-0.01,-0.038,-0.038,0.038,0.035,-0.029,0.025,-0.034,-0.047,-0.102,
0,-0.064,0.074,-0.083,-0.01,-0.003,0.003,0.061,0.082,-0.099,0.013,0.085,0.067,-0.017,-0.076,
0,0.003,-0.172,-0.021,-0.122,0.03,-0.061,0.191,0.087,0.08,0.043,-0.068,0.096,-0.026,0.066,
0,0.075,0.003,0.047,0.028,-0.015,-0.115,-0.089,-0.063,-0.022,-0.007,0.005,0.019,-0.082,-0.075,
0,0.175,-0.039,0.032,0.05,0.181,-0.035,-0.066,0.007,0.067,0.061,-0.091,-0.075,-0.141,0.071,
0,-0.004,0.225,0.059,0.059,0.198,0.185,0.27,0.058,0.041,-0.06,-0.008,-0.119,0.079,0.109,
0,-0.076,0.153,-0.11,-0.045,-0.149,0.017,0.018,-0.087,0.035,0.047,-0.044,0.017,0.036,-0.152,
0,-0.034,-0.004,-0.101,-0.023,-0.161,-0.036,0.043,0.026,-0.065,0.003,-0.066,-0.038,-0.062,-0.013,
0,0.126,0.08,0.062,-0.042,-0.014,0.032,-0.068,0.09,-0.058,-0.077,0.014,0.028,-0.034,0.086,
0,-0.021,0.136,-0.062,0.059,-0.017,0.061,-0.124,-0.212,0.083,-0.052,-0.039,-0.26,-0.106,-0.195,
0,0.053,-0.04,0.024,-0.015,-0.016,0.094,0.041,-0.036,-0.05,-0.004,-0.002,-0.011,-0.082,0.029,
0,0.04,0.034,-0.005,-0.006,0.015,-0.034,0.103,0.065,0.152,0.216,0.031,-0.023,0.041,-0.029,
0,0.175,-0.156,-0.104,-0.1,-0.054,-0.014,0.075,-0.107,-0.049,-0.313,-0.14,-0.091,0.155,-0.075,
0,-0.062,0.024,-0.018,0.102,0.049,-0.022,-0.017,0.073,0.053,-0.048,-0.044,0.049,0.032,-0.014,
0,-0.136,-0.081,0.168,0.097,-0.04,0.015,-0.169,0.037,-0.089,-0.02,0.012,-0.057,0.043,-0.086,
0,0.043,0.005,-0.039,-0.035,-0.033,0.059,0,-0.091,-0.03,-0.093,-0.083,-0.11,-0.054,0.132,
0,0.115,0.058,0.049,0.036,0.028,-0.121,-0.093,-0.142,-0.133,-0.053,-0.203,-0.2,-0.276,-0.231,
0,-0.133,-0.248,-0.086,-0.08,-0.02,0.006,0.007,-0.089,0.007,0.007,0.006,0.008,0.006,0.008,
0,0.041,0.07,-0.065,-0.098,-0.073,-0.061,-0.064,0.021,-0.008,-0.031,-0.138,-0.251,0.001,-0.091,
0,-0.025,0.016,-0.088,0.018,-0.135,0.057,-0.088,0.08,-0.077,-0.06,-0.066,0.024,-0.081,-0.021,
0,0.076,-0.114,0.105,0.174,0.062,0.133,0.157,-0.068,0.207,-0.217,0.176,-0.16,0.039,-0.309,
0,0.012,0.124,0.008,0.044,-0.002,0.062,0.072,-0.089,-0.016,-0.073,-0.049,-0.084,-0.084,0.009,
0,0.025,0.093,0.086,0.006,-0.019,-0.049,0.089,0.16,0.088,0.138,-0.009,-0.017,-0.05,-0.087,
0,0.139,0.111,0.046,-0.043,0.125,0.019,-0.018,-0.064,0.061,0.159,-0.17,0.142,-0.003,0.105,
0,-0.016,0.07,0.082,-0.071,-0.114,-0.092,0.036,-0.042,0.059,0.007,-0.079,-0.113,0.046,-0.025,
0,0.067,-0.028,-0.048,-0.049,-0.021,-0.059,-0.043,0.019,0.054,-0.028,0.053,-0.123,-0.113,-0.037,
0,0.029,-0.078,0.011,-0.125,-0.073,-0.075,0.037,0.055,-0.021,-0.029,-0.045,-0.026,-0.106,-0.012,
0,-0.045,-0.03,-0.069,0.03,-0.054,-0.084,0.032,-0.095,-0.038,0.076,0.016,-0.035,0.021,0.018,
0,0.008,-0.051,0.082,-0.014,-0.115,-0.066,-0.128,-0.164,-0.102,0.088,0.003,0.045,0.002,0.046,
0,0.007,-0.105,-0.092,0.011,-0.024,0.064,0.063,-0.089,0.088,0.089,-0.133,-0.015,-0.145,0.058,
0,-0.107,-0.056,0.068,0.059,-0.012,-0.051,-0.087,0.055,0.032,0.06,0.09,-0.022,-0.05,0.083,
0,0.075,-0.128,0.046,0.027,0.018,0.026,-0.036,0.127,0.105,-0.06,0.243,0.098,0.062,-0.056,
0,-0.143,0.057,0.279,-0.126,-0.022,0.002,0.034,-0.007,0.116,0.081,0.154,-0.092,0.111,-0.026,
0,0.122,0.053,0.055,-0.064,0.108,0.016,-0.134,-0.129,-0.05,0.077,-0.117,-0.074,-0.087,-0.018,
0,0.116,-0.014,-0.024,-0.103,0.007,-0.085,-0.041,0.031,0.014,-0.035,0.017,0.037,-0.024,0.047,
0,0.308,-0.069,0.021,-0.034,-0.122,-0.115,0.086,-0.027,-0.051,0.128,-0.043,0.19,-0.26,-0.089,
0,-0.125,0.067,0.088,0.081,0.162,0.033,0.187,0.07,0.019,0.023,-0.189,-0.105,0.015,0.026,
0,-0.011,-0.021,-0.053,-0.026,-0.066,0.038,0.071,-0.08,-0.143,-0.065,-0.093,0.01,-0.08,-0.041,
0,0.08,0.007,0.006,0.008,0.04,0.019,0.033,-0.039,0.073,0.055,0.06,0.023,0.083,-0.114,
0,0.074,0.11,-0.096,0.012,-0.057,0.006,0.029,-0.027,0.006,-0.044,-0.03,-0.072,-0.108,-0.17,
0,0.045,0.068,0.003,0.02,-0.079,-0.071,0.062,0.029,-0.001,-0.088,-0.038,0.117,0.075,0.102,
0,0.063,-0.006,-0.065,0.046,0.029,0.145,0.119,0.1,-0.003,-0.091,-0.045,-0.045,0.072,-0.079,
0,-0.047,-0.036,0.003,0.139,0.087,0.238,0.204,0.203,0.153,0.127,0.136,-0.01,0.133,-0.018,
0,0.056,0.096,0.103,-0.063,-0.129,-0.05,-0.027,-0.014,-0.077,0.019,-0.128,-0.027,0.021,0.079,
0,0.017,0.122,0.014,-0.008,0.219,0.136,0.125,0.111,0.033,-0.164,0.051,0.116,-0.032,-0.043,
0,0.015,-0.005,-0.112,-0.06,-0.062,-0.01,0.083,-0.066,0.062,0.047,-0.13,0.125,0.055,-0.067,
0,0.035,-0.114,0.018,-0.025,0.017,-0.025,0.037,-0.066,0.113,0.101,0.156,0.163,-0.023,-0.099,
0,-0.051,-0.092,-0.02,0.063,-0.009,0.024,-0.116,-0.038,-0.106,-0.077,0.083,0.031,0.084,-0.047,
0,0.181,0.196,0.241,0.096,0.013,0.006,0.069,-0.044,0.219,0.059,-0.179,0.01,-0.013,-0.091,
0,-0.146,-0.076,0.054,-0,-0.122,-0.095,-0.052,-0.059,-0.111,-0.201,-0.003,-0.047,-0.096,-0.027,
0,0.15,0.011,-0.12,-0.099,0.098,0.042,-0.018,-0.126,-0.031,0.1,0.188,0.131,0.183,0.104,
0,-0.002,0.075,0.049,0.066,0.037,-0.046,0.106,0.143,0.005,-0.058,0.047,0.028,0.147,-0.066,
0,-0.009,-0.034,-0.015,-0.015,-0.056,0.037,-0.027,-0.049,0.032,0.122,0.037,0.083,0.005,0.004,
0,0.061,-0.006,0.046,-0.012,0.163,0.066,-0.033,-0.039,-0.002,0.028,-0.034,0.204,0.112,0.146,
0,-0.11,-0.031,0.009,0.045,0.06,0.077,0.05,0.053,-0.068,0.038,0.025,0.028,0.013,-0.06,
0,-0.007,0.091,-0.118,-0.156,-0.108,-0.098,-0.086,-0.161,0.031,0.031,0.001,-0.102,-0.072,-0.049,
0,-0.027,-0.073,-0.094,-0.074,-0.048,0.065,0.038,0.106,0.164,0.103,0.01,-0.076,-0.179,0.01,
0,0.014,-0.022,0.058,0.07,-0.13,-0,-0.056,-0.047,-0.058,-0.02,-0.161,-0.061,-0.023,-0.008,
0,-0.043,-0.067,0.051,0.054,-0.05,-0.025,0.135,0.1,0.077,0.021,0.079,-0.064,-0.005,-0.04,
0,-0.015,-0.004,0.069,-0.133,0.041,0.063,0.002,0.111,-0.066,-0.041,-0.007,-0.084,0.024,-0.085,
0,0.096,0.051,-0.03,0.048,-0.06,0.056,0.014,-0.024,-0.054,-0.074,-0.09,-0.049,-0.037,-0.128,
0,-0.11,-0.124,0.105,-0.119,-0.002,-0.075,-0.104,0.069,0.026,0.015,0.041,0.046,0.071,0,
0,-0.122,-0.21,-0.111,-0.236,-0.135,-0.098,-0.214,-0.326,-0.3,-0.322,-0.152,-0.324,-0.268,-0.271,
0,0.056,0.125,0.053,0.124,-0.159,0.087,-0.007,-0.021,-0.031,0.123,-0.037,-0.04,0.112,-0.114,
0,0.068,-0.001,0.012,-0.002,-0.023,-0.044,0.1,-0.097,-0.007,-0.039,0.047,-0.038,-0.087,0.057,
0,0.009,-0.089,-0.155,-0.015,-0.089,0.062,-0.078,-0.113,0.096,-0.11,0.131,-0.007,0.005,-0.098,
0,-0.064,0.025,0.064,0.017,0.084,-0.037,0.058,-0.074,0.042,-0.128,-0.005,0.07,0.113,-0.036,
0,0.022,0.276,-0.136,0.009,-0.258,-0.039,-0.262,-0.039,-0.262,-0.039,-0.262,-0.039,-0.262,-0.039,
0,0.074,-0.053,-0.039,-0.028,-0.065,0.099,-0.015,-0.005,-0.164,-0.038,-0.052,-0.047,-0.006,-0.058,
0,0.075,0.209,-0.013,0.083,-0.049,0.006,0.059,-0.019,0.021,-0.028,0.018,0.095,0.025,0.082,
0,0.137,-0.005,-0.015,-0.124,0.033,0.013,0.126,0.058,0.069,0.028,0.01,0.011,0.075,0.074,
0,-0.055,-0.107,0.078,-0.058,0.012,-0.139,-0.016,-0.034,-0.182,-0.116,-0.117,-0.069,0.198,-0.028,
0,0.156,0.027,0.16,0.095,-0.041,-0.052,0.247,0.311,0.19,0.136,0.353,-0.057,0.162,-0.132,
0,-0.007,0.047,0.07,0.056,-0.008,-0.085,0.081,0.094,0.037,-0.078,0.06,0.041,0.02,-0.062,
0,-0.046,-0.048,-0.002,0.037,0.059,0.105,-0.006,0.008,0.075,0.028,0.031,0.048,0.054,0.003,
0,0.097,-0.059,-0.011,-0.035,-0.012,0.043,0.064,-0.043,0.047,-0.007,-0.126,-0.123,0.042,0.03,
0,0.105,0.037,0.032,-0.02,-0.012,0.109,-0.011,0.12,0.074,-0.075,-0.054,0.084,0.104,-0.03,
0,0.014,-0.063,0.024,0.069,0.07,-0.078,0.046,0.03,-0.011,0.076,0.034,-0.086,-0.048,0.063,
0,0.089,-0.07,0.1,0.016,0.022,0.064,0.056,0.063,0.007,0.041,0.166,0.05,0.009,-0.063,
0,-0.009,0.102,-0.033,-0.025,-0.088,-0.058,0.114,-0.033,-0.021,-0.032,0.023,-0.005,-0.051,-0.103,
0,0.162,0.105,-0.048,-0.162,-0.058,0.018,-0.041,0.016,0.018,0.094,0.136,0.057,0.112,-0.122,
0,-0.05,0.058,-0.066,0.083,-0.036,0.009,-0.068,0.008,-0.064,-0.056,-0.052,-0.033,-0.113,-0.048,
0,-0.075,0.107,-0.014,-0.13,0.019,-0.063,-0.01,0.103,-0.121,-0.104,-0.01,-0.085,-0.104,-0.062,
0,-0.032,-0.002,0.022,0.031,-0.045,0.017,0.007,0.067,-0.009,0.101,-0.076,0.06,0.014,0.03,
0,-0.065,-0.06,-0.054,-0.106,-0.02,-0.137,0.05,0.004,-0.006,-0.04,0.046,-0.025,0.02,-0.093,
0,0.038,0.045,-0.001,0.009,0.078,-0.055,-0.046,0.005,0.061,-0.115,-0.102,-0.123,-0.018,0.073,
0,0.009,0.024,-0.105,-0.042,-0.012,-0.047,-0.016,0.081,-0.071,0.036,-0.015,-0.009,-0.102,-0.061,
0,-0.089,-0.07,-0.201,-0.15,-0.157,-0.12,0.104,0.028,0.099,-0.236,-0.068,-0.161,0.16,0.038,
0,0.065,0.003,-0.051,-0.039,-0,-0.039,-0.006,0.001,0.006,-0.003,-0.052,0.004,0.034,-0.064,
0,0.033,0.053,-0.054,-0.06,0.109,-0.032,-0.007,0.066,-0.097,0.203,0.051,0.014,-0.019,-0.104,
0,0.099,-0.085,0.017,0.026,0.107,-0.011,0.024,-0.017,-0.123,-0.024,-0.037,-0.189,0.055,-0.049,
0,-0.075,-0.258,0.09,0.073,-0.088,-0.071,0.009,0.06,-0.061,0.134,-0.107,0.039,-0.136,-0.176,
0,-0.013,-0,0.022,-0.035,-0.047,-0.076,-0.022,-0.011,-0.011,-0.035,-0.076,-0.048,-0.071,-0.035,
0,-0.01,0.064,-0.008,-0.056,0.034,-0.067,0.016,-0.055,0.013,0.008,0.016,-0.032,-0.007,0.061,
0,0.058,-0.052,0.158,0.094,0.059,-0.179,-0.097,-0.122,0.017,-0.146,-0.136,0.08,-0.09,-0.269,
0,0.004,-0.034,0.015,-0.07,0.056,0.027,0.05,0.048,0.109,0.002,0.017,-0.12,0.019,-0.062,
0,0.004,0.036,-0.101,-0.021,-0.067,-0.053,0.043,0.145,-0.113,0.095,-0.05,0.055,0.181,-0.083,
0,0.209,0.136,0.177,0.223,0.095,-0.034,0.118,-0.058,-0.057,-0.057,0.036,0.196,0.102,0.068,
0,0.076,-0.023,-0.096,-0.112,-0.139,-0.013,-0.104,-0.111,0.001,0.031,0.138,0.085,0.116,-0.008,
0,-0.03,-0.059,-0.023,0.074,0.041,0.02,-0.04,0.021,0.063,0.126,0.152,-0.025,0.114,0.065,
0,0.082,0.071,0.018,0.051,-0.005,-0.002,0.049,0.023,0.012,-0.009,-0.08,0.034,-0.102,-0.109,
0,0.012,0.046,-0.061,-0.071,0.061,-0.021,0.009,0.053,0.093,0.037,-0.007,-0.004,-0.081,-0.066,
0,-0.001,0.056,0.119,0.112,0.173,0.007,0.104,-0.004,-0.061,-0.03,-0.068,0.06,-0.027,0.055,
0,0.054,-0.017,-0.045,0.113,0.077,0.032,0.124,0.128,0.108,0.074,0.157,0.021,0.06,0.021,
0,0.168,0.008,-0.022,0.116,0.149,0.066,-0.182,0.043,-0.015,-0.029,-0.198,-0.163,-0.028,0.021,
0,0.076,0.115,0.141,0.048,-0.131,-0.154,-0.203,-0.147,-0.249,-0.266,-0.189,-0.258,-0.227,-0.139,
0,0.106,0.079,-0.025,0.01,0.056,-0.045,0.031,0.034,0.035,-0.045,-0.02,0.001,0.008,0.11,
0,-0.012,-0.045,0.024,0.044,-0.049,0.022,0.033,-0.054,-0.138,-0.122,-0.069,-0.057,0.127,0.023,
0,-0.037,-0.101,0,-0.016,-0.088,0.105,0.029,-0.047,0.014,-0.004,-0.042,-0.085,0.038,-0.082,
0,0.001,-0.01,-0.071,0.044,-0.088,0.021,-0.09,-0.034,-0.115,-0.253,-0.033,-0.047,0.028,-0.003,
0,0.108,0.133,-0.018,0.099,-0.159,-0.151,-0.064,0.038,-0.036,0.027,-0.109,0.06,-0.114,-0.076,
0,-0.058,-0.096,-0.124,0.099,-0.08,-0.163,-0.019,-0.079,-0.135,0.029,-0.049,-0.02,-0.18,-0.02,
0,-0.014,-0,0.07,0.189,-0.17,0.005,-0.101,-0.065,-0.216,-0.154,-0.215,-0.093,-0.02,-0.108,
0,0.024,0.073,-0.123,-0.015,0.031,0.012,0.009,-0.147,0.008,-0.143,0.114,-0.102,-0.078,0.021,
0,-0.035,0.102,-0.003,0.087,0.074,0.133,-0.075,0.148,-0.033,0.05,-0.161,-0.095,0.06,0.055,
0,-0.128,0.208,-0.19,0.15,-0.066,0.071,-0.052,-0.199,-0.033,-0.247,0.231,-0.037,-0.023,-0.193,
0,0.02,-0.046,0.043,0.139,0.131,0.096,-0.044,-0.002,0.074,-0.064,0.12,-0.029,0.137,0.129,
0,0.029,0.023,0.109,-0.042,-0.057,-0.047,-0.007,0.11,0.061,0.013,0.043,0.056,-0.01,0.061,
0,-0.034,-0.087,-0.088,-0.112,0.057,-0.02,-0.037,-0.016,0.029,-0.03,-0.082,-0.008,0.036,-0.083,
0,-0.078,0.056,0.06,0.076,0.102,0.069,-0.126,-0.011,-0.108,-0.068,0.017,-0.135,-0.087,-0.112,
0,-0.035,0.02,-0.095,0.075,-0.003,-0.161,-0.126,0.067,0.073,0.051,-0.081,0.102,0.15,0.182,
0,0.069,0.07,0.09,0.022,0.09,0.055,0.039,-0.016,0.062,0.058,0.005,0.029,0.08,0.119,
0,0.15,0.03,-0.02,-0.165,0.08,-0.107,-0.001,-0.126,0.067,-0.133,0.125,0.002,-0.061,0.097,
0,0.04,0.049,0.183,-0.027,0.119,-0.015,0.006,0.02,0.037,-0.162,0.069,-0.007,0.014,0.106,
0,-0.177,-0.002,0.212,0.006,0.063,-0.008,0.054,0.033,0.015,0.088,0.118,0.131,0.06,0.148,
0,-0.03,0.033,-0.061,-0.021,0.084,-0.122,-0.109,0.017,0.11,0.204,0.158,0.095,0.014,0.088,
0,-0.02,0.009,0.102,0.112,0.004,0.009,0,0.035,-0.023,-0.03,0.014,-0.056,-0.013,0.052,
0,-0.066,0.057,-0.028,0.018,-0.142,0.039,-0.123,0.081,-0.037,0.103,0.146,-0.02,0.033,0.026,
0,0.009,0.027,0.079,-0.009,0.004,0.088,-0.031,-0.013,0.055,-0.06,-0.164,0.107,-0.063,0.082,
0,-0.038,0.019,-0.019,-0.05,0.012,-0.026,-0.064,0.01,0.065,-0.068,-0.029,-0.053,-0.023,-0.06,
0,-0.091,-0.027,-0.039,-0.05,-0.096,-0.104,0.111,-0.167,-0.192,0.143,-0.022,-0.089,0.008,-0.047,
0,0.027,0.048,0.075,-0.058,0.013,-0.01,-0.005,0.04,0.002,0.019,-0.069,0.115,0.114,0.032,
0,0.008,0.132,-0.07,-0.17,-0.045,-0.063,0.016,-0.153,0.13,-0.062,0.073,0.098,0.006,0.159,
0,-0.067,-0.04,-0.155,-0.045,0.039,0.07,-0.064,0.05,0.03,-0.071,-0.036,-0.037,-0.095,-0.017,
0,-0.027,-0.127,0.036,-0.022,-0.036,0.043,0.06,0.02,-0.011,-0.031,0.067,-0.066,0.001,-0.082,
0,0.22,0.104,-0.11,0.124,-0.007,0.02,0.061,-0.036,-0.072,-0.012,0.205,0.122,0.072,-0.114,
0,0.218,-0.097,0.089,0.106,0.068,0.092,0.052,0.051,0.051,0.051,0.051,0.051,0.051,0.051,
0,0.108,-0.102,-0.024,0.146,-0.015,-0.025,0.038,0.047,0.234,0.105,-0.05,0.016,-0.129,-0.068,
0,0.019,0.032,0.145,-0.002,-0.041,-0.071,-0.009,-0.011,-0.082,-0.157,-0.061,-0.05,0.094,0.044,
0,0.073,0.066,0.064,-0.017,0.001,0.024,-0.037,-0.088,-0.04,-0.171,0.02,-0.08,0.073,-0.01,
0,0.224,-0.178,-0.135,0.004,0.008,0.008,0.008,0.008,0.008,0.008,0.008,0.008,0.008,0.008,
0,0.126,-0.23,-0.021,-0.11,-0.092,-0.056,0.091,-0.011,-0.139,-0.046,-0.073,0.027,0.1,0.146,
0,0.195,0.005,0.12,0.053,0.164,0.112,0.08,-0.041,-0.05,0.083,0.007,0.038,0.042,0.041,
0,0.077,0.099,0.13,0.029,-0.034,-0.041,-0.038,0.056,-0.138,0.015,-0.14,-0.129,0.03,-0.014,
0,0.107,0.148,0.079,-0.11,0.104,-0.001,-0.08,-0.047,-0.08,0.045,0.184,-0.161,0.015,0.137,
0,0.014,0.004,0.007,-0.109,-0.071,-0.024,0.049,-0.104,-0.046,-0.052,0.041,-0.016,-0.021,-0.026,
0,0.007,0.109,-0.026,0.036,0.001,0.018,0.012,-0.08,0.025,0.034,-0.061,-0.006,0.031,0.065,
0,-0.02,0.003,-0.075,0.252,-0.277,-0.185,-0.037,0.114,-0.002,0.055,-0.112,-0.044,-0.043,-0.242,
0,-0.023,0.086,0.084,0.001,0.006,0.105,-0.015,-0.085,0.022,0.078,0.082,0.015,0.085,-0.08,
0,-0.026,0.067,-0.046,0.038,0.001,-0.066,0.09,0.034,-0.147,0.039,0.068,0.005,-0.153,-0.058,
0,0.169,-0.067,0.013,0.128,-0.015,-0.03,-0.034,0.002,-0.096,-0.012,0.077,0.086,0.147,-0.04,
0,-0.031,0.067,0.064,-0.033,-0.045,0.034,0.086,0.062,0.141,0.067,-0.065,0.092,0.028,0.095,
0,0.032,0.108,0.122,0.072,0.132,0.065,0.101,0.184,0.055,0.094,-0.042,-0.012,-0.082,0.098,
0,-0.024,-0.031,-0.04,-0.048,-0.065,0.066,0.028,-0.053,-0.048,-0.024,0.048,0.088,0.036,-0.069,
0,0.057,-0.037,0.01,-0.047,0.056,-0.028,-0.036,-0.041,-0.046,0.12,0.119,0.158,0.072,0.016,
0,-0.114,0.077,0.139,0.05,-0.136,-0.038,-0.108,0.023,0.002,-0.104,-0.003,-0.061,0.102,-0.066,
0,-0.012,-0.027,0.105,0.102,-0.017,-0.073,-0.061,-0.097,-0.134,-0.182,-0.007,-0.141,0.096,0.035,
0,0.021,0.083,-0.006,0.018,0.068,-0.06,-0.093,-0.12,0.012,0.07,-0.09,-0.12,-0.01,0.025,
0,0.11,0.054,-0.07,0.022,0.043,0.125,0.073,0.063,0.01,0.054,0.02,0.147,0.049,-0.149,
0,0.004,-0.128,-0.057,-0.09,0.015,0.041,0,0.038,-0.06,0.018,0.134,0.018,0,0.069,
0,0.021,-0.032,0.026,-0.057,-0.06,-0.14,0.016,-0.013,0.061,-0.095,0.037,-0.013,-0.081,-0.108,
0,-0.032,-0.015,-0.058,-0.056,-0.113,0.036,-0.079,-0.032,-0.109,0.072,0.081,0.176,-0.068,0.041,
0,0.036,0.126,0.142,-0.056,-0.067,0.007,0.032,0.003,0.105,0.047,-0.067,-0.021,0.027,0.036,
0,0.153,-0.037,0.003,-0.095,-0.051,0.08,-0.023,-0.045,-0.164,-0.059,0.103,-0.079,-0.106,0.134,
0,0.026,0.079,-0.087,0.026,-0.126,-0.018,0.086,-0.032,0.095,-0.027,-0.045,-0.013,-0.062,0.056,
0,0.066,0.023,0.063,0.114,0.038,0.032,-0.037,0.056,0.041,-0.247,-0.078,0.055,-0.022,-0.096,
0,-0.024,-0.081,0.065,0.096,-0.041,0.071,-0.04,-0.102,-0.173,-0.033,-0.036,0.071,-0.062,-0.049,
0,0.041,0.05,0.156,0.026,-0.022,0.056,0.101,-0.048,-0.03,0.035,-0.053,0.036,0.128,-0.003,
0,-0.057,0.002,-0.093,0.013,0.042,-0.029,0.029,-0.095,-0.041,-0.04,0.057,0.006,0.033,0.1,
0,-0.076,-0.042,-0.078,0.059,-0.013,-0.122,-0.05,-0.093,0.006,-0.111,0.167,-0.125,0.064,0.108,
0,-0.024,-0.033,-0.04,-0.033,0.082,-0.075,-0.047,-0.038,0.108,-0.063,-0.128,-0.168,-0.098,-0.153,
0,-0.113,0.041,-0.01,-0.014,-0.026,-0.102,-0.213,-0.112,-0.008,0.016,0.036,-0.033,0.114,-0.095,
0,0.028,0.065,-0.023,-0.049,0.014,-0.005,-0.011,0.107,-0.044,0.037,0.099,0.038,0.115,0.011,
0,-0.016,0.078,0.045,0.09,0.054,-0.059,-0.03,-0.027,-0.059,0.015,-0.045,-0.059,0.009,-0.042,
0,0.11,-0.056,0.059,-0.018,-0.177,-0.042,0.13,-0.081,-0.09,-0.071,-0.084,0.083,0.049,0.049,
0,-0.04,0.034,-0.181,-0.064,-0.113,-0.027,-0.064,-0.238,-0.2,-0.051,-0.286,-0.152,0.092,-0.08,
0,0.001,0.106,-0.134,-0.128,0.117,0.103,0.035,0.046,-0.02,-0.031,-0.157,-0.026,-0.054,-0.042,
0,-0.09,0.07,0.138,-0.062,-0.009,0.052,0.002,-0.005,-0.128,-0.055,-0.023,-0.1,-0.092,-0.045,
0,0.059,0.132,-0.076,0.186,-0.06,0.064,-0.049,0.041,-0.004,0.013,-0.004,0.038,0.077,-0.152,
0,0.103,-0.162,0.024,-0.156,0.023,-0.049,-0.022,-0.069,0.006,-0.116,-0.145,0.088,-0.002,0.049,
0,-0.083,-0.035,-0.15,-0.043,0.038,-0.002,-0.054,0.015,0.03,0.038,-0.178,-0.058,-0.074,0.12,
0,-0.073,-0.032,0.036,-0.05,0.186,-0.063,-0.07,-0.099,-0.082,0.038,-0.08,0.144,0.058,0.026,
0,-0.081,-0.071,0.014,-0.017,-0.108,-0.087,0.076,-0.006,0.001,0.076,0.052,-0.017,-0.074,-0.064,
0,0.131,-0.133,0.066,0.079,0.074,0.02,0.02,-0.013,-0.006,-0.023,0.006,-0.004,-0.078,0.019,
0,-0.04,0.031,-0.015,-0.14,-0.108,-0.086,-0.055,-0.087,0.035,-0.125,-0.12,-0.088,-0.021,0.036,
0,0.169,-0.06,0.009,0.018,0.042,-0.094,-0.004,-0.005,0.058,-0.164,-0.177,0.046,-0.065,0.038,
0,-0.052,-0.018,-0.057,0.04,-0.105,0.115,-0.114,-0.037,-0.037,-0.065,0.023,0.059,-0.033,-0.224,
0,-0.054,-0.169,-0.027,0.066,0.015,0.201,0.217,0.278,0.058,0.039,0.099,0.041,0.019,0.021,
0,0.201,-0.089,-0.018,0.131,-0.009,0.16,0.122,0.136,-0.07,0.002,-0.141,-0.071,0.095,0.119,
0,0.023,-0.028,-0.003,0.015,-0.085,-0.03,-0.017,-0.025,-0.154,-0.045,-0.058,0.036,0.061,0.007,
0,-0.029,0.014,0.053,-0.059,-0.086,0.086,0.025,-0.008,-0.089,0.147,0.094,0.093,0.004,0.069,
0,-0.019,-0.124,0.035,-0.034,0.034,-0.012,0.032,0.031,-0.061,-0.023,0.115,0.02,-0.096,-0.006,
0,0.209,0.011,-0.05,0.086,0.07,-0.046,0.1,-0.004,0.029,-0.004,0.067,-0.015,0.07,-0.027,
0,0,0.081,-0.064,0.013,-0.137,-0.003,-0.069,0.093,0.019,0.058,0.124,0.005,0.057,-0.08,
0,-0.019,-0.151,0.049,-0.044,-0.028,-0.067,-0.082,0.088,-0.011,-0.08,-0.135,-0.026,-0.019,-0.087,
0,0.006,-0.102,0.003,-0.007,0.036,-0.049,0.062,0.113,-0.034,-0.109,-0.017,0.016,-0.154,0.068,
0,0.118,0.183,0.038,-0.069,-0.055,0.031,0.069,0.035,0.119,-0.094,-0.199,0.082,-0.093,0.095,
0,-0.049,0.048,0.114,0.007,0.148,-0.077,-0.008,0.029,0.089,0.037,0.039,0.016,-0.122,-0.088,
0,0.048,-0.074,0.014,-0.07,-0.122,-0.108,0.005,-0.019,0.071,-0.131,-0.14,-0.071,0.029,0.142,
0,0.013,0.134,0.169,-0.07,-0.04,0.074,-0.074,-0.084,0.03,0.025,0.06,-0.101,0.012,-0.11,
0,0.071,-0.045,0.102,-0.009,-0.12,-0.067,0.026,-0.152,-0.042,-0.246,-0.075,-0.136,-0.161,0.024,
0,0.02,-0.079,0.042,0.021,0.133,-0.072,-0.077,-0.13,-0.106,0.074,0.013,0.059,0.15,0.073,
0,-0.013,-0.001,0.037,0.053,-0.063,-0.01,0.051,0.033,0.123,-0.02,0.044,0.016,0.057,0.026,
0,0.043,0.066,-0.099,0.036,0.002,-0.06,0.067,0.023,-0.005,0.02,-0.066,-0.018,-0.013,-0.053,
0,-0.045,-0.025,0.081,-0.006,-0.041,0.055,-0.031,-0.01,-0.116,0.047,0.026,0.042,-0.108,-0.046,
0,-0.079,-0.125,-0.173,-0.103,-0.151,-0.07,0.064,-0.037,-0.058,-0.054,-0.038,-0.051,-0.114,-0.067,
0,-0.108,0.142,0.046,-0.124,0.043,0.162,-0.055,-0.036,0.066,0.11,0.109,-0.06,0.023,0.021,
0,0.089,-0.085,0.019,-0.103,0.05,-0.06,-0.077,-0.036,0.049,0.128,0.027,0.022,0.092,-0.028,
0,0.179,-0.157,0.055,-0.079,-0.052,0.007,-0.015,-0.053,-0.118,0.02,-0.083,-0.018,-0.01,-0.074,
0,-0.022,-0.112,-0.022,-0.068,-0.095,-0.027,0.027,-0.113,0.11,0.058,-0.105,0.084,0.001,0.024,
0,-0.252,-0.069,-0.085,-0.029,-0.183,-0.155,-0.266,-0.059,-0.026,0.024,-0.003,0.089,-0.12,0.049,
0,-0.136,-0.195,-0.089,-0.08,0.116,0.098,-0.098,-0.05,0.003,-0.09,-0.077,-0.124,-0.171,-0.107,
0,0.137,-0.022,-0.022,-0.112,0.064,0.029,-0.087,0.025,-0.076,-0.079,0.039,-0.129,0.026,0.062,
0,0.061,-0.065,-0.129,-0.14,-0.147,-0.088,-0.158,-0.001,-0.108,-0.036,0.073,0.029,-0.132,-0.015,
0,0.018,0.022,0.046,0.031,-0.089,0.017,0.118,-0.153,0.022,0.118,0.011,-0.081,-0.063,0.007,
0,-0.066,0.112,-0.051,0.159,-0.106,-0.086,-0.19,-0.102,0.101,-0.121,-0.092,0.131,-0.006,-0.037,
0,0.133,-0.031,-0.168,-0.043,-0.019,0.008,0.047,-0.024,0.117,-0.014,0.062,-0.084,-0.066,-0.044,
0,-0.178,0.071,0.083,-0.275,-0.053,0.012,0.068,-0.081,-0.208,-0.087,0.072,0.029,-0.099,-0.095,
0,0.126,0.014,0.121,0.014,-0.01,0.089,0.043,-0.025,-0.031,0.024,0.057,-0.135,0.042,0.108,
0,-0.012,0.081,0.036,0.092,0.09,0.05,-0.109,-0.248,-0.036,-0.07,0.129,0.003,-0.001,0.069,
0,0.041,0.081,0.042,0.003,0.014,0.081,0.072,0.188,-0.007,-0.012,-0.06,-0.052,0.104,0.049,
0,-0.084,-0.04,-0.143,0.001,-0.028,0.004,-0.036,-0.151,0.06,0.061,0.088,0.164,-0.067,0.023,
0,-0.095,-0.01,0.065,0.111,-0.181,-0.083,-0.299,0.046,-0.006,0.146,-0.047,0.055,0.131,0.061,
0,-0.098,-0.009,-0.069,-0.038,-0.179,-0.118,-0.03,-0.037,0.095,0,0.006,0.044,0.111,-0.041,
0,-0.171,-0.123,-0.065,-0.035,-0.109,-0.02,-0.133,-0.064,0.023,0.013,-0.116,0.058,-0.156,-0.1,
0,0.25,-0.084,-0.081,-0.195,0.063,0.044,0.152,0.016,-0.05,-0.059,-0.105,0.115,0.117,0.11,
0,-0.044,0.07,-0.06,0.104,0.044,-0.021,0.09,-0.074,0.161,-0.137,-0.154,-0.048,-0.138,-0.067,
0,0.021,-0.047,-0.19,-0.029,-0.049,-0.072,0.127,-0.079,0.047,-0.142,0.01,-0.028,0.064,0.018,
0,-0.089,0.017,0.026,-0.076,0.021,0.003,-0.074,0.108,-0.106,0.105,0.057,0.034,0.003,0.099,
0,0.037,-0.039,0.046,0.06,0.117,-0.028,0.153,0.009,0.04,-0.153,-0.046,-0.024,0.037,-0.009,
0,0.107,-0.067,0.164,-0.094,-0.133,-0.019,-0.066,0.069,-0.077,-0.032,0.111,0.219,-0.136,-0.054,
0,-0.006,0.01,0.022,0.068,0.078,-0.061,0.131,0.089,0.052,-0.054,-0.006,0.032,0.005,0.179,
0,-0.039,-0.205,-0.039,-0.051,-0.055,-0.05,-0.05,-0.05,-0.05,-0.05,-0.05,-0.05,-0.05,-0.05,
0,-0.117,-0.268,-0.106,-0.185,-0.07,0.016,-0.123,-0.036,-0.164,-0.02,-0.218,0.032,-0.042,0.017,
0,-0.036,0.147,-0.017,-0.03,-0.139,-0.122,-0.089,0.053,-0.004,-0.097,0.083,0.157,-0.064,0.043,
0,-0.067,-0.008,0.051,0.007,0.081,0.119,0.176,-0.083,-0.122,0.033,0.187,0.066,0.089,0.098,
0,-0.063,-0.073,-0.035,-0.049,0.016,0.074,-0.065,-0.172,0.133,0.067,0.178,0.106,-0.044,-0.149,
0,-0.023,0.035,-0.054,-0.247,-0.106,0.052,-0.033,-0.004,-0.122,-0.077,0.196,-0.068,-0.152,-0.001,
0,0.031,-0.012,-0.09,-0.13,-0.018,-0.052,-0.003,0.127,-0.18,0.014,0.026,-0.083,-0.167,-0.054,
0,0.038,0.053,-0.016,0.103,-0.046,0.051,-0.142,-0.099,-0.032,0.043,-0.183,0.077,-0.036,-0.092,
0,-0.107,0.108,-0.025,0.149,0.026,0.023,0.021,0.023,0.021,0.023,0.021,0.023,0.021,0.023,
0,-0.066,0.012,-0.007,0.193,0.028,-0.041,0.059,0.115,0.108,0.044,-0.031,-0.022,0.054,-0.06,
0,-0.005,-0.087,-0.05,0.222,0.079,-0.076,-0.066,-0.021,0.04,0.07,-0.07,0.003,0.07,-0.055,
0,0.038,-0.014,0.155,0.011,0.104,0.04,0.076,-0.061,0.091,-0.166,-0.005,-0.321,-0.152,-0.254,
0,0.131,-0.118,0.116,-0.04,-0.019,-0.008,0.082,0.023,-0.054,0.067,0.113,0.01,0.031,0.019,
0,0.096,-0.063,0.016,0.034,0.101,-0.087,-0.083,-0.12,0.055,0.085,0.177,0.19,0.189,-0.121,
0,0.119,0.175,0.128,-0.306,-0.024,0.167,-0.086,-0.173,0.031,-0.028,-0.187,-0.147,0.074,0.084,
0,0.127,0.093,0.122,0.068,0.103,0.029,0.061,0.073,-0.265,0.018,0.018,-0.083,0.044,0.122,
0,0.131,-0.006,-0.118,-0.002,-0.011,-0.018,0.01,-0.107,-0.167,0.01,-0.133,0.018,0.004,-0.005,
0,-0.014,-0.086,-0.005,-0.009,0.05,-0.048,-0.096,0.024,0.036,-0.068,-0.049,-0.031,0.014,0.098,
0,0.058,0.158,0.072,-0.013,0.012,-0.095,0.036,-0.118,-0.156,-0.19,-0.201,-0.072,-0.101,0.151,
0,0.006,-0.044,-0.009,-0.139,-0.041,0.069,0.017,0.024,-0.159,-0.164,-0.035,-0.086,-0.012,0.132,
0,0.099,0.05,0.183,0.115,0.069,-0.105,-0.021,0.194,-0.08,0.046,0.138,-0.048,0.02,0.03,
0,-0.023,-0.009,-0.069,-0.026,-0.031,0.07,-0.006,-0.077,0.023,0.014,-0.008,-0.005,-0.055,-0.036,
0,0.138,-0.047,-0.004,0.001,0.203,0.163,0.066,0.178,0.016,0.056,-0.013,0.048,0.143,-0.23,
0,0.136,-0.016,0.047,0.033,0.077,0.061,0.088,-0.04,-0.005,0.044,-0.107,-0.084,0.01,0.081,
0,-0.047,0.068,0.032,-0.029,0.087,-0.182,-0.052,-0.02,-0.198,-0.152,-0.163,0.03,-0.107,0.016,
0,0.077,-0.009,0.089,0.016,-0.047,-0.09,-0.079,-0.21,0.201,0.101,0.089,0.013,-0.078,0.041,
0,-0.044,0.008,0.002,0.016,0.147,0.033,-0.068,-0.017,-0.072,-0.031,0.002,-0.091,0.022,-0.081,
0,0.031,-0.132,0.075,0.084,-0.167,0.142,-0.052,-0.053,0.117,0.041,-0.018,-0.038,0.041,-0.022,
0,-0.166,0.355,0.174,0.145,0.024,0.108,0.021,0.089,0.018,0.112,0.022,0.112,0.022,0.112,
0,-0.036,-0.021,-0.098,0.093,0.01,0.083,0.083,-0.005,-0.084,-0.05,0.09,-0.215,-0.086,0.108,
0,0.052,-0.006,0.039,0.089,-0.098,0.083,-0.068,-0.047,-0.065,-0.118,-0.061,0.206,-0.092,0.066,
0,-0.036,0.155,-0.025,0.012,-0.062,-0.208,-0.061,-0.063,0.067,-0.057,0.062,-0.099,-0.156,0.039,
0,0.062,0.141,0.024,0.107,0.004,-0.045,-0.083,-0.06,-0.012,-0.028,0.083,-0.001,-0.023,-0.083,
0,0.002,0.147,-0.007,-0.092,0.136,0.048,0.034,0.045,-0.061,-0.004,-0.055,0.047,0.047,-0.049,
0,-0.028,-0.056,-0.007,-0.111,-0.011,0.008,0.044,0.039,-0.113,0.092,-0.063,0.099,-0.075,-0.003,
0,0.065,-0.139,-0.263,-0.288,-0.226,-0.108,0.112,0.03,0.033,0.081,0.082,-0.023,-0.137,-0.107,
0,-0.094,0.044,-0.344,-0.164,-0.117,-0.086,0.014,-0.175,-0.013,-0.202,-0.185,-0.049,0.019,-0.005,
0,-0.074,-0.119,-0.039,0.009,0.025,0.082,0.105,0.114,0.025,0.023,0.039,0.028,-0.037,0.094,
0,-0.022,0.083,0.041,0.025,-0.015,0.001,0.043,-0.009,-0.031,0.102,0.104,0.141,-0.11,-0.003,
0,-0.046,-0.076,0.218,0.088,-0.093,0.041,-0.133,-0.1,-0.054,0.013,0.102,0.006,0.274,0.009,
0,-0.013,-0.091,-0.094,-0.115,-0.188,0.096,-0.024,0.046,-0.027,0.04,0.016,-0.045,-0.095,-0.124,
0,0.1,-0.13,-0.063,0.089,0.052,-0.143,0.058,0.11,0.196,0.218,0.033,-0.098,-0.001,-0.158,
0,0.119,-0.07,0.001,0.112,0.051,0.138,0.108,0.147,0.055,0.082,0.015,0.114,0.075,-0.017,
0,-0.006,-0.041,-0.089,-0.244,-0.15,-0.115,-0.038,0.021,-0.01,0.104,-0.24,-0.196,-0.127,-0.065,
0,-0.047,0.01,-0.034,-0.12,0.052,-0.048,-0.166,0.02,0.048,0.018,-0.008,0.159,0.001,-0.069,
0,-0.009,-0.055,0.019,0.107,0.039,0.052,-0.031,0.003,-0.021,0,-0.085,-0.062,0.043,-0.018,
0,0.095,-0.031,0.077,0.056,-0.142,-0.069,0.047,-0.104,-0.012,0.17,-0.052,0.051,0.158,-0.016,
0,0.052,0.006,0.079,-0.04,0.037,-0.086,-0.045,0,-0.08,-0.047,0.072,0.028,-0.065,-0.05,
0,0.107,0.213,-0.124,-0.034,0.02,0.092,-0.177,-0.269,-0.03,0.14,-0.088,-0.191,-0.162,-0.237,
0,-0.034,-0.11,0.071,0.093,0.114,0.201,0.071,-0.039,-0.023,-0.083,0.06,0.138,-0.079,0.123,
0,0.053,-0.053,0.032,0.022,-0.003,-0.129,-0.068,-0.092,0.151,-0.105,0.112,-0.054,-0.169,-0.016,
0,-0.03,-0.157,0.09,0.071,-0.084,0.092,0.073,0.037,-0.092,0.021,0.082,-0.059,0.033,0.136,
0,0.01,0.112,-0.03,-0.1,0.184,0.108,0.056,-0.182,-0.128,0.029,0.105,-0.111,-0.134,0.023,
0,0.026,-0.134,-0.157,0.049,-0.126,-0.219,-0.122,0.095,0.088,0.098,0.087,-0.051,-0.173,-0.106,
0,0.085,0.005,0.009,-0.086,-0.083,-0.087,0.085,-0.03,-0.016,-0.019,0.038,0.076,0.054,-0.034,
0,-0.043,-0.105,0.062,0.23,0.144,0.083,-0.006,0.148,0.058,0.098,0.089,0.131,0.131,0.069,
0,-0.03,0.033,-0.033,0.028,-0.055,-0.069,0.004,-0.064,-0.06,0.145,-0.068,-0.026,-0.004,0.09,
0,0.206,0.076,0.092,0.311,0.066,-0.16,0.079,-0.078,0.087,-0.05,0.096,-0.076,-0.082,-0.08,
0,-0.105,-0.097,0.165,-0.14,-0.146,0.013,-0.069,-0.019,-0.193,-0.023,-0.032,-0.036,0.058,0.056,
0,0.191,0.172,0.046,-0.062,-0.084,-0.047,0.077,0.007,0.076,-0.017,0.065,0.045,-0.129,-0.078,
0,0.09,0.102,-0.015,-0.008,-0.072,0.009,-0.09,-0.102,-0.009,0.031,0.124,-0.037,-0.143,0.064,
0,0.011,-0.033,-0.15,0.021,0.007,-0.031,-0.047,-0.075,0.036,0.07,0.041,0.07,0.114,0.082,
0,0.018,0.016,-0.142,-0.017,-0.021,-0.007,-0.062,-0.029,0.032,-0.021,-0.005,-0.059,0.071,0.064,
0,0.004,0.006,0.112,0.003,0.053,0.039,-0.008,-0.051,-0.11,-0.025,-0.023,-0.021,0.026,-0.049,
0,-0.083,-0.113,-0.239,-0.202,-0.177,-0.094,-0.205,-0.104,-0.15,-0.195,-0.15,-0.127,-0.151,-0.045,
0,-0.065,0.032,-0.041,0.068,-0.03,-0.143,-0.027,-0.057,0.047,-0.02,-0.055,-0.021,-0.072,0.031,
0,-0.07,0.038,-0.01,0.097,-0.044,0.009,-0.076,0.103,0.022,-0.041,-0.012,0.021,0.133,0.225,
0,0.005,-0.014,0.135,0.083,-0.134,0.253,0.032,0.043,-0.043,0.089,0.062,-0.043,0.021,-0.164,
0,0.144,-0.039,-0.105,-0.05,-0.183,-0.131,0.031,0.041,-0.086,0.057,-0.092,-0.145,0.082,0.048,
0,-0.205,-0.062,-0.001,-0.043,0.09,-0.014,-0.126,-0.043,-0.027,0.032,0.024,-0.043,0.073,0.078,
0,0.073,-0.071,-0.177,-0.104,-0.111,0.056,-0.158,-0.054,0.149,-0.02,-0.119,0.066,0.003,-0.092,
0,0.059,-0.06,0.036,-0.005,-0.065,-0.038,-0.032,-0.053,-0.073,-0.02,0.02,-0.023,-0.024,-0.075,
0,-0.073,0.047,-0.098,-0.029,-0.167,-0.084,-0.152,0.049,0.07,-0.016,-0.062,-0.051,-0.104,-0.192,
0,-0.139,-0.1,-0.029,-0.194,0.048,-0.029,-0.163,0.075,0.123,0.034,-0.084,-0.051,0.006,0.094,
0,0.009,-0.075,-0.124,-0.062,-0.123,-0.012,0.171,-0.045,0.002,0.096,-0.124,0.05,-0.051,0.14,
0,-0.053,0.086,-0.118,-0.078,-0.109,0.015,-0.099,-0.003,-0.01,-0.037,-0.106,0.114,-0.034,0.178,
0,0.195,0.067,-0.032,0.019,-0.204,0.094,-0.081,-0.064,0.072,-0.006,-0.106,-0.046,-0.095,0.005,
0,-0.1,0.077,0.01,0.062,0.055,0.129,0.062,0.12,-0.085,0.068,-0.044,0.008,0.047,-0.175,
0,0.062,0.112,0.297,0.161,0.119,0.022,0.049,-0.204,-0.03,0.021,-0.041,-0.135,0.103,0.025,
0,-0.016,-0.067,0.096,0.055,-0.068,-0.07,-0.041,-0.113,-0.003,-0.025,0.057,-0.075,-0.007,-0.105,
0,0.01,0.024,-0.117,0.069,-0.072,-0.036,0.075,-0.003,0.024,-0.099,-0.094,0.111,0.155,-0.088,
0,-0.007,0.018,0.078,-0.175,-0.119,0.096,-0.129,0.213,-0.248,-0.115,0.16,0.035,0.105,-0.212,
0,0.03,-0.032,-0.06,-0.048,0.007,-0.057,0.083,-0.006,-0.049,0.03,-0.06,-0.01,-0.083,-0.118,
0,-0.194,0.069,-0.022,0.009,-0.148,-0.084,-0.086,-0.09,-0.084,0.019,0.144,0.01,-0.079,0.035,
0,-0.028,0.084,-0,-0.053,0.153,0.094,-0.09,-0.058,-0.124,-0.03,-0.009,0.126,0.197,0.091,
0,0.017,-0.016,0.074,0.003,-0.007,0.139,-0.071,-0.117,-0.189,-0.158,-0.123,0.042,0.149,-0.009,
0,0.004,-0.129,0.103,-0.055,-0.14,-0.008,-0.059,-0.001,-0.029,0.131,-0.01,-0.034,0.093,-0.071,
0,-0.163,0.255,0.15,0.082,-0.278,0.123,0.117,0.045,-0.11,0.011,0.225,-0.156,0.074,0.08,
0,-0.088,-0.127,-0.077,0.119,0.01,0.16,0.033,-0.078,-0.066,0.056,0.118,0.216,0.124,0.011,
0,-0.068,0.012,-0.023,0.011,0.095,0.008,0.11,-0.134,-0.061,-0.113,0.04,-0.13,-0.112,-0.041,
0,-0.048,0.045,-0.018,0.005,0.032,0.116,0.021,-0.075,-0.095,0.094,-0.035,-0.11,0.064,0.126,
0,-0.241,-0.003,-0.107,-0.008,0.325,-0.019,-0.038,-0.013,-0.035,-0.178,-0.112,-0.016,-0.203,-0.157,
0,0.005,0.003,0.034,-0.047,-0.18,-0.151,-0.132,-0.049,0.085,-0.037,0.03,0.048,0.093,0.164,
0,-0.148,0.139,-0.063,0.004,0.054,0.125,0.052,0.108,0.02,-0.033,-0.026,-0.148,-0.032,0.059,
0,-0.009,0.083,-0.158,-0.072,-0.138,0.023,-0.035,-0.052,-0.108,0.06,-0.02,0.002,0.09,-0.021,
0,-0.123,-0.18,-0.264,-0.084,0.024,0.147,0.04,0.042,0.031,0.056,-0.06,-0.187,0.047,-0.121,
0,0.067,-0.069,-0.055,-0.025,0.113,0.035,-0.156,-0.037,0.099,-0.013,-0.153,0.022,0.18,-0.031,
0,-0.024,-0.039,-0.098,0.144,-0.05,-0.004,-0.107,-0.011,-0.056,-0.063,0.166,-0.033,0.03,-0.097,
0,-0.106,-0.003,-0.109,-0.061,0.003,0.111,0.057,-0.123,0.001,0.014,0.015,-0.107,0.014,0.06,
0,0.128,-0.044,-0.039,0.115,0.013,0.008,0.047,-0.061,-0.144,-0.084,-0.067,-0.014,0.045,0.047,
0,-0.028,-0.111,0.022,-0.115,0.061,0.138,-0.027,0.037,0.036,-0.056,-0.048,0.067,0.024,0.11,
0,-0.079,-0.109,-0.244,-0.173,-0.064,-0.089,0.161,-0.022,-0.065,-0.068,-0.041,-0.073,-0.096,-0.078,
0,0.111,0.086,-0.178,-0.134,-0.022,-0.009,-0.008,-0.008,-0.008,-0.008,-0.008,-0.008,-0.008,-0.008,
0,0.07,0.099,0.042,-0.019,-0.077,0.231,-0.015,-0.027,-0.076,-0.146,0.04,-0.076,0.047,-0.049,
0,0.057,-0.062,0.059,-0.109,-0.124,0.063,-0.011,-0.041,0.084,-0.116,-0.027,-0.061,0.1,0.08,
0,0.008,-0.001,-0.015,-0.011,0.012,0.189,0.135,-0.208,-0.115,-0.104,-0.163,0.009,-0.029,0.051,
0,0.058,0.107,0.1,0.099,0.098,0.098,0.098,0.098,0.098,0.098,0.098,0.098,0.098,0.098,
0,0.024,-0.044,-0.025,0.051,0.042,0.012,0.047,0.044,0.082,-0.034,0.037,0.025,-0.099,-0.089,
0,-0.192,-0.128,-0.07,0.038,0.076,0.075,0.185,0.085,-0.197,-0.172,-0.131,-0.108,-0.242,-0.061,
0,-0.213,-0.086,-0.014,-0.007,-0.058,-0.292,0.098,0.05,-0.057,-0.117,-0.185,-0.092,-0.058,0.121,
0,0.034,0.092,0.061,0.063,-0.048,0.031,0.051,-0.01,0.127,-0.016,0.166,0.068,-0.047,0.014,
0,0.016,-0.042,0.031,0.001,-0.083,0.018,-0.024,0.018,-0.008,-0.09,0.075,-0.073,-0.159,0.053,
0,-0.131,-0.135,0.06,0.062,0.075,-0.101,-0.09,0.073,-0.101,-0.127,-0.064,-0.062,0.202,-0.091,
0,0.089,0.031,-0.24,-0.017,-0.085,0.219,0.226,0.11,0.192,-0.031,0.066,0.013,0.017,0.102,
0,0.015,0.052,0.024,-0.137,0.065,0.073,0.003,-0.029,-0.026,-0.029,0.076,0.119,-0.043,0.036,
0,-0.06,0.033,0.133,0.173,0.054,-0.111,0.053,-0.001,0.03,0.149,-0.022,0.054,-0.022,-0.146,
0,-0.096,-0.048,-0.009,-0.023,-0.099,0.102,0.01,0.082,-0.185,0.088,-0.187,0.039,-0.012,0.121,
0,0.11,0.109,-0.112,0.006,-0.143,-0.066,-0.051,-0.041,-0.002,0.09,-0.201,-0.119,0.061,0.009,
0,0.053,-0.062,0.009,-0.143,0.094,-0.043,0.025,0.108,-0.023,0.011,-0.133,0.02,0.035,-0.129,
0,0.261,0.029,-0.013,0.049,0.047,-0.013,-0.041,0.139,0.061,0.003,0.086,0.124,0.023,0.2,
0,0.04,-0.058,0.264,-0.13,-0.137,0.078,0.1,0.132,0.185,-0.091,-0.151,-0.043,0.196,-0.095,
0,-0,0.115,-0.081,0.006,-0.029,0.032,-0.067,-0.085,-0.02,-0.096,0.1,0.053,0.05,0.019,
0,0.243,-0.046,0.013,0.036,0.05,0.05,0.051,0.051,0.126,0.051,0.193,0.096,0.05,0.051,
0,0.145,-0.065,0.069,0.084,0.017,-0.109,0.055,0.01,-0.003,0.091,0.069,-0.098,0.013,-0.12,
0,0.009,0.06,-0.061,-0.15,0.057,-0.156,-0.026,-0.083,0.047,-0.092,0.011,-0.037,-0.078,-0.011,
0,0.054,-0.013,0.055,0.041,0.011,-0.051,0.046,0.038,-0.073,-0.035,0.037,0.05,-0.019,-0.056,
0,-0.004,0.036,0.072,-0.107,-0.116,0.085,0.155,0.081,0.068,-0.033,-0.047,0.046,0.07,0.071,
0,0.123,-0.07,-0.02,0.029,0.011,0.14,0.095,0.062,-0.015,-0.046,-0.014,0.013,0.043,-0.012,
0,0.015,-0.083,-0.087,-0.004,0.082,0.081,0.052,-0.065,-0.046,-0.026,0.015,-0.003,0.032,0.019,
0,-0.11,-0.091,-0.07,0.134,0.064,0.001,-0.092,-0.055,-0.06,0.067,-0.083,-0.023,-0.15,-0.087,
0,0.128,0.028,-0.023,-0.01,-0.096,-0.116,0.08,0.094,0.132,0.038,0.007,-0.071,-0.031,-0.038,
0.014,0.005,0.018,-0,0.059,0.083,-0.033,-0.151,0.06,0.067,-0.017,0.015,-0.049,-0.131,-0.13,
0,-0.002,0.005,0.076,-0.157,-0.085,-0.058,0.065,0,-0.069,-0.085,0.112,-0.051,0.129,-0.103,
0,0.101,0.007,-0.155,-0.017,0.111,-0.241,0.056,-0.145,-0.065,-0.018,-0.09,0.164,0.004,-0.075,
0,0.158,0.043,-0.019,0.089,0.049,-0.009,0.036,-0.023,-0.079,-0.055,-0.1,0.095,0.022,0.011,
0,0.005,-0.061,0.023,-0.045,-0.074,-0.08,-0.028,-0.106,-0.005,0.014,-0.097,0.027,-0.017,0.018,
0,0.041,-0.029,-0.086,-0.035,0.04,-0.044,-0.005,-0.025,-0.033,-0.006,0.049,0.002,0.062,0.065,
0,0.058,0.201,0.061,0.102,-0.006,-0.038,0.002,0.015,-0.004,0.022,0.197,0.013,0.021,-0.023,
0,0.18,0.049,-0.048,0.004,-0.011,-0.077,-0.055,0.117,-0.051,0.019,0.187,0.177,0.083,0.057,
0,-0.105,-0.164,-0.019,-0.079,0.002,-0.135,0.007,0.007,0.012,-0.026,-0.003,0.115,-0.085,0.022,
0,0.006,0.068,0.104,0.003,0.047,-0.042,-0.239,-0.013,-0.097,0.114,-0.107,0.014,-0.157,0.019,
0,0.143,-0.068,-0.044,0.081,0.116,-0.029,-0.048,-0.03,-0.091,-0.116,0.063,-0.037,-0.025,-0.058,
0,0.019,-0.054,0.079,-0.149,-0.09,-0.001,0.08,-0.131,-0.057,0.057,0.016,-0.007,-0.019,-0.114,
0,0.001,0.101,0.059,0.046,0.037,-0.034,-0.052,0.018,-0.061,-0.102,-0.158,-0.026,-0.077,-0.027,
0,-0.161,-0.124,-0.075,0.022,-0.022,-0.021,0.057,-0.081,0.067,-0.117,-0.147,-0.008,-0.003,0.129,
0,-0.134,-0.127,0.042,-0.131,-0.101,0.045,0.083,0.134,-0.081,-0.125,0.083,-0.117,0.079,0.206,
0,0.215,0.119,0.172,-0.005,0.088,-0.193,0.033,-0.198,-0.003,0.12,-0.13,0.029,0.074,0.024,
0,-0.134,-0.089,-0.084,-0.202,-0.105,0.008,-0.024,-0.046,-0.022,-0.076,0.127,-0.133,-0.134,0.019,
0,0.003,-0.042,-0.026,0.02,-0.019,0.018,-0.078,-0.009,-0.028,-0.036,-0.061,-0.059,0.02,-0.008,
0,0.022,0.06,-0.026,0.027,-0.04,0.001,0.002,-0.097,-0.046,-0.014,0.138,0.121,0.012,0.027,
0,-0.078,0.125,-0.009,0.064,-0.093,0.005,-0.078,-0.106,-0.103,-0.131,0.04,-0.172,-0.16,-0.015,
0,0.03,-0.018,-0.155,-0.093,0.03,-0.157,-0.082,-0.011,-0.104,-0.144,-0.055,-0.191,0.013,0.089,
0,-0.053,0.008,-0.032,-0.026,-0.005,0.015,-0.004,-0.104,0.162,0.126,0.091,-0.093,0.051,-0.077,
0,0.087,-0.027,0.018,0.05,0.032,-0.078,-0.029,0.033,-0.092,0.028,-0.011,-0.016,0.071,-0.02,
0,0.067,0.038,-0.092,0.027,-0.023,0.099,0.132,0.016,0.074,0.129,0.1,-0.006,0.015,-0.027,
0,0.02,0.063,0.101,0.027,0.101,0.035,0.081,-0.006,-0.021,-0.056,0.061,0.06,0.035,-0.006,
0,0.046,-0.093,-0.122,-0.052,-0.046,-0.065,0.061,0.105,-0.104,-0.004,0.003,-0.051,-0.158,0.008,
0,-0.019,-0.288,-0.152,0.077,-0.03,-0.101,-0.247,-0.107,-0.048,0.003,0.057,-0.003,0.152,-0.011,
0,0.06,0.041,0.008,0.093,-0.007,-0.064,-0.023,-0.032,0.013,-0.036,-0.037,0.143,-0.172,0.133,
0,0.032,0.176,-0.17,-0.144,-0.041,-0.082,-0.105,-0.068,0.052,0.02,-0.117,-0.125,-0.053,0.038,
0,0.049,-0.084,-0.053,-0.045,-0.006,0.089,-0.111,0.038,-0.042,0.152,-0.074,-0.004,0.103,-0.074,
0,0.072,0.127,0.077,-0.097,-0.081,-0.094,0.016,0.026,0.01,-0.02,-0.027,0.046,0.097,-0.129,
0,0.072,0.022,-0.169,0.09,0.042,0.068,0.009,-0.09,0.074,0.043,-0.074,-0.013,0.106,-0.115,
0,0.188,0.092,0.098,0.096,0.096,0.096,0.096,0.096,0.096,0.096,0.096,0.096,0.096,0.096,




Further Data analysis of all test cases 
INSTANCEID avg med max min 
INSTANCE1 0, 0, 0, 0, 
INSTANCE2 0, 0, 0.246, -0.178, 
INSTANCE3 0.002, 0, 0.238, -0.224, 
INSTANCE4 0.001, 0, 0.282, -0.192, 
INSTANCE5 0.002, 0, 0.247, -0.224, 
INSTANCE6 0.003, 0, 0.26, -0.23, 
INSTANCE7 -0.002, 0, 0.239, -0.258, 
INSTANCE8 0, 0, 0.308, -0.212, 
INSTANCE9 0.008, 0, 0.334, -0.194, 
INSTANCE10 0.007, 0, 0.287, -0.217, 
INSTANCE11 0.002, 0, 0.297, -0.233, 
INSTANCE12 0.002, 0, 0.372, -0.311, 
INSTANCE13 0.002, 0, 0.295, -0.24, 
INSTANCE14 0.001, 0, 0.33, -0.226, 
INSTANCE15 0.003, 0, 0.318, -0.264, 


INSTANCE1 0, 0, 0.014, 0, 
INSTANCE2 0.016, 0.011, 0.447, -0.252, 
INSTANCE3 0.002, 0.003, 0.429, -0.288, 
INSTANCE4 -0.003, -0.005, 0.469, -0.344, 
INSTANCE5 -0.003, -0, 0.311, -0.306, 
INSTANCE6 -0.012, -0.007, 0.363, -0.278, 
INSTANCE7 -0.005, -0.009, 0.429, -0.292, 
INSTANCE8 0.002, 0.005, 0.432, -0.299, 
INSTANCE9 -0.009, -0.011, 0.432, -0.326, 
INSTANCE10 -0.012, -0.009, 0.432, -0.3, 
INSTANCE11 -0.009, -0.009, 0.432, -0.322, 
INSTANCE12 -0.006, -0.005, 0.432, -0.286, 
INSTANCE13 -0.009, -0.008, 0.432, -0.324, 
INSTANCE14 -0.004, 0.002, 0.432, -0.276, 
INSTANCE15 -0.009, -0.009, 0.432, -0.309, 



