

Data analysis for each instance 
AVG,MED,MAX,MIN
26988,27911,25629,26407,26471,26386,27291,25730,26443,25214,
24749,24103,25040,25507,24722,24973,24049,24938,23520,24028,
30590,28219,26278,26165,26258,26300,25658,25004,25257,25562,
25775,25026,24691,24648,24506,24362,24642,24554,24689,24655,
26070,25593,25801,25272,25486,24549,25366,25059,24644,24973,
25400,25684,25136,25141,24257,25216,24668,26528,24499,26368,
25245,25712,24512,24737,24309,24535,24697,24942,25255,24427,
28044,27456,27166,26663,28746,25894,26856,27160,26409,26936,
24127,23859,23256,24990,23124,23149,23103,23513,23393,23942,
26337,27186,26100,26069,25452,26155,26272,25575,25565,25852,
25291,25127,24486,24942,24310,24360,24137,24939,24436,24343,
25743,25176,25060,25810,25626,26486,25129,26213,25399,26580,
28417,28499,26478,25481,25820,25794,26061,25569,26285,24866,
25212,25018,23037,23505,22748,23714,23003,23090,22857,22914,
25760,25583,25140,25902,25074,24581,24485,25598,25418,25457,
26458,27851,26594,25485,27408,26035,25905,25494,25053,25679,
26507,26534,25955,26340,25864,26087,26458,27078,25346,25637,
24705,25238,24369,24595,23905,24141,24398,24193,24484,24047,
25060,26518,24521,24235,24630,23878,24793,24923,24181,24092,
25088,24820,24973,23759,25033,24638,24577,24605,24838,24601,
30132,27459,28813,25318,27377,25240,27949,27599,26616,24451,
26656,26771,25855,24642,25293,26016,25302,26311,25975,25536,
26549,27912,25224,26095,26374,25111,24933,25266,25165,26316,
24880,24540,24940,23532,25284,25742,24937,24222,24187,24551,
25900,24893,25462,24037,24051,24276,24485,24739,24319,24234,
26590,26899,25884,25468,25977,25933,25373,25034,25637,26728,
25926,25824,24816,25498,25992,25690,26167,25122,24811,25848,
26606,25885,25918,24714,25355,27254,25636,25490,25188,26448,
27480,25418,24599,26649,24868,25375,24899,25585,24953,27130,
26525,26558,25259,24341,24897,24617,25118,25355,24730,25173,
25071,25159,24672,24093,24192,24553,24303,25251,25235,24699,
24727,25462,24980,25281,24008,24611,24105,24982,22999,24243,
25324,25171,25116,24915,24925,24527,25039,25190,25781,25322,
27680,26718,27618,26510,26150,26779,26696,25918,26788,26624,
27124,27291,27148,27446,26030,26630,26446,26793,27805,27275,
25753,25736,25722,24846,25239,25715,26198,25107,24827,25773,
26419,25829,25993,26893,25696,26239,26133,26230,25355,26005,
28002,27253,26872,25912,26135,25663,26000,25788,27032,25808,
25176,24884,24489,24457,24547,24727,24821,24375,24664,24889,
26043,23865,24257,22704,23248,22592,23020,22809,23470,22772,
27044,27864,26778,27315,26549,28037,25836,25985,26862,26860,
26285,26375,25500,25833,25348,25968,26089,25990,24966,25374,
25623,25784,25650,25089,25082,26060,25204,25294,25450,25187,
25767,27481,27064,25585,25519,24284,25308,26117,25739,25087,
29856,29791,29033,28277,28154,27123,27568,27127,27206,26868,
24792,25217,24381,24058,26388,25219,26992,25029,25560,25562,
31706,31622,27959,27881,28175,27677,27775,27590,28816,28255,
25408,24853,24406,24840,24979,24246,24919,25029,24302,24866,
26964,26285,26855,27680,26073,26328,28120,27106,26349,28338,
26047,27069,26067,25492,26803,26029,27038,25584,25188,25985,
26192,25454,25170,25865,24682,25080,24773,26531,25031,25923,
26838,26665,26355,25902,25975,25459,25953,25464,25482,25443,
24530,24300,23830,23888,24131,24599,23683,23807,23766,23874,
25711,25318,24637,24277,25062,24429,24624,24838,24772,25198,
29070,28066,27827,28374,27705,28702,27894,28458,27258,28106,
25071,24653,24553,25376,25394,24644,24643,24285,24387,24173,
25407,25703,24984,24927,24872,25143,25337,24719,25132,25083,
24723,24187,23823,24411,24887,24174,23599,24381,24145,25075,
25777,25389,24383,24915,24662,24794,24504,25343,24675,24188,
27831,28057,27366,27090,26043,25561,25635,26044,26458,26400,
25694,26459,24830,25120,25334,25156,25395,24926,24943,25537,
28411,26595,27681,29251,25651,29329,25926,29357,25621,28039,
25892,25107,25219,24750,24548,25337,25445,25841,25291,25396,
26734,27243,26629,25384,26431,25631,26406,25762,26781,25296,
26600,25814,24301,26634,25194,26343,26204,25294,26416,25434,
26530,27600,25855,26305,26466,26181,26465,25917,25608,26389,
25096,24614,25062,24531,24575,24019,23931,24415,24131,24137,
25887,25249,24967,24576,24761,24351,25348,25690,24701,26491,
26106,26578,25673,24946,25386,24800,25534,26568,24927,26080,
26447,25824,26657,25065,25097,25310,25723,25443,25350,25384,
26304,26303,25914,26554,25442,26078,25731,25061,24936,24995,
25754,25722,25068,24421,24853,25136,24887,25016,25343,24719,
24793,24682,23998,25365,24708,24498,25627,24596,25695,25008,
27022,27641,25542,28454,25610,28021,25740,30646,25472,30821,
26612,25817,25197,25517,25931,25926,25477,25727,26002,26365,
26623,27928,26961,26848,25419,27881,27923,25596,28779,25829,
26606,24831,25145,23850,25116,24965,24261,23846,23916,24375,
25153,24121,23913,23893,23022,23090,23407,22776,22667,23395,
26694,25912,25650,25311,25295,25496,26001,25880,26309,25946,
26381,26130,26769,25337,25348,25103,24886,25346,24688,26464,
28822,26216,24393,24781,25897,23548,26198,24301,24674,23996,
24561,25005,23522,24105,24746,24708,24946,24292,24717,24397,
26962,27644,26174,25867,25672,26309,25894,25212,25431,25934,
26336,25970,25676,25673,26903,25180,26020,24783,26004,25220,
27873,27877,26452,26916,26460,26538,26012,27102,26351,25718,
25539,26154,25007,26554,23943,25727,28546,25507,24200,25305,
27636,26659,27545,27294,26913,25719,25417,26771,26275,26231,
28143,27576,27204,26975,27285,26054,25564,26571,26047,26731,
26640,25590,25580,26426,25949,25805,25419,26756,26181,24452,
26551,27786,25645,25325,26058,25949,26082,25319,26121,25387,
25024,25152,24351,24899,24661,23958,23909,24934,24454,24080,
25701,25441,24829,25062,25735,25798,24595,24821,25206,25315,
26656,26000,26017,25465,25586,25910,26352,24667,25132,25071,
26183,26391,25719,25433,25912,25839,25690,25129,25465,25562,
25262,25513,24758,24519,24584,24691,24087,24395,23969,23948,
25993,26806,26880,26087,26249,28227,24929,25142,28001,27317,
26583,26543,24472,25903,24416,25641,25569,24923,25302,25837,
25538,25354,25030,25811,25550,25651,25709,26379,26381,26028,
26963,27608,26439,27114,26968,25970,25131,26179,25487,25442,
25095,25011,24123,25692,25505,25623,24811,26053,24523,25669,
26978,25443,26101,26134,25474,25070,25512,25407,25859,24995,
26491,26737,25363,25853,25189,26714,25005,25515,25350,26025,
24856,25817,24242,23843,24345,23544,24790,23955,24625,23485,
25717,25906,24860,25018,24625,25075,25629,24837,25004,25851,
27056,26192,26271,25925,25097,26259,25824,26212,25145,26264,
29834,27455,29733,28313,26879,27885,29411,27200,29585,26511,
25842,25833,25702,24884,25260,25449,24932,25072,24899,25566,
24713,24647,26059,25044,25215,25004,25220,25391,24151,24976,
24649,24784,24276,24209,23972,24018,23936,23586,24208,24394,
26344,25900,24992,24601,23182,22936,23766,23965,23679,23899,
26611,26610,25088,25402,25240,25827,26042,25697,26496,25383,
26057,25264,24677,24446,25150,25183,25146,24877,25350,24337,
26086,26644,25688,25857,25684,25818,26249,25298,25828,26428,
25893,26714,24925,25100,25453,25375,25940,25099,25379,24871,
25840,25158,24803,24797,24579,24537,24661,24731,25221,24741,
25828,24394,24124,22876,23158,22586,24213,22528,23746,23277,
25650,26443,24695,24853,24991,24960,24451,24687,24615,25790,
25628,25264,25212,25472,24864,24731,25873,25110,25193,24666,
27476,27180,29219,27881,27035,27412,27493,26924,27337,28321,
25208,25616,25012,26130,24981,26111,25152,25037,25070,24727,
25414,25410,25387,25320,25958,24887,24911,24877,25502,24761,
28481,26016,26409,25925,26278,24794,26186,24352,27195,25506,
25289,24829,25334,24985,24383,24314,24450,24805,24433,24466,
26552,28627,26394,24872,26254,25975,24666,24533,25309,25121,
26943,26504,25582,25050,25484,25882,25387,25878,25849,26028,
26438,25396,25432,24867,25931,25174,26291,25415,25336,25105,
31403,29590,29025,29335,29018,29222,29404,28906,29187,29222,
25436,26528,26059,24374,24418,24644,25105,24790,25001,25280,
32067,29678,28527,26786,29540,29170,30856,28512,27529,27654,
26534,26377,26376,25983,26403,26702,25601,26586,25654,25726,
26638,25166,25451,26031,26951,24865,25660,25337,25759,25025,
25372,25026,25399,24989,24609,24839,24761,24809,24655,24269,
25631,25249,25229,25072,25105,26058,25730,25547,25516,26515,
25256,25624,24099,26433,25545,25623,23965,24093,26742,25312,
26110,25351,26794,25429,24778,25410,25813,24983,25158,25543,
25793,24930,24465,24969,24503,24726,24627,25058,24625,25072,
25428,24937,25957,25064,25890,24927,24554,24729,25001,26016,
26211,27065,26039,25349,26422,25835,25106,25377,25544,25501,
25838,25126,25028,24887,25258,25391,25449,25370,25156,24839,
26124,26056,26366,26534,25914,26759,25789,26451,25830,25169,
24783,24438,24631,23953,23993,24463,24294,23645,24451,24310,
27098,26138,25607,25322,25314,25008,25550,25429,26553,24950,
24916,24713,25869,24416,24027,23832,24855,23988,24375,24268,
24807,25387,24211,23558,24040,24254,23750,25118,24646,24053,
27248,26224,25686,25785,26361,26452,25891,25931,26223,26195,
25615,25133,25916,25116,24667,24437,24522,24668,24439,24505,
26285,25782,25174,25606,24887,25721,25040,24746,25023,25261,
25700,25304,25119,25424,24893,25315,25701,24556,24843,24361,
25058,23769,24132,22347,22381,22142,22452,22744,23541,22444,
25134,24415,24076,24228,24080,24319,23983,23974,24702,24226,
28027,27697,26967,25730,26308,25848,26186,24893,24996,25707,
24791,25159,24875,25168,24355,24544,24533,25191,24623,24821,
25959,25153,24640,24580,24642,24936,24777,24264,24938,24752,
27055,26853,25936,25432,27704,27505,27259,26744,25772,25213,
26191,25153,24912,24775,24470,24279,25513,24282,24763,24514,
25223,24993,24215,24070,24085,25288,24747,25546,24007,25096,
24338,24255,24458,23884,24395,23786,24392,23823,23940,24091,
26640,26163,22295,23574,23477,25137,23432,26019,21764,25942,
25292,25570,24828,24555,25514,25555,24400,25919,25858,26379,
26412,26486,25232,25959,25977,25773,26155,26543,26415,26435,
25828,26252,24916,25078,25481,25242,25275,26235,25579,26334,
26850,26344,24787,24660,25122,24818,25212,24816,25318,24918,
25644,25678,25161,24549,25104,24812,25092,24518,24918,24535,
27908,26534,27458,26877,26572,27047,27587,28001,27384,26896,
25335,24985,24234,24294,24397,24772,24570,24469,24448,25186,
26496,25864,25161,24788,25156,25118,25404,25330,25550,24788,
25264,24686,24659,24158,24050,24945,25452,24294,24201,24341,
24727,24438,23589,23699,24292,23893,24176,23973,24294,23314,
25514,24959,24795,25088,25041,24511,24737,24386,24870,24699,
27302,26379,26933,25912,26158,26994,25631,26310,25934,26368,
26354,27059,26050,26013,24963,25378,25309,25503,25133,24866,
26580,27000,26466,25718,25803,25460,25717,26524,25053,25716,
27803,26056,25891,24951,25735,27030,26147,26916,25729,26547,
25725,25304,25360,25263,24960,25430,24730,24673,24839,25084,
28028,27215,25370,24298,25979,25000,24875,24164,24684,22708,
29576,29000,28667,27760,28419,27296,27746,29326,27738,27695,
25755,27154,24326,23813,23090,25222,22533,24392,23543,24068,
25950,26094,24858,25117,25303,25667,24959,26078,26907,24852,
27787,27482,26338,26441,27079,26245,27916,27562,26826,27467,
26853,25444,24808,26002,24983,26382,24984,26203,26307,25102,
26202,26403,26261,25542,25916,25208,25020,25704,25178,25074,
27712,26800,26287,26119,27832,26770,27077,27091,26428,26779,
25499,24318,25092,24145,24822,24503,26126,25180,24650,24375,
25947,25729,24970,24560,25260,24248,23978,25588,24364,23854,
24884,25363,25604,25143,26433,24869,28048,24529,25084,25616,
25237,25113,24140,27291,24866,25385,24824,25366,24534,24932,
25212,25271,24416,24920,24840,24471,24505,25159,24992,25387,
25388,26257,25752,25373,25253,25731,25915,24782,26683,25595,
27485,26330,25897,26033,25390,25824,26044,25750,25130,26273,
34890,36728,27722,28284,28530,24935,28484,29032,28115,28884,
25803,24587,24932,24682,24428,25438,24753,25149,24872,25698,
25232,26184,24252,24292,25221,24525,25389,24534,24006,24094,
27603,26997,29820,27092,27363,28339,27082,26590,27894,28876,
26008,27273,24621,24417,25252,24909,23818,24394,24354,23324,
26073,25768,26243,25100,25877,25534,25292,25774,25931,27074,
27744,26462,27669,26748,26503,26102,25642,27095,25543,27173,
26666,28466,26318,25914,26524,26243,26429,26539,25787,27665,
25369,25019,25250,24817,25117,25100,24156,24877,24745,24837,
25565,24920,24820,24171,24923,24905,24630,24720,24902,24751,
25243,25854,25526,25303,24190,24675,24429,25315,24754,25275,
26623,27122,26606,27260,26436,27029,26799,25396,27192,25465,
25790,26072,25076,24398,24122,24252,24182,23948,23968,24540,
27559,26891,26316,25406,28077,25906,25963,25976,26223,25879,
25821,26003,24417,24119,24848,24824,24401,24528,24600,24962,
25863,26381,25597,25563,25315,25390,25502,25502,25139,25282,
26458,26557,24901,24678,26029,25358,24697,26370,26244,25209,
29554,28706,28626,28892,28408,28760,28418,27919,28308,28305,
28016,27099,27029,27243,26550,26096,26085,25712,26263,27442,
28333,27769,25860,26199,26192,25170,25302,26511,25929,26489,
27164,26957,25024,26588,25214,27264,26601,26973,27037,26400,
25176,24260,24440,24372,24589,24051,24146,24358,24052,23997,
25583,24584,24888,24345,24485,24417,24473,24379,24411,24299,
26974,27861,26237,25618,25948,26038,25897,26800,26521,26842,
26207,24705,24433,24775,24142,24546,24231,24965,24060,24944,
26069,26989,25432,23571,24327,24724,24336,24573,24835,24330,
32594,31550,30110,32218,29169,29272,30882,29955,30470,30692,
24954,25046,24245,24171,24325,24374,23667,24003,24461,24162,
27050,27151,27631,26513,26899,25911,26378,26064,26866,25420,
25712,26094,24974,24729,24312,24512,24850,26419,23886,25062,
25500,25640,24841,24699,25624,24623,25073,25404,24353,24850,
25905,25772,24651,25590,24877,24803,25138,26035,24804,24812,
26424,25372,26194,25160,24582,24992,24755,24799,24222,24690,
28065,26645,25482,26265,25173,26526,25072,26603,25471,25892,
26130,26354,25921,25088,25961,25593,26275,26134,25497,26136,
24981,24889,23677,24761,23729,24701,25809,23739,23959,23670,
25381,25957,24679,24865,24241,24650,24799,24256,24889,24214,
26371,26449,27928,26136,26452,25620,26675,26320,26063,26112,
26525,25261,25008,25367,25552,25237,24767,25799,25725,25782,
26330,25653,25388,25575,24663,24048,24630,24389,23997,24412,
24523,24896,24125,24198,24115,23975,24494,23957,24396,23910,
24745,25080,24206,23815,24251,24806,23930,23692,23915,24105,
25942,25806,24565,24394,25760,24879,24814,24989,24911,25122,
25877,24886,24233,25175,23870,24528,25536,24935,25286,26123,
26228,26254,26085,26755,25454,26409,26073,26246,27629,25301,
25769,25944,25528,24379,25045,24488,25644,24816,25426,25096,
25786,25375,24617,24789,25391,24662,24571,25816,24865,25182,
26450,26813,25399,25267,25970,25997,25743,25433,26464,25197,
25832,24821,24348,24632,23947,24902,23967,24991,23965,25166,
26120,28549,26100,27487,26341,26875,26045,26850,27840,26143,
32683,31375,30820,33092,29835,30247,32204,26921,27843,27173,
26138,27161,25142,26042,25745,25301,24762,25202,24821,24845,
27540,27238,27205,25650,26037,26560,27381,26727,25796,25214,
25776,25121,25225,25863,25653,25056,24949,25404,25222,26192,
27458,28865,26316,26910,26566,26949,26954,27691,27117,27109,
26917,26651,26205,27499,26141,25969,26925,26402,25945,25960,
25767,25239,25017,25517,25331,24691,25445,24649,24934,26484,
25974,26343,25749,25595,26298,26321,26691,26333,24600,25739,
27408,25947,25863,25693,25574,25090,24124,24920,24910,25400,
24623,25648,25612,24098,23977,24651,23994,24624,24568,24722,
26651,26291,25345,27686,27579,26933,26000,26187,26128,25520,
25468,24482,24183,24511,24680,26014,26978,25488,24572,24778,
29058,28337,25292,29399,26095,24728,25766,27939,26072,26968,
29518,27377,27926,28212,25469,26700,25964,29318,25575,26749,
25972,25424,25406,24983,25634,25081,25674,24963,25320,25032,
33815,29511,30561,32695,29013,26553,26681,28694,30813,28153,
24516,25334,24101,23535,23860,26617,24425,24256,25043,23946,
30267,30067,27787,28261,27279,30889,28002,28722,28897,27666,
25868,26651,25319,25952,25285,26073,25273,26156,25350,26398,
25525,25122,25283,24985,27300,24785,24323,24803,24272,24227,
25648,25398,24976,24516,24728,24882,24854,25088,25224,24732,
27759,27280,26546,27566,26818,27084,27101,27291,27190,26797,
25641,24252,24394,24997,25285,24620,25271,24528,25886,23708,
25412,24929,25088,24218,24419,24732,24314,24411,24906,24355,
26648,26785,24937,25721,25115,25358,25556,24575,24696,25153,
25111,24370,25355,25128,24401,23970,25169,24830,24365,25266,
25917,25443,26204,24967,25953,25685,24862,24990,25480,24602,
25684,24241,24374,24346,24534,24141,23861,24225,24138,24408,
26266,25093,25584,25404,24738,25624,25091,25137,25593,25922,
18813,15404,14149,14021,13453,13778,13556,13892,13758,13882,
20304,16914,15012,14554,14198,14377,13767,13915,14042,13888,
19194,15236,14386,13614,13231,12778,12759,12641,12959,12865,
19975,16568,15636,15438,15364,15526,15219,15432,15447,15399,
20156,16424,15272,14971,15209,14497,15198,14484,14897,14647,
18851,15635,14905,14698,14628,14538,14687,14763,14703,14750,
18711,15592,14432,14328,13713,13966,14094,13686,13898,13763,
18708,15271,14843,14041,14037,13774,13989,13761,13710,13822,
20421,16146,14920,13446,13220,13023,13245,13060,13125,13339,
18820,15510,14263,13847,13618,13553,13436,13716,13782,13444,
21426,17465,16285,14526,14781,15240,14796,15137,14588,14765,
21348,17528,16010,15725,15169,14919,14680,15102,14975,14416,
18962,15713,14822,14835,14604,14700,14640,14684,14723,14661,
19499,16234,15335,15356,14938,14870,14857,14981,14763,14858,
20552,16206,15245,14072,14282,13354,13766,14178,13920,14224,
19559,16227,15331,15028,14824,14935,14939,14820,14731,15026,
20850,16585,15483,14675,14821,14353,14639,13987,14141,13816,
18711,15392,13922,13171,12578,12697,13006,13165,12788,12369,
19822,16391,15474,15183,15120,15184,15169,15100,14866,14831,
19053,15679,14243,13650,13297,13456,13292,12678,12824,13226,
19519,16314,14582,14607,14529,14640,14804,14462,14470,14425,
19262,15910,15236,14953,14700,15041,14819,15140,14762,14714,
20712,17006,15413,13710,14193,13680,13611,14024,13971,13786,
19378,15766,13849,12908,13397,12791,12851,13424,12937,13241,
19500,15713,14084,14248,13791,14084,14144,14202,13632,13659,
20590,15825,14542,13436,13893,13607,14396,13464,13984,13030,
19625,16573,15609,15254,15102,15303,15190,15330,15242,15326,
20407,16219,14877,14430,14343,14556,14583,14225,14462,14105,
19651,15924,15030,14729,14364,14236,14602,14620,14596,14550,
20714,16873,15565,15187,14951,14908,14968,14113,13538,13508,
19088,15761,14413,14466,14260,14053,14067,13975,13996,14283,
20647,16946,15556,14715,14504,15365,14378,14423,14090,14720,
19220,15628,14150,13282,12964,12798,12268,12898,12904,12981,
20013,16143,15299,14783,14757,14729,14894,14955,14634,14531,
20041,16319,15151,14156,14490,14296,14118,14342,14598,14460,
20133,16131,15687,15236,14273,13033,13459,14389,13666,13699,
19468,15716,14354,14108,13762,13360,13379,13751,13013,13415,
19298,16078,15260,15097,14733,15052,14824,15080,14966,14865,
19192,15727,13606,13407,12456,12815,12704,12649,12595,12086,
20143,16692,15899,15730,15686,15174,15476,15276,15863,15686,
19494,15648,14494,14374,13932,14212,13787,14104,13971,13703,
19440,16037,15294,15080,14747,14999,14729,14758,14977,14734,
19268,16286,14022,14180,12854,13689,13046,13469,12896,13403,
19622,16252,15104,15261,15055,15490,14990,15220,14750,14993,
20353,16341,15185,14495,14622,14300,14730,14681,14520,14103,
20829,16755,15969,14480,14564,14404,14298,14053,14261,14511,
19373,15694,14428,13650,13372,14035,13903,14022,13425,13319,
19357,16093,14840,14871,13848,13582,14558,14638,14215,14602,
19485,16258,14849,13942,14643,14116,14229,13712,13857,13110,
20824,17250,15143,14897,15779,14596,14749,14562,14711,15096,
20209,16599,15626,15364,14777,14605,14537,14759,14921,14818,
20487,18033,14830,12846,12547,11691,11877,11536,12159,13323,
19024,15745,14977,14705,14765,14736,14777,14774,14888,14771,
20364,16634,15433,14975,14321,14518,14106,14839,14348,13875,
20854,16273,14823,14495,14178,14168,14269,14375,14510,14501,
21214,16904,15036,14744,14111,14905,14324,14524,14312,14317,
19015,15251,14484,13682,13858,13441,13954,13417,13231,12936,
19774,16176,15445,15018,14936,15238,14858,14302,15025,14438,
20662,16945,15281,15056,14944,14543,13798,13810,13620,13183,
19662,16167,15347,15277,15187,14800,14932,15212,15161,14785,
19584,16328,14422,14267,13433,13495,13188,13033,13858,13620,
22961,17021,15288,15044,12959,12535,11902,11272,11276,11185,
19320,16098,14656,14554,14571,14391,14423,14620,14806,14611,
20504,16427,15383,13817,14280,13614,14054,13720,13746,13902,
18887,15779,14826,14561,14517,14314,14500,14557,14473,14483,
18686,15229,13914,13521,13285,13253,12956,13363,13261,13008,
20084,15838,14955,14620,14311,14261,14693,14833,15136,15257,
20847,15862,13039,12820,12646,12819,12854,13383,13557,13541,
19880,16329,15058,14342,14210,13902,13887,14296,13896,13738,
19775,16023,13908,14190,13631,13810,14157,14210,14173,14307,
18936,15889,15279,14857,14502,14982,14528,14895,14514,14985,
21560,17148,14859,14244,14919,14581,15163,14137,14536,15148,
25811,20616,17558,17185,18769,15561,17218,16036,14939,16865,
19729,16089,14905,13783,14032,13598,13730,13572,13715,13864,
20895,17096,16203,15590,15212,15428,14884,14547,14647,14980,
19859,16712,15992,14028,12916,12105,12081,13064,12595,13359,
20896,16272,14732,15161,15384,14317,15209,14356,14200,15469,
21566,15468,13156,12784,13092,12289,11425,10550,10057,9892,
19616,15948,14979,14740,14546,14666,14501,14656,14344,14608,
19271,15851,14659,14020,13714,13952,13601,13911,13561,13580,
20002,16442,15444,14787,14482,14603,14786,14372,14847,14804,
18813,15590,14714,14542,14449,14419,14399,14493,14412,14519,
19464,16060,15237,14902,14957,14984,14888,14880,15102,14824,
18868,15764,14907,14600,14773,14346,14883,14479,14245,14469,
20727,16997,14434,14496,13630,14104,14207,14485,13565,14103,
18937,15638,15173,14904,14571,14482,14383,14745,14666,14677,
19418,16076,14956,14815,14470,14407,14209,14359,14386,14605,
19045,15733,14608,14013,14217,13898,14020,13752,13852,13825,
19073,14999,13286,12716,13136,12766,12608,12447,12813,12413,
19246,16248,15717,15083,14825,15192,15306,14815,14582,14945,
22294,18633,13979,13885,13987,12394,12224,10418,10241,10489,
18626,15486,14636,14384,14199,14457,14536,14233,14509,14375,
19481,16319,14840,14871,13864,14396,13543,13990,13631,13665,
19889,16079,15129,14757,15057,15065,14659,15099,15087,14810,
19447,15890,15053,14284,14485,13960,13954,14011,13963,14004,
18966,15699,14920,15021,14655,14571,14600,14760,14598,14648,
19222,15659,14676,14468,13407,13743,13365,13599,13141,13726,
19705,16026,14468,13863,13458,12892,13256,12809,13182,12782,
19827,14511,13108,12917,12008,12928,12513,12948,12395,12731,
19223,15941,14860,14320,14616,14526,14572,14472,14033,14546,
21461,17166,15514,15614,15439,15739,15953,14726,15931,15934,
23630,17236,16323,15603,15235,14511,14740,14322,14371,14547,
19198,15700,14615,14500,14438,14481,14608,14439,14313,14340,
19192,16106,14697,14379,13915,14099,13881,14007,13923,13791,
18716,15528,14680,14257,14527,14422,14244,14439,14447,14328,
18239,15291,13908,13708,13521,13565,13487,13657,13458,13638,
19927,15873,15213,14458,14211,14235,14541,14593,15075,14666,
23101,15989,16097,13972,14939,13887,15768,13779,15166,13422,
21094,16995,16562,14947,15728,15094,15106,14950,15206,14818,
19316,16346,14587,14188,13777,13709,13920,14301,13589,14414,
20183,16238,15803,14720,14908,14561,14764,14891,15595,14181,
19922,16009,14548,13688,13088,12974,13650,13832,13235,13465,
18923,14893,14709,12581,12743,11584,12195,11662,12644,11922,
19034,15733,14333,14395,14375,13938,13948,13823,14563,14327,
19742,16110,15462,15388,15027,14757,15014,15095,15227,15064,
20150,15927,15031,14002,13818,13225,13174,13003,12891,13341,
20491,16708,15765,15192,14708,14908,14971,14980,14969,15096,
18814,15580,14814,14540,14506,14602,14362,14447,14474,14373,
20365,16732,15197,14726,14114,14142,14336,14406,14186,14131,
19059,15800,14888,14705,14574,14558,14645,14605,14673,14513,
19752,15840,15459,15533,15146,15549,15303,14796,15273,15097,
21895,16893,16140,14817,14871,14630,16256,14165,14601,14591,
25261,20920,16498,16062,13997,16924,13481,13487,13300,11512,
21711,17574,15109,14848,14981,15202,14614,14344,14738,14485,
19798,16340,15408,15142,14751,15052,14569,14775,14888,14813,
18928,15134,14519,14239,13983,14377,13571,13693,14325,13183,
19733,15850,13980,13520,13358,13109,13304,13588,13495,12714,
18408,15268,14501,14219,14003,14265,14234,14143,14186,14244,
19684,16253,15313,15071,15094,14873,14999,15124,15031,14902,
19575,16076,14504,14206,14038,13981,13462,13931,13999,13949,
18531,15071,14169,13961,13916,13896,14143,13914,14008,13888,
19188,15758,14683,14704,14402,14329,13993,14286,13874,13544,
18923,15627,14653,14414,14459,14447,14382,14556,14402,14646,
19148,14979,13590,12854,12925,12032,12540,11961,12447,12732,
20801,16458,15115,14335,14375,14064,14119,14293,14517,14531,
19911,16659,15273,15284,15025,14951,15161,15266,15300,15045,
20061,14744,15539,10531,9231,9311,8864,9409,9649,9364,
19621,16452,15036,14607,14469,14743,14350,14726,14521,14748,
19132,15687,14666,14372,14300,13890,14323,14054,14168,14502,
20561,16638,15283,15002,15048,15390,15899,15247,15302,14957,
19578,16076,15024,14664,14494,14388,14354,14277,14409,14015,
19833,16187,15107,14634,14825,14802,15066,14540,14788,14702,
21038,16998,14893,14434,14503,14195,13703,13342,14421,14275,
19078,15583,15006,14387,14680,14654,14550,14585,14574,14596,
20011,16090,15258,15125,15102,15252,15150,15378,15039,15293,
19805,15952,13911,13641,13341,13729,13158,13467,13090,13705,
19634,16193,15234,15069,14977,15006,15051,14910,15396,14806,
20046,16598,15581,15083,14749,14685,14630,14763,14520,14654,
19612,15648,13681,13627,13418,13909,13699,13149,12920,13498,
20557,16729,15669,14034,13978,14412,14567,15148,14291,15179,
18597,15440,14645,14448,14227,14221,14411,14198,14374,14248,
19373,16084,15451,14793,14660,14758,15006,14888,14665,14363,
18881,15537,14643,14395,14196,14122,14024,14167,14227,14158,
19674,15703,14384,13577,12996,13005,13521,13754,13737,13752,
20195,16646,15669,15099,15207,14987,14717,14806,14655,14813,
18900,15548,13846,13277,13053,13297,12848,13002,12992,13387,
19233,15843,14865,14854,14810,14734,14733,15061,14869,14708,
20474,16883,14912,14653,13688,13486,13801,13638,13943,14615,
19266,16031,14846,14723,14576,14413,14655,14831,14552,14404,
20410,15706,14425,13750,13799,13986,13295,13401,13728,13118,
22663,17971,15454,14595,14243,13003,11584,11691,11491,11238,
20372,16712,15449,15499,15075,15453,15054,15605,14981,15669,
19410,15366,14290,13660,13965,13752,13813,13578,13502,13435,
18970,15664,14797,14755,14447,14715,14456,14243,13877,15066,
20763,16275,15722,13913,14579,14071,14000,14139,13813,14018,
19355,15995,14982,14860,14903,14955,14810,14879,14886,14768,
18982,14862,13932,13009,12191,13235,12567,11523,13191,12652,
18789,16173,14651,15323,14236,14589,14134,15382,14027,14814,
21146,15432,13902,12813,12094,12097,11348,10629,10642,10729,
20625,16660,15440,15030,14702,14259,14877,14319,14262,14260,
19984,15946,14507,13735,14930,13567,13123,13267,14190,13271,
20421,16454,15300,14514,14935,14443,15036,14665,14912,14483,
20633,17123,15347,14357,13878,13700,13708,13958,14042,14198,
20033,15767,14772,14922,14735,14361,14567,14976,14051,14471,
21105,17234,15658,14909,14734,15151,14908,14572,14662,14645,
19467,16189,15270,14934,14988,15023,15056,15001,15199,14928,
19410,15840,14786,13997,14127,14127,14174,13645,14315,13910,
19634,16092,14017,14035,12766,12861,13392,13296,13711,13442,
18965,15677,15081,14727,14829,14886,14861,14634,14843,14802,
20492,17041,15784,15184,15181,13960,14262,14051,14647,14837,
19476,16093,15110,14795,14892,14852,14679,14644,14813,14679,
19321,15127,13788,13008,13200,13310,13102,13694,12809,13124,
19273,15949,14867,14774,14478,14617,14537,14699,14493,14520,
19627,16050,13300,13002,12795,12542,11789,12006,12244,12344,
20393,15175,14891,13661,13618,13120,13997,13317,13745,13172,
19720,16588,15346,15372,15384,15530,15149,15390,15098,15077,
20862,16422,15033,14798,15058,14502,14268,13714,12968,14337,
22283,18617,15666,14244,14220,13739,15114,13653,14005,12878,
19961,16174,15261,14955,15698,14337,15775,14718,15250,14360,
19813,16256,15669,14843,14845,15017,14686,15088,15174,14966,
18942,15858,14856,14641,14430,14363,14792,14663,14531,14640,
20098,16285,15093,14610,14264,14855,14993,15201,14406,14252,
25435,24771,24404,24331,24311,24298,24345,24352,24346,24791,
26178,27323,24502,23809,25812,24246,26036,23622,24457,24064,
25906,26070,24220,23550,24083,24215,24430,24421,25101,24239,
27879,28069,26602,26691,25236,26379,26905,26722,25342,26195,
27412,25596,25334,25806,26318,25241,25090,25261,25031,26781,
24783,24256,23947,24008,23914,24012,24738,24270,23960,24505,
25798,24571,24436,25176,24771,24867,24984,24583,24662,24698,
27679,27694,27241,26938,27699,27571,29129,27724,26528,27899,
25884,25165,26448,25784,24734,25362,23982,25017,24540,24986,
25627,25149,24663,23985,25164,25018,24997,24448,24628,25479,
26078,26473,25485,25907,25530,25759,25098,25149,26078,24642,
30090,30158,26964,29628,25868,27786,26515,31051,26827,26712,
25060,25467,24151,25227,24230,24776,24385,24323,24745,23792,
26688,26105,26599,25729,25822,25390,26564,26232,25700,25721,
26154,25717,25478,25442,25691,25122,25693,25162,25705,25125,
25755,25244,25898,25198,25536,25303,25521,25733,25399,25536,
20324,16219,14904,13927,13843,13494,13952,13803,14206,13443,
25320,25258,24227,24787,24422,24763,24590,24351,24381,24631,
19952,16287,14685,13958,13442,14118,13818,13352,13078,12962,
18957,15719,14745,14424,14838,14459,14856,14270,14812,14697,
20432,16802,15376,14936,14847,14602,14521,14597,14833,14820,
20209,15943,15887,14702,14724,14720,15292,14510,15393,14691,
20512,16724,15441,15130,15017,14972,14751,15073,14539,15118,
19581,16188,15241,15281,14930,14888,14920,15097,15040,15073,
27890,27492,27277,25876,27178,26683,27428,27103,27356,27039,
26218,26885,25489,27277,25918,26946,25013,26135,25094,26652,
27318,26426,26709,28754,26927,25732,25353,25602,25466,25658,
25605,25605,25306,26343,25439,25621,24734,25881,25477,24881,
26373,26382,25473,25166,25936,25929,26090,25600,26312,25636,
24823,24547,24225,24249,23664,24726,24024,24400,24007,24817,
28718,26978,25326,25928,25248,24935,25174,26399,26566,26186,
25421,25060,25542,24540,24230,24598,24663,24299,24703,25713,
20022,16524,14947,14845,14598,14776,14544,14502,14936,14699,
19534,15241,13880,12985,13160,12887,12906,12816,12621,12184,
19359,16275,15206,14964,15001,15030,14880,15315,14794,15205,
24634,17269,16382,14837,14972,13340,13853,12584,12211,14679,
18729,15500,14487,14497,14402,14557,14452,14437,14385,14411,
20347,16715,15075,14514,14024,14361,14191,14045,14944,14660,
19285,15956,15142,14902,14870,14731,15023,14813,14650,14864,
18517,16192,14134,14370,13689,14953,13188,14223,13503,15107,


26988,27175,26915,26109,26699,25413,26007,25981,26747,25722,
24749,27457,25374,25489,24426,25364,24865,24699,24623,23827,
30590,28517,27839,27307,26698,26840,27350,27257,27145,26797,
25775,26666,25570,24944,25620,24952,24931,24427,24678,25044,
26070,26306,25518,26109,24435,25839,24774,25092,25301,25452,
25400,26807,26010,24589,25075,23974,23731,24427,24181,24482,
25245,26326,24935,25023,24728,24671,25150,25413,25206,24658,
28044,30940,26073,30141,27838,25744,27544,26825,26951,25746,
24127,24668,24039,24361,24426,23218,23460,24053,23566,24665,
26337,27324,27499,26006,25291,26711,26038,26393,24679,26824,
25291,27163,26169,25895,25541,25700,26155,25689,25664,25257,
25743,26282,27402,25812,26276,26365,26375,25814,25708,25594,
28417,31194,28198,26951,26972,27230,27059,26629,26869,27141,
25212,28906,24698,25593,25600,26263,25181,25660,25166,25896,
25760,26017,25209,24998,25529,24685,25407,24827,25054,25218,
26458,28295,27835,27817,26994,26786,27356,27031,25660,24871,
26507,27698,26469,28705,27903,27811,27510,27780,27264,26058,
24705,25999,24752,25075,23809,24587,24239,24934,24705,24119,
25060,30520,26538,26350,26272,25582,27264,26293,25715,26259,
25088,27533,26700,25259,26271,26130,26778,26046,26431,26032,
30132,30219,28780,25762,28108,25055,26954,26852,28797,25336,
26656,29974,28062,27073,26343,27071,28170,26794,27411,26755,
26549,26037,26580,25489,25757,25475,28313,26088,26365,25297,
24880,27247,25594,25600,25661,23759,25269,24444,25250,23640,
25900,29109,27020,26323,26045,26229,27475,25866,26810,25823,
26590,26712,26088,26560,25330,26292,26490,26513,26093,25382,
25926,27845,26895,27991,25935,26632,26835,26382,26779,25457,
26606,27622,27670,27018,27818,26450,27790,28080,28482,28236,
27480,28009,26692,26590,26417,26703,26727,26511,26095,27342,
26525,26821,26377,25026,26710,26441,26899,26120,26045,25703,
25071,25851,26399,25203,24488,24996,25250,24835,24712,25128,
24727,26768,24597,23352,23373,23723,23353,24348,23452,23560,
25324,26517,25809,25256,24965,25615,24910,25566,26214,25231,
27680,27758,26491,26838,26723,26707,28048,27318,26267,26644,
27124,29727,27727,27641,28183,27976,27077,27236,28300,28421,
25753,28467,27335,26995,25859,26133,27445,27458,26417,25592,
26419,29854,29701,27523,28318,28345,27289,28281,28931,26839,
28002,31947,28326,26921,27706,27017,28109,26795,27746,27423,
25176,25690,24603,24675,24665,24252,24207,24998,24503,24722,
26043,28441,24840,24945,22732,24493,24915,24161,23904,24579,
27044,28730,28642,29331,27607,29208,27630,28929,27394,28905,
26285,27149,26230,25687,25897,25395,25707,25657,26644,27554,
25623,28700,26370,27114,28062,26556,26363,27445,27712,26420,
25767,30818,28119,27302,28280,25795,26086,26623,26638,27323,
29856,33083,28670,27900,27572,28078,27730,30188,28713,28838,
24792,27133,26646,26156,26994,26613,26781,27334,27343,27786,
31706,31842,29012,27677,27973,29041,30367,28618,28958,28024,
25408,25964,25069,25414,25023,24949,24559,25515,24791,24395,
26964,27983,26556,27411,28269,28545,27380,28521,28363,28480,
26047,27552,26433,26446,25020,25917,25405,25247,26097,25610,
26192,28655,26101,26401,27015,25267,27158,26030,26680,25704,
26838,25804,26607,25896,25437,26130,25374,26053,26022,25955,
24530,25066,24361,24647,25060,24805,24192,24609,23579,24048,
25711,28659,28205,27258,27222,28255,26094,27026,27367,27490,
29070,28308,29103,27396,28301,27650,28589,29191,28863,29193,
25071,26555,26521,25348,26021,26857,25552,24536,25172,25980,
25407,26843,25582,24929,24899,25756,25278,24636,26348,25338,
24723,25220,24881,24904,24406,24061,24141,24370,25112,24097,
25777,28532,25920,25405,26086,25441,26101,25194,25372,25087,
27831,27241,27485,28906,25582,26106,25307,25966,26535,26939,
25694,28175,25380,24854,24432,25095,24917,25995,25197,24759,
28411,28698,29991,27839,29258,27694,28107,28049,29008,28704,
25892,26507,24686,24870,24875,25255,25498,26163,25536,26411,
26734,28672,26774,26412,26574,27435,26331,27152,26852,27078,
26600,29089,28091,26451,24669,24991,25569,23857,25785,26426,
26530,27904,27483,26132,26993,26465,26020,27678,25948,25955,
25096,26920,25194,25566,24829,25319,24944,24616,25423,24691,
25887,29359,27038,26817,26865,27182,27234,25912,26947,28056,
26106,26673,25287,26227,25825,26542,26387,25581,25318,24823,
26447,28200,24966,25942,26221,26231,24815,25578,25627,25752,
26304,29925,27299,28673,27287,27041,27929,27193,26776,27456,
25754,26989,24650,24583,25242,24095,24527,24682,24182,24548,
24793,25586,25631,24189,23497,24520,24454,24858,24862,24799,
27022,29357,30545,27128,28041,26629,27411,28548,27286,27183,
26612,29345,27479,28026,27781,27623,27510,28829,28361,27095,
26623,30433,29393,27823,27895,27111,26162,26706,27937,28669,
26606,31425,26592,26242,24353,25239,26000,26516,25952,25424,
25153,27858,26523,25492,25184,25003,25129,25195,25108,24896,
26694,27007,25816,27054,25949,25474,26493,25603,26734,25618,
26381,27720,25665,26067,26020,25021,25178,26229,25322,25309,
28822,27593,25878,25935,26006,26276,27567,25542,26402,25001,
24561,25757,24544,25803,24562,25664,25345,24836,25239,24096,
26962,29293,28118,27330,27067,26680,27079,27407,26454,26362,
26336,29710,28164,27165,26975,26885,26195,27154,26856,26811,
27873,28690,26300,27250,26705,27318,27196,26642,28314,27200,
25539,28541,28715,28091,28653,30252,26516,27425,26576,27521,
27636,28446,27171,25569,27790,27188,27855,26966,27330,25966,
28143,27339,26569,26421,25847,25989,26549,26232,25729,26316,
26640,30212,28638,27621,27975,28710,27708,28261,28579,27532,
26551,27177,26439,26016,25840,25611,26149,25901,25187,25920,
25024,26449,24566,24564,24288,24476,25031,24272,24599,24182,
25701,27778,26493,26720,27394,27219,26971,25719,26123,25538,
26656,27656,28100,27894,27391,28023,27087,26815,27500,28025,
26183,27610,26109,25631,25190,26224,25656,25782,25768,25823,
25262,26384,24859,24880,25317,25343,24215,24588,25258,25034,
25993,28407,27389,26496,27346,28092,27268,26790,27912,28712,
26583,28616,27094,26104,24738,25582,25340,26561,24977,25250,
25538,26161,26455,26047,25699,25607,26062,26046,26455,26043,
26963,30843,28739,28416,27166,28541,27166,28310,29337,29551,
25095,25022,26170,25061,24996,24938,25628,24912,25846,25003,
26978,28086,26794,27841,27253,27533,26799,26880,26868,26811,
26491,29323,28478,28558,27146,28492,27657,28194,27677,28351,
24856,26019,24216,25277,24344,25662,23666,23938,23506,24310,
25717,26336,26170,25513,25823,25404,25735,25460,25748,26281,
27056,28122,28519,26270,26040,25650,26568,26374,27963,26737,
29834,31334,32165,29572,31316,28900,30239,30846,30080,28802,
25842,26141,26588,25284,26945,25442,25468,25467,26455,26373,
24713,25390,25522,25575,24749,25135,25472,24675,25234,23958,
24649,25428,24502,23929,23761,23675,23591,24376,24178,23640,
26344,29852,25684,25322,24881,24200,23595,25055,25332,24503,
26611,27134,26267,26286,26032,26939,26378,25805,26667,25506,
26057,28216,27353,26427,27355,25380,24464,24881,26734,24716,
26086,27076,27163,27264,27134,26224,26763,25885,26635,25753,
25893,27516,25540,25537,25888,25359,25218,25097,25593,25361,
25840,27141,27652,26655,26933,27246,26694,26750,27174,26458,
25828,27910,26519,25915,24750,24849,25293,25453,25698,24029,
25650,29042,27054,27459,26854,26707,26746,27398,26436,27072,
25628,26005,25288,25591,25371,25663,25260,26181,25621,25475,
27476,29419,28096,28876,28072,28797,29073,27795,27998,27856,
25208,26823,27120,26082,26047,26029,25820,25005,26056,26910,
25414,25707,25279,24898,24907,24546,25611,24453,25665,25892,
28481,27007,27025,24284,26822,26941,26652,26328,26899,26640,
25289,25603,25299,24585,23969,24873,24049,24097,24963,24348,
26552,30712,27510,27263,27222,26389,25924,26389,25590,26853,
26943,29817,26114,26239,26986,25901,28041,26687,28793,27187,
26438,26748,25624,24894,24998,25778,25239,25915,24930,25123,
31403,32143,28312,28648,29404,28693,29451,29037,29120,29085,
25436,26901,25973,24877,24840,25834,24806,24454,24713,25203,
32067,31640,29577,31358,28984,27179,29189,28128,28608,28232,
26534,25817,26587,26286,26288,25891,26738,25546,25469,25311,
26638,30157,28329,27417,28845,27822,27871,27689,28229,26932,
25372,26092,25609,24986,25727,25255,25078,25585,25290,24793,
25631,26133,25704,26600,25975,26556,26358,26185,25717,25111,
25256,28498,25171,28127,26473,27562,25520,25723,25732,26349,
26110,27580,25926,25758,27050,25449,26823,25378,26685,25420,
25793,27273,24783,24838,25393,24898,25320,24605,24947,24531,
25428,27427,25142,24215,25495,24396,25896,25006,24661,24133,
26211,27419,26201,24936,26162,25396,25426,26088,25223,25562,
25838,28290,25989,25582,25443,25712,25408,25465,25514,25479,
26124,26973,26810,26321,26486,25496,27002,26012,27219,25742,
24783,28732,26813,27530,27346,27837,26776,27722,27779,26709,
27098,28725,28034,27328,28113,26503,27585,26811,27298,26850,
24916,26296,24515,24706,23789,24544,23822,24911,24641,24546,
24807,26437,24977,24392,24329,24042,23840,24921,24402,24544,
27248,27966,26276,26267,26953,26169,26785,26203,26743,26207,
25615,26934,24895,25199,25163,24704,24769,24751,24810,25397,
26285,26780,26095,26319,26846,26071,25702,25995,27359,25761,
25700,27781,25864,25046,26304,25786,25125,26586,25716,25476,
25058,26899,23401,23209,22411,22748,21652,22796,21609,22396,
25134,26377,26615,25523,25770,24876,25589,25197,25267,24921,
28027,27552,25707,26084,25158,26089,25445,26491,25233,26543,
24791,26233,24943,24919,24312,25382,24306,24973,24504,25046,
25959,26729,25325,24786,25222,26615,24974,25374,25492,25513,
27055,27957,27993,26059,27204,25776,26690,27186,27326,25361,
26191,28514,29162,26911,28768,26889,27257,26429,27462,26698,
25223,26177,25346,25656,25756,25848,25465,25852,25518,25055,
24338,25749,24436,23907,24683,24950,23835,24732,24586,24937,
26640,29166,24736,24545,23803,24373,24660,24363,26723,22362,
25292,25662,24748,27169,26522,26793,27520,27297,27882,27241,
26412,26157,26228,27262,25958,28912,26316,27458,25838,25853,
25828,26541,25317,26840,25799,25827,26909,25204,26262,26028,
26850,28428,26534,26317,26148,25856,26699,28625,26898,27541,
25644,26048,25593,25275,26064,25885,25282,24925,25325,25132,
27908,29864,27913,29519,29042,29022,28825,28566,29849,27713,
25335,26752,25385,25884,25651,25763,25694,26348,25713,25239,
26496,27565,25999,26380,25813,25934,25490,26079,25921,25985,
25264,24861,25482,25058,25027,24544,25582,24953,24831,24919,
24727,27814,27901,25760,26018,26082,26155,25814,26249,25623,
25514,25893,24931,24966,24745,24941,25723,24683,24558,24702,
27302,29715,25292,27603,25571,25775,25465,26730,26084,27059,
26354,27415,26734,26564,27080,26064,25474,25566,26788,26051,
26580,29804,26673,27105,27242,26180,26952,27289,27052,27008,
27803,27839,25812,27222,26845,27556,26682,27502,26661,28798,
25725,26644,26487,25131,25523,25715,25337,25392,25005,25430,
28028,26468,27787,26094,25616,24631,25355,26804,27304,25075,
29576,30861,29147,28591,27746,29715,28241,28439,29577,28252,
25755,30363,25622,26257,24528,23720,23879,23325,24109,23282,
25950,26740,25861,24527,25710,25869,25592,24881,24641,24883,
27787,29619,30315,27728,28177,26935,28688,27297,27205,27949,
26853,28809,26378,26695,26496,26240,26075,27059,26831,26516,
26202,27481,25263,26035,24852,25555,24998,25476,25610,25308,
27712,31125,29148,28452,28623,27911,28694,28172,28784,27802,
25499,26747,24213,25192,24079,24849,24493,24358,24238,24047,
25947,26433,25699,25828,24155,26449,24585,24840,24104,25068,
24884,25642,28335,26332,25314,27715,24811,24964,25558,24359,
25237,27339,25852,25755,25428,25198,27768,26454,24936,25759,
25212,27472,27088,25148,26248,25871,26211,25225,26222,24879,
25388,28817,26610,27060,24993,27527,26248,26361,26022,25476,
27485,26857,26691,25848,25940,26269,25407,26260,25398,25634,
34890,32318,26425,27746,26656,27321,23544,24737,25133,27189,
25803,25572,24749,26175,26425,24513,26200,25149,26254,24827,
25232,26355,24898,24709,24620,24473,24599,25143,24644,25085,
27603,29998,30955,28767,28388,28304,29753,28491,28385,28781,
26008,30462,26895,28277,24791,25497,24393,24747,24762,25513,
26073,28783,27235,27487,27613,27460,27332,27997,27830,27399,
27744,28966,28530,27532,28750,28649,27831,28136,28118,28559,
26666,29603,26881,26372,26760,26379,25563,26791,26223,26594,
25369,26457,25314,25312,24620,24676,25053,25366,25447,25063,
25565,26093,25682,25576,24464,24758,24937,24969,24909,25120,
25243,26416,25603,24553,25326,25515,24355,24228,25801,24006,
26623,28536,27265,26879,26614,26363,27582,26378,27411,26390,
25790,25518,25606,24974,24371,24624,24422,24026,24252,24104,
27559,30228,30314,29989,27502,27513,28524,27536,28395,28062,
25821,28247,25347,25134,25576,24768,25197,25492,24997,25469,
25863,27483,26969,25997,25830,25559,25936,26347,26000,26569,
26458,30432,27745,27651,27414,28465,28681,27159,28405,28394,
29554,31451,28451,28596,26809,30669,28899,29000,29270,27089,
28016,29679,27518,27014,26392,26894,28820,28467,27832,28115,
28333,30688,29280,27143,26385,26043,26355,27663,27775,27192,
27164,30013,27203,27445,27107,28272,27229,28145,26888,28283,
25176,25670,26202,24743,24751,24281,25079,24609,24635,24297,
25583,25953,25296,24565,24722,25058,24802,24784,25180,24771,
26974,30952,26838,27471,26901,26587,27229,26519,28044,27360,
26207,28058,27156,25921,26149,25867,26095,26695,26111,25706,
26069,26546,23771,25431,24613,23886,24766,24711,24399,24013,
32594,32580,29619,30517,29644,34235,30792,29916,31599,30410,
24954,26209,24836,25103,24648,24963,24325,24873,24854,24655,
27050,27480,26736,26707,27391,26734,27205,25427,26978,26569,
25712,29182,26633,25560,26359,25523,26343,25534,26327,25517,
25500,27716,25438,26377,25800,25507,26149,26501,26381,26111,
25905,26421,26416,25687,26100,25759,26261,26104,25891,25699,
26424,26812,25793,26540,26848,26690,26998,26065,25911,26470,
28065,30387,25934,27009,24871,25540,25470,26811,26078,25871,
26130,27636,25400,26462,26074,26369,26511,26232,25326,26897,
24981,25709,25505,25555,24060,23953,24050,24117,25458,25711,
25381,27002,25996,24335,24618,24267,24692,25486,24862,24829,
26371,28962,28263,26406,28040,26012,27283,25879,26099,27766,
26525,28269,26108,25658,26305,26075,26169,26513,25410,25657,
26330,27661,26278,26300,26911,26537,26710,26148,26534,25776,
24523,24442,23899,23754,23681,24318,24718,23823,24536,25071,
24745,24872,25436,24787,23740,24573,24456,25148,24730,24835,
25942,28468,27480,26924,25843,26594,26822,26772,27970,26096,
25877,28339,26620,23887,25509,25170,24243,25224,25928,25294,
26228,27831,26726,26390,26175,25983,25413,25591,25950,25581,
25769,28378,26852,26157,26827,25997,26565,26771,26675,26492,
25786,27144,25583,26078,25956,25110,24720,25374,25721,26305,
26450,27957,25249,25813,25513,26443,25155,27194,25411,26296,
25832,27421,25571,25567,25782,26302,25694,25471,26139,24521,
26120,29766,27798,27943,25528,28019,27952,27794,27727,27820,
32683,36354,32934,27661,32606,27367,29346,27931,32354,26954,
26138,27071,27019,25676,27045,24990,27408,26216,27115,26063,
27540,29151,29387,26564,26611,25608,25316,25955,25819,25536,
25776,28835,27455,27783,26666,26852,27631,26413,27044,28295,
27458,30625,30307,27450,29904,28521,26573,27767,27379,27141,
26917,27489,27176,26776,27076,27046,26595,25831,26989,26992,
25767,26175,25961,25557,26060,25440,26562,26471,26155,25672,
25974,26989,25777,25460,26070,25663,25891,25987,25469,26388,
27408,29157,26274,25633,24858,26249,26252,25547,24833,24736,
24623,26707,25431,24605,25396,24376,26116,24940,25057,24549,
26651,27891,26716,26892,26571,25415,26050,25451,26877,27059,
25468,26757,25301,25882,25248,26448,25563,26159,26058,25917,
29058,31897,24814,24271,25177,27850,26690,25370,26668,25615,
29518,27817,26563,26696,24555,26749,26393,27025,24826,27446,
25972,26268,25339,25052,25080,25183,25736,26198,25307,25334,
33815,33322,31112,27437,27151,27963,30773,29370,30169,30000,
24516,28036,24401,23855,24242,24816,24927,24410,24213,24469,
30267,29931,30254,29305,27231,27666,29006,28084,29150,27331,
25868,28484,25420,26750,26851,25692,27113,25656,25156,25604,
25525,30212,27532,26319,26891,27498,26478,26518,26038,25962,
25648,26588,25394,26001,25174,25982,25091,25471,25202,25538,
27759,29657,26471,27603,27662,28415,27100,26490,27548,26500,
25641,25235,24271,24755,23999,24606,25179,23551,24596,23181,
25412,25253,24788,24693,24980,24960,23846,24367,24760,24398,
26648,27822,25655,25713,26562,24991,26170,25534,26337,25234,
25111,26605,25344,24792,23781,24974,24211,23884,24792,24981,
25917,28087,26868,25927,25773,26246,24745,26531,24775,25379,
25684,27106,26726,25612,25874,26005,25421,25702,25981,26382,
26266,27792,25574,24927,27031,24728,25399,24659,25045,25630,
18813,15404,14149,14021,13453,13858,13769,13794,13714,13933,
20304,16969,14973,14494,14357,14663,14513,14140,14019,14414,
19194,15542,13743,13648,13238,13389,13197,13094,12832,12643,
19975,16568,15636,15438,15419,15341,15399,15415,15473,15619,
20156,16424,15681,14765,15107,14286,14956,14880,15191,14525,
18851,15635,14905,14711,14629,14606,14599,14575,14628,14661,
18711,15575,14315,14029,13868,13646,13737,13787,13816,13741,
18708,15271,14651,13836,13787,13491,13717,13602,13438,13395,
20421,16146,15313,13600,14339,12755,13229,12098,12741,12214,
18820,15510,14263,13932,13915,13574,13635,13626,13390,13437,
21426,17360,16138,15243,15130,15702,14675,14425,15043,16300,
21348,17529,16088,15807,15176,14422,14813,14455,14757,14115,
18962,15713,14901,14549,14426,14506,14521,14643,14598,14637,
19499,16234,15059,14785,14667,14928,14965,15060,14793,15146,
20552,16442,14764,14126,14380,13718,13922,14050,13873,13925,
19559,16227,15331,15028,14824,14892,14907,14984,15026,15225,
20850,16648,15368,14535,14524,14630,14722,14578,14782,14216,
18711,15392,13922,13329,12579,13117,12973,12581,12528,12594,
19822,16391,15474,15180,15122,15158,15250,15143,14935,15093,
19053,15692,14338,13348,13045,12958,12806,13013,12962,13039,
19519,16314,14725,14590,14587,14118,13792,14317,14364,14590,
19262,15910,15074,15110,14602,14995,14518,14851,15231,14562,
20712,16701,15489,14768,14376,14724,14376,13191,13775,14311,
19378,15542,13787,12767,12867,13449,12641,12735,13017,12956,
19500,15713,14084,14363,13815,13214,13350,13556,14019,13564,
20590,15891,14697,13785,12994,12468,13041,12753,12805,14559,
19625,16573,15404,15545,15087,15199,15073,15440,15152,15223,
20407,16273,14838,14419,14390,14098,14007,14252,14384,14539,
19651,16557,15157,14462,14701,14784,14559,14333,14513,14635,
20714,16873,15639,14616,14738,14690,14086,14149,14013,14646,
19088,15761,14413,14460,14047,14354,14158,14266,13906,13973,
20647,16962,15267,15339,14680,14669,14005,14911,14792,15428,
19220,15456,13842,13623,13355,13452,13501,13314,13456,13433,
20013,16143,15299,14965,15151,14671,14584,14646,15461,14401,
20041,16255,15181,14843,14972,14533,14373,14296,14229,14010,
20133,16131,15150,14162,14022,14302,13808,13909,13634,13713,
19468,15802,14137,14555,13576,13347,13422,13989,12432,13189,
19298,16135,15316,15207,14823,15114,14701,14955,14906,15147,
19192,15727,13606,12958,12322,13035,12832,13175,12509,13148,
20143,16692,16040,15305,15214,15654,15303,15326,15384,15694,
19494,15648,14527,13917,14165,13901,14061,13703,13981,13889,
19440,16037,15385,15125,14724,14925,14996,14681,14856,14819,
19268,16286,14022,14111,13019,12816,12697,13280,13484,13164,
19622,16252,15459,15395,15265,15182,15040,14750,15080,15187,
20353,16552,15351,14677,14035,14237,14332,14237,14535,14574,
20829,16744,16568,14964,15202,14556,14826,14098,14820,14384,
19373,15642,14426,13427,13447,13632,13464,13378,13084,13508,
19357,16093,14880,14283,13598,14449,13619,13658,13952,13428,
19485,16184,14774,14172,14221,14118,14287,14138,14103,13948,
20824,17250,15137,14811,14502,14612,14518,14695,15163,15437,
20209,16612,15419,15463,15246,14929,15004,14671,14580,15073,
20487,18194,13819,13666,16001,13992,13447,12058,12424,12620,
19024,15946,14946,14801,14799,14764,14801,14773,14781,14767,
20364,17311,14888,14522,14251,15153,14902,14654,14609,13514,
20854,16273,15120,14108,14043,13812,14322,14116,13973,14025,
21214,16904,15226,15101,14245,14565,14745,15095,15279,15272,
19015,15169,14453,15140,13696,12679,12990,14272,12958,13793,
19774,16181,15628,14420,14907,15098,14878,14616,14978,14916,
20662,17485,15350,14975,14163,14422,14391,14348,13848,14071,
19662,16167,15347,15277,15075,14997,15019,15241,15173,15159,
19584,16074,13888,13454,12527,12614,12577,12841,12478,12353,
22961,17021,15288,15044,12959,12671,12682,11262,10293,10491,
19320,16098,14656,14787,14854,14614,14499,14444,13957,14204,
20504,16427,15258,13380,13692,12884,13367,13985,13265,14499,
18887,15639,14924,14404,14460,14219,14448,14455,14597,14323,
18686,15229,13859,13167,13545,12942,13136,13178,12673,12723,
20084,15838,14960,14623,15076,14289,14039,14550,14392,14738,
20847,15203,14226,12551,13225,12720,13152,12665,12851,12503,
19880,16326,15130,14851,14713,14297,14397,14417,14350,14250,
19775,16023,14586,14047,14028,14423,12950,14108,13764,13708,
18936,15577,14770,14788,14834,14807,14834,15076,14807,14475,
21560,16345,15125,14135,15340,14810,14736,14777,15351,14582,
25811,21810,19843,15845,13083,14465,13149,13568,14299,13852,
19729,16018,14587,14223,14042,13509,13579,12894,13195,13145,
20895,17148,16248,15448,15782,15143,15592,15480,14885,14592,
19859,16729,14950,14155,12814,13103,12608,14006,12823,13584,
20896,17325,14819,15168,14489,14907,15634,15006,15667,15615,
21566,15106,14874,13156,12813,12069,13320,11275,10826,10338,
19616,15948,15174,14577,14690,14678,14787,14576,14564,14647,
19271,15851,14756,14268,13959,13932,13725,13903,13824,14096,
20002,16442,15550,14801,14717,14486,14497,14873,14637,14291,
18813,15590,14714,14510,14477,14371,14364,14383,14372,14386,
19464,16060,15224,14698,14842,14771,14604,14467,14600,14713,
18868,15764,15040,14966,14727,14721,14615,14231,14332,14358,
20727,16997,14434,14501,14328,13798,13780,13982,14006,15238,
18937,15638,14948,14595,14922,14305,14542,14402,14340,14659,
19418,16076,14956,14547,14738,14937,14802,14742,14612,14473,
19045,15600,14637,14343,13986,13551,13558,13693,13713,13471,
19073,15211,13756,12543,12512,12652,12748,12272,12685,12465,
19246,16239,14988,14728,14753,14655,14696,14993,15030,14568,
22294,18779,15034,15182,11849,11598,11919,10993,10900,10079,
18626,15487,14925,14517,14552,14487,14603,14248,14383,14592,
19481,16319,14840,14871,14074,13976,13966,13654,13595,13494,
19889,16079,15259,15060,15087,15010,15039,14995,14930,14937,
19447,15890,15276,14431,14502,14399,14467,14062,14296,13739,
18966,15699,15034,14702,14664,14620,14589,14702,14656,14711,
19222,15508,14540,13955,13957,14010,14413,13979,13563,13933,
19705,16026,14599,13105,13359,13124,12882,13081,13037,13462,
19827,14511,13106,13270,12661,13435,12690,13133,12848,13680,
19223,15941,14808,14712,14684,14498,14398,14386,14246,14407,
21461,17723,16239,15468,15112,15005,14838,15793,14749,16148,
23630,17322,15486,14910,14793,14279,14688,14758,14368,15350,
19198,15420,14832,14385,14322,14401,14584,14494,14571,14550,
19192,16106,14807,14203,13871,14363,14282,14146,14060,13901,
18716,15526,14680,14388,14656,14122,14184,13949,14334,14573,
18239,15282,13947,13599,13481,13632,13415,13428,13307,13601,
19927,16193,15046,15183,15073,14807,14390,14246,14492,14814,
23101,16260,15419,14446,15594,14886,14634,14251,14873,15525,
21094,17700,15422,15023,14983,15026,14784,13950,14275,15453,
19316,16042,14428,14535,13935,13784,13749,14221,14083,13886,
20183,16245,14996,14777,14913,14253,14839,14149,14112,14357,
19922,16076,14850,13690,12884,13753,13747,13603,13621,13732,
18923,15041,12990,12236,12343,12839,12820,12838,12313,12385,
19034,15733,14708,13807,14247,14830,13999,14280,13437,13854,
19742,16110,15462,15149,15092,15138,15153,14898,15274,15077,
20150,15883,14575,13507,13394,13655,13448,13125,13691,12622,
20491,16708,15692,14931,14467,14559,14666,14537,15143,14853,
18814,15625,14808,14656,14437,14446,14402,14520,14510,14400,
20365,16732,15197,14726,14114,13982,14007,14290,14268,14181,
19059,15815,14988,14657,14581,14544,14569,14651,14604,14480,
19752,15826,15439,14767,15088,14985,14608,14986,15158,15040,
21895,17308,16298,15879,14884,14389,14185,14646,15364,13724,
25261,20154,16564,15654,14673,12042,11325,11042,10982,10972,
21711,17574,15518,15031,14257,15046,15425,15001,15170,16122,
19798,16340,15555,15180,15020,14843,14912,14928,15058,15021,
18928,15134,14310,13750,13935,13672,13332,12454,11739,12786,
19733,15835,14000,13865,13169,12578,13052,13468,13096,12988,
18408,15268,14501,14217,14032,14246,14074,14045,14090,14173,
19684,16253,15313,15071,14958,15176,14813,15082,14907,14975,
19575,16076,14419,14160,14223,14062,13327,13852,13837,13687,
18531,15071,14373,14310,14315,14017,13882,13822,14014,14169,
19188,15758,14811,14593,14328,14155,14235,14177,13844,14203,
18923,15620,14387,14238,14554,14250,14662,14250,14642,14399,
19148,14848,13192,12615,12426,12121,12376,12147,12146,11619,
20801,16346,15205,14384,14581,14394,14231,14340,14087,14160,
19911,16659,15208,14971,14962,14917,15268,14953,14904,15680,
20061,14783,14667,11766,14319,11618,12652,9876,12137,10156,
19621,16452,15036,14906,14504,14803,14389,14824,14496,14885,
19132,15856,14569,14698,14328,14575,13050,14060,13526,13664,
20561,16631,15693,14681,14856,14495,15430,14340,14962,14446,
19578,16076,15094,14427,14270,14199,14206,14173,13930,14129,
19833,16210,15134,15006,14868,15291,15012,15074,14985,14912,
21038,16609,14517,14771,14443,13652,14152,14026,14749,13942,
19078,15893,15039,14466,14745,14415,14758,14343,14502,14572,
20011,16090,15258,15125,15102,15252,15297,15051,15272,15353,
19805,16031,14061,13698,13157,13417,13125,13756,13597,13797,
19634,16193,15234,15069,14930,14944,15160,14981,15244,14881,
20046,16577,15685,15417,14955,14791,13817,13891,14727,14933,
19612,15718,14232,13319,12529,13609,12876,13031,13424,13011,
20557,16729,15310,15227,15032,14486,14877,15089,14456,14964,
18597,15437,14556,14399,14585,14618,14390,14457,14397,14250,
19373,16080,15301,14985,14894,14896,15036,14862,15181,14890,
18881,15537,14643,14395,14196,14122,14222,14371,14284,14181,
19674,15703,14384,13577,13169,13855,13833,13170,13392,12944,
20195,16839,14973,14750,14380,14358,14730,14957,14242,14130,
18900,15559,14071,13453,13256,13134,12984,13094,12309,12641,
19233,15836,15031,14759,14641,14697,14618,14724,14964,15007,
20474,16354,14619,14287,13760,14311,13970,14800,14429,13699,
19266,16031,14858,14623,14837,14461,14403,14519,14254,14413,
20410,16087,13704,13355,13553,13179,13106,12620,13458,13847,
22663,18386,16197,14767,14528,15499,15814,14719,14254,14440,
20372,16712,15449,15499,15007,15036,15133,15001,15220,15277,
19410,15474,14738,14266,13836,13250,13848,13864,13918,13357,
18970,15664,14797,14748,14432,14459,14012,14178,14081,13912,
20763,16223,15325,14324,14145,13636,14626,13601,14392,13780,
19355,16055,14902,14808,14990,14542,14833,14710,14747,14956,
18982,14862,13453,12937,13075,12219,12229,12623,12524,12590,
18789,16171,15361,14009,14703,15250,14733,14901,13731,14517,
21146,15406,13848,12823,11438,11131,10726,10214,9916,10623,
20625,16690,15083,14713,14709,14296,14246,14360,14413,14380,
19984,15988,14241,13794,13144,13703,12762,12971,13671,13379,
20421,16454,15229,14277,14258,14570,14364,14289,14706,14829,
20633,17123,15818,14254,14361,14423,13447,14186,14792,14153,
20033,16069,15386,14010,14331,14871,14393,14195,14738,14597,
21105,16928,15043,14919,14498,15311,14179,13932,14130,14171,
19467,16184,15268,14935,15156,14994,14978,14900,15016,14831,
19410,15613,15015,14273,13908,14216,14597,13945,13492,13886,
19634,16092,14106,12869,12812,13174,13230,12993,12735,12874,
18965,15677,15081,14727,14653,14804,14638,14758,14909,14797,
20492,16680,15878,15494,15308,15224,14993,14914,15102,15163,
19476,16093,15110,14795,14925,14745,14811,14718,14745,14727,
19321,15237,13745,13233,12730,12428,13097,11793,11798,12924,
19273,15949,14755,14671,14548,14585,14298,14445,14367,14566,
19627,14854,13607,13580,13857,13263,13039,12562,12765,12713,
20393,15466,14524,13176,13346,13044,13355,12850,13331,12831,
19720,16340,15620,15380,15095,15109,15085,15309,15113,15412,
20862,17432,15287,14788,13673,13608,14161,14049,14630,13999,
22283,17701,17183,14743,16214,14495,15192,13306,12089,11607,
19961,16224,14852,14900,14515,14969,14867,15216,14774,14970,
19813,16256,15637,15043,14998,14904,15160,14535,14960,14764,
18942,15858,14936,14692,14837,14762,14437,14120,14517,14364,
20098,16923,15483,15240,14249,14813,14438,14853,14704,14960,
25435,26920,26269,25667,25398,24990,25071,25512,25183,24749,
26178,29544,26318,25798,27026,25291,25373,25152,26995,26861,
25906,26325,23687,24612,24442,24335,23924,25156,25086,24359,
27879,27726,28383,26610,27110,26290,25830,25181,26433,26570,
27412,28124,26914,27242,26506,27499,27011,26964,26557,27171,
24783,25289,24565,24267,24020,25010,24605,24517,24263,24339,
25798,26419,25097,25998,24891,25672,26056,25205,25461,25072,
27679,30559,29277,28274,28544,28560,28651,27606,29792,28167,
25884,29205,26527,25665,25209,25389,24648,25494,25917,25106,
25627,28790,26924,27366,27222,28194,27091,27651,26584,27587,
26078,27201,25156,25583,25453,26170,25277,25586,25439,25396,
30090,34954,30152,28788,28053,28445,28289,29244,28342,28488,
25060,26907,25988,25172,25473,24891,25154,25591,24853,26077,
26688,28676,26494,25637,25196,25292,26227,25475,27501,25606,
26154,27150,27025,27013,26423,26039,26495,26099,26459,26255,
25755,27265,25931,26238,26874,24930,26021,27543,26152,25876,
20324,16219,14295,14058,14104,13556,13766,13480,13242,13857,
25320,25951,24801,25532,25149,24872,24701,24305,24484,25076,
19952,16368,14455,14273,13251,13890,12744,13094,12999,13542,
18957,15719,14745,14424,14838,14459,14888,14660,14799,14634,
20432,16802,15531,14761,14275,14131,14378,14731,14817,14533,
20209,15943,15106,14769,14704,14984,15502,14878,15551,14882,
20512,16724,15471,14974,15274,14791,14136,15620,14337,14825,
19581,16188,15241,15067,15059,15063,15058,15160,15171,14825,
27890,30538,28676,27837,27125,28118,28317,27261,27350,28396,
26218,29179,27493,27683,27138,27143,27638,27197,29937,27405,
27318,29652,28218,26367,26656,27131,26567,26974,26513,27336,
25605,28247,26475,28919,28176,26970,26605,26871,27538,26840,
26373,28350,26818,26354,25603,25198,26616,26784,26453,25823,
24823,25254,25212,24193,25057,23865,23963,25199,24055,24116,
28718,29709,27399,27709,27215,28461,28370,26861,28286,27057,
25421,26884,25194,24404,24553,24395,24299,24279,24589,25065,
20022,16524,15167,14859,14678,15246,14929,14641,14687,14234,
19534,15241,13880,13002,12163,12356,12239,12476,12746,13500,
19359,15928,15296,15280,14836,15466,14818,14955,14750,14722,
24634,17269,16382,14837,14972,13503,14005,13391,12230,11979,
18729,15500,14487,14506,14366,14384,14273,14477,14371,14431,
20347,16884,15159,14424,14209,13543,13709,13603,14073,14150,
19285,16016,15154,14702,14889,14968,14946,14745,14966,14865,
18517,16076,14038,14069,12740,13787,13606,13729,13608,13442,


26988,25996,25748,25535,25482,25425,25558,25439,25481,25446,
24749,23858,23509,23307,23312,23403,23423,23192,23323,23260,
30590,29288,28930,28793,28793,28759,28765,28782,28770,28770,
25775,24523,24293,24217,24192,24189,24187,24596,24355,24188,
26070,25227,24397,24852,24847,24838,24815,24541,25029,24698,
25400,25200,25345,24216,25042,23990,25304,23970,25230,23947,
25245,24430,24960,24038,24819,24846,24043,24094,24036,24127,
28044,26898,26498,26397,26317,26356,26380,26351,26352,26350,
24127,23333,23310,22976,23105,23039,22986,22950,23208,23156,
26337,25456,25670,24981,24993,25032,24995,24982,25004,25009,
25291,24502,24235,24161,24139,24130,24128,24122,24127,24128,
25743,24791,24440,24576,25140,24286,24567,25181,24371,24332,
28417,27343,27000,26912,26886,26901,26869,26888,26905,26852,
25212,24382,24049,24027,23997,23898,23874,23971,24010,23994,
25760,24909,24599,24430,24513,24198,24321,24211,24599,24502,
26458,25195,25194,25014,24672,24801,24880,24870,24897,24818,
26507,25976,25496,25088,25542,25116,25098,25098,25535,25364,
24705,23963,23773,23593,23567,23626,23555,23612,23608,23666,
25060,24376,23927,24098,23865,23970,23829,23794,23829,23991,
25088,24157,23881,23772,23735,23701,23688,23763,23743,23738,
30132,28951,28550,28406,28470,28378,28409,28437,28417,28419,
26656,25647,25382,25268,25280,25191,26038,25211,25253,25251,
26549,25678,25010,25285,24931,25129,25158,25144,24981,24814,
24880,23786,23388,23371,23425,23283,23407,23352,23241,23451,
25900,24948,24647,24565,24539,24540,24536,24532,24539,24524,
26590,25679,25353,25303,25246,25242,25225,25240,25241,25239,
25926,25035,24741,24610,24603,24644,24604,24632,24606,24568,
26606,25222,24456,24432,25682,25587,25621,24570,25708,24572,
27480,26543,26265,26159,26170,26120,26152,26149,26116,26134,
26525,25638,25336,25239,25207,25195,25217,25204,25206,25208,
25071,24214,24086,23938,23910,23933,23965,23978,23912,23962,
24727,23890,23511,23458,23522,23562,23546,23497,23469,23516,
25324,24638,24319,24595,24284,24232,24175,24161,24191,24134,
27680,26604,26341,26222,26021,26182,26307,26113,26223,26168,
27124,27301,25991,25602,25584,25584,25571,25582,25571,25565,
25753,24838,24641,24418,24365,24411,24356,24425,24367,24411,
26419,25474,25215,25141,25102,25030,25102,25078,25105,25095,
28002,26982,26577,26488,26480,26477,26516,26411,26485,26491,
25176,24394,24097,24058,23972,24019,24008,24062,23991,24004,
26043,24990,24669,24567,24554,24551,24546,24536,24546,24534,
27044,26112,25764,25682,25655,25596,25678,25608,25633,25620,
26285,25378,25052,25198,24977,25124,24954,25100,24920,24961,
25623,24788,24484,24406,24411,24413,24381,24371,24368,24372,
25767,24749,24459,24340,24267,24218,24244,24312,24194,24274,
29856,29231,28498,28323,27813,27624,27839,28497,28146,28110,
24792,24000,23704,23594,23617,23585,23584,23594,23581,23592,
31706,30223,29640,29600,29523,29504,29646,29456,29571,29546,
25408,24751,24397,24210,24244,24344,24417,24208,24328,24186,
26964,26093,25685,25800,25566,25636,25823,25538,25545,25885,
26047,25008,24821,24709,24611,24716,24619,24411,24448,24591,
26192,25299,24967,24874,24872,24867,24807,24843,24845,24847,
26838,25904,25592,25443,25378,25476,25412,25453,25383,25496,
24530,23911,23574,23619,23569,23568,23487,23469,23643,23540,
25711,24859,24572,24488,24465,24458,24460,24462,24461,24462,
29070,27962,27629,27468,27521,27464,27440,27455,27367,27405,
25071,24213,23944,23765,23847,23803,23810,23842,23829,23841,
25407,24508,24222,24179,24069,24104,24177,24078,24090,24155,
24723,23847,23893,23573,23597,23654,23637,23569,23629,23648,
25777,24887,24562,24493,24471,24337,24418,24455,24348,24434,
27831,27014,26412,26312,26371,26333,26378,24774,26660,26525,
25694,25370,24655,24487,24967,24585,24477,24946,24925,24514,
28411,27256,26927,26820,26985,26849,26979,26763,26729,26760,
25892,25024,24704,24621,24579,24618,24556,24570,24577,24586,
26734,26408,25974,25419,25175,25949,25220,25885,25105,25922,
26600,25474,25078,26305,24841,24881,26243,24812,26228,24629,
26530,25818,25193,25374,25367,24995,24942,25014,24970,25018,
25096,24338,24103,24008,23992,24002,23981,24002,23981,23847,
25887,24942,24612,24552,24514,24530,24605,24520,24524,24569,
26106,25429,25018,25060,24707,24813,24695,24800,25004,24887,
26447,25638,25236,25366,25246,25198,25077,25197,25136,25228,
26304,25393,25133,25007,24968,24992,24962,24951,25039,24974,
25754,24902,24647,24445,24493,24391,24496,24540,24536,24421,
24628,23974,23603,23492,23381,23396,23578,23619,23388,23434,
27022,25974,25617,25475,25489,25466,25441,25480,25469,25440,
26612,25714,25408,25335,25341,25304,25328,25292,25310,25288,
26623,25491,25101,24957,25053,24979,24930,25009,24907,25022,
26606,25606,25257,25172,25124,25120,25108,25100,25133,25107,
25153,24180,23901,23825,23794,23792,23780,23785,23792,23790,
26694,26289,25454,25368,25347,25419,25348,25391,25456,25478,
26381,26121,25152,24994,25666,25027,25653,25051,25663,25050,
28822,27536,27134,27073,27018,27004,26985,27013,27032,26985,
24561,23810,23556,23455,23470,23438,23463,23376,23530,23375,
26962,26030,25683,25461,25323,25554,25555,25571,25410,25535,
26336,24924,24656,24594,24574,24854,24503,24442,24442,24601,
27873,26924,26532,26361,26393,26457,25875,26308,26370,26364,
25539,24669,24354,24279,24270,24263,24254,24264,24264,24259,
27636,25383,26316,25059,24828,24822,26225,24717,24797,24782,
28143,27104,26730,26652,26395,26577,26595,26633,26601,26421,
26640,25688,25378,25259,25240,25232,25256,25224,25253,25225,
26551,25514,25417,24978,25103,25730,25018,25030,25086,25757,
25024,24233,23999,23932,23916,23911,23909,23913,23911,23906,
25701,24884,24473,24307,24510,24475,24490,24388,24270,24452,
26656,25701,26044,26064,26040,26039,26143,25853,26022,26039,
26183,25395,24840,24982,24993,24980,25021,24989,24746,24750,
25262,24410,24214,24086,24139,24056,24069,24056,24059,24130,
25993,25119,24794,24674,24703,24649,24659,24672,24674,24620,
26583,25624,25268,25094,25168,25106,25120,25072,25164,25100,
25538,24813,24436,24387,24425,24441,24335,24322,24271,24305,
26963,25958,25613,25486,25484,25491,25487,25444,25450,25491,
25095,24525,24060,24030,24649,24475,23983,23955,24685,24023,
26978,26124,25825,25739,25723,25695,25728,25684,25728,25697,
26491,25635,25384,25159,25205,25176,25253,25149,25200,25269,
24856,23987,23721,23633,23607,23612,23597,23671,23636,23573,
25717,24936,24479,24422,24197,24381,24376,24540,24160,24541,
27056,26096,25368,25862,25666,25620,25613,25622,25597,25685,
29834,29075,28183,28633,28045,28800,28046,28119,28569,28016,
25842,24994,24707,25232,24605,25103,25081,24594,24568,25090,
24713,23968,23691,23597,24166,24203,23618,24247,23606,24206,
24649,23810,23585,23607,23448,23604,23444,23580,23563,23574,
26344,25305,24965,24883,24839,24845,24836,24838,24826,24837,
26611,25702,25387,25293,25267,25222,25446,25074,25239,25216,
26057,25372,24830,24662,24656,25138,24669,24898,24369,24580,
26086,25220,24956,24798,24790,24780,24812,24778,24794,24871,
25893,25101,24810,24733,24664,24707,24671,24653,24677,24693,
25840,24977,24700,24543,24640,24629,24524,24530,24600,24594,
25828,24807,24450,24394,24350,23396,23356,23338,23355,23343,
25650,24826,24535,24459,24439,24435,24430,24427,24429,24416,
25628,24843,24570,24508,24429,24483,24476,24374,24481,24440,
27476,26470,26192,26048,26064,26010,26030,26026,26082,26056,
25208,24352,24051,23941,23949,23921,23909,23886,23922,23944,
25414,24741,24957,24891,24256,24301,24851,24874,24837,24823,
28481,27229,26549,26822,26334,26771,26755,26675,26008,26726,
25289,24518,24064,24173,24208,24161,24239,24149,24187,23966,
26552,25660,25342,25256,25225,25212,25218,25210,25225,25219,
26943,26167,25798,25786,25505,25485,25704,25693,25739,25698,
26438,25419,25254,25005,25123,25021,24965,25128,25124,25126,
31403,29863,29186,29009,29065,29169,29081,29322,29092,29121,
25436,24535,24309,24170,24142,24029,23914,24056,24118,24120,
32067,30565,30024,30000,30052,29940,29946,29326,30069,29903,
26534,25641,25237,25829,25208,25234,25241,25218,25203,25119,
26638,25702,25380,25307,25272,25252,25273,25257,25252,25275,
25372,24603,24301,24343,24224,24332,24215,24344,24223,24197,
25631,24796,24575,24441,24404,24448,24466,24561,24468,24559,
25256,24307,23996,23895,23868,23884,23884,23883,23872,23893,
26110,25246,24949,24832,24835,24505,24600,24826,24819,24839,
25793,24918,24656,24584,24535,24503,24540,24523,24545,24541,
25428,24546,24223,24126,24146,24760,24132,24128,24125,24165,
26211,25358,25034,24951,25056,24927,24951,24966,25088,24920,
25838,25057,24776,24693,24704,24663,24672,24669,24667,24656,
26124,25451,24800,24824,25114,24709,24794,24760,24788,25099,
24783,23988,23699,23617,23597,23567,23622,23584,23596,23607,
27098,26132,25843,25766,25731,25726,25732,25694,25629,25697,
24916,24065,23950,23713,23843,23730,23728,23819,23656,23681,
24807,24113,23700,23622,23724,23596,23688,23712,23586,23367,
27248,26341,26045,25958,25943,25928,25915,25901,25938,25924,
25615,24828,24549,24474,24442,24450,24458,24469,24424,24421,
26285,25419,25089,25026,25065,25006,25049,25048,25038,25038,
25700,24868,24559,24471,24424,24454,24439,24459,24439,24420,
25058,23969,23725,23666,23635,23650,23684,23530,23731,23523,
25134,24346,24053,23991,23968,23955,23972,23978,24066,23962,
28027,26789,26203,26257,26181,26065,24750,26168,26228,26036,
24791,24006,24158,23741,23681,23677,23716,23751,23699,23753,
25959,25138,24749,24768,24316,24749,24327,24749,24751,24330,
27055,25903,25041,25168,25654,25755,25102,24950,24974,24886,
26191,25250,24972,24804,24848,24791,24791,24793,24837,24788,
25223,23853,24309,23564,23751,23707,23789,23581,23501,24227,
24338,23578,23318,23274,23336,23206,23364,23871,23242,23309,
26640,25460,25019,24947,24860,24811,24812,24949,24808,24868,
25292,24699,24050,24353,24128,23964,24331,23946,24211,24303,
26412,25177,25002,24797,24914,24994,24996,24995,24994,24765,
25828,25022,24797,24650,24691,24648,24657,24670,24673,24650,
26850,25873,25574,25480,25418,25441,25388,25445,25410,25463,
25644,24837,24576,24477,24406,24491,24454,24388,24495,24404,
27908,26813,26418,26302,26248,26346,26235,26259,26247,26296,
25335,24544,24117,24180,24094,24008,24102,24182,24316,24097,
26496,25654,25390,25285,25094,24777,25205,24657,25159,25256,
25264,24464,24004,23504,23616,24016,23730,23961,23736,23907,
24727,23862,23616,23537,23533,23525,23526,23471,23512,23471,
25514,24838,24459,24395,24338,24368,24463,24361,24365,24323,
27302,26084,25881,25788,25908,25607,25886,25557,25266,25784,
26354,25450,25149,25119,25059,25140,25133,25135,25009,25016,
26580,25423,25523,25427,25411,25421,25382,25431,24981,25392,
27803,26458,25843,26085,25665,26439,25844,25799,26013,25648,
25725,25004,25181,24573,24965,25051,24638,24527,25089,25026,
28028,26661,26620,26042,25972,26151,25898,26147,26335,26072,
29576,27792,28050,27293,27430,27212,27825,27874,27705,27322,
25755,24769,24449,24357,24336,24339,24313,24341,24315,24304,
25950,25102,24807,24735,24767,25003,24888,24687,24695,24920,
27787,27128,26339,26104,26098,26090,26309,26106,26082,26313,
26853,25894,25639,24414,24659,24559,25482,25426,25426,25482,
26202,25246,24917,24806,24787,24845,24827,24773,24843,24848,
27712,26658,26333,26318,26218,26284,26205,26210,26197,26280,
25499,24611,24299,24236,24211,24187,24193,24153,24177,24184,
25947,24763,24699,24295,24629,24501,24580,24362,24606,24354,
24884,24095,23816,23734,23722,23715,23714,23725,23697,23698,
25237,24294,24005,24078,23781,24022,23812,23899,23727,23976,
25212,24368,24067,23984,23969,24415,23866,23942,23958,23962,
25388,24743,24393,24198,24229,24438,24173,24167,24176,24175,
27485,26584,26266,26000,26159,25945,26031,26170,25984,26220,
34890,32984,30270,27629,30091,25448,27248,26102,25871,25191,
25803,25846,24695,24145,25334,25464,25314,25400,25503,25468,
25232,24268,23917,23952,23831,23817,23961,23846,23920,23956,
27603,26614,26289,26199,26143,26173,26152,26144,26141,26145,
26008,24962,24545,24483,25043,24453,24608,24394,24401,24425,
26073,25283,24876,24815,24759,24744,24724,24727,25059,24753,
27744,26739,26411,26314,26290,26284,26286,26247,26259,26259,
26666,25699,25378,25345,25222,25229,25266,25176,25499,25119,
25369,24285,24267,24204,24191,24172,24190,24181,24180,24203,
25565,24765,24493,24288,24347,24371,24283,24317,24290,24328,
25243,24427,24076,23716,24003,23942,23693,24030,23724,24004,
26623,25828,25182,24990,25445,25288,25435,25208,25261,25408,
25790,24845,24622,24506,24450,24465,24435,24475,24471,24457,
27559,26619,26323,26228,26214,26202,26195,26201,26340,26392,
25821,24783,24484,24400,24513,24521,24331,24443,24491,24425,
25863,24909,25393,25272,24640,25270,24648,25261,24643,25253,
26458,25535,25238,25146,25128,25101,25145,25101,25134,25090,
29554,28497,28342,27851,28010,28206,27795,27941,27879,27932,
28016,26898,26584,26381,26419,26562,26524,26525,26541,26363,
28333,27181,26750,26676,26698,26650,26652,26689,26645,26651,
27164,25881,25436,25729,25458,25725,25733,25734,25733,25695,
25176,24072,23903,23814,23746,23758,23829,23770,23822,23827,
25583,24786,24500,24434,24395,24387,24392,24398,24398,24390,
26974,26222,25742,25614,25791,25590,25559,25573,25361,25569,
26207,24513,25102,24960,24951,24122,25002,24111,24996,24929,
26069,23966,23647,24727,23551,23647,23533,24679,23746,24611,
32594,30919,29343,30178,29865,29863,29980,29859,29982,29821,
24954,24089,23844,23813,23833,23742,23793,23739,23763,23813,
27050,26034,25619,25482,25602,25613,25405,25573,25584,25639,
25712,24635,24439,24385,24360,24359,24357,24362,24354,24356,
25500,24554,24726,24107,24607,24131,24126,24693,24097,24151,
25905,25055,24764,24685,24644,24685,24653,24658,24662,24662,
26424,24699,24590,24396,24352,24394,24568,24465,24488,24352,
28065,26832,26408,26321,26347,26247,26298,26306,26326,26293,
26130,25248,25018,24892,24858,24857,24800,25024,24808,24962,
24981,24530,23590,24207,23448,23531,23682,23530,23551,23506,
25381,24516,24243,24081,24161,24123,24139,24118,24129,24126,
26371,25353,24987,24828,24837,24803,25058,24907,24795,24960,
26525,25622,25219,25131,24598,25305,24592,25421,25239,24602,
26330,24994,24626,24535,25024,24553,24512,24491,25017,24519,
24523,23837,24133,23972,23963,23959,23988,23947,23955,23980,
24745,23957,23647,23539,23526,23907,23489,23547,23550,23952,
25942,25041,24774,24678,24692,24672,24687,24701,24654,24683,
25877,24869,24613,24762,24542,24480,24493,24503,24508,24482,
26228,25387,25106,25015,25887,25870,25102,25882,25856,24966,
25769,24852,24478,24728,24453,24375,24415,24638,24412,24409,
25786,24954,24673,24599,24584,24551,24352,24524,24551,24531,
26450,25612,25202,24996,25195,25053,25130,25234,24987,24778,
25832,24879,24592,24559,24527,23951,24462,23935,24454,24502,
26120,25170,24820,24697,24721,24668,24691,24618,24752,24600,
32683,30760,30455,30084,30296,30034,30101,30379,30239,30253,
26138,25206,24901,24819,24794,24778,24788,24787,24767,24791,
27540,25386,26215,24936,24943,26048,26030,25228,26023,26020,
25776,24871,24582,24499,24472,24469,24465,24464,24465,24463,
27458,26416,26062,25987,25951,25942,25937,25944,25956,25954,
26917,25952,25623,25486,25510,25482,25496,25512,25456,25482,
25767,24972,24697,24612,24591,24594,24586,24586,24597,24591,
25974,25121,24790,24738,24682,24696,24708,24668,24700,24720,
27408,25194,24815,24778,24728,24749,24897,24692,24746,24705,
24623,23777,23400,23427,23397,23401,23417,23375,23386,23368,
26651,25416,25494,25996,24971,25416,25939,25368,25449,25362,
25468,24589,24302,24245,24215,24191,24206,24207,24187,24182,
29058,27617,27253,26926,27145,26853,26984,26955,27001,27038,
29518,28041,27644,27496,27465,27458,27472,27676,27461,27455,
25972,25096,24831,24753,24707,24726,24712,24699,24724,24710,
33815,32126,31476,31227,31185,31085,31410,30863,31342,31775,
24516,23610,23359,23258,23223,23230,23356,23329,23281,23318,
30267,28904,28139,28229,27629,28143,27627,28143,27627,28143,
25868,24965,24627,24503,24499,24447,24511,24507,24733,24524,
25525,24615,24784,24615,24626,24590,24583,24581,24612,24615,
25648,24998,24667,24643,24573,24569,24445,24563,24545,24597,
27759,26941,26535,26651,26297,26488,26512,26602,26290,26277,
25641,24662,24670,23957,24271,24472,23403,24608,23544,24573,
25412,24574,24250,24200,24096,24175,24181,24103,24190,24204,
26648,25883,25421,25465,24892,24824,24904,24837,24954,24843,
25111,24334,24061,23992,23471,23614,23953,23979,23970,23773,
25917,25545,24555,24554,24528,24478,24526,24530,24479,24456,
25684,25115,24562,24762,24715,24725,24444,24437,24726,24444,
26266,25348,24399,24906,24389,24349,24268,24872,24908,24940,
18813,15589,14818,14654,14636,14632,14654,14627,14519,14615,
20304,16775,15933,15784,15754,15756,15752,15753,15754,15755,
19194,15768,15064,14871,14828,14838,14850,14824,14825,14821,
19975,16541,15703,15527,15519,15526,15494,15546,15476,15538,
20156,16646,15852,15665,15685,15674,15635,15687,15815,15659,
18851,15666,14857,14723,14697,14688,14665,14708,14672,14673,
18711,15467,14714,14581,14577,14541,14530,14534,14554,14542,
18708,15399,15006,14507,14464,14521,14457,14516,14457,14519,
20421,16701,15879,15737,15828,15803,15710,15846,15775,15706,
18820,15577,14795,14668,14706,14633,14710,14615,14630,14635,
21426,18335,16596,17276,16558,16432,17135,16329,17123,16329,
21348,17581,16691,16530,16569,16567,16493,16525,16528,16577,
18962,15714,14935,14788,14764,14749,14755,14744,14762,14762,
19499,16170,15485,15198,15191,15166,15164,15174,15162,15170,
20552,16947,16048,15964,15899,15886,15880,15946,15863,15926,
19559,16215,15417,15260,15226,15237,15241,15240,15230,15243,
20850,17202,16392,16227,16202,16195,16196,16198,16194,16186,
18711,15426,14687,14574,14545,14516,14498,14565,14602,14592,
19822,16457,15595,15457,15432,15417,15413,15396,15392,15406,
19053,15764,14966,14831,14753,14800,14792,14792,14792,14785,
19519,16143,15409,15179,15262,15144,15154,15169,15258,15144,
19262,15929,15132,15033,14984,14965,14964,14978,14961,14955,
20712,17434,16159,16495,15973,16351,16356,15967,16375,15966,
19378,15992,15190,15064,15005,15008,15027,15019,15011,15009,
19500,15901,15183,15033,15005,15007,15014,15004,15008,15008,
20590,16947,16092,15930,15903,15892,15912,15903,15899,15903,
19625,16254,15495,15258,15322,15269,15261,15250,15265,15272,
20407,16377,15564,15411,15860,15372,15854,15364,15864,15840,
19651,16014,15419,14931,15288,15234,15235,15237,15236,14901,
20714,17112,16196,16048,16064,15719,15591,16041,15680,15584,
19088,15752,14986,14846,14822,14814,14814,14819,14814,14814,
20647,16560,15778,16063,15963,15593,16039,15958,15595,15605,
19220,15801,15049,15069,14881,14866,14951,14857,14846,14835,
20013,16534,15723,15685,15524,15558,15548,15552,15541,15539,
20041,16522,15709,15340,15552,15523,15289,15349,15318,15374,
20133,16436,15696,15048,15283,15345,15134,15012,15217,15332,
19468,16676,15253,15114,15663,15063,15095,15111,15181,15069,
19298,16185,15380,15033,14934,15192,15006,15199,15002,15014,
19192,15811,15061,14887,14894,14861,14885,14865,14866,14893,
20143,16695,15739,15714,15561,15671,15551,15675,15556,15678,
19494,16071,15361,15151,15135,15129,14806,15158,14807,14752,
19440,16046,15241,14944,15139,15065,15217,15101,14922,14913,
19268,15761,15008,14889,14851,14823,14815,14854,14849,14845,
19622,16191,15345,15124,15203,15077,15255,15222,15217,15212,
20353,16838,15970,15462,15423,15421,15424,15782,15580,15785,
20829,16525,16366,16162,16176,16292,16148,15508,16178,16126,
19373,15938,15203,15003,15019,15003,15006,15013,15027,15231,
19357,15960,15203,15025,15023,15031,15127,15088,15131,15066,
19485,16050,15222,15007,14978,15073,15086,15074,15062,15004,
20824,17145,16311,16171,16099,16105,16147,16146,16101,16136,
20209,16680,15881,15688,15671,15674,15658,15668,15683,15681,
20487,16562,15762,15754,15526,15729,15523,15729,15523,15729,
19023,15732,14951,14801,14866,14798,14788,14770,14774,14878,
20364,17108,16041,15787,15737,15809,15747,15744,15750,15777,
20854,17146,16311,16175,16126,16147,16136,16127,16150,16141,
21214,17458,16597,16453,16417,16425,16418,16462,16419,16422,
19015,15675,14894,14755,14735,14723,14720,14704,14720,14730,
19774,16310,15387,15384,15387,15323,15467,15355,15334,15213,
20662,16983,16143,15959,15934,15923,15940,15919,15925,15937,
19662,16261,15432,15094,15114,15267,15261,15244,15254,15258,
19584,16112,15299,15161,15129,15122,15122,15121,15132,15132,
22961,18773,17603,17103,16995,17255,17043,16282,15876,15577,
19320,16005,15221,15038,15045,15049,15051,15005,15039,15006,
20504,16869,16071,15922,15895,15901,15891,15895,15898,15891,
18887,15622,14993,14749,14831,14698,14696,14695,14698,14698,
18686,15443,14683,14535,14515,14508,14514,14506,14497,14514,
20084,16193,15378,15624,15615,15171,15395,15389,14910,15287,
20847,17085,16310,16102,16109,16085,16086,16078,16072,16072,
19880,16421,15599,15421,15402,15427,15419,15414,15412,15415,
19775,16317,15490,15330,15297,15317,15301,15304,15288,15302,
18936,15672,14902,14749,14735,14742,14730,14732,14732,14734,
21560,17954,16812,16696,16907,16693,16886,16670,16650,16676,
25811,20363,17550,14451,13434,14857,14081,13521,13066,13083,
19729,16305,15513,15381,15347,15328,15324,15345,15333,15345,
20895,17246,16402,16238,16189,16196,16237,16180,16192,16188,
19859,16269,15309,15325,15186,14869,15206,15280,15196,15313,
20896,17265,16375,16248,16217,16195,16035,16174,16200,16209,
21566,17544,16098,15484,15473,15000,14583,14645,15133,14780,
19616,16201,15436,15288,15260,15229,15257,15256,15155,15238,
19271,16278,15457,15018,15146,15291,15278,15230,15209,15211,
20002,16577,15707,15573,15538,15526,15515,15513,15513,15537,
18813,15587,14830,14778,14698,14694,14694,14596,14618,14654,
19464,16098,15316,15170,15138,15126,15134,15150,15147,15144,
18868,15476,14700,14970,14549,14952,14569,14545,14951,14548,
20727,17069,16221,16066,16021,16045,16029,16021,16019,16051,
18937,15755,14977,14824,14749,14751,14815,14809,14811,14808,
19418,16072,15310,15112,15085,15105,15116,15075,15095,15075,
19045,15770,14995,14837,14824,14846,14802,14821,14801,14801,
19073,15711,14943,14804,14773,14773,14778,14787,14769,14773,
19246,15945,15164,15021,14985,14986,14986,14981,14984,14981,
22294,18158,17311,16294,15463,13428,13634,14693,13536,12340,
18626,15455,14693,14548,14524,14533,14530,14517,14521,14519,
19481,16065,15269,15146,15103,15103,15112,15117,15120,15096,
19889,16410,15629,15444,15461,15407,15472,15418,15240,15482,
19447,16077,15298,15121,15094,15060,15137,15082,15094,15106,
18966,15708,14938,14845,14786,14769,14811,14765,14763,14769,
19222,15939,15087,14931,14906,14894,14851,14893,14909,14893,
19705,16231,15440,15295,15267,15243,15265,15275,15249,15251,
19827,16294,15512,14579,14733,15046,14964,15388,15359,14876,
19223,15966,15166,15025,14981,14983,14992,14981,14972,14976,
21461,17913,16801,16923,16651,16643,16904,16647,16894,16654,
23630,19311,18369,16692,18191,16743,17407,18098,17523,18150,
19198,15670,15046,14975,14857,14945,14848,14949,14851,14852,
19192,15851,15089,14926,14901,14886,14906,14896,14907,14878,
18716,15516,14776,14566,14575,14539,14578,14605,14599,14732,
18239,15100,14353,14305,14121,14134,14201,14199,14148,14146,
19927,16466,15601,15477,15428,15452,15427,15420,15441,15443,
23101,18888,17886,17863,17822,17479,17381,17334,17799,17833,
21094,17351,16505,16337,16320,16315,16312,16315,16286,16310,
19316,16040,15501,15303,15350,14978,15383,15319,14966,15080,
20183,16643,15883,15722,15708,15696,15680,15689,15735,15564,
19922,16362,15615,15455,15416,15585,15245,15420,15427,15443,
18923,15393,14442,14189,14324,14353,14540,14542,13965,14240,
19034,15658,14887,14831,14679,14711,14721,14702,14819,14679,
19742,16323,15510,15203,15447,15194,15230,15208,15155,15352,
20150,16605,15789,15627,15597,15613,15587,15635,15567,15679,
20491,16892,16021,15866,15882,15861,15870,15871,15799,15876,
18814,15630,14807,14691,14631,14626,14627,14625,14632,14660,
20365,16800,15998,15821,15811,15881,15796,15866,15835,15789,
19059,15822,14993,14838,14840,14848,14805,14828,14836,14831,
19752,16316,15531,15379,15351,15350,15365,15349,15365,15348,
21895,17918,17063,16622,16743,16900,16904,16818,16900,16826,
25261,20504,17476,16632,16647,15417,15451,14220,17043,16211,
21711,17829,16925,16378,16712,16169,16688,16729,16555,16744,
19798,16361,15566,15422,15366,15376,15363,15381,15369,15381,
18928,15563,14803,14681,14659,14582,14639,14628,14649,14589,
19733,16336,15522,15347,15325,15319,15318,15361,15278,15315,
18408,15251,14485,14372,14356,14315,14335,14311,14343,14322,
19684,16120,15290,15143,15115,15109,15104,15107,15105,15100,
19575,16152,15382,15239,15219,15208,15215,15212,15209,15213,
18531,15300,14515,14404,14385,14377,14377,14374,14296,14358,
19188,15815,15015,14858,14853,14838,14853,14896,14828,14858,
18923,15634,14848,14733,14708,14798,14706,14691,14698,14702,
19148,15791,14968,14859,14831,14823,14821,14831,14823,14835,
20801,17150,16325,16018,16117,16107,16102,15985,16098,15556,
19911,16134,15753,15520,15502,15502,15153,15502,15497,15211,
20061,16323,14632,14515,15355,14507,14259,14128,14699,14150,
19621,16235,15451,15289,15278,15266,15267,15322,15143,15260,
19132,15793,15015,14921,14897,14846,14893,14846,14852,14840,
20561,16965,16121,15977,15935,15936,15940,15926,15939,15937,
19578,16218,15383,15230,15235,15219,15196,15234,15189,15190,
19833,16383,15544,15407,15422,15382,15387,15367,15412,15368,
21038,17318,16847,16273,16657,16650,16370,16647,16247,16258,
19078,15785,14943,14760,14658,14880,14750,14873,14809,14780,
20011,16541,15477,15383,15466,15452,15324,15300,15349,15326,
19805,16358,15538,15356,15360,15367,15352,15340,15354,15363,
19634,16207,15403,15260,15224,15237,15233,15225,15235,15216,
20046,16564,15738,15588,15633,15598,15576,15645,15553,15641,
19612,15918,15303,15162,14985,15725,15181,15072,15143,15726,
20557,17078,16042,15881,15898,15936,15865,15883,15821,16019,
18597,15404,14652,14506,14483,14478,14480,14467,14498,14580,
19373,16046,15232,15102,15048,15015,15053,15077,15044,15053,
18881,15639,14858,14699,14687,14672,14688,14682,14669,14635,
19674,16250,15436,15287,15259,15253,15257,15253,15255,15257,
20195,16649,15849,15577,15658,15549,15668,15549,15629,15649,
18900,15480,14799,14580,14637,14675,14676,14539,14553,14624,
19233,16082,15455,15293,15046,15251,15011,15031,15309,14887,
20474,17254,16121,16176,15835,15796,15801,16146,16275,16279,
19266,15896,15232,15017,14992,14987,14988,15033,14987,15070,
20410,16823,15964,15792,15778,15144,15817,15146,15617,15104,
22663,18549,16702,16556,16586,16598,16608,16664,17061,16686,
20372,16718,15940,15778,15183,15369,15763,15762,15536,15764,
19410,16027,15222,15068,15045,15045,15049,15039,15031,15036,
18970,15590,14902,14729,14610,14706,14616,14764,14708,14704,
20763,17064,16299,16079,16087,16071,16080,16076,16070,16057,
19355,15902,15231,15078,15060,14997,15067,15046,15047,14929,
18982,15552,14807,14708,14649,14633,14651,14650,14639,14660,
18789,16953,14650,14607,14567,15123,14597,14607,14933,14774,
21146,17370,16488,16339,16307,16304,16288,16306,16306,16304,
20625,17007,16152,16012,15979,15978,15973,15981,15967,15980,
19984,16644,15217,15070,15583,15286,15723,15187,15710,14938,
20421,16875,15999,15853,15852,15809,15835,15804,15832,15827,
20633,17006,16482,15892,16279,15954,15821,16265,15849,15925,
20033,16956,16008,15925,15944,15821,15935,15915,15923,15825,
21105,17309,16499,16325,16327,16285,16313,16260,16306,16250,
19467,16124,15325,15174,15146,15142,15149,15146,15145,15147,
19410,16049,15236,15082,15002,15045,15073,15042,14986,15046,
19634,16543,15437,15180,15514,15528,15533,15529,15494,15513,
18965,15705,14883,14847,14762,14731,14763,14784,14859,14701,
20492,16862,16031,15862,15841,15834,15834,15829,15834,15829,
19476,16103,15295,15157,15146,15127,15118,15151,15128,15129,
19321,15885,15113,14992,14830,14926,14914,14933,14919,14954,
19273,15972,15169,15030,14882,15031,15025,14888,14900,15027,
19627,16139,15329,15178,15152,15155,15191,15148,15183,15164,
20393,16715,15916,15752,15751,15738,15738,15726,15721,15730,
19720,16366,15791,15322,15602,15281,15392,15301,15388,15299,
20862,17095,16276,16137,16112,16103,16107,16089,16116,16103,
22283,18899,17838,17091,17120,17424,17622,17323,16831,17172,
19961,16404,15642,15327,15361,15276,15452,15294,15468,15443,
19813,16349,15595,15412,15299,15308,15390,15401,15426,15381,
18942,15648,14996,14843,14876,14854,14753,14871,15077,14828,
20098,16623,15755,15570,15524,15596,15562,15601,15569,15571,
25435,24708,24418,24332,24330,24309,24315,24238,24323,24248,
26178,25240,24905,24827,24781,24797,24791,24786,24789,24787,
25906,24737,23896,24647,23769,24107,24380,24011,24340,23804,
27879,25782,25365,25506,25418,25649,25338,25405,25437,25747,
27412,26412,26140,26062,26020,25980,26008,25982,26014,26013,
24783,24250,24035,24053,24008,23878,23936,23901,23957,23655,
25798,24611,24291,24294,24262,24222,24292,24308,24239,24227,
27679,26600,26538,26231,26814,26243,26201,26226,26231,26794,
25884,24922,24632,24557,24608,24510,24503,24607,24596,24431,
25627,24692,24322,24294,24216,24265,24302,24251,24214,24262,
26078,25141,24832,24661,24765,24798,24618,24716,24750,24709,
30090,28538,28262,28154,28047,28000,28122,28124,28004,28107,
25060,24220,23921,23905,23831,23888,23839,23849,23832,23851,
26688,25711,25399,25214,25292,25243,25247,25313,25234,25352,
26154,25285,25046,24957,24939,24885,24932,24904,24936,24888,
25755,24965,24696,24609,24545,24590,24553,24554,24574,24645,
20324,16714,15910,15763,15739,15721,15748,15733,15735,15720,
25320,24584,24320,24254,23891,24234,24216,24219,23885,24231,
19952,16321,15755,15435,15442,15788,15393,15459,15677,15531,
18957,15680,14925,14777,14837,14849,14696,14734,14851,14713,
20432,16815,15958,15871,15859,15842,15853,15856,15846,15851,
20209,15957,15949,14956,15051,15749,15112,15778,15750,15056,
20512,16909,16078,15906,15886,15883,15891,15898,15880,15893,
19581,16231,15512,15271,15230,15248,15284,15276,15328,15254,
27890,26798,26458,26362,26344,26331,26319,26354,26328,26338,
26218,25290,24949,24864,24843,24836,24853,24831,24843,24837,
27318,26312,25584,25533,25472,25880,25866,25465,25829,25860,
25605,24766,24482,24377,24362,24359,24375,24370,24338,24370,
26373,25631,25208,25190,25109,25081,25073,25069,25084,25077,
24823,24055,23762,23699,23618,23643,23661,23671,24482,23565,
28718,27309,27336,27145,27154,26893,27166,27127,26879,26896,
25421,24625,24366,24195,24213,24081,24251,24080,24260,24191,
20022,16548,15719,15170,15588,15534,15139,15582,15550,15520,
19534,15586,15105,14910,14892,15104,14873,15038,14900,14879,
19359,16022,15219,15070,15045,15048,15040,15152,14987,15037,
24634,19907,18899,17875,18401,16646,15454,15466,14432,14647,
18729,15506,14751,14436,14600,14588,14585,14582,14582,14577,
20347,16754,15935,15772,15746,15729,15736,15742,15744,15738,
19285,15952,15180,15080,15028,14997,15037,15020,15003,15005,
18517,15297,14532,14404,14358,14323,14287,14412,14356,14371,




Further Data analysis of all test cases 
INSTANCEID avg med max min 
INSTANCE1 23728.69, 25217.5, 34890, 18239, 
INSTANCE2 22029.486, 24908, 36728, 14511, 
INSTANCE3 21171.88, 24393.5, 30820, 13039, 
INSTANCE4 20938.364, 24296, 33092, 10531, 
INSTANCE5 20821.472, 24311.5, 29835, 9231, 
INSTANCE6 20795.332, 24450, 30889, 9311, 
INSTANCE7 20788.662, 24365, 32204, 8864, 
INSTANCE8 20779.928, 24377, 31051, 9409, 
INSTANCE9 20715.808, 24353.5, 30813, 9649, 
INSTANCE10 20747.168, 24284, 30821, 9364, 


INSTANCE1 23728.69, 25217.5, 34890, 18239, 
INSTANCE2 23087.528, 26159, 36354, 14511, 
INSTANCE3 21758.764, 25149, 32934, 12990, 
INSTANCE4 21365.284, 24896, 31358, 11766, 
INSTANCE5 21222.644, 24676, 32606, 11438, 
INSTANCE6 21185.59, 24786.5, 34235, 11131, 
INSTANCE7 21170.288, 24709.5, 30792, 10726, 
INSTANCE8 21124.884, 24734.5, 30846, 9876, 
INSTANCE9 21203.508, 24791.5, 32354, 9916, 
INSTANCE10 21081.814, 24696.5, 30410, 10079, 


INSTANCE1 23728.358, 25217.5, 34890, 18239, 
INSTANCE2 21726.584, 24342, 32984, 15100, 
INSTANCE3 21183.976, 24052, 31476, 14353, 
INSTANCE4 21037.922, 23991.5, 31227, 14189, 
INSTANCE5 21027.17, 23932.5, 31185, 13434, 
INSTANCE6 21004.008, 23946.5, 31085, 13428, 
INSTANCE7 21000.106, 23896.5, 31410, 13634, 
INSTANCE8 20989.742, 23946.5, 30863, 13521, 
INSTANCE9 21001.99, 23916, 31342, 13066, 
INSTANCE10 20984.188, 23962, 31775, 12340, 



