0.0,0.0,0.0,0.0,-0.036,-0.058,-0.02,-0.057,-0.168,0.101,
0.0,-0.02,0.004,0.125,-0.055,0.07,0.021,-0.232,0.091,0.004,
0.0,0.01,0.064,-0.072,-0.098,-0.116,-0.116,-0.004,0.0,-0.078,
0.0,-0.093,-0.038,-0.115,-0.021,-0.029,0.0,-0.024,-0.018,0.024,
0.0,0.0,0.042,0.037,0.073,0.039,-0.121,-0.052,-0.039,0.007,
0.0,0.0,-0.058,0.034,0.037,0.004,0.055,-0.086,-0.069,0.146,
0.0,0.0,0.02,-0.025,-0.009,-0.068,-0.01,-0.019,0.079,0.002,
0.0,0.0,0.0,-0.04,-0.013,0.009,-0.064,-0.05,0.002,-0.041,
0.0,0.0,-0.041,0.037,0.033,0.074,-0.029,-0.069,-0.041,-0.031,
0.0,-0.019,-0.011,0.066,0.027,-0.073,-0.129,-0.082,-0.103,-0.03,
0.0,-0.002,0.074,0.05,0.053,0.08,0.093,-0.023,0.032,0.013,
0.0,-0.063,-0.086,0.06,-0.144,-0.081,-0.024,-0.007,-0.006,0.044,
0.0,0.105,0.033,0.076,-0.023,0.083,0.031,0.004,0.045,-0.03,
0.0,-0.031,0.015,0.004,0.032,0.006,-0.017,0.129,0.135,0.008,
0.0,0.0,-0.005,0.086,0.039,-0.059,0.02,-0.021,-0.066,-0.022,
0.0,0.002,0.106,0.06,0.128,-0.057,0.052,0.063,-0.057,0.051,
0.0,0.054,-0.054,0.016,-0.012,0.104,-0.05,-0.069,0.016,0.056,
0.0,0.016,-0.012,0.04,-0.007,0.004,-0.022,0.021,0.066,-0.046,
0.0,-0.026,-0.015,0.025,-0.002,-0.152,0.058,-0.059,0.013,-0.017,
0.0,0.028,0.09,0.075,-0.036,-0.026,0.127,0.042,-0.103,0.025,
0.0,0.042,0.042,-0.002,-0.042,-0.002,-0.018,0.1,-0.026,0.002,
0.0,-0.041,0.024,0.002,-0.037,-0.058,-0.103,-0.078,0.012,-0.04,
0.0,0.0,-0.14,0.084,-0.043,-0.049,-0.054,0.026,-0.008,-0.071,
0.0,-0.009,0.036,0.054,-0.087,0.17,-0.002,0.049,-0.02,-0.002,
0.0,0.074,-0.036,-0.021,-0.055,-0.067,0.096,0.016,-0.095,0.062,
0.0,0.0,-0.006,0.027,0.004,0.096,-0.071,-0.039,-0.022,0.07,
0.0,0.029,0.024,-0.122,-0.032,0.025,-0.118,-0.098,-0.058,-0.023,
0.0,-0.037,-0.04,0.023,-0.057,0.021,-0.021,-0.104,-0.034,-0.01,
0.0,-0.061,-0.084,-0.025,0.018,-0.004,-0.102,-0.076,-0.077,-0.045,
0.0,0.081,-0.013,-0.053,-0.014,0.078,0.044,-0.031,-0.051,0.058,
0.0,-0.003,-0.005,0.003,0.009,0.03,0.028,-0.04,0.0,-0.081,
0.0,-0.007,0.03,-0.02,-0.03,-0.02,0.037,0.031,0.071,0.009,
0.0,-0.022,-0.056,-0.109,0.036,0.035,0.093,0.034,0.041,0.027,
0.0,0.0,-0.04,0.026,0.016,0.01,0.017,0.01,-0.048,-0.063,
0.0,-0.009,0.053,0.031,-0.074,-0.101,0.034,0.018,-0.023,0.037,
0.0,0.165,0.018,-0.031,0.073,0.016,-0.018,0.071,0.118,-0.007,
0.0,0.027,-0.006,-0.021,-0.04,-0.029,0.01,-0.032,0.043,0.016,
0.0,-0.036,-0.035,-0.067,-0.095,0.031,-0.038,0.01,0.021,0.022,
0.0,0.007,0.017,-0.006,-0.105,0.051,-0.048,0.049,0.036,0.035,
0.0,0.0,-0.016,-0.028,-0.067,-0.012,-0.063,0.023,-0.002,-0.006,
0.0,-0.018,-0.015,-0.06,-0.038,0.021,-0.005,-0.013,-0.092,-0.069,
0.0,-0.002,0.126,-0.011,-0.013,0.028,0.058,-0.066,-0.027,-0.038,
0.0,-0.067,0.073,0.029,0.057,-0.015,0.025,-0.058,-0.047,0.002,
0.0,-0.019,-0.02,0.057,-0.052,-0.167,-0.121,-0.038,-0.015,0.045,
0.0,0.0,0.0,0.0,0.0,0.0,0.0,0.0,0.0,0.0,
0.0,0.002,0.052,-0.013,0.071,0.054,-0.071,-0.05,0.022,-0.011,
0.0,0.0,0.0,0.0,0.0,0.0,0.0,0.0,0.0,0.0,
0.0,0.0,-0.002,0.019,0.007,-0.029,-0.08,-0.028,-0.011,0.056,
0.0,0.0,-0.006,-0.069,0.004,0.008,0.013,-0.012,-0.184,0.056,
0.0,-0.077,0.014,-0.041,-0.059,0.076,0.04,0.014,0.052,0.08,
0.0,0.044,-0.044,0.048,-0.009,-0.006,0.07,0.037,0.021,0.026,
0.0,0.0,0.022,-0.097,-0.059,0.024,0.004,0.036,0.156,0.013,
0.0,-0.071,-0.01,-0.031,-0.057,-0.027,0.057,0.042,-0.028,-0.037,
0.0,-0.011,-0.113,-0.015,-0.065,0.05,0.026,-0.045,-0.034,-0.051,
0.0,-0.007,0.023,-0.006,0.09,0.189,0.088,0.07,-0.058,-0.02,
0.0,0.0,0.018,-0.129,-0.052,-0.029,0.027,-0.047,-0.015,-0.049,
0.0,0.022,-0.014,-0.041,-0.051,-0.023,-0.085,-0.075,-0.045,-0.047,
0.0,-0.069,-0.058,-0.04,-0.019,0.005,-0.047,-0.04,-0.03,-0.045,
0.0,0.047,0.044,-0.039,0.005,-0.022,0.039,-0.013,-0.011,-0.118,
0.0,-0.066,0.035,-0.081,-0.014,0.094,0.035,0.014,-0.063,-0.151,
0.0,0.02,0.016,-0.007,0.019,0.0,-0.167,-0.059,-0.004,0.014,
0.0,0.0,0.0,0.0,0.0,0.0,0.0,0.0,0.0,0.0,
0.0,-0.026,0.017,-0.012,-0.037,-0.004,-0.213,-0.121,-0.01,-0.016,
0.0,0.003,-0.062,0.039,0.067,0.156,0.034,0.025,-0.015,-0.036,
0.0,-0.033,0.026,0.098,0.128,0.151,-0.03,-0.023,-0.058,0.037,
0.0,-0.02,-0.016,0.064,0.045,0.139,-0.006,0.022,0.085,0.099,
0.0,-0.061,-0.024,-0.026,0.038,-0.013,0.092,0.011,0.046,0.079,
0.0,-0.098,-0.042,-0.028,-0.07,-0.06,0.03,0.079,-0.031,-0.019,
0.0,-0.044,0.058,-0.004,-0.028,-0.054,0.061,0.019,-0.043,-0.043,
0.0,-0.01,0.03,0.136,-0.037,-0.037,-0.011,-0.103,-0.054,0.092,
0.0,-0.1,-0.026,-0.03,0.085,0.08,0.019,-0.02,0.006,0.026,
0.0,-0.058,-0.039,-0.11,-0.034,-0.064,-0.066,-0.03,-0.084,-0.085,
0.0,0.0,-0.035,0.026,0.022,-0.048,0.02,-0.099,-0.073,0.072,
0.0,0.0,0.0,0.06,-0.002,-0.031,-0.048,-0.09,-0.005,0.039,
0.0,-0.025,-0.026,0.015,-0.081,-0.074,-0.015,-0.049,-0.069,0.002,
0.0,-0.057,-0.004,-0.007,-0.01,0.0,0.0,0.0,0.0,0.0,
0.0,0.017,0.064,0.056,0.107,0.036,-0.099,-0.025,0.061,-0.159,
0.0,-0.026,0.002,-0.117,-0.052,-0.108,-0.052,-0.006,-0.004,-0.011,
0.0,0.01,0.077,-0.071,0.032,-0.053,-0.004,0.029,-0.01,-0.005,
0.0,-0.01,0.033,-0.065,-0.07,-0.008,0.167,-0.038,0.014,-0.035,
0.0,0.0,0.0,-0.011,0.086,0.022,-0.104,-0.011,0.071,0.007,
0.0,0.02,-0.074,-0.016,-0.092,0.013,0.007,-0.034,0.047,-0.032,
0.0,0.023,-0.015,0.064,-0.041,0.066,0.091,0.045,-0.028,0.004,
0.0,-0.003,0.047,-0.033,0.019,0.0,0.045,0.016,0.037,0.039,
0.0,0.0,0.011,0.021,0.049,0.022,0.108,0.008,0.031,0.011,
0.0,-0.054,0.033,-0.007,-0.052,-0.048,-0.054,-0.081,0.017,0.074,
0.0,0.092,0.028,-0.002,-0.047,0.065,0.137,0.061,0.044,0.057,
0.0,0.015,-0.033,0.075,-0.004,0.033,0.063,0.051,0.0,0.006,
0.0,0.008,-0.07,0.063,-0.04,-0.121,-0.126,0.082,-0.18,-0.055,
0.0,0.0,0.0,-0.01,-0.066,-0.03,-0.091,-0.096,-0.031,-0.052,
0.0,0.048,-0.016,0.044,0.024,-0.002,-0.069,0.033,-0.003,-0.03,
0.0,0.03,-0.096,-0.073,-0.016,-0.072,-0.018,0.035,0.072,-0.027,
0.0,-0.064,-0.041,-0.042,-0.028,0.025,0.017,-0.048,-0.077,0.006,
0.0,-0.038,0.093,-0.021,-0.022,-0.009,0.034,0.002,0.047,0.047,
0.0,-0.07,0.047,0.039,0.028,-0.092,0.005,-0.027,-0.084,-0.034,
0.0,-0.134,-0.09,0.0,-0.088,-0.135,0.027,0.058,-0.158,-0.011,
0.0,0.018,-0.077,0.033,-0.158,0.149,-0.047,0.022,-0.002,0.04,
0.0,0.003,0.02,0.0,-0.015,-0.009,0.031,0.033,0.04,-0.088,
0.0,0.0,0.0,-0.04,0.134,-0.014,-0.022,-0.066,-0.038,-0.063,
0.0,-0.012,0.068,0.003,0.023,0.029,0.064,-0.026,0.056,0.021,
0.0,0.005,-0.004,-0.048,-0.062,-0.004,0.012,0.006,0.06,0.01,
0.0,0.024,-0.039,0.034,0.004,0.03,-0.002,-0.024,-0.035,-0.088,
0.0,-0.023,-0.016,-0.068,-0.118,-0.125,-0.091,-0.027,0.0,0.066,
0.0,-0.031,-0.053,-0.024,-0.013,0.027,-0.039,-0.048,-0.034,-0.042,
0.0,0.022,-0.07,0.102,0.008,-0.105,0.013,0.052,0.063,0.086,
0.0,-0.002,0.146,0.012,-0.161,-0.004,0.07,-0.062,0.05,0.111,
0.0,-0.003,0.018,-0.084,-0.02,-0.025,0.0,-0.017,-0.052,0.062,
0.0,-0.023,-0.056,-0.021,0.007,-0.087,-0.052,-0.123,-0.089,0.009,
0.0,-0.012,0.081,-0.045,0.004,-0.031,0.005,0.025,-0.106,-0.037,
0.0,-0.025,0.069,0.028,0.088,0.017,0.147,0.103,-0.058,0.071,
0.0,0.075,0.021,0.026,-0.022,0.092,0.052,-0.006,0.094,0.06,
0.0,-0.007,-0.053,-0.038,0.007,-0.006,-0.065,0.002,-0.027,0.031,
0.0,0.0,-0.064,0.072,-0.027,-0.035,0.008,0.017,-0.084,-0.05,
0.0,-0.007,-0.073,-0.067,-0.035,0.041,0.031,-0.034,-0.034,0.038,
0.0,-0.004,-0.027,0.054,0.02,-0.027,-0.036,-0.03,0.029,-0.043,
0.0,-0.047,-0.051,0.012,-0.004,-0.077,-0.242,0.017,0.0,0.082,
0.0,0.049,0.011,0.028,-0.027,-0.022,-0.004,0.011,-0.017,-0.041,
0.0,0.013,-0.015,-0.023,-0.031,-0.104,0.05,0.007,0.07,-0.014,
0.0,-0.022,-0.061,0.004,-0.026,-0.018,0.036,0.017,-0.045,-0.029,
0.0,0.032,0.041,0.096,0.002,-0.02,0.002,0.079,0.002,0.0,
0.0,0.0,0.058,-0.022,-0.009,-0.06,-0.002,-0.008,-0.106,0.042,
0.0,0.0,0.0,0.0,0.0,0.0,0.007,0.049,-0.108,-0.125,
0.0,-0.027,0.012,0.06,0.038,0.053,-0.018,-0.057,0.016,-0.074,
0.0,0.012,0.029,-0.033,-0.021,0.028,0.023,0.024,-0.072,0.002,
0.0,-0.015,0.015,-0.006,-0.021,-0.004,-0.045,-0.023,0.142,0.072,
0.0,-0.026,-0.091,0.072,-0.073,-0.047,-0.079,0.0,-0.016,-0.109,
0.0,0.0,0.0,0.0,0.0,0.0,0.0,0.0,-0.002,0.053,
0.0,-0.017,0.037,0.019,-0.017,0.007,-0.009,-0.057,-0.033,-0.055,
0.0,-0.073,0.046,-0.092,0.007,0.07,0.07,0.018,0.067,0.041,
0.0,0.015,0.002,0.067,0.013,0.044,0.062,-0.105,0.018,-0.033,
0.0,-0.02,0.061,0.022,0.101,0.008,-0.021,-0.026,0.025,-0.036,
0.0,-0.032,-0.012,0.017,-0.024,-0.018,0.062,0.012,0.042,-0.027,
0.0,-0.004,0.02,0.033,0.047,-0.023,-0.034,-0.004,-0.038,-0.004,
0.0,-0.03,0.008,0.081,-0.01,-0.066,-0.019,0.05,0.036,0.0,
0.0,0.024,-0.033,-0.053,0.042,0.092,0.044,-0.075,-0.037,0.017,
0.0,0.012,0.03,-0.077,-0.015,-0.042,-0.009,0.019,0.044,-0.049,
0.0,-0.068,0.043,-0.139,-0.096,-0.127,0.096,0.145,-0.086,0.114,
0.0,-0.025,0.009,-0.064,0.0,-0.095,-0.102,0.05,0.015,0.013,
0.0,-0.062,-0.024,0.011,-0.059,0.05,-0.006,0.022,-0.031,0.068,
0.0,0.014,0.041,0.05,-0.066,-0.081,-0.076,-0.03,-0.13,-0.078,
0.0,-0.028,-0.02,0.038,-0.077,0.009,-0.077,-0.017,-0.045,-0.025,
0.0,-0.077,-0.029,0.063,0.068,-0.065,0.024,-0.008,-0.036,-0.056,
0.0,-0.06,-0.025,0.036,-0.071,-0.007,-0.045,-0.046,-0.045,0.058,
0.0,0.022,0.078,0.054,-0.032,-0.002,0.015,0.034,-0.036,-0.017,
0.0,0.018,-0.011,-0.057,-0.038,0.031,-0.013,-0.04,0.071,0.074,
0.0,-0.02,-0.035,-0.058,-0.013,0.053,0.086,-0.017,0.068,-0.056,
0.0,-0.021,0.024,0.022,0.036,-0.08,-0.017,-0.057,-0.042,-0.028,
0.0,0.0,-0.002,-0.016,-0.101,0.011,-0.002,0.063,-0.017,0.109,
0.0,0.0,0.0,0.0,0.0,-0.002,0.002,-0.006,0.009,-0.035,
0.0,-0.025,0.003,0.062,0.016,0.063,0.031,0.073,-0.05,0.045,
0.0,0.0,0.0,0.0,0.0,0.0,0.0,0.0,0.0,0.0,
0.0,0.006,0.063,-0.061,-0.042,-0.013,0.044,0.002,0.04,-0.03,
0.0,-0.014,-0.005,-0.012,-0.044,-0.076,-0.004,-0.072,-0.007,-0.055,
0.0,0.069,-0.021,0.008,-0.051,-0.049,0.013,-0.002,-0.018,-0.028,
0.0,0.028,0.071,-0.021,-0.045,0.197,0.009,0.023,0.004,0.018,
0.0,-0.099,-0.047,-0.029,0.005,-0.033,-0.034,-0.071,0.107,-0.015,
0.0,-0.069,-0.023,0.041,-0.072,-0.005,0.009,-0.016,0.063,-0.012,
0.0,0.0,-0.012,0.07,-0.013,-0.016,0.044,0.028,0.004,-0.035,
0.0,0.0,-0.007,-0.041,0.027,-0.06,0.048,-0.138,0.03,-0.092,
0.0,0.0,0.0,0.037,0.032,-0.042,-0.02,-0.076,0.127,-0.03,
0.0,-0.058,-0.056,-0.025,-0.05,-0.002,-0.06,-0.038,-0.044,0.068,
0.0,0.003,0.095,0.074,0.024,-0.008,-0.093,-0.035,0.035,-0.099,
0.0,0.017,0.026,0.042,0.007,-0.042,0.034,-0.019,-0.016,-0.025,
0.0,0.0,-0.019,0.048,-0.028,-0.075,-0.011,0.09,-0.043,-0.126,
0.0,-0.072,-0.009,-0.055,-0.007,-0.049,0.03,-0.087,0.042,-0.029,
0.0,0.055,0.041,-0.08,-0.006,-0.06,-0.048,-0.077,-0.023,0.011,
0.0,0.02,-0.024,-0.013,0.003,-0.007,-0.094,-0.06,-0.065,-0.103,
0.0,-0.016,-0.062,-0.011,-0.059,-0.031,-0.002,-0.032,-0.046,-0.002,
0.0,-0.005,0.072,0.036,0.074,0.061,-0.05,-0.061,-0.034,-0.1,
0.0,-0.053,0.176,-0.049,0.078,0.066,0.042,0.019,0.09,0.137,
0.0,-0.027,-0.038,-0.032,0.074,-0.023,0.003,-0.005,-0.011,-0.034,
0.0,0.0,0.099,-0.015,-0.052,-0.069,-0.075,-0.045,-0.008,0.023,
0.0,0.0,0.0,0.0,-0.042,0.004,0.133,0.037,-0.022,0.041,
0.0,-0.045,-0.054,0.06,0.079,0.113,-0.005,-0.071,-0.037,-0.062,
0.0,0.0,-0.007,0.0,0.009,-0.101,-0.075,0.028,0.032,0.106,
0.0,0.0,0.0,0.021,-0.008,0.059,-0.01,-0.002,0.068,0.068,
0.0,0.0,-0.087,-0.045,-0.06,0.039,0.027,0.046,-0.016,0.08,
0.0,0.07,-0.007,-0.029,0.053,0.021,0.015,0.0,0.096,0.008,
0.0,0.009,-0.055,0.007,0.009,-0.02,-0.045,0.038,0.133,-0.133,
0.0,0.054,-0.058,0.121,-0.036,0.051,0.091,0.075,-0.038,-0.097,
0.0,0.003,-0.026,0.033,-0.106,-0.059,-0.024,0.041,-0.047,-0.077,
0.0,-0.015,0.074,0.004,0.033,0.035,0.009,0.056,0.042,0.014,
0.0,0.0,-0.007,0.015,0.01,0.017,-0.049,0.05,0.125,0.104,
0.0,0.053,-0.07,-0.009,-0.089,-0.102,0.043,0.082,0.028,0.032,
0.0,0.057,-0.046,-0.039,0.083,-0.032,0.03,0.136,-0.013,0.063,
0.0,0.0,-0.016,0.081,0.066,0.016,-0.137,-0.042,-0.118,-0.011,
0.0,0.026,-0.033,0.028,0.068,-0.061,-0.063,-0.022,-0.062,0.066,
0.0,-0.037,-0.017,0.026,-0.013,-0.067,0.03,-0.082,-0.067,-0.14,
0.0,-0.008,-0.092,-0.042,0.157,-0.045,0.068,-0.058,-0.01,-0.012,
0.0,0.0,0.0,0.0,0.0,0.0,0.0,0.0,0.0,0.0,
0.0,0.021,0.05,-0.1,0.051,-0.006,0.078,-0.058,0.062,-0.046,
0.0,-0.047,0.007,0.004,0.084,0.038,-0.038,0.0,-0.094,0.039,
0.0,0.06,-0.045,-0.065,-0.041,-0.032,0.0,0.024,0.015,-0.036,
0.0,0.0,0.0,0.002,0.014,-0.133,0.106,0.04,0.014,-0.053,
0.0,-0.018,-0.062,0.012,-0.056,0.058,-0.059,-0.056,-0.056,-0.067,
0.0,0.037,-0.081,-0.049,0.025,0.008,-0.05,-0.063,-0.017,0.006,
0.0,0.0,0.0,-0.06,0.147,0.029,0.021,0.042,0.031,0.097,
0.0,0.0,-0.047,-0.014,0.062,-0.052,0.018,0.021,-0.034,0.042,
0.0,0.013,-0.033,-0.056,-0.116,0.004,0.108,0.032,0.045,0.057,
0.0,-0.001,-0.058,-0.038,0.068,0.178,0.05,-0.021,0.093,-0.022,
0.0,0.0,0.0,0.013,0.046,-0.03,-0.071,0.126,0.019,-0.065,
0.0,-0.016,0.086,0.051,-0.061,0.016,0.149,-0.024,0.088,0.066,
0.0,-0.041,-0.042,0.017,0.012,0.031,-0.051,0.058,-0.086,-0.043,
0.0,0.0,-0.034,-0.029,0.02,0.015,-0.123,-0.098,-0.109,-0.142,
0.0,-0.049,-0.023,-0.05,-0.062,0.103,-0.119,-0.116,-0.105,-0.109,
0.0,0.006,-0.067,-0.013,-0.044,0.002,-0.004,0.002,-0.048,0.112,
0.0,0.0,0.0,-0.017,-0.009,0.002,0.033,0.039,0.063,0.026,
0.0,0.02,0.008,-0.04,-0.058,-0.192,-0.047,-0.004,0.118,0.108,
0.0,0.0,0.0,0.051,-0.135,-0.02,-0.047,0.071,0.097,-0.005,
0.0,0.006,-0.038,0.029,0.0,0.002,0.13,-0.033,-0.081,-0.064,
0.0,-0.031,-0.023,0.0,-0.033,-0.007,-0.032,-0.05,-0.053,0.01,
0.0,0.014,0.02,0.067,-0.013,-0.024,-0.009,-0.048,-0.014,-0.101,
0.0,0.011,0.02,0.084,-0.017,-0.011,0.037,-0.009,-0.056,-0.048,
0.0,0.039,-0.017,0.041,0.05,-0.009,-0.163,-0.068,-0.111,0.054,
0.0,0.03,-0.083,-0.137,-0.154,-0.118,-0.101,-0.061,-0.062,0.04,
0.0,0.0,0.0,0.0,0.0,0.0,0.0,0.0,0.0,0.0,
0.0,-0.044,-0.045,-0.051,0.044,-0.049,-0.052,-0.071,-0.024,0.021,
0.0,0.018,-0.085,-0.012,-0.064,-0.068,-0.06,-0.044,-0.115,0.034,
0.0,0.042,0.033,-0.004,0.056,0.075,0.052,0.032,-0.053,0.059,
0.0,0.035,-0.055,0.041,-0.009,-0.04,-0.014,-0.005,-0.025,0.03,
0.0,-0.098,0.012,-0.027,0.005,-0.085,-0.033,0.039,0.132,-0.027,
0.0,-0.011,-0.042,0.055,0.008,-0.017,-0.05,0.009,-0.009,0.135,
0.0,0.0,0.0,0.0,0.0,0.0,0.0,0.0,0.0,0.0,
0.0,0.121,-0.031,-0.036,-0.066,-0.104,-0.099,-0.062,-0.028,0.043,
0.0,-0.063,0.021,-0.046,0.04,-0.079,-0.041,-0.041,0.066,-0.012,
0.0,0.098,0.026,-0.05,0.046,0.028,-0.006,0.005,0.007,-0.029,
0.0,-0.011,0.004,0.02,-0.109,0.069,0.041,-0.007,0.024,0.086,
0.0,-0.051,-0.059,0.083,0.058,0.004,-0.058,-0.06,0.01,-0.067,
0.0,0.041,0.04,-0.082,-0.081,0.081,0.07,-0.022,0.12,-0.058,
0.0,0.073,-0.005,-0.038,-0.035,-0.103,-0.049,0.017,-0.059,-0.065,
0.0,0.0,0.074,0.023,0.04,0.099,-0.031,-0.058,0.065,0.025,
0.0,-0.012,-0.031,-0.015,-0.031,-0.109,-0.036,0.076,0.058,-0.004,
0.0,-0.021,0.166,0.034,0.089,0.068,0.049,0.018,-0.131,0.007,
0.0,-0.01,0.004,0.004,-0.088,-0.017,-0.12,-0.013,-0.013,-0.131,
0.0,-0.025,0.049,-0.018,0.03,0.036,0.044,-0.076,-0.057,-0.072,
0.0,0.037,-0.01,0.125,0.051,0.055,0.091,0.07,0.081,0.011,
0.0,-0.006,0.031,0.006,0.09,0.008,-0.09,0.01,0.035,-0.098,
0.0,0.003,-0.034,-0.022,0.023,0.05,0.113,0.04,-0.013,-0.006,
0.0,-0.069,0.017,0.02,-0.062,-0.04,-0.019,0.033,-0.11,0.016,
0.0,0.0,0.0,0.0,0.0,0.0,0.0,-0.16,-0.141,-0.118,
0.0,0.03,-0.063,-0.002,-0.055,0.018,0.017,-0.074,-0.058,-0.025,
0.0,0.0,-0.062,-0.074,-0.075,-0.081,0.02,0.012,0.042,0.089,
0.0,-0.049,-0.055,0.004,-0.067,-0.037,0.114,0.042,-0.039,-0.051,
0.0,-0.032,-0.042,-0.062,0.012,0.019,0.076,-0.058,-0.023,-0.048,
0.0,0.027,-0.09,0.041,0.063,0.132,-0.145,-0.096,-0.002,0.0,
0.0,0.001,-0.116,-0.049,-0.036,-0.048,-0.018,-0.02,-0.052,-0.051,
0.0,-0.017,-0.016,0.086,-0.022,-0.002,-0.046,0.064,0.006,0.049,
0.0,0.048,0.068,0.012,0.072,0.072,-0.074,-0.052,-0.03,-0.024,
0.0,0.007,-0.021,-0.039,-0.002,-0.077,-0.138,-0.02,-0.004,-0.002,
0.0,0.019,0.007,0.002,-0.049,0.065,0.059,0.029,0.114,0.076,
0.0,-0.11,0.043,0.096,-0.042,-0.048,0.02,-0.024,-0.057,0.105,
0.0,0.0,-0.013,-0.033,-0.009,-0.062,0.156,-0.057,0.068,0.1,
0.0,0.089,0.002,-0.099,-0.028,0.041,-0.027,0.019,0.046,-0.038,
0.0,-0.029,0.007,-0.002,0.004,-0.031,-0.024,-0.007,-0.032,0.006,
0.0,0.0,0.0,0.0,0.0,0.0,0.0,0.0,0.0,0.0,
0.0,-0.103,-0.021,-0.056,0.047,0.1,0.091,0.031,0.004,0.014,
0.0,0.0,0.0,-0.018,0.054,-0.022,0.0,-0.002,-0.031,0.094,
0.0,-0.024,-0.055,-0.042,-0.025,-0.013,0.021,-0.028,0.014,0.015,
0.0,0.08,-0.044,-0.02,-0.002,-0.069,0.197,0.085,-0.068,0.125,
0.0,0.0,0.034,0.027,-0.04,0.009,0.005,0.056,0.004,0.044,
0.0,-0.036,-0.113,-0.08,-0.033,-0.052,0.141,0.035,0.032,0.086,
0.0,0.0,-0.022,-0.014,-0.002,-0.054,0.092,0.083,-0.02,-0.027,
0.0,0.036,-0.04,0.046,-0.004,-0.054,0.021,-0.028,0.005,0.028,
0.0,0.0,0.002,0.047,0.095,0.013,-0.054,0.099,-0.069,0.006,
0.0,-0.061,-0.084,-0.027,-0.04,-0.007,-0.076,-0.046,-0.016,-0.111,
0.0,0.073,0.011,-0.036,-0.084,0.052,0.102,0.017,-0.021,-0.047,
0.0,0.069,-0.005,-0.048,-0.036,-0.013,0.027,0.014,-0.072,0.003,
0.0,-0.034,0.007,-0.032,-0.029,-0.047,0.05,-0.04,-0.105,-0.044,
0.0,0.013,0.011,0.069,-0.015,0.012,0.016,-0.048,-0.048,-0.017,
0.0,-0.021,0.004,-0.032,0.009,-0.029,0.083,-0.019,-0.065,0.059,
0.0,0.0,0.0,0.0,0.0,0.026,-0.03,0.0,-0.01,0.159,
0.0,0.0,-0.01,0.078,0.002,0.011,-0.07,0.017,0.065,-0.013,
0.0,0.051,0.012,-0.025,0.024,0.028,-0.054,-0.032,0.011,-0.017,
0.0,-0.012,0.094,0.029,-0.047,0.059,0.002,-0.1,-0.021,0.025,
0.0,0.009,-0.033,-0.06,-0.043,0.008,-0.056,-0.02,0.024,-0.078,
0.0,0.021,0.057,0.063,0.063,0.108,0.024,0.073,-0.141,-0.073,
0.0,0.0,0.0,0.014,0.021,-0.004,-0.051,0.007,0.0,-0.119,
0.0,-0.068,-0.057,-0.093,-0.111,0.02,0.105,-0.008,0.019,0.066,
0.0,-0.033,-0.002,-0.079,0.051,-0.148,-0.119,0.023,0.058,0.028,
0.0,0.0,0.0,-0.036,0.102,-0.016,-0.019,0.007,-0.057,-0.005,
0.0,0.017,-0.109,-0.068,0.075,0.0,0.024,-0.058,-0.01,0.059,
0.0,-0.031,-0.025,-0.051,-0.105,0.01,0.024,0.032,0.057,0.086,
0.0,-0.015,0.017,0.046,0.021,0.028,0.009,0.057,0.075,-0.034,
0.0,0.0,-0.02,-0.057,-0.033,-0.004,-0.018,0.094,-0.026,0.031,
0.0,-0.009,0.048,-0.068,0.028,0.013,-0.026,0.042,-0.05,0.034,
0.0,0.0,0.041,-0.029,0.019,0.0,-0.019,0.021,-0.038,-0.034,
0.0,0.018,-0.084,0.082,-0.072,-0.057,-0.046,0.028,-0.006,-0.023,
0.0,0.018,-0.018,0.002,-0.018,0.106,-0.044,0.058,0.057,0.01,
0.0,0.0,-0.139,-0.101,-0.117,-0.101,-0.024,-0.028,0.011,-0.011,
0.0,0.037,0.125,0.025,-0.024,-0.021,0.008,0.031,-0.079,0.008,
0.0,0.0,0.0,0.0,0.128,-0.038,0.029,0.117,-0.038,-0.026,
0.0,-0.002,-0.085,0.022,-0.049,-0.095,-0.026,-0.07,-0.056,-0.045,
0.0,0.017,-0.012,-0.032,-0.111,-0.013,-0.047,0.05,-0.048,-0.032,
0.0,0.0,0.04,0.055,-0.022,-0.043,0.061,-0.107,0.055,-0.044,
0.0,-0.028,-0.008,-0.049,0.17,0.043,-0.008,0.045,-0.03,-0.067,
0.0,-0.005,-0.064,-0.063,-0.074,0.131,0.008,0.034,0.029,0.043,
0.0,0.0,0.0,0.0,-0.044,0.03,0.008,-0.148,-0.128,-0.096,
0.0,-0.056,0.149,0.039,0.054,-0.013,-0.046,-0.012,-0.013,0.096,
0.0,0.0,-0.101,0.034,0.103,-0.017,0.041,-0.049,-0.106,-0.032,
0.0,0.0,0.0,-0.042,-0.03,0.074,0.015,-0.055,0.034,-0.06,
0.0,-0.223,-0.137,-0.229,-0.002,0.104,0.042,0.231,0.08,0.141,
0.0,-0.007,-0.006,0.067,0.095,0.078,0.021,-0.056,-0.031,0.07,
0.0,0.0,-0.085,0.024,-0.042,-0.019,0.033,0.063,0.025,-0.039,
0.0,0.0,0.0,0.0,0.0,0.0,0.0,0.0,0.0,0.0,
0.0,0.007,0.013,-0.013,-0.108,0.045,-0.041,0.057,-0.103,-0.031,
0.0,-0.023,0.0,0.089,0.021,0.075,0.037,0.014,-0.01,-0.033,
0.0,0.0,0.0,-0.033,-0.004,0.074,-0.102,0.082,-0.025,0.011,
0.0,-0.023,-0.074,-0.103,0.034,-0.027,0.097,-0.022,0.045,0.06,
0.0,0.093,-0.108,-0.08,0.031,0.014,0.051,0.006,0.035,0.0,
0.0,-0.045,-0.111,-0.053,-0.026,0.062,-0.002,-0.037,0.02,0.064,
0.0,0.0,0.019,-0.17,0.095,0.125,-0.064,-0.042,0.028,0.046,
0.0,0.0,-0.017,-0.092,-0.053,-0.015,-0.049,0.079,-0.004,-0.023,
0.0,-0.016,0.04,0.0,0.002,-0.015,-0.074,0.071,0.109,-0.048,
0.0,0.0,0.0,0.015,0.054,0.027,0.034,-0.027,0.094,0.044,
0.0,0.0,0.0,-0.027,-0.059,0.012,0.008,-0.013,-0.068,-0.024,
0.0,0.002,-0.067,-0.022,0.044,-0.016,0.129,0.111,-0.029,0.038,
0.0,-0.006,-0.073,0.056,-0.005,-0.055,0.092,-0.029,0.029,0.014,
0.0,0.101,-0.122,0.11,0.02,0.0,0.014,-0.049,-0.011,0.107,
0.0,0.06,-0.027,0.046,0.029,-0.022,0.007,0.058,-0.029,0.037,
0.0,0.0,0.0,0.0,0.0,0.0,0.0,0.0,0.0,0.0,
0.0,0.007,-0.055,0.031,-0.049,0.016,0.047,0.024,0.01,-0.066,
0.0,0.0,-0.077,0.007,0.052,-0.029,0.036,0.043,0.016,0.013,
0.0,0.013,0.039,0.06,0.02,-0.034,0.048,-0.051,-0.011,-0.002,
0.0,0.05,-0.069,0.016,0.011,0.011,0.022,0.0,-0.016,-0.036,
0.0,0.0,0.0,-0.014,-0.024,0.015,0.002,0.004,-0.094,-0.138,
0.0,0.0,0.0,0.0,0.0,-0.002,-0.067,0.007,0.11,0.087,
0.0,-0.004,0.072,-0.014,-0.227,0.056,0.074,0.19,-0.078,0.057,
0.0,0.0,0.0,-0.002,0.004,0.04,0.013,0.011,0.075,0.117,
0.0,0.016,-0.069,0.079,0.016,0.077,0.015,0.114,-0.004,0.029,
0.0,0.0,0.0,0.0,0.0,0.0,0.0,0.0,0.0,0.0,
0.0,0.022,0.048,-0.064,-0.012,-0.006,0.012,0.024,-0.018,-0.06,
0.0,0.0,0.0,-0.064,-0.146,-0.029,0.0,0.0,0.135,-0.159,
0.0,-0.022,-0.044,0.051,-0.009,-0.078,0.018,0.014,-0.052,-0.072,
0.0,-0.021,-0.073,0.076,-0.081,-0.019,-0.047,0.0,0.095,-0.059,
0.0,0.002,0.075,-0.045,-0.027,0.015,-0.046,0.083,0.069,-0.048,
0.0,0.002,-0.105,0.093,-0.072,0.077,-0.027,-0.024,-0.018,-0.008,
0.0,-0.017,-0.049,0.009,-0.011,-0.028,0.012,0.007,-0.053,-0.117,
0.0,0.01,0.087,0.111,-0.006,-0.096,0.025,0.026,0.1,0.063,
0.0,-0.017,-0.018,0.032,0.002,-0.134,-0.033,0.065,0.012,-0.036,
0.0,0.0,0.0,0.0,0.0,0.0,0.0,0.0,0.0,0.007,
0.0,0.0,0.0,0.0,0.0,0.0,0.0,0.0,0.0,0.0,
0.0,-0.02,-0.028,-0.073,-0.07,-0.06,0.019,-0.011,-0.023,-0.065,
0.0,-0.026,-0.019,-0.048,-0.112,0.034,0.153,0.012,0.019,0.029,
0.0,0.0,0.0,0.0,0.0,0.0,0.0,0.0,0.022,0.025,
0.0,0.102,0.054,-0.115,0.004,0.086,0.03,-0.051,0.083,0.122,
0.0,0.0,0.0,-0.005,-0.007,0.052,0.191,-0.094,0.158,-0.102,
0.0,0.044,0.045,0.008,-0.042,0.016,0.046,0.04,-0.138,-0.024,
0.0,0.0,0.0,0.048,-0.094,-0.052,0.002,-0.015,-0.05,-0.143,
0.0,0.0,-0.012,-0.084,-0.002,0.031,-0.088,-0.013,-0.027,0.032,
0.0,0.0,-0.029,-0.077,-0.055,0.046,0.067,0.021,-0.059,0.022,
0.0,0.013,-0.073,-0.015,0.049,-0.015,-0.069,-0.008,0.013,-0.078,
0.0,0.0,0.0,0.0,0.0,-0.052,-0.069,0.011,0.008,0.057,
0.0,0.045,0.032,-0.016,0.007,-0.053,-0.014,-0.107,-0.049,0.064,
0.0,0.015,0.093,-0.027,0.076,0.006,0.0,-0.11,0.071,-0.02,
0.0,-0.009,-0.046,0.013,0.009,0.019,-0.04,0.055,0.047,-0.041,
0.0,-0.009,-0.072,-0.082,0.002,0.112,-0.002,0.043,-0.008,0.047,
0.0,0.0,0.023,-0.029,0.017,-0.158,-0.071,-0.146,-0.067,0.072,
0.0,-0.047,-0.052,0.022,0.002,0.012,0.022,0.014,0.076,-0.056,
0.0,0.0,0.0,0.0,0.0,0.0,0.0,0.0,0.0,0.0,
0.0,0.007,-0.009,0.027,0.006,-0.038,0.046,0.116,0.002,-0.002,
0.0,0.0,0.048,-0.023,0.092,0.16,0.018,-0.096,-0.045,-0.162,
0.0,0.0,-0.043,0.097,0.035,0.134,-0.045,0.02,0.071,0.006,
0.0,0.049,-0.008,0.038,0.021,-0.066,-0.043,-0.023,-0.031,-0.004,
0.0,0.044,-0.025,-0.078,0.027,0.006,-0.02,-0.014,-0.029,-0.008,
0.0,-0.057,0.004,-0.009,-0.007,-0.029,-0.056,0.009,0.016,-0.01,
0.0,0.081,-0.016,0.091,0.018,0.131,-0.015,-0.065,-0.095,0.025,
0.0,-0.008,0.014,0.014,-0.165,0.131,-0.029,-0.046,0.033,0.144,
0.0,0.017,-0.006,0.008,-0.024,0.052,-0.038,-0.006,0.009,-0.019,
0.0,0.0,-0.007,0.056,0.037,0.014,0.019,-0.089,0.084,-0.062,
0.0,0.0,0.0,0.0,0.0,0.0,0.0,0.0,0.0,0.0,
0.0,-0.014,-0.046,0.01,0.034,0.022,-0.044,-0.021,-0.082,0.01,
0.0,-0.036,-0.045,-0.028,-0.027,-0.006,-0.036,-0.054,0.137,-0.052,
0.0,-0.007,0.012,-0.032,-0.022,-0.006,-0.036,0.024,0.028,-0.01,
0.0,-0.042,-0.011,0.098,-0.012,-0.053,-0.008,-0.059,-0.02,0.004,
0.0,0.0,0.006,-0.122,-0.088,0.116,-0.025,-0.103,0.069,0.083,
0.0,0.0,-0.027,0.083,-0.008,-0.15,-0.021,0.01,0.063,-0.038,
0.0,0.035,-0.089,0.091,-0.015,-0.017,-0.021,-0.007,0.034,-0.077,
0.0,-0.089,0.071,-0.011,-0.061,0.1,0.0,0.134,-0.013,-0.081,
0.0,0.0,0.0,0.0,-0.027,-0.044,0.015,0.009,0.011,0.01,
0.0,0.0,-0.028,0.034,-0.024,-0.011,0.084,0.072,0.052,0.033,
0.0,0.0,0.0,0.0,0.0,0.0,0.0,0.0,0.0,0.0,
0.0,0.0,-0.067,-0.007,-0.046,-0.032,-0.018,0.053,0.009,-0.09,
0.0,0.01,-0.002,0.004,0.027,-0.062,0.056,0.101,0.021,0.02,
0.0,-0.032,0.068,-0.004,-0.015,-0.072,-0.038,0.02,-0.033,0.046,
0.0,-0.009,-0.018,0.026,-0.062,0.011,-0.1,-0.002,-0.04,-0.017,
0.0,0.0,0.0,0.0,0.0,0.0,0.06,0.142,-0.01,-0.008,
0.0,-0.024,-0.033,0.065,0.015,0.007,0.089,0.002,-0.023,-0.059,
0.0,-0.034,-0.032,-0.049,-0.002,-0.076,0.022,-0.014,0.034,0.014,
0.0,-0.095,-0.01,0.058,-0.012,0.07,0.074,0.084,0.004,-0.035,
0.0,0.0,0.0,0.0,-0.03,-0.053,-0.096,-0.182,-0.032,-0.152,
0.0,0.0,0.0,0.0,0.0,0.0,0.0,0.0,0.0,0.0,
0.0,0.0,-0.022,0.178,0.092,0.086,0.044,-0.022,-0.005,-0.066,
0.0,-0.002,0.039,-0.084,0.013,0.026,0.077,0.085,-0.182,-0.004,
0.0,0.0,-0.021,0.126,0.19,0.214,0.16,-0.043,-0.043,-0.048,
0.0,-0.018,-0.051,0.046,0.036,-0.041,0.006,0.052,-0.023,-0.018,
0.0,0.0,0.01,0.045,0.076,-0.014,0.035,0.014,-0.006,-0.012,
0.0,0.041,0.038,-0.07,-0.086,-0.012,0.039,0.01,0.084,-0.012,
0.0,0.05,-0.063,-0.046,0.037,0.072,0.047,0.057,-0.06,-0.072,
0.0,0.036,-0.01,0.08,-0.042,-0.013,-0.006,-0.073,0.017,-0.012,
0.0,0.0,0.034,-0.045,-0.034,-0.064,0.093,0.036,0.046,0.053,
0.0,0.0,-0.009,-0.019,0.0,0.055,0.103,0.047,0.069,0.081,
0.0,0.0,-0.033,0.033,-0.092,0.026,-0.011,-0.046,-0.023,-0.105,
0.0,-0.048,-0.15,-0.034,-0.075,-0.056,-0.018,0.018,-0.075,-0.024,
0.0,-0.047,-0.047,0.04,0.015,-0.025,0.02,0.061,-0.004,0.074,
0.0,0.0,0.0,0.0,0.0,0.0,0.0,0.0,0.0,-0.17,
0.0,-0.017,-0.002,0.021,-0.068,0.08,-0.041,-0.058,-0.015,-0.009,
0.0,0.0,0.0,0.0,0.0,0.025,-0.09,-0.085,0.002,0.009,
0.0,-0.018,-0.062,0.072,-0.022,0.017,-0.064,0.009,-0.033,0.007,
0.0,0.014,-0.013,-0.044,-0.112,0.008,-0.101,0.069,0.042,-0.034,
0.0,0.0,0.047,-0.063,0.063,-0.018,-0.051,0.075,0.076,0.002,
0.0,-0.002,-0.044,-0.032,0.067,0.007,-0.005,-0.111,-0.014,-0.038,
0.0,0.024,-0.012,-0.061,0.019,-0.071,0.018,0.164,0.056,-0.01,
0.0,-0.045,-0.006,-0.022,-0.049,0.063,-0.006,0.006,0.07,-0.004,
0.0,-0.075,-0.051,0.016,0.04,-0.031,0.041,0.095,0.069,-0.02,
0.0,0.0,-0.014,0.049,-0.006,-0.067,0.051,-0.056,0.03,0.039,
0.0,0.0,0.068,0.119,0.042,-0.004,-0.065,0.074,0.087,-0.039,
0.0,-0.035,-0.021,0.026,-0.042,-0.06,0.114,-0.086,-0.1,-0.131,
0.0,0.0,-0.004,-0.083,0.047,0.097,0.009,0.057,-0.074,0.079,
0.0,0.034,-0.014,0.01,-0.063,0.03,-0.054,0.066,-0.006,-0.002,
0.0,0.044,0.085,-0.021,0.081,0.06,0.1,0.068,0.016,-0.064,
0.0,0.063,0.008,-0.036,0.01,-0.023,-0.006,-0.028,0.024,0.032,
0.0,-0.006,0.023,-0.033,0.062,-0.078,-0.025,0.01,-0.045,-0.014,
0.0,0.02,-0.045,-0.023,-0.002,0.033,-0.07,-0.087,0.067,-0.057,
0.0,0.046,-0.048,0.049,-0.012,-0.006,0.061,0.024,-0.059,-0.085,
0.0,-0.009,0.035,0.019,0.043,0.096,-0.119,0.087,-0.004,-0.069,
0.0,0.0,0.0,0.0,0.04,0.107,-0.084,-0.108,0.002,0.008,
0.0,-0.025,0.006,-0.01,-0.047,0.04,-0.028,0.057,-0.021,0.023,
0.0,-0.002,0.075,0.102,0.101,-0.014,-0.009,-0.098,0.018,-0.018,
0.0,0.0,0.0,0.0,0.0,0.0,0.0,0.0,0.0,0.0,
0.0,-0.106,-0.024,0.045,-0.039,-0.174,-0.06,0.055,-0.032,0.029,
0.0,0.049,0.114,-0.022,-0.028,-0.033,-0.018,-0.021,0.02,0.144,
0.0,0.0,-0.047,-0.038,0.09,0.06,-0.139,0.046,-0.107,-0.092,
0.0,-0.13,-0.078,0.011,-0.127,-0.03,-0.028,-0.017,-0.043,-0.06,
0.0,0.004,-0.016,0.012,0.061,0.022,-0.004,-0.004,0.064,0.024,
0.0,0.043,0.029,0.11,-0.085,0.024,-0.002,0.02,-0.018,-0.034,
0.0,0.0,0.0,0.0,-0.002,0.044,0.107,-0.035,0.013,0.074,
0.0,0.0,0.0,0.002,-0.009,-0.046,-0.068,0.016,0.005,0.044,
0.0,0.002,-0.059,0.028,0.052,0.028,-0.017,-0.009,0.025,-0.12,
0.0,0.0,0.0,0.0,0.0,0.0,0.0,0.0,0.0,0.0,
0.0,-0.038,-0.019,-0.053,0.068,0.021,-0.042,-0.079,0.061,0.046,
0.0,0.0,0.0,-0.028,-0.005,-0.064,-0.037,0.077,-0.104,-0.087,
0.0,0.0,0.021,-0.094,-0.084,0.081,-0.063,0.025,-0.09,0.039,
0.0,0.01,-0.003,-0.051,-0.045,-0.023,-0.014,0.057,0.062,-0.067,
0.0,-0.013,0.041,0.046,0.008,-0.029,-0.028,0.074,0.071,0.07,
0.0,-0.025,-0.043,0.024,0.045,-0.025,-0.057,-0.076,-0.053,-0.007,
0.0,0.0,0.002,0.047,-0.067,0.036,0.024,-0.038,0.007,-0.011,
0.0,0.039,0.039,-0.013,-0.074,-0.048,0.043,0.04,0.012,-0.01,
0.0,-0.077,0.091,-0.089,0.008,0.056,0.031,-0.002,0.013,0.038,
0.0,0.006,0.017,-0.099,0.07,0.007,-0.03,-0.021,-0.012,-0.076,
0.0,0.01,0.069,0.008,0.003,-0.006,-0.273,-0.216,-0.171,0.054,
0.0,-0.016,0.006,0.027,-0.01,0.087,-0.037,0.028,-0.036,-0.057,
0.0,-0.009,0.031,-0.054,0.049,0.042,0.031,0.147,-0.035,0.013,
0.0,0.06,-0.152,-0.077,-0.198,-0.182,-0.062,0.095,-0.027,0.021,
0.0,0.0,0.0,0.0,0.0,0.019,-0.054,0.033,0.013,-0.01,
0.0,0.0,-0.043,0.086,0.057,0.151,0.072,0.147,-0.097,-0.074,
0.0,0.0,0.0,0.0,0.0,0.0,0.0,0.004,0.049,-0.161,
0.0,0.0,0.0,0.0,0.0,0.0,0.0,0.0,0.0,-0.094,
0.0,0.002,-0.029,-0.035,0.063,-0.077,-0.025,-0.137,-0.08,-0.011,
0.0,0.024,0.073,-0.044,-0.069,0.008,0.064,-0.004,-0.05,0.053,
0.0,0.0,0.0,0.0,0.0,0.0,0.014,0.049,0.056,-0.022,
0.0,-0.048,-0.061,0.028,-0.081,0.032,-0.025,-0.028,-0.037,0.009,
0.0,-0.007,-0.037,0.027,-0.046,-0.002,-0.075,-0.021,0.006,0.109,
0.0,0.0,0.0,-0.01,0.068,-0.153,0.009,-0.19,-0.094,0.163,
0.0,0.017,0.131,-0.002,0.144,-0.018,0.067,-0.016,0.043,0.036,
0.0,0.011,-0.071,-0.099,-0.034,-0.002,-0.002,-0.113,-0.072,-0.06,
0.0,0.052,0.015,-0.019,0.005,-0.022,-0.014,-0.061,-0.065,0.002,
0.0,0.0,0.0,0.011,-0.117,0.036,0.002,0.06,0.021,-0.048,
0.0,-0.07,-0.116,0.065,0.017,-0.002,0.08,-0.107,0.004,0.014,
0.0,0.045,-0.018,-0.037,-0.05,0.034,-0.027,-0.069,0.031,0.018,
0.0,-0.005,0.041,-0.04,-0.013,-0.055,-0.049,0.044,-0.12,-0.024,
0.0,-0.016,-0.05,-0.043,-0.071,-0.021,-0.08,-0.172,-0.085,-0.04,
0.0,0.0,0.0,0.0,0.0,0.0,0.0,0.0,0.0,-0.002,
0.0,0.067,0.059,0.076,0.044,0.107,0.011,-0.056,-0.026,-0.027,
0.0,0.0,0.0,0.023,0.077,-0.024,-0.098,-0.047,-0.065,-0.035,
0.0,-0.026,-0.044,-0.013,-0.031,-0.01,-0.048,-0.032,-0.031,-0.004,
0.0,0.007,0.016,-0.018,-0.027,0.014,-0.024,0.004,-0.025,0.043,
0.0,0.014,-0.038,-0.073,0.017,-0.048,-0.03,-0.079,0.009,0.142,
0.0,-0.006,-0.028,-0.025,0.007,0.015,0.016,-0.007,0.014,0.086,
0.0,0.0,-0.025,0.051,0.011,0.007,-0.037,0.065,-0.014,0.055,
0.0,-0.015,-0.04,-0.059,-0.132,-0.037,-0.008,-0.062,0.09,-0.008,
0.0,0.1,0.027,-0.041,-0.025,0.043,0.14,0.124,-0.006,0.041,
0.0,0.0,-0.07,-0.031,-0.12,0.004,0.04,-0.028,-0.002,0.115,
0.0,-0.056,-0.006,0.043,0.029,0.026,-0.083,-0.083,0.107,-0.033,
0.0,-0.034,0.025,-0.032,-0.028,-0.028,-0.008,0.01,0.016,0.02,
0.0,0.0,0.0,0.0,0.0,0.02,-0.038,0.121,0.032,0.054,
0.0,-0.033,-0.064,0.061,-0.046,-0.015,0.0,-0.117,-0.033,-0.017,
0.0,-0.014,-0.081,0.056,0.039,0.062,0.054,0.057,-0.085,0.018,
0.0,-0.011,-0.004,0.016,-0.044,-0.057,0.085,0.085,0.067,-0.039,
0.0,-0.072,-0.082,0.066,-0.005,0.02,-0.079,-0.056,-0.033,-0.016,
0.0,-0.003,0.027,-0.034,0.042,-0.031,0.004,-0.019,-0.004,-0.05,
0.0,0.002,-0.095,-0.138,0.071,-0.004,-0.037,-0.086,0.008,-0.036,
0.0,-0.012,0.024,0.004,0.051,-0.029,-0.004,-0.02,0.014,-0.021,
0.0,0.0,0.0,0.0,0.0,-0.002,0.008,-0.013,-0.048,-0.037,
0.0,0.0,-0.097,-0.04,-0.061,0.105,-0.025,-0.042,0.006,0.041,
0.0,0.032,-0.004,-0.086,0.0,0.03,0.076,-0.006,0.041,-0.013,
0.0,0.078,0.133,-0.008,0.011,-0.166,0.008,0.0,0.0,-0.036,
0.0,0.03,0.047,0.022,0.087,-0.02,-0.014,0.088,-0.027,-0.037,
0.0,0.0,0.006,-0.002,0.016,-0.085,-0.066,-0.121,-0.007,0.039,
0.0,0.048,-0.129,-0.068,-0.076,0.042,0.002,0.069,0.024,-0.062,
0.0,0.0,0.004,-0.015,-0.08,-0.043,0.016,-0.017,-0.147,0.079,

0.0,-0.141,-0.154,-0.103,-0.189,-0.057,-0.124,-0.124,-0.02,-0.206,
0.0,-0.064,-0.201,-0.262,-0.2,-0.241,-0.238,0.088,-0.195,-0.096,
0.0,-0.103,-0.237,-0.165,-0.114,-0.163,-0.104,-0.148,-0.174,-0.099,
0.0,-0.01,-0.203,-0.085,-0.164,-0.156,-0.171,-0.178,-0.186,-0.224,
0.0,-0.116,-0.185,-0.128,-0.252,-0.189,-0.112,-0.171,-0.149,-0.141,
0.0,-0.099,-0.195,-0.165,-0.264,-0.267,-0.289,-0.189,-0.194,-0.281,
0.0,-0.197,-0.169,-0.181,-0.183,-0.233,-0.213,-0.268,-0.238,-0.252,
0.0,-0.114,-0.254,-0.033,-0.181,-0.059,0.035,0.125,0.114,0.136,
0.0,-0.16,-0.239,-0.218,-0.209,-0.283,-0.208,-0.237,-0.153,-0.218,
0.0,-0.105,-0.189,-0.287,-0.251,-0.243,-0.285,-0.2,-0.164,-0.155,
0.0,-0.201,-0.296,-0.263,-0.247,-0.196,-0.205,-0.179,-0.187,-0.194,
0.0,-0.048,-0.132,-0.307,-0.134,-0.198,-0.188,-0.222,-0.205,-0.205,
0.0,-0.186,-0.215,-0.202,-0.149,-0.2,-0.221,-0.181,-0.211,-0.152,
0.0,-0.138,-0.249,-0.191,-0.169,-0.187,-0.206,-0.249,-0.267,-0.217,
0.0,-0.105,-0.188,-0.156,-0.208,-0.121,-0.127,-0.102,-0.195,-0.125,
0.0,-0.123,-0.334,-0.325,-0.135,-0.144,-0.182,-0.192,-0.141,-0.113,
0.0,-0.185,-0.178,-0.176,-0.247,-0.237,-0.046,-0.227,-0.192,-0.247,
0.0,-0.183,-0.203,-0.214,-0.209,-0.208,-0.203,-0.219,-0.211,-0.191,
0.0,-0.121,-0.206,-0.238,-0.133,-0.083,-0.169,-0.118,-0.189,-0.208,
0.0,-0.122,-0.173,-0.263,-0.2,-0.125,-0.19,-0.2,-0.119,-0.221,
0.0,-0.056,-0.187,-0.14,-0.081,-0.137,-0.177,-0.243,-0.149,-0.074,
0.0,-0.193,-0.262,-0.209,-0.221,-0.223,-0.17,-0.196,-0.189,-0.194,
0.0,-0.113,-0.046,-0.201,-0.215,-0.196,-0.218,-0.186,-0.19,-0.202,
0.0,-0.033,-0.154,-0.137,0.167,-0.103,-0.073,-0.107,-0.105,-0.135,
0.0,-0.154,-0.217,-0.179,-0.134,-0.171,-0.279,-0.265,-0.157,-0.174,
0.0,-0.172,-0.267,-0.219,-0.092,-0.162,-0.078,-0.102,-0.141,-0.191,
0.0,-0.167,-0.264,-0.051,-0.17,-0.182,-0.069,-0.088,-0.135,-0.163,
0.0,0.015,-0.034,-0.148,-0.212,-0.153,-0.146,-0.064,-0.197,-0.235,
0.0,-0.181,-0.097,-0.114,-0.234,-0.187,-0.163,-0.146,-0.147,-0.134,
0.0,-0.166,-0.148,-0.191,-0.16,-0.206,-0.164,-0.1,-0.153,-0.148,
0.0,-0.113,-0.234,-0.125,-0.164,-0.162,-0.118,-0.113,-0.124,-0.052,
0.0,-0.17,-0.245,-0.208,-0.129,-0.26,-0.18,-0.161,-0.16,-0.198,
0.0,-0.146,-0.14,-0.094,-0.232,-0.188,-0.248,-0.194,-0.175,-0.185,
0.0,-0.103,-0.104,-0.172,-0.096,-0.182,-0.159,-0.224,-0.285,-0.204,
0.0,-0.197,-0.226,-0.015,-0.183,-0.14,-0.209,-0.182,-0.187,-0.215,
0.0,-0.138,-0.28,-0.079,-0.229,-0.167,-0.096,-0.143,-0.25,-0.162,
0.0,-0.091,-0.276,-0.184,-0.169,-0.194,-0.232,-0.179,-0.237,-0.198,
0.0,-0.187,-0.224,-0.125,-0.153,-0.211,-0.206,-0.172,-0.15,-0.228,
0.0,-0.148,-0.201,-0.246,-0.123,-0.215,-0.244,-0.14,-0.191,-0.18,
0.0,-0.215,-0.21,-0.224,-0.181,-0.248,-0.129,-0.167,-0.153,-0.208,
0.0,-0.06,-0.197,-0.206,-0.17,-0.134,-0.134,-0.174,-0.076,-0.124,
0.0,-0.16,-0.297,-0.197,-0.2,-0.229,-0.271,-0.202,-0.066,-0.18,
0.0,-0.177,-0.186,-0.173,-0.219,-0.164,-0.192,-0.163,-0.195,-0.201,
0.0,-0.121,-0.135,-0.27,-0.122,-0.183,-0.167,-0.144,-0.19,-0.28,
0.0,-0.021,-0.166,-0.125,-0.104,-0.005,-0.019,-0.249,-0.133,-0.021,
0.0,-0.191,-0.293,-0.177,-0.262,-0.223,-0.195,-0.188,-0.21,-0.169,
0.0,-0.184,-0.183,-0.251,-0.224,-0.2,-0.215,-0.339,-0.233,-0.268,
0.0,-0.145,-0.168,-0.145,-0.183,-0.163,-0.16,-0.203,-0.125,-0.259,
0.0,-0.178,-0.143,-0.074,-0.174,-0.158,-0.072,-0.126,0.084,-0.213,
0.0,-0.134,-0.208,-0.157,-0.025,-0.146,-0.207,-0.091,-0.208,-0.185,
0.0,-0.169,-0.193,-0.167,-0.124,-0.146,-0.233,-0.234,-0.165,-0.193,
0.0,-0.173,-0.09,-0.12,-0.211,-0.169,-0.158,-0.225,-0.208,-0.128,
0.0,-0.118,-0.175,-0.132,-0.146,-0.16,-0.227,-0.18,-0.15,-0.138,
0.0,-0.097,-0.136,-0.184,-0.177,-0.204,-0.164,-0.168,-0.165,-0.209,
0.0,-0.111,-0.102,-0.253,-0.226,-0.248,-0.156,-0.108,-0.088,-0.159,
0.0,-0.141,-0.184,-0.133,-0.13,-0.107,-0.242,-0.12,-0.231,-0.181,
0.0,-0.243,-0.15,-0.157,-0.207,-0.227,-0.137,-0.159,-0.177,-0.198,
0.0,-0.147,-0.201,-0.091,-0.186,-0.151,-0.221,-0.103,-0.168,-0.179,
0.0,-0.157,-0.241,-0.219,-0.192,-0.174,-0.188,-0.262,-0.165,-0.124,
0.0,-0.048,-0.203,-0.129,-0.186,-0.241,-0.23,-0.216,-0.188,-0.122,
0.0,-0.115,-0.191,-0.214,-0.256,-0.186,-0.157,-0.18,-0.176,-0.193,
0.0,-0.172,-0.225,-0.082,-0.191,-0.196,-0.185,-0.1,-0.005,-0.151,
0.0,-0.089,-0.189,-0.171,-0.173,-0.105,-0.002,-0.082,-0.098,-0.19,
0.0,-0.174,-0.119,-0.136,-0.147,-0.291,-0.187,-0.178,-0.154,-0.266,
0.0,-0.117,-0.211,-0.346,-0.269,-0.393,-0.141,-0.17,-0.124,-0.051,
0.0,-0.043,-0.163,-0.22,-0.186,-0.207,-0.25,-0.198,-0.262,-0.149,
0.0,-0.083,-0.135,-0.171,-0.199,-0.212,-0.281,-0.194,-0.194,-0.21,
0.0,-0.136,-0.157,-0.182,-0.051,-0.135,-0.217,-0.24,-0.172,-0.098,
0.0,-0.137,-0.133,-0.129,-0.015,0.015,-0.197,-0.059,0.015,0.041,
0.0,-0.122,-0.185,-0.256,-0.121,-0.063,-0.185,-0.123,-0.223,-0.247,
0.0,-0.028,-0.164,-0.178,-0.18,-0.166,-0.139,-0.132,-0.182,-0.213,
0.0,-0.117,-0.135,-0.085,-0.084,-0.055,-0.109,-0.177,-0.185,-0.12,
0.0,-0.178,-0.208,-0.231,-0.147,-0.179,-0.118,-0.218,-0.145,-0.236,
0.0,-0.041,-0.175,-0.16,-0.123,-0.222,-0.056,-0.103,-0.245,-0.191,
0.0,-0.097,-0.231,-0.144,-0.091,-0.105,-0.063,-0.164,-0.186,-0.128,
0.0,-0.207,-0.229,-0.339,-0.153,-0.253,-0.188,-0.341,-0.244,-0.203,
0.0,-0.21,-0.152,-0.263,-0.195,-0.18,0.013,-0.026,-0.101,-0.145,
0.0,-0.208,-0.166,-0.057,-0.159,-0.177,-0.095,-0.196,-0.269,-0.173,
0.0,-0.129,-0.169,-0.159,-0.216,-0.195,-0.156,-0.189,-0.247,-0.166,
0.0,-0.146,-0.143,-0.082,-0.135,-0.081,-0.317,-0.133,-0.162,-0.192,
0.0,-0.172,-0.155,-0.145,-0.104,-0.11,-0.098,-0.15,-0.09,-0.224,
0.0,-0.193,-0.241,-0.181,-0.129,-0.215,-0.203,-0.16,-0.175,-0.176,
0.0,-0.135,-0.173,-0.236,-0.191,-0.132,-0.217,-0.261,-0.166,-0.144,
0.0,-0.127,-0.215,-0.209,-0.232,-0.268,-0.254,-0.205,-0.204,-0.18,
0.0,-0.097,-0.154,-0.157,-0.172,-0.204,-0.213,-0.193,-0.177,-0.229,
0.0,-0.096,-0.184,-0.141,-0.154,-0.139,-0.111,-0.154,-0.15,-0.176,
0.0,-0.122,-0.211,-0.164,-0.197,-0.13,-0.199,-0.161,-0.149,-0.221,
0.0,-0.092,-0.177,-0.149,-0.115,-0.16,-0.161,-0.19,-0.141,-0.148,
0.0,-0.203,-0.115,-0.19,-0.259,-0.134,-0.184,-0.183,-0.133,-0.157,
0.0,-0.211,-0.228,-0.218,-0.202,-0.253,-0.155,-0.141,-0.117,-0.081,
0.0,-0.181,-0.166,-0.189,-0.206,-0.166,-0.139,-0.164,-0.191,-0.197,
0.0,-0.157,-0.07,-0.127,-0.138,-0.132,-0.09,-0.14,-0.204,-0.145,
0.0,-0.07,-0.15,-0.137,-0.084,-0.192,-0.16,-0.114,-0.096,-0.167,
0.0,-0.095,-0.184,-0.182,-0.126,-0.167,-0.155,-0.167,-0.187,-0.179,
0.0,-0.152,-0.198,-0.232,-0.254,-0.2,-0.224,-0.189,-0.138,-0.283,
0.0,-0.057,-0.099,-0.241,-0.168,-0.154,-0.206,-0.258,0.005,-0.194,
0.0,-0.146,-0.206,-0.164,-0.152,-0.202,-0.208,-0.184,-0.154,-0.064,
0.0,-0.169,-0.273,-0.197,-0.156,-0.201,-0.242,-0.129,-0.221,-0.078,
0.0,-0.098,-0.183,-0.108,-0.183,-0.211,-0.217,-0.167,-0.173,-0.087,
0.0,-0.086,-0.187,-0.17,-0.226,-0.172,-0.223,-0.127,-0.261,-0.219,
0.0,-0.13,-0.154,-0.196,-0.167,-0.122,-0.169,-0.231,-0.213,-0.222,
0.0,-0.112,-0.039,-0.212,-0.154,-0.159,-0.058,-0.186,-0.159,-0.126,
0.0,-0.178,-0.212,-0.095,-0.13,-0.057,-0.106,-0.133,-0.104,-0.227,
0.0,-0.088,-0.173,-0.194,-0.187,-0.239,-0.171,-0.193,-0.146,-0.203,
0.0,-0.256,-0.173,-0.23,-0.026,-0.098,-0.194,-0.222,-0.174,-0.222,
0.0,-0.164,-0.248,-0.006,-0.02,-0.142,-0.198,-0.159,-0.301,-0.256,
0.0,-0.183,-0.218,-0.131,-0.176,-0.131,-0.203,-0.182,-0.171,-0.196,
0.0,-0.151,-0.153,-0.158,-0.162,-0.179,-0.178,-0.127,-0.185,-0.181,
0.0,-0.116,-0.256,-0.236,-0.248,-0.149,-0.226,-0.134,-0.088,-0.224,
0.0,-0.175,-0.088,-0.158,-0.132,-0.142,-0.256,-0.062,-0.234,-0.201,
0.0,-0.179,-0.302,-0.208,-0.275,-0.28,-0.263,-0.177,-0.199,-0.269,
0.0,-0.124,-0.12,-0.135,-0.17,-0.213,-0.12,-0.048,-0.066,-0.22,
0.0,-0.141,-0.201,-0.229,-0.197,-0.217,-0.178,-0.213,-0.195,-0.219,
0.0,-0.131,-0.093,-0.154,-0.153,-0.162,-0.141,-0.109,-0.145,-0.188,
0.0,-0.152,-0.168,-0.236,-0.164,-0.148,-0.187,-0.166,-0.202,-0.198,
0.0,-0.195,-0.164,-0.198,-0.314,-0.246,0.042,-0.17,-0.147,-0.337,
0.0,-0.126,-0.248,-0.251,-0.078,-0.082,-0.117,-0.141,-0.216,-0.171,
0.0,-0.168,-0.191,-0.15,-0.101,-0.123,-0.2,-0.185,-0.254,-0.193,
0.0,-0.116,-0.096,-0.13,-0.196,-0.188,-0.174,-0.205,-0.154,-0.207,
0.0,-0.179,-0.234,-0.18,-0.128,-0.239,-0.115,-0.155,-0.181,-0.143,
0.0,-0.093,-0.225,-0.13,-0.224,-0.141,-0.207,-0.169,-0.165,-0.237,
0.0,-0.235,-0.259,-0.13,-0.219,-0.158,-0.018,-0.274,-0.105,-0.102,
0.0,-0.14,-0.195,-0.236,-0.201,-0.174,-0.126,-0.137,-0.177,-0.224,
0.0,-0.114,-0.183,-0.175,-0.225,-0.218,-0.246,-0.226,-0.156,-0.212,
0.0,-0.123,-0.164,-0.086,-0.096,-0.228,-0.119,-0.222,-0.255,-0.217,
0.0,-0.123,-0.175,-0.195,-0.23,-0.139,-0.08,-0.167,-0.147,-0.018,
0.0,-0.123,-0.147,-0.22,-0.166,-0.104,-0.242,-0.257,0.032,-0.172,
0.0,-0.07,-0.202,-0.17,-0.102,-0.112,-0.136,-0.102,-0.113,-0.201,
0.0,0.038,-0.203,-0.124,-0.096,-0.107,-0.152,-0.096,-0.069,-0.126,
0.0,-0.15,-0.181,-0.194,-0.156,-0.23,-0.199,-0.139,-0.153,-0.182,
0.0,-0.179,-0.173,-0.221,-0.214,-0.095,-0.163,-0.206,-0.133,-0.218,
0.0,-0.128,-0.156,-0.181,-0.153,-0.17,-0.21,-0.146,-0.193,-0.147,
0.0,-0.092,-0.194,-0.167,-0.225,-0.193,-0.112,-0.158,-0.17,-0.221,
0.0,-0.091,-0.231,-0.249,-0.18,-0.195,-0.188,-0.136,-0.097,-0.149,
0.0,-0.176,-0.276,-0.159,-0.135,-0.2,-0.153,-0.089,-0.172,-0.223,
0.0,-0.186,-0.191,-0.133,-0.152,-0.163,-0.177,-0.219,-0.178,-0.155,
0.0,-0.095,-0.281,-0.114,-0.169,-0.052,-0.281,-0.131,-0.204,-0.154,
0.0,-0.151,-0.225,-0.15,-0.237,-0.197,-0.15,-0.261,-0.223,-0.294,
0.0,-0.042,-0.14,-0.194,-0.135,-0.204,-0.196,-0.199,-0.213,-0.227,
0.0,-0.12,-0.206,-0.214,-0.165,-0.14,-0.086,-0.171,-0.102,-0.13,
0.0,-0.21,-0.276,-0.262,-0.124,-0.224,-0.095,-0.197,-0.181,-0.147,
0.0,-0.08,-0.161,-0.152,-0.284,-0.256,-0.182,-0.258,-0.181,-0.203,
0.0,-0.084,-0.164,-0.24,-0.037,-0.135,-0.172,-0.234,-0.218,-0.28,
0.0,-0.192,-0.22,-0.254,-0.179,-0.132,-0.14,-0.175,-0.157,-0.229,
0.0,-0.176,-0.177,-0.148,-0.206,-0.111,-0.151,-0.13,-0.25,-0.276,
0.0,-0.108,-0.182,-0.138,-0.165,-0.173,-0.208,-0.151,-0.193,-0.06,
0.0,-0.115,-0.228,-0.199,-0.161,-0.176,-0.23,-0.17,-0.223,-0.191,
0.0,-0.164,-0.322,-0.253,-0.158,-0.157,-0.174,-0.128,-0.223,-0.151,
0.0,-0.062,0.023,-0.177,0.056,-0.105,-0.188,-0.184,-0.253,-0.158,
0.0,-0.113,-0.171,-0.113,-0.175,-0.254,-0.165,-0.207,-0.102,-0.114,
0.0,-0.304,-0.284,-0.296,-0.002,-0.06,-0.188,-0.228,-0.217,-0.368,
0.0,-0.151,-0.192,-0.16,-0.164,-0.186,-0.283,-0.179,-0.183,-0.233,
0.0,-0.228,-0.204,-0.172,-0.138,-0.195,-0.267,-0.152,-0.226,-0.193,
0.0,-0.172,-0.179,-0.211,-0.161,-0.144,-0.193,-0.165,-0.202,-0.138,
0.0,-0.262,-0.291,-0.151,-0.178,-0.185,-0.265,-0.114,-0.224,-0.138,
0.0,-0.113,-0.159,-0.169,-0.137,-0.14,-0.184,-0.151,-0.234,-0.273,
0.0,-0.088,-0.163,-0.155,-0.15,-0.224,-0.185,-0.155,-0.19,-0.173,
0.0,-0.197,-0.012,-0.076,-0.062,-0.128,-0.175,-0.219,-0.087,-0.054,
0.0,-0.167,-0.139,-0.205,-0.118,-0.118,-0.118,-0.097,-0.144,-0.147,
0.0,-0.134,-0.153,-0.238,-0.169,-0.214,-0.227,-0.181,-0.204,-0.256,
0.0,-0.12,-0.195,-0.174,-0.159,-0.145,-0.178,-0.162,-0.124,-0.2,
0.0,-0.164,-0.181,-0.035,-0.082,-0.133,-0.131,-0.055,-0.176,-0.127,
0.0,-0.109,-0.244,-0.175,-0.186,-0.18,-0.151,-0.177,-0.158,-0.192,
0.0,-0.12,-0.077,-0.132,-0.205,-0.073,-0.186,-0.125,-0.129,-0.165,
0.0,-0.062,-0.106,-0.182,-0.175,-0.204,-0.196,-0.126,-0.213,-0.146,
0.0,-0.19,-0.265,-0.145,-0.197,-0.149,-0.194,-0.139,-0.16,-0.224,
0.0,-0.122,-0.186,-0.2,-0.18,-0.177,-0.145,-0.091,-0.167,-0.158,
0.0,-0.109,-0.189,-0.158,-0.174,-0.179,-0.204,-0.133,-0.17,-0.172,
0.0,-0.14,-0.256,-0.185,-0.178,-0.158,-0.106,-0.081,-0.092,-0.149,
0.0,-0.105,-0.292,-0.175,-0.18,-0.146,-0.193,-0.21,-0.178,-0.292,
0.0,-0.054,-0.191,-0.158,-0.215,-0.128,-0.106,-0.139,-0.142,-0.169,
0.0,-0.168,-0.273,-0.23,-0.171,-0.173,-0.131,-0.183,-0.144,-0.161,
0.0,-0.154,-0.21,-0.104,-0.151,-0.069,-0.223,-0.086,-0.207,-0.286,
0.0,-0.179,-0.233,-0.18,-0.297,-0.237,-0.135,-0.172,-0.174,-0.16,
0.0,-0.184,-0.248,-0.127,-0.08,-0.1,-0.148,-0.197,-0.222,-0.08,
0.0,-0.128,-0.215,-0.227,-0.159,-0.192,-0.36,-0.188,-0.195,-0.227,
0.0,-0.145,-0.176,-0.141,-0.102,-0.161,-0.192,-0.156,-0.171,-0.17,
0.0,-0.192,-0.213,-0.116,-0.193,-0.166,-0.136,-0.122,-0.169,-0.207,
0.0,-0.18,-0.199,-0.162,-0.152,-0.113,-0.237,-0.217,-0.203,-0.026,
0.0,-0.213,-0.208,-0.21,-0.204,-0.213,-0.228,-0.241,-0.119,-0.149,
0.0,-0.212,-0.153,-0.197,-0.12,-0.085,-0.107,-0.181,-0.071,-0.044,
0.0,-0.027,-0.192,-0.164,-0.219,-0.193,-0.228,-0.179,-0.155,-0.204,
0.0,-0.258,-0.163,-0.23,-0.212,-0.208,-0.216,-0.198,-0.323,-0.186,
0.0,-0.183,-0.177,-0.208,-0.179,-0.13,-0.165,-0.257,-0.158,-0.209,
0.0,-0.197,-0.187,-0.203,-0.174,-0.18,-0.239,-0.213,-0.188,-0.216,
0.0,-0.052,-0.141,-0.102,-0.219,-0.24,-0.09,-0.217,-0.046,-0.179,
0.0,-0.114,-0.221,-0.195,-0.201,-0.069,-0.117,-0.125,-0.112,-0.232,
0.0,-0.106,-0.205,-0.145,-0.166,-0.174,-0.253,-0.167,-0.211,-0.073,
0.0,-0.149,-0.128,-0.18,-0.262,-0.086,-0.172,-0.177,-0.247,-0.258,
0.0,0.406,0.234,0.122,0.112,0.112,0.112,0.112,0.112,0.112,
0.0,-0.173,-0.129,-0.186,-0.106,-0.192,-0.122,-0.099,-0.175,-0.075,
0.0,-0.225,-0.238,-0.179,-0.218,-0.222,-0.238,-0.184,-0.156,-0.265,
0.0,-0.159,-0.155,-0.206,-0.186,-0.238,-0.131,-0.258,-0.164,-0.146,
0.0,-0.158,-0.172,-0.323,-0.092,-0.143,-0.231,-0.186,0.0,-0.014,
0.0,-0.126,-0.177,-0.197,-0.166,-0.251,-0.166,-0.154,-0.132,-0.056,
0.0,-0.147,-0.216,-0.112,-0.194,-0.231,-0.186,-0.165,-0.205,-0.176,
0.0,-0.147,-0.168,-0.146,-0.194,-0.219,-0.23,-0.194,-0.152,-0.322,
0.0,-0.117,-0.213,-0.229,-0.146,-0.174,-0.175,-0.134,-0.186,-0.158,
0.0,-0.155,-0.266,-0.098,-0.153,-0.22,-0.23,-0.227,-0.231,-0.135,
0.0,-0.088,-0.039,-0.204,-0.144,-0.269,-0.188,-0.187,-0.245,-0.188,
0.0,-0.136,-0.223,-0.24,-0.205,-0.17,-0.092,-0.198,-0.228,-0.194,
0.0,-0.071,-0.289,-0.242,-0.064,-0.176,-0.262,-0.127,-0.172,-0.231,
0.0,-0.06,-0.123,-0.194,-0.273,-0.177,-0.258,-0.197,-0.174,-0.163,
0.0,-0.09,-0.275,-0.203,-0.132,-0.209,-0.068,-0.244,-0.201,-0.115,
0.0,-0.19,-0.188,-0.193,-0.126,-0.162,-0.13,-0.134,-0.17,-0.124,
0.0,-0.072,-0.193,-0.158,-0.195,-0.226,-0.258,-0.231,-0.177,-0.182,
0.0,-0.152,-0.154,-0.147,-0.146,-0.054,-0.203,-0.167,-0.237,-0.176,
0.0,-0.167,-0.154,-0.253,-0.202,-0.014,-0.042,-0.145,-0.3,-0.279,
0.0,0.038,-0.143,-0.279,0.021,-0.132,-0.122,-0.044,-0.246,-0.147,
0.0,-0.123,-0.164,-0.134,-0.213,-0.188,-0.248,-0.167,-0.127,-0.251,
0.0,-0.143,-0.195,-0.179,-0.175,-0.173,-0.14,-0.169,-0.153,-0.119,
0.0,-0.082,-0.165,-0.199,-0.075,-0.189,-0.196,-0.166,-0.203,-0.119,
0.0,-0.164,-0.207,-0.172,-0.152,-0.21,-0.187,-0.147,-0.24,-0.178,
0.0,-0.226,-0.12,-0.109,-0.12,-0.271,-0.031,-0.203,-0.19,-0.154,
0.0,-0.084,-0.199,0.016,-0.151,-0.194,-0.149,-0.139,-0.129,-0.173,
0.0,-0.128,-0.005,0.006,0.006,0.006,0.006,0.006,0.006,0.006,
0.0,-0.115,-0.177,-0.152,-0.202,-0.164,-0.138,-0.164,-0.17,-0.162,
0.0,-0.063,0.084,-0.086,-0.086,-0.025,-0.09,-0.04,0.042,-0.076,
0.0,-0.154,-0.265,-0.169,-0.26,-0.244,-0.286,-0.145,-0.196,-0.168,
0.0,-0.227,-0.218,-0.201,-0.221,-0.192,-0.145,-0.092,-0.098,-0.147,
0.0,-0.049,-0.166,-0.182,-0.205,-0.164,-0.1,-0.155,-0.224,-0.182,
0.0,-0.176,-0.229,-0.284,-0.239,-0.149,-0.212,-0.198,-0.239,-0.275,
0.0,-0.119,-0.135,-0.091,-0.215,-0.191,-0.244,-0.069,-0.103,-0.179,
0.0,-0.198,-0.145,-0.141,-0.126,-0.11,-0.125,-0.063,-0.115,-0.212,
0.0,-0.173,-0.257,-0.269,-0.229,-0.215,-0.177,-0.139,-0.25,-0.255,
0.0,-0.197,-0.211,-0.197,-0.167,-0.213,-0.23,-0.105,-0.122,-0.113,
0.0,-0.221,-0.241,-0.216,-0.071,-0.242,-0.231,-0.209,-0.223,-0.192,
0.0,-0.024,-0.131,-0.193,-0.233,-0.194,-0.117,-0.157,-0.231,-0.154,
0.0,-0.166,-0.246,-0.197,-0.202,-0.143,-0.212,-0.217,-0.341,-0.159,
0.0,-0.197,-0.188,-0.216,-0.182,-0.193,-0.165,-0.212,-0.166,-0.141,
0.0,-0.198,-0.25,-0.277,-0.198,-0.256,-0.155,-0.155,-0.178,-0.219,
0.0,-0.186,-0.197,-0.21,-0.176,-0.158,-0.239,-0.217,-0.208,-0.196,
0.0,-0.216,-0.268,-0.281,-0.261,-0.221,-0.281,-0.146,-0.035,-0.203,
0.0,-0.152,-0.232,-0.17,-0.162,-0.197,-0.133,-0.184,-0.212,-0.12,
0.0,-0.209,-0.193,-0.12,-0.156,-0.211,-0.134,-0.138,-0.128,-0.184,
0.0,-0.171,-0.188,-0.204,-0.145,-0.169,-0.201,-0.157,-0.194,-0.186,
0.0,-0.094,-0.168,-0.221,-0.221,-0.178,-0.164,-0.156,-0.204,-0.083,
0.0,-0.144,-0.208,-0.253,-0.206,-0.166,-0.221,-0.196,-0.225,-0.118,
0.0,-0.056,-0.194,-0.244,-0.109,-0.126,-0.185,-0.212,-0.296,-0.203,
0.0,-0.082,-0.061,-0.293,-0.061,-0.136,-0.186,-0.07,-0.248,-0.092,
0.0,-0.086,-0.199,-0.127,-0.111,-0.178,-0.126,-0.169,-0.154,-0.063,
0.0,-0.102,-0.182,-0.06,-0.007,-0.153,-0.276,-0.237,-0.257,-0.375,
0.0,-0.241,-0.246,-0.245,-0.155,-0.121,-0.225,-0.269,-0.165,-0.212,
0.0,-0.174,-0.062,-0.131,-0.155,-0.187,-0.187,-0.191,-0.261,-0.164,
0.0,-0.099,-0.063,-0.198,-0.198,-0.218,-0.166,-0.175,-0.193,-0.178,
0.0,-0.125,-0.1,-0.179,-0.186,-0.154,-0.21,-0.163,-0.172,-0.166,
0.0,-0.124,-0.161,-0.29,-0.228,-0.226,-0.232,-0.282,-0.076,-0.158,
0.0,-0.27,-0.216,-0.242,-0.345,-0.271,-0.105,-0.193,-0.21,-0.208,
0.0,-0.171,-0.23,-0.127,-0.16,-0.212,-0.14,-0.165,-0.202,-0.245,
0.0,-0.085,-0.225,-0.219,-0.113,-0.207,-0.173,-0.201,-0.189,-0.104,
0.0,-0.14,-0.19,-0.229,-0.168,-0.08,-0.143,-0.174,-0.125,-0.136,
0.0,-0.119,-0.078,-0.228,-0.124,-0.082,-0.17,-0.254,-0.277,-0.209,
0.0,-0.22,-0.248,-0.217,-0.199,-0.146,-0.17,-0.239,-0.132,-0.131,
0.0,-0.106,-0.216,-0.117,-0.164,-0.209,-0.236,-0.199,-0.229,-0.23,
0.0,0.01,-0.126,-0.172,-0.113,-0.051,-0.064,-0.071,-0.056,-0.061,
0.0,-0.162,-0.208,-0.275,-0.19,-0.149,-0.252,-0.271,-0.203,-0.221,
0.0,-0.151,-0.075,-0.099,-0.013,-0.071,-0.116,-0.117,-0.097,-0.25,
0.0,0.0,-0.174,-0.218,-0.202,-0.163,-0.258,-0.165,-0.229,-0.201,
0.0,-0.185,-0.217,-0.168,-0.262,-0.162,-0.326,-0.285,-0.113,-0.248,
0.0,-0.131,-0.192,-0.167,-0.218,-0.187,-0.161,-0.21,-0.226,-0.203,
0.0,-0.043,-0.118,-0.119,-0.139,-0.04,-0.265,-0.136,-0.073,-0.209,
0.0,0.012,-0.196,-0.09,-0.083,0.008,-0.144,-0.242,-0.116,-0.239,
0.0,-0.179,-0.115,-0.202,-0.135,-0.095,-0.177,-0.14,-0.131,-0.184,
0.0,-0.181,-0.298,-0.213,-0.259,-0.21,-0.199,-0.191,-0.151,-0.199,
0.0,-0.103,-0.072,-0.219,-0.209,-0.159,-0.136,-0.145,-0.176,-0.119,
0.0,-0.119,-0.137,-0.165,-0.17,-0.149,-0.273,-0.222,-0.19,-0.198,
0.0,-0.197,-0.206,-0.206,-0.22,-0.154,-0.166,-0.244,-0.129,-0.216,
0.0,-0.15,-0.234,-0.194,-0.132,-0.093,-0.265,-0.25,-0.082,-0.221,
0.0,-0.262,-0.163,-0.209,-0.163,-0.175,-0.176,-0.119,-0.197,-0.148,
0.0,-0.201,-0.241,-0.221,-0.117,-0.122,-0.148,-0.177,-0.145,-0.118,
0.0,-0.12,-0.092,-0.027,-0.147,-0.088,-0.055,-0.067,-0.119,0.049,
0.0,-0.234,-0.236,-0.238,-0.179,-0.242,-0.137,-0.189,-0.19,-0.137,
0.0,-0.213,-0.157,-0.157,-0.185,-0.166,-0.076,-0.142,-0.104,-0.171,
0.0,-0.201,-0.261,-0.201,-0.218,-0.203,-0.214,-0.121,-0.135,-0.191,
0.0,-0.257,-0.185,-0.194,-0.185,-0.256,-0.137,-0.099,-0.192,-0.143,
0.0,-0.177,-0.235,-0.263,-0.191,-0.298,-0.227,-0.246,0.014,-0.12,
0.0,-0.215,-0.175,-0.25,-0.023,-0.065,-0.007,-0.169,-0.089,-0.008,
0.0,-0.209,-0.191,-0.209,-0.21,-0.204,-0.291,-0.195,-0.21,-0.271,
0.0,-0.302,-0.241,-0.043,-0.178,-0.064,-0.055,-0.221,-0.1,-0.039,
0.0,-0.137,-0.016,-0.091,-0.147,-0.068,-0.11,-0.06,-0.04,-0.126,
0.0,-0.168,-0.174,-0.168,-0.184,-0.152,-0.22,-0.15,-0.193,-0.21,
0.0,-0.149,-0.183,-0.224,-0.139,-0.16,-0.135,-0.196,-0.199,-0.215,
0.0,-0.233,-0.197,-0.206,-0.119,-0.226,-0.176,-0.21,-0.256,-0.154,
0.0,-0.183,-0.225,-0.226,-0.172,-0.218,-0.222,-0.219,-0.178,-0.2,
0.0,-0.062,-0.218,-0.198,-0.106,-0.143,-0.184,-0.13,-0.18,-0.158,
0.0,-0.164,-0.128,-0.122,-0.043,-0.209,-0.144,-0.214,-0.135,-0.139,
0.0,-0.201,-0.084,-0.222,-0.107,-0.136,-0.057,-0.079,-0.138,-0.086,
0.0,-0.208,-0.156,-0.221,-0.248,-0.213,-0.138,-0.168,-0.183,-0.157,
0.004,-0.044,-0.164,-0.114,-0.144,-0.113,-0.149,-0.141,-0.126,-0.215,
0.0,-0.188,-0.207,-0.231,-0.092,-0.191,-0.218,-0.193,-0.093,-0.202,
0.0,-0.232,-0.129,-0.134,0.007,-0.126,-0.186,-0.208,-0.105,-0.188,
0.0,-0.158,-0.184,-0.237,-0.217,-0.151,-0.144,-0.259,-0.141,-0.148,
0.0,-0.159,-0.208,-0.213,-0.155,-0.219,-0.202,-0.221,-0.153,-0.214,
0.0,-0.237,-0.223,-0.207,-0.122,-0.191,-0.284,-0.164,-0.061,-0.089,
0.0,-0.115,-0.158,-0.179,-0.277,-0.224,-0.201,-0.238,-0.19,-0.168,
0.0,-0.115,-0.071,-0.119,-0.073,-0.177,-0.161,-0.209,-0.149,-0.172,
0.0,-0.195,-0.273,-0.151,-0.109,-0.178,-0.081,-0.034,-0.038,-0.092,
0.0,-0.188,-0.29,-0.224,-0.243,-0.222,-0.182,-0.135,-0.195,-0.263,
0.0,-0.154,-0.15,-0.23,-0.18,-0.12,-0.223,-0.198,-0.131,-0.172,
0.0,-0.115,-0.235,-0.117,0.022,-0.214,-0.203,-0.14,-0.159,-0.145,
0.0,-0.005,-0.169,-0.124,-0.164,-0.118,-0.231,-0.162,-0.238,-0.262,
0.0,-0.214,-0.295,-0.265,-0.237,-0.234,-0.163,-0.129,-0.146,-0.229,
0.0,-0.206,-0.215,-0.171,-0.141,-0.107,-0.163,-0.154,-0.137,-0.184,
0.0,-0.187,-0.236,-0.206,-0.296,-0.137,-0.302,-0.133,-0.124,-0.131,
0.0,-0.168,-0.188,-0.192,-0.071,-0.246,-0.074,-0.196,-0.067,-0.132,
0.0,-0.183,-0.212,-0.216,-0.187,-0.219,-0.162,-0.193,-0.21,-0.146,
0.0,-0.247,-0.244,-0.126,-0.172,-0.201,-0.112,-0.159,-0.231,-0.199,
0.0,-0.115,-0.215,-0.137,-0.171,-0.15,-0.172,-0.208,-0.167,-0.182,
0.0,-0.24,-0.224,-0.222,-0.214,-0.176,-0.226,-0.103,-0.248,-0.189,
0.0,-0.174,-0.074,-0.201,-0.163,-0.167,-0.258,-0.144,-0.169,-0.175,
0.0,-0.05,-0.123,-0.191,-0.171,-0.09,-0.08,0.035,-0.15,-0.21,
0.0,-0.122,-0.31,-0.221,-0.269,-0.221,-0.149,-0.235,-0.105,-0.176,
0.0,-0.16,-0.201,-0.077,-0.183,-0.171,-0.151,-0.233,-0.069,-0.152,
0.0,-0.174,-0.239,-0.154,-0.15,-0.241,-0.24,-0.148,-0.269,-0.187,
0.0,-0.223,-0.231,-0.161,-0.095,-0.071,-0.194,-0.085,-0.079,-0.004,
0.0,-0.17,-0.188,-0.203,-0.192,-0.211,-0.175,-0.156,-0.226,-0.221,
0.0,-0.14,-0.14,-0.098,-0.205,-0.125,-0.183,-0.075,-0.111,-0.25,
0.0,-0.172,-0.156,-0.192,-0.133,-0.112,-0.028,-0.067,-0.116,-0.138,
0.0,-0.187,-0.226,-0.118,-0.23,-0.121,-0.107,-0.192,-0.077,-0.235,
0.0,-0.385,-0.306,-0.414,-0.329,-0.261,-0.017,-0.03,-0.188,0.006,
0.0,-0.197,-0.198,-0.25,-0.147,-0.115,-0.147,-0.201,-0.132,-0.133,
0.0,-0.138,0.015,-0.212,-0.141,0.005,-0.175,-0.15,-0.199,-0.136,
0.0,-0.103,-0.168,-0.258,-0.1,-0.128,-0.194,-0.113,-0.028,-0.098,
0.0,-0.186,-0.238,-0.231,-0.111,-0.177,-0.12,-0.174,-0.212,-0.174,
0.0,-0.237,-0.305,-0.182,-0.216,-0.148,-0.186,-0.207,-0.05,-0.061,
0.0,-0.182,-0.13,-0.155,-0.065,-0.099,-0.163,-0.096,-0.154,-0.174,
0.0,-0.155,-0.266,-0.167,0.134,-0.175,-0.132,-0.116,-0.081,-0.218,
0.0,-0.269,-0.152,-0.197,-0.192,-0.172,-0.25,-0.185,-0.214,-0.232,
0.0,-0.255,-0.063,-0.249,-0.127,-0.034,-0.23,-0.25,-0.149,-0.179,
0.0,-0.255,-0.214,-0.147,-0.224,-0.146,-0.133,-0.041,-0.139,-0.27,
0.0,-0.208,-0.22,-0.188,-0.192,-0.166,-0.2,-0.159,-0.202,-0.103,
0.0,-0.143,-0.271,-0.154,-0.079,-0.181,-0.127,-0.142,-0.196,-0.038,
0.0,-0.261,-0.185,-0.189,-0.139,-0.165,-0.203,-0.164,-0.087,-0.179,
0.0,-0.172,-0.236,-0.273,-0.121,-0.201,-0.151,-0.124,-0.187,-0.152,
0.0,-0.155,-0.146,-0.134,-0.124,-0.223,-0.113,-0.2,-0.156,-0.116,
0.0,0.04,-0.227,-0.227,-0.052,-0.245,-0.1,-0.091,-0.043,-0.192,
0.0,-0.287,-0.184,-0.25,-0.221,-0.187,-0.197,-0.115,-0.011,-0.019,
0.0,-0.242,-0.244,-0.285,-0.145,-0.133,-0.14,-0.167,-0.214,-0.231,
0.0,-0.203,-0.146,-0.223,-0.201,-0.128,-0.245,-0.241,-0.192,-0.173,
0.0,-0.147,-0.194,-0.137,-0.183,-0.116,-0.183,-0.045,-0.123,-0.029,
0.0,-0.172,-0.095,-0.033,-0.025,-0.218,-0.109,-0.071,-0.014,-0.046,
0.0,-0.16,-0.165,-0.166,-0.147,-0.093,-0.155,-0.118,-0.104,-0.109,
0.0,-0.147,-0.248,-0.151,-0.069,-0.192,-0.175,-0.153,-0.187,-0.218,
0.0,-0.313,-0.288,-0.255,-0.247,-0.063,-0.07,-0.362,-0.257,-0.233,
0.0,-0.231,-0.221,-0.222,-0.178,-0.248,-0.134,-0.21,-0.23,-0.195,
0.0,0.024,-0.251,-0.097,0.094,-0.24,-0.202,-0.007,-0.033,-0.096,
0.0,-0.199,-0.252,-0.22,-0.153,-0.169,-0.169,-0.193,-0.117,-0.179,
0.0,-0.213,-0.068,-0.221,-0.152,-0.095,-0.208,-0.179,-0.164,-0.037,
0.0,-0.237,-0.233,-0.172,-0.169,-0.134,-0.071,-0.146,-0.191,-0.184,
0.0,-0.237,-0.253,-0.141,-0.111,-0.258,-0.183,-0.227,-0.146,-0.142,
0.0,-0.268,-0.096,-0.211,-0.171,-0.161,-0.101,-0.024,-0.027,-0.05,
0.0,-0.113,-0.28,-0.219,-0.238,-0.177,-0.074,-0.216,-0.176,-0.195,
0.0,-0.062,-0.159,-0.173,-0.109,-0.076,-0.088,-0.086,-0.116,-0.098,
0.0,-0.204,-0.201,-0.206,-0.269,-0.268,-0.251,-0.178,-0.264,-0.264,
0.0,-0.165,-0.183,-0.206,-0.19,-0.196,-0.182,-0.241,-0.21,-0.127,
0.0,-0.123,-0.205,-0.16,-0.197,-0.186,-0.206,-0.186,-0.08,-0.228,
0.0,-0.237,-0.215,-0.172,-0.117,-0.101,-0.09,-0.075,-0.132,-0.079,
0.0,-0.112,-0.249,-0.203,-0.231,-0.198,-0.236,-0.236,-0.255,-0.21,
0.0,-0.212,-0.218,-0.132,0.042,-0.198,-0.141,-0.245,-0.042,-0.185,
0.0,-0.167,-0.155,-0.212,-0.202,-0.177,-0.233,-0.245,-0.185,-0.216,
0.0,-0.203,-0.271,-0.112,-0.202,-0.202,-0.063,-0.058,-0.2,-0.135,
0.0,-0.194,-0.174,-0.223,-0.28,-0.258,-0.115,-0.189,-0.213,-0.142,
0.0,-0.274,-0.198,-0.202,-0.192,-0.172,-0.178,-0.149,-0.167,-0.134,
0.0,-0.249,-0.205,-0.181,-0.206,-0.193,-0.171,-0.214,-0.182,-0.191,
0.0,-0.183,-0.229,-0.221,-0.195,-0.187,-0.295,-0.189,-0.186,-0.18,
0.0,-0.234,-0.163,-0.191,-0.255,-0.224,-0.237,-0.247,-0.186,-0.2,
0.0,-0.162,-0.253,-0.284,-0.064,-0.208,-0.144,-0.134,-0.245,-0.206,
0.0,-0.244,-0.19,-0.169,-0.2,-0.191,-0.175,-0.188,-0.201,-0.159,
0.0,-0.131,-0.283,-0.211,-0.106,-0.171,-0.169,-0.207,-0.115,-0.19,
0.0,-0.152,-0.012,-0.193,-0.023,-0.195,-0.111,-0.237,-0.165,-0.121,
0.0,-0.194,-0.279,-0.22,-0.196,-0.269,-0.184,-0.15,-0.211,-0.166,
0.0,-0.18,-0.255,-0.176,-0.186,-0.202,-0.146,-0.189,-0.22,-0.165,
0.0,-0.166,-0.193,-0.183,-0.154,-0.201,-0.097,-0.219,-0.237,-0.211,
0.0,-0.23,-0.176,-0.305,-0.181,-0.124,-0.184,-0.172,-0.186,-0.239,
0.0,-0.077,-0.152,0.062,-0.192,-0.14,-0.121,-0.055,-0.232,-0.16,
0.0,-0.243,-0.201,-0.155,-0.208,0.015,-0.172,-0.157,-0.157,-0.092,
0.0,-0.139,-0.11,-0.176,-0.144,-0.168,-0.062,-0.165,-0.189,-0.074,
0.0,-0.142,-0.284,-0.19,-0.123,-0.201,-0.144,-0.26,-0.13,-0.164,
0.0,-0.2,-0.205,-0.159,-0.182,-0.182,-0.241,-0.219,-0.207,-0.174,
0.0,-0.259,-0.084,-0.153,-0.109,-0.158,-0.155,-0.124,-0.086,-0.212,
0.0,-0.296,-0.278,-0.375,-0.28,-0.105,-0.135,-0.268,-0.163,-0.193,
0.0,-0.069,-0.191,-0.157,-0.206,-0.176,-0.009,-0.07,-0.047,0.01,
0.0,-0.245,-0.177,-0.133,-0.163,-0.172,-0.085,-0.169,-0.144,-0.157,
0.0,-0.112,-0.247,-0.161,-0.194,-0.154,-0.15,-0.169,-0.169,-0.125,
0.0,-0.178,-0.149,-0.219,0.0,-0.042,0.034,-0.019,-0.015,-0.044,
0.0,-0.305,-0.171,-0.209,-0.247,-0.148,-0.247,-0.246,-0.185,-0.249,
0.0,-0.186,-0.224,-0.19,-0.118,-0.171,-0.261,-0.25,-0.203,-0.17,
0.0,-0.179,-0.201,-0.202,-0.234,-0.201,-0.175,-0.154,-0.245,-0.172,
0.0,-0.166,-0.169,-0.235,-0.152,-0.231,-0.269,-0.195,-0.203,-0.175,
0.0,-0.226,-0.205,-0.154,-0.249,-0.196,-0.121,-0.139,-0.071,-0.105,
0.0,-0.229,-0.191,-0.184,-0.035,-0.003,-0.203,-0.03,0.008,-0.03,
0.0,-0.129,-0.148,-0.266,-0.202,-0.176,-0.246,-0.219,-0.181,-0.027,
0.0,-0.277,-0.213,-0.2,-0.235,-0.16,-0.249,-0.269,0.025,-0.19,
0.0,-0.261,-0.267,-0.28,-0.314,-0.282,-0.284,-0.04,-0.08,-0.195,
0.0,-0.193,-0.216,-0.316,-0.248,-0.208,-0.102,-0.221,-0.081,-0.145,
0.0,-0.198,-0.237,-0.24,-0.141,-0.096,-0.2,-0.19,-0.158,-0.18,
0.0,-0.236,-0.235,-0.156,-0.167,-0.158,-0.186,-0.158,-0.185,-0.195,
0.0,-0.151,-0.197,-0.205,-0.127,-0.259,-0.192,-0.195,-0.092,-0.021,
0.0,-0.3,-0.197,-0.222,-0.081,-0.095,-0.119,-0.1,-0.117,-0.096,
0.0,-0.188,-0.183,-0.146,-0.008,-0.09,-0.201,-0.1,-0.119,-0.16,
0.0,-0.23,-0.207,-0.24,-0.226,-0.149,-0.192,-0.187,-0.271,-0.21,
0.0,-0.226,-0.168,-0.28,-0.114,-0.133,-0.208,-0.149,-0.072,-0.13,
0.0,-0.164,-0.048,-0.159,-0.13,-0.177,-0.2,-0.242,-0.133,-0.204,
0.0,-0.149,-0.204,-0.179,-0.277,-0.136,-0.192,-0.201,-0.157,-0.19,
0.0,-0.215,-0.197,-0.2,-0.026,0.1,-0.153,0.108,-0.014,0.024,
0.0,-0.185,-0.202,-0.232,-0.117,-0.248,-0.082,-0.118,-0.262,-0.225,
0.0,-0.241,-0.097,-0.045,-0.139,-0.191,-0.103,-0.194,-0.079,-0.106,
0.0,-0.238,-0.183,-0.236,-0.132,-0.055,-0.13,-0.194,-0.102,-0.211,
0.0,-0.169,-0.234,-0.129,-0.029,-0.195,-0.179,-0.2,-0.197,-0.124,
0.0,-0.198,-0.192,-0.184,-0.23,-0.106,-0.142,-0.204,-0.232,-0.046,
0.0,-0.17,-0.193,-0.123,-0.079,-0.121,-0.173,-0.033,-0.212,-0.173,
0.0,-0.269,-0.287,-0.221,-0.164,-0.219,-0.183,-0.27,-0.216,-0.264,
0.0,-0.169,-0.183,-0.217,-0.104,-0.201,-0.193,-0.172,-0.224,-0.171,
0.0,-0.135,-0.204,-0.221,-0.145,-0.071,-0.195,-0.246,-0.129,-0.234,
0.0,0.025,-0.155,-0.125,-0.091,-0.052,-0.226,-0.134,-0.254,-0.204,
0.0,-0.312,-0.273,-0.189,-0.2,-0.137,-0.156,-0.27,-0.278,-0.173,
0.0,-0.248,-0.112,-0.254,-0.133,-0.147,-0.197,-0.03,-0.132,-0.055,
0.0,-0.211,-0.224,-0.085,-0.141,-0.136,-0.116,-0.16,-0.128,-0.17,
0.0,-0.214,-0.199,-0.291,-0.117,-0.247,-0.207,-0.195,-0.159,-0.163,
0.0,-0.149,-0.268,-0.151,-0.23,-0.263,-0.239,-0.196,-0.154,-0.097,
0.0,-0.19,-0.161,-0.175,-0.181,-0.208,-0.141,-0.192,-0.232,-0.201,
0.0,-0.189,-0.17,-0.136,-0.096,-0.136,-0.054,-0.127,-0.109,-0.239,
0.0,-0.052,-0.118,-0.19,-0.156,-0.196,-0.112,-0.054,-0.252,-0.147,
0.0,-0.253,-0.18,-0.276,-0.189,-0.184,-0.215,-0.176,-0.188,-0.218,
0.0,-0.189,-0.251,-0.282,-0.246,-0.297,-0.069,-0.229,-0.185,-0.171,
0.0,-0.133,-0.147,-0.113,-0.209,-0.242,-0.066,-0.09,-0.225,-0.14,
0.0,-0.225,-0.144,-0.158,-0.208,-0.201,-0.112,-0.258,-0.156,-0.267,
0.0,-0.196,-0.253,-0.214,-0.204,-0.202,-0.196,-0.243,-0.193,-0.095,
0.0,-0.106,-0.112,-0.134,-0.038,-0.12,-0.025,-0.143,-0.094,-0.067,
0.0,-0.172,-0.193,-0.186,-0.17,-0.044,-0.009,-0.24,-0.16,-0.071,
0.0,-0.223,-0.286,-0.182,-0.187,-0.187,-0.208,-0.143,-0.166,-0.263,
0.0,-0.233,-0.171,-0.238,-0.094,-0.249,-0.068,-0.143,-0.086,-0.135,
0.0,-0.177,-0.178,-0.115,-0.208,-0.148,-0.084,-0.098,-0.159,-0.15,
0.0,-0.212,-0.179,-0.119,-0.206,-0.17,-0.192,-0.07,-0.231,-0.092,
0.0,-0.097,-0.045,-0.069,-0.08,-0.068,-0.193,-0.184,-0.202,-0.234,
0.0,-0.256,-0.207,-0.136,-0.182,-0.115,-0.149,-0.127,-0.149,-0.247,
0.0,-0.02,-0.124,-0.156,-0.165,-0.132,-0.175,-0.19,-0.156,-0.253,
0.0,-0.088,-0.219,-0.15,-0.125,-0.153,-0.137,-0.18,-0.169,-0.068,
0.0,-0.158,-0.089,-0.325,-0.229,-0.182,-0.18,-0.067,-0.197,-0.156,
0.0,-0.118,-0.175,-0.166,-0.121,-0.078,-0.044,-0.059,-0.162,-0.107,
0.0,-0.242,-0.243,-0.213,-0.2,-0.139,-0.061,-0.169,-0.035,-0.062,
0.0,-0.27,-0.14,-0.124,-0.086,-0.225,-0.123,-0.203,-0.073,-0.184,
0.0,-0.203,-0.317,-0.143,-0.141,-0.099,-0.158,-0.25,-0.134,-0.182,
0.0,-0.224,-0.201,-0.277,-0.242,-0.143,-0.148,-0.198,-0.213,-0.167,
0.0,-0.155,-0.161,-0.163,-0.127,-0.164,-0.168,-0.107,-0.082,-0.087,
0.0,-0.202,-0.262,-0.187,-0.076,-0.136,-0.214,-0.182,-0.184,-0.169,
0.0,-0.273,-0.183,-0.146,-0.183,-0.188,-0.208,-0.261,-0.227,-0.214,
0.0,-0.276,-0.187,-0.218,-0.081,-0.214,-0.141,-0.193,-0.217,-0.147,
0.0,-0.266,-0.257,-0.131,-0.31,-0.207,-0.179,-0.195,-0.197,-0.145,
0.0,-0.127,-0.267,-0.237,-0.241,-0.276,-0.065,-0.036,-0.115,-0.168,
0.0,-0.212,-0.19,-0.207,-0.226,-0.223,-0.146,-0.213,-0.117,-0.164,
0.0,-0.066,-0.25,-0.12,-0.144,-0.208,-0.268,-0.262,-0.134,-0.228,
0.0,-0.171,-0.139,-0.181,-0.163,-0.076,-0.176,-0.218,-0.108,-0.013,
0.0,-0.19,-0.253,-0.219,-0.157,-0.225,-0.186,-0.207,-0.114,-0.167,
0.0,-0.289,-0.01,-0.179,-0.219,-0.216,-0.173,-0.281,-0.214,-0.251,
0.0,-0.004,-0.182,-0.105,-0.042,-0.108,0.077,0.122,-0.025,-0.119,
0.0,-0.27,-0.236,-0.154,-0.126,-0.243,-0.114,-0.197,-0.068,-0.013,
0.0,-0.16,-0.169,-0.163,-0.22,-0.04,-0.133,-0.082,-0.134,-0.165,
0.0,-0.266,-0.278,-0.18,-0.195,-0.2,-0.222,-0.109,-0.161,-0.172,
0.0,-0.206,-0.275,-0.228,-0.174,-0.165,-0.2,-0.178,-0.228,-0.132,
0.0,-0.16,-0.201,-0.204,-0.149,-0.225,-0.204,-0.168,-0.12,-0.229,
0.0,-0.197,-0.159,-0.175,-0.204,-0.245,-0.18,-0.205,-0.244,-0.14,
0.0,-0.131,-0.118,-0.038,-0.249,0.056,-0.071,-0.114,-0.026,-0.224,
0.0,-0.072,-0.191,-0.135,-0.211,-0.186,-0.293,-0.192,-0.216,-0.189,
0.0,-0.13,-0.074,-0.177,-0.222,-0.156,-0.152,-0.128,-0.06,-0.173,
0.0,-0.193,-0.245,-0.199,-0.248,-0.169,-0.246,-0.154,-0.144,-0.151,
0.0,-0.146,-0.21,-0.228,-0.123,-0.177,-0.161,-0.226,-0.117,-0.197,
0.0,-0.102,-0.158,-0.178,-0.139,-0.096,-0.14,-0.103,-0.126,-0.11,
0.0,-0.187,-0.254,-0.208,-0.153,-0.135,-0.017,-0.057,-0.212,-0.165,
0.0,-0.168,-0.166,-0.172,-0.113,-0.121,-0.094,-0.2,-0.078,-0.178,
0.0,-0.135,-0.189,-0.137,-0.185,-0.264,-0.146,-0.212,-0.198,-0.154,
0.0,-0.159,-0.208,-0.125,-0.235,-0.062,-0.33,-0.141,-0.287,-0.237,
0.0,-0.094,-0.211,-0.159,-0.209,-0.227,-0.128,-0.106,-0.188,-0.184,
0.0,-0.131,-0.157,-0.194,-0.213,-0.118,-0.138,-0.136,-0.198,-0.144,
0.0,-0.164,-0.193,-0.141,-0.193,-0.17,-0.191,-0.182,-0.145,-0.166,
0.0,-0.181,-0.177,-0.157,-0.199,-0.192,-0.19,-0.184,-0.225,-0.194,
0.0,-0.31,-0.217,-0.135,-0.124,-0.083,-0.183,-0.135,-0.214,-0.172,
0.0,-0.161,-0.178,-0.169,-0.151,-0.201,-0.144,-0.164,-0.216,-0.162,
0.0,-0.174,-0.127,-0.165,-0.181,-0.123,-0.196,-0.117,-0.151,-0.087,
0.0,-0.123,-0.16,-0.11,-0.129,-0.04,-0.153,-0.149,-0.12,-0.072,
0.0,-0.131,-0.145,-0.296,-0.18,-0.247,-0.246,-0.073,-0.197,-0.273,
0.0,-0.203,-0.184,-0.186,-0.109,-0.08,-0.134,-0.114,-0.181,-0.239,
0.0,-0.166,-0.204,-0.192,-0.15,-0.17,-0.147,-0.138,-0.22,-0.168,
0.0,-0.152,-0.211,-0.177,-0.2,-0.16,-0.188,-0.202,-0.152,-0.212,
0.0,-0.083,0.052,-0.226,-0.158,-0.065,-0.048,-0.25,-0.169,-0.111,
0.0,-0.084,-0.243,-0.181,0.03,-0.141,-0.197,-0.239,-0.191,-0.227,
0.0,-0.176,-0.122,-0.269,-0.225,-0.193,-0.23,-0.244,-0.075,-0.188,
0.0,-0.209,-0.201,-0.201,-0.185,-0.216,-0.207,-0.263,-0.267,-0.204,
0.0,-0.135,-0.226,-0.15,-0.197,-0.188,-0.182,-0.212,-0.191,-0.14,
0.0,-0.191,-0.263,-0.18,-0.24,-0.17,-0.184,-0.172,-0.166,-0.227,
0.0,-0.048,-0.224,-0.143,-0.255,-0.225,-0.152,-0.112,-0.191,-0.212,
0.0,-0.164,-0.248,-0.163,-0.208,-0.184,-0.167,-0.176,-0.214,-0.185,
0.0,-0.203,-0.148,-0.124,-0.063,-0.184,-0.161,-0.131,-0.268,-0.236,
0.0,-0.143,-0.245,-0.211,-0.159,-0.223,-0.192,-0.123,-0.156,-0.188,
0.0,-0.209,-0.211,-0.06,-0.124,-0.23,-0.083,-0.231,-0.206,-0.222,
0.0,-0.056,-0.039,-0.104,-0.091,0.0,-0.019,-0.15,-0.201,0.008,
0.0,-0.27,-0.225,-0.232,-0.245,-0.193,-0.243,-0.148,-0.163,-0.162,
0.0,-0.242,-0.143,-0.273,-0.059,-0.099,-0.152,-0.086,-0.143,-0.12,
0.0,-0.212,-0.042,-0.148,-0.101,-0.167,-0.192,-0.236,-0.179,-0.171,
0.0,-0.33,-0.042,-0.081,-0.167,-0.076,-0.097,-0.225,-0.068,-0.193,


