

Data analysis for each instance 
AVG,MED,MAX,MIN
-0.191,-0.203,0,-0.25,
-0.149,-0.156,0,-0.204,
-0.124,-0.131,0,-0.166,
-0.189,-0.191,0,-0.239,
-0.173,-0.178,0,-0.234,
-0.12,-0.127,0,-0.236,
-0.164,-0.171,0,-0.241,
-0.164,-0.172,0,-0.24,
-0.112,-0.117,0,-0.159,
-0.142,-0.151,0,-0.202,
-0.144,-0.15,0,-0.19,
-0.127,-0.137,0,-0.173,
-0.138,-0.142,0,-0.184,
-0.126,-0.126,0,-0.168,
-0.18,-0.183,0,-0.23,
-0.143,-0.148,0,-0.181,
-0.149,-0.161,0,-0.231,
-0.166,-0.166,0,-0.285,
-0.15,-0.158,0,-0.188,
-0.115,-0.12,0,-0.16,
-0.135,-0.136,0,-0.205,
-0.173,-0.182,0,-0.235,
-0.21,-0.223,0,-0.254,
-0.147,-0.15,0,-0.206,
-0.119,-0.126,0,-0.202,
-0.177,-0.182,0,-0.221,
-0.139,-0.139,0,-0.208,
-0.217,-0.225,0,-0.268,
-0.132,-0.138,0,-0.199,
-0.141,-0.143,0,-0.206,
-0.146,-0.159,0,-0.213,
-0.143,-0.148,0,-0.195,
-0.191,-0.197,0,-0.254,
-0.133,-0.136,0,-0.196,
-0.168,-0.178,0,-0.228,
-0.139,-0.137,0,-0.202,
-0.114,-0.117,0,-0.223,
-0.137,-0.143,0,-0.187,
-0.152,-0.156,0,-0.222,
-0.28,-0.301,0,-0.356,
-0.141,-0.148,0,-0.204,
-0.118,-0.121,0,-0.165,
-0.172,-0.171,0,-0.224,
-0.177,-0.195,0,-0.265,
-0.141,-0.142,0,-0.19,
-0.12,-0.122,0,-0.166,
-0.15,-0.159,0,-0.199,
-0.123,-0.127,0,-0.166,
-0.147,-0.15,0,-0.211,
-0.144,-0.154,0,-0.203,
-0.166,-0.167,0,-0.253,
-0.149,-0.155,0,-0.234,
-0.158,-0.171,0,-0.258,
-0.132,-0.139,0,-0.198,
-0.165,-0.172,0,-0.216,
-0.129,-0.138,0,-0.179,
-0.116,-0.118,0,-0.162,
-0.189,-0.197,0,-0.252,
-0.157,-0.161,0,-0.216,
-0.118,-0.122,0,-0.205,
-0.147,-0.15,0,-0.196,
-0.191,-0.197,0,-0.263,
-0.165,-0.171,0,-0.242,
-0.152,-0.154,0,-0.21,
-0.155,-0.16,0,-0.202,
-0.194,-0.202,0,-0.245,
-0.16,-0.166,0,-0.227,
-0.165,-0.171,0,-0.208,
-0.156,-0.169,0,-0.226,
-0.154,-0.161,0,-0.233,
-0.144,-0.147,0,-0.215,
-0.18,-0.187,0,-0.243,
-0.148,-0.148,0,-0.237,
-0.191,-0.194,0,-0.257,
-0.146,-0.15,0,-0.205,
-0.178,-0.187,0,-0.227,
-0.179,-0.185,0,-0.229,
-0.186,-0.193,0,-0.235,
-0.12,-0.119,0,-0.232,
-0.119,-0.122,0,-0.183,
-0.158,-0.16,0,-0.224,
-0.194,-0.196,0,-0.25,
-0.165,-0.167,0,-0.234,
-0.159,-0.162,0,-0.215,
-0.207,-0.209,0,-0.252,
-0.199,-0.213,0,-0.257,
-0.136,-0.138,0.002,-0.19,
-0.144,-0.147,0,-0.194,
-0.187,-0.194,0,-0.241,
-0.151,-0.159,0,-0.213,
-0.148,-0.157,0,-0.202,
-0.13,-0.13,0,-0.245,
-0.15,-0.153,0,-0.202,
-0.144,-0.148,0,-0.214,
-0.197,-0.208,0,-0.27,
-0.18,-0.185,0,-0.258,
-0.141,-0.14,0,-0.214,
-0.143,-0.147,0,-0.192,
-0.155,-0.162,0,-0.207,
-0.134,-0.138,0,-0.191,
-0.114,-0.113,0,-0.209,
-0.183,-0.187,0,-0.234,
-0.111,-0.115,0,-0.155,
-0.18,-0.181,0,-0.245,
-0.137,-0.14,0,-0.19,
-0.194,-0.203,0,-0.259,
-0.206,-0.213,0,-0.282,
-0.176,-0.183,0,-0.266,
-0.147,-0.153,0,-0.193,
-0.187,-0.195,0,-0.249,
-0.134,-0.139,0,-0.203,
-0.134,-0.135,0,-0.193,
-0.144,-0.147,0,-0.218,
-0.19,-0.196,0,-0.261,
-0.159,-0.162,0,-0.216,
-0.135,-0.138,0,-0.186,
-0.164,-0.169,0,-0.23,
-0.189,-0.193,0,-0.249,
-0.154,-0.166,0,-0.237,
-0.145,-0.146,0,-0.221,
-0.194,-0.195,0,-0.276,
-0.12,-0.123,0,-0.162,
-0.121,-0.128,0,-0.174,
-0.168,-0.173,0,-0.218,
-0.168,-0.174,0,-0.224,
-0.195,-0.198,0,-0.265,
-0.18,-0.188,0,-0.242,
-0.247,-0.253,0,-0.294,
-0.164,-0.166,0,-0.233,
-0.145,-0.147,0,-0.2,
-0.127,-0.131,0,-0.178,
-0.194,-0.199,0,-0.264,
-0.181,-0.184,0,-0.238,
-0.168,-0.175,0,-0.232,
-0.113,-0.111,0,-0.181,
-0.111,-0.113,0,-0.22,
-0.227,-0.234,0,-0.285,
-0.165,-0.173,0,-0.218,
-0.158,-0.164,0,-0.24,
-0.16,-0.163,0,-0.208,
-0.095,-0.101,0,-0.132,
-0.116,-0.113,0,-0.234,
-0.14,-0.144,0,-0.204,
-0.161,-0.165,0,-0.214,
-0.171,-0.177,0,-0.251,
-0.126,-0.132,0,-0.177,
-0.162,-0.168,0,-0.227,
-0.165,-0.168,0,-0.226,
-0.141,-0.143,0,-0.193,
-0.136,-0.143,0,-0.19,
-0.192,-0.196,0,-0.263,
-0.163,-0.171,0,-0.22,
-0.153,-0.158,0,-0.216,
-0.167,-0.17,0,-0.242,
-0.121,-0.12,0,-0.196,
-0.154,-0.156,0,-0.214,
-0.133,-0.137,0,-0.189,
-0.171,-0.174,0,-0.225,
-0.113,-0.114,0,-0.182,
-0.165,-0.175,0,-0.224,
-0.115,-0.117,0,-0.188,
-0.178,-0.175,0,-0.249,
-0.15,-0.154,0,-0.195,
-0.162,-0.167,0,-0.217,
-0.156,-0.159,0,-0.21,
-0.145,-0.151,0,-0.211,
-0.203,-0.213,0,-0.271,
-0.173,-0.178,0,-0.216,
-0.161,-0.17,0,-0.231,
-0.183,-0.188,0,-0.256,
-0.217,-0.225,0,-0.273,
-0.166,-0.169,0,-0.26,
-0.178,-0.184,0,-0.233,
-0.131,-0.135,0,-0.185,
-0.145,-0.15,0,-0.197,
-0.144,-0.152,0,-0.201,
-0.141,-0.147,0,-0.194,
-0.17,-0.172,0,-0.228,
-0.157,-0.165,0,-0.22,
-0.165,-0.171,0,-0.213,
-0.189,-0.189,0,-0.256,
-0.164,-0.171,0,-0.226,
-0.185,-0.19,0,-0.247,
-0.184,-0.186,0,-0.262,
-0.184,-0.187,0,-0.231,
-0.17,-0.172,0,-0.245,
-0.178,-0.181,0,-0.229,
-0.183,-0.181,0,-0.272,
-0.161,-0.168,0,-0.224,
-0.143,-0.149,0,-0.194,
-0.195,-0.203,0,-0.268,
-0.182,-0.188,0,-0.251,
-0.228,-0.235,0,-0.278,
-0.154,-0.156,0,-0.204,
-0.174,-0.174,0,-0.245,
-0.166,-0.175,0,-0.233,
-0.123,-0.131,0,-0.185,
-0.193,-0.197,0,-0.246,
-0.16,-0.17,0,-0.226,
-0.203,-0.214,0,-0.214,
-0.163,-0.163,0,-0.227,
-0.138,-0.142,0,-0.2,
-0.168,-0.177,0,-0.221,
-0.136,-0.141,0,-0.193,
-0.152,-0.16,0,-0.199,
-0.176,-0.184,0,-0.256,
-0.189,-0.191,0,-0.27,
-0.192,-0.196,0,-0.243,
-0.217,-0.223,0,-0.274,
-0.132,-0.134,0,-0.173,
-0.185,-0.191,0,-0.278,
-0.195,-0.203,0,-0.24,
-0.146,-0.148,0,-0.196,
-0.154,-0.158,0,-0.204,
-0.172,-0.184,0,-0.227,
-0.145,-0.147,0,-0.236,
-0.207,-0.22,0,-0.282,
-0.125,-0.126,0,-0.166,
-0.114,-0.117,0,-0.163,
-0.163,-0.173,0,-0.223,
-0.166,-0.173,0,-0.215,
-0.136,-0.144,0,-0.19,
-0.139,-0.142,0,-0.184,
-0.176,-0.182,0,-0.248,
-0.185,-0.187,0,-0.266,
-0.147,-0.155,0,-0.208,
-0.132,-0.143,0,-0.201,
-0.135,-0.142,0,-0.187,
-0.166,-0.165,0,-0.242,
-0.139,-0.143,0,-0.214,
-0.143,-0.146,0,-0.196,
-0.131,-0.138,0,-0.198,
-0.147,-0.148,0.002,-0.298,
-0.154,-0.155,0,-0.212,
-0.163,-0.169,0,-0.218,
-0.177,-0.184,0,-0.254,
-0.144,-0.147,0,-0.176,
-0.228,-0.245,0,-0.292,
-0.171,-0.174,0,-0.222,
-0.134,-0.138,0,-0.203,
-0.172,-0.18,0,-0.224,
-0.128,-0.138,0,-0.201,
-0.129,-0.137,0,-0.175,
-0.153,-0.154,0,-0.219,
-0.167,-0.17,0,-0.211,
-0.133,-0.137,0,-0.168,
-0.162,-0.163,0,-0.243,
-0.129,-0.131,0,-0.214,
-0.121,-0.127,0,-0.18,
-0.149,-0.127,0,-0.346,
-0.172,-0.173,0,-0.241,
-0.178,-0.184,0,-0.252,
-0.207,-0.211,0,-0.291,
-0.175,-0.178,0,-0.256,
-0.169,-0.181,0,-0.232,
-0.167,-0.169,0,-0.224,
-0.142,-0.145,0,-0.219,
-0.18,-0.183,0,-0.259,
-0.182,-0.186,0,-0.242,
-0.158,-0.166,0,-0.224,
-0.107,-0.114,0,-0.164,
-0.151,-0.16,0,-0.207,
-0.211,-0.218,0,-0.285,
-0.172,-0.175,0,-0.223,
-0.143,-0.143,0,-0.202,
-0.123,-0.132,0,-0.236,
-0.195,-0.201,0,-0.255,
-0.159,-0.165,0,-0.204,
-0.147,-0.151,0,-0.22,
-0.132,-0.133,0,-0.204,
-0.108,-0.108,0,-0.166,
-0.133,-0.139,0,-0.207,
-0.172,-0.178,0,-0.247,
-0.116,-0.122,0,-0.19,
-0.126,-0.127,0,-0.197,
-0.126,-0.133,0,-0.189,
-0.163,-0.169,0,-0.232,
-0.132,-0.133,0,-0.206,
-0.176,-0.174,0,-0.323,
-0.162,-0.165,0,-0.225,
-0.126,-0.129,0,-0.193,
-0.171,-0.176,0,-0.244,
-0.124,-0.132,0,-0.175,
-0.14,-0.148,0,-0.196,
-0.154,-0.16,0,-0.229,
-0.148,-0.156,0,-0.197,
-0.138,-0.143,0,-0.223,
-0.149,-0.152,0,-0.212,
-0.142,-0.15,0,-0.197,
-0.161,-0.167,0,-0.218,
-0.117,-0.116,0,-0.259,
-0.135,-0.137,0,-0.224,
-0.199,-0.204,0,-0.302,
-0.115,-0.115,0,-0.196,
-0.158,-0.162,0,-0.232,
-0.182,-0.182,0,-0.25,
-0.169,-0.174,0,-0.245,
-0.097,-0.096,0,-0.158,
-0.183,-0.19,0,-0.266,
-0.139,-0.141,0,-0.208,
-0.159,-0.164,0,-0.241,
-0.136,-0.138,0,-0.222,
-0.123,-0.126,0,-0.201,
-0.095,-0.095,0,-0.148,
-0.147,-0.148,0,-0.206,
-0.163,-0.167,0,-0.242,
-0.147,-0.147,0,-0.241,
-0.184,-0.191,0,-0.281,
-0.141,-0.144,0,-0.2,
-0.137,-0.144,0,-0.209,
-0.147,-0.15,0,-0.197,
-0.114,-0.117,0,-0.17,
-0.132,-0.132,0,-0.216,
-0.151,-0.156,0,-0.215,
-0.101,-0.1,0,-0.153,
-0.141,-0.143,0,-0.195,
-0.047,-0.015,0,-0.227,
-0.104,-0.108,0,-0.181,
-0.147,-0.149,0,-0.207,
-0.134,-0.139,0,-0.215,
-0.198,-0.201,0,-0.262,
-0.161,-0.166,0,-0.241,
-0.09,-0.086,0,-0.14,
-0.14,-0.145,0,-0.2,
-0.135,-0.142,0,-0.211,
-0.125,-0.127,0,-0.194,
-0.15,-0.154,0,-0.213,
-0.155,-0.161,0,-0.209,
-0.139,-0.144,0,-0.191,
-0.139,-0.144,0,-0.206,
-0.17,-0.173,0,-0.242,
-0.164,-0.169,0,-0.236,
-0.168,-0.175,0,-0.25,
-0.137,-0.143,0,-0.205,
-0.147,-0.146,0,-0.231,
-0.157,-0.156,0,-0.236,
-0.18,-0.181,0,-0.24,
-0.13,-0.137,0,-0.19,
-0.163,-0.169,0,-0.239,
-0.138,-0.141,0,-0.227,
-0.151,-0.155,0,-0.201,
-0.096,-0.102,0,-0.154,
-0.193,-0.197,0,-0.253,
-0.134,-0.139,0,-0.189,
-0.138,-0.142,0,-0.211,
-0.149,-0.154,0,-0.243,
-0.16,-0.166,0,-0.218,
-0.179,-0.189,0,-0.268,
-0.21,-0.215,0,-0.282,
-0.115,-0.118,0,-0.166,
-0.098,-0.099,0,-0.163,
-0.22,-0.228,0,-0.297,
-0.123,-0.125,0,-0.187,
-0.129,-0.126,0,-0.193,
-0.162,-0.165,0,-0.228,
-0.146,-0.148,0,-0.213,
-0.145,-0.148,0,-0.21,
-0.134,-0.139,0,-0.214,
-0.15,-0.156,0,-0.222,
-0.144,-0.15,0,-0.19,
-0.182,-0.187,0,-0.254,
-0.197,-0.203,0,-0.269,
-0.163,-0.159,0,-0.277,
-0.14,-0.147,0,-0.193,
-0.165,-0.167,0,-0.236,
-0.151,-0.153,0,-0.22,
-0.163,-0.171,0,-0.246,
-0.108,-0.106,0,-0.177,
-0.108,-0.111,0,-0.159,
-0.183,-0.185,0,-0.261,
-0.17,-0.173,0,-0.244,
-0.155,-0.154,0,-0.239,
-0.14,-0.147,0,-0.207,
-0.132,-0.13,0,-0.194,
-0.135,-0.137,0,-0.183,
-0.135,-0.139,0,-0.204,
-0.166,-0.172,0,-0.219,
-0.149,-0.152,0,-0.212,
-0.172,-0.179,0,-0.249,
-0.15,-0.155,0,-0.219,
-0.11,-0.112,0,-0.171,
-0.126,-0.127,0,-0.19,
-0.118,-0.121,0,-0.179,
-0.141,-0.146,0,-0.223,
-0.14,-0.146,0,-0.213,
-0.132,-0.138,0,-0.221,
-0.147,-0.145,0,-0.224,
-0.108,-0.115,0,-0.166,
-0.143,-0.146,0,-0.214,
-0.114,-0.112,0,-0.191,
-0.109,-0.111,0.002,-0.178,
-0.129,-0.132,0,-0.205,
-0.147,-0.152,0,-0.209,
-0.143,-0.144,0,-0.223,
-0.127,-0.129,0,-0.19,
-0.171,-0.177,0,-0.225,
-0.131,-0.136,0,-0.206,
-0.168,-0.176,0,-0.262,
-0.187,-0.196,0,-0.277,
-0.231,-0.244,0,-0.296,
-0.127,-0.131,0,-0.203,
-0.178,-0.178,0,-0.265,
-0.133,-0.131,0,-0.253,
-0.154,-0.157,0,-0.227,
-0.157,-0.158,0,-0.231,
-0.154,-0.159,0,-0.223,
-0.169,-0.176,0,-0.25,
-0.158,-0.163,0,-0.217,
-0.186,-0.186,0,-0.294,
-0.147,-0.148,0,-0.216,
-0.109,-0.114,0,-0.176,
-0.112,-0.116,0,-0.166,
-0.126,-0.128,0,-0.183,
-0.141,-0.156,0,-0.211,
-0.158,-0.16,0,-0.208,
-0.133,-0.135,0,-0.218,
-0.133,-0.137,0,-0.2,
-0.131,-0.142,0,-0.201,
-0.165,-0.169,0,-0.22,
-0.142,-0.146,0,-0.218,
-0.16,-0.163,0,-0.226,
-0.132,-0.135,0,-0.189,
-0.135,-0.138,0,-0.192,
-0.153,-0.158,0,-0.24,
-0.147,-0.148,0,-0.224,
-0.177,-0.183,0,-0.243,
-0.123,-0.122,0,-0.254,
-0.138,-0.141,0,-0.2,
-0.137,-0.14,0,-0.222,
-0.129,-0.132,0,-0.188,
-0.143,-0.144,0,-0.199,
-0.151,-0.15,0,-0.255,
-0.136,-0.13,0,-0.227,
-0.126,-0.128,0,-0.181,
-0.152,-0.159,0,-0.233,
-0.168,-0.174,0,-0.246,
-0.126,-0.127,0,-0.188,
-0.175,-0.178,0,-0.24,
-0.172,-0.174,0,-0.247,
-0.163,-0.167,0,-0.254,
-0.169,-0.181,0,-0.247,
-0.189,-0.195,0,-0.273,
-0.159,-0.168,0,-0.255,
-0.183,-0.199,0,-0.255,
-0.142,-0.144,0,-0.201,
-0.159,-0.162,0,-0.22,
-0.131,-0.136,0,-0.187,
-0.177,-0.181,0,-0.233,
-0.154,-0.158,0,-0.216,
-0.133,-0.133,0,-0.209,
-0.192,-0.202,0,-0.248,
-0.123,-0.129,0,-0.2,
-0.141,-0.14,0,-0.221,
-0.124,-0.126,0,-0.177,
-0.154,-0.162,0,-0.231,
-0.124,-0.132,0,-0.198,
-0.2,-0.207,0,-0.264,
-0.108,-0.108,0,-0.184,
-0.169,-0.174,0,-0.244,
-0.139,-0.139,0,-0.205,
-0.172,-0.179,0,-0.248,
-0.139,-0.143,0,-0.2,
-0.164,-0.173,0,-0.233,
-0.127,-0.132,0,-0.178,
-0.11,-0.114,0,-0.159,
-0.129,-0.129,0,-0.17,
-0.161,-0.162,0,-0.253,
-0.195,-0.195,0,-0.252,
-0.164,-0.17,0,-0.24,
-0.146,-0.15,0,-0.186,
-0.124,-0.125,0,-0.186,
-0.142,-0.146,0,-0.198,
-0.234,-0.237,0,-0.292,
-0.179,-0.184,0,-0.23,
-0.15,-0.15,0,-0.199,
-0.117,-0.122,0.012,-0.183,
-0.127,-0.127,0,-0.203,
-0.135,-0.145,0,-0.188,
-0.15,-0.157,0,-0.221,
-0.17,-0.172,0,-0.248,
-0.131,-0.135,0,-0.185,
-0.106,-0.11,0,-0.217,
-0.134,-0.141,0,-0.209,
-0.146,-0.148,0,-0.22,
-0.169,-0.172,0,-0.22,
-0.175,-0.179,0,-0.26,
-0.196,-0.199,0,-0.303,
-0.158,-0.163,0,-0.233,
-0.146,-0.146,0,-0.196,
-0.192,-0.2,0,-0.267,
-0.128,-0.137,0,-0.228,
-0.14,-0.144,0,-0.187,
-0.156,-0.16,0,-0.253,
-0.153,-0.155,0,-0.233,
-0.163,-0.164,0,-0.23,
-0.113,-0.118,0,-0.192,
-0.191,-0.196,0,-0.252,
-0.14,-0.143,0,-0.196,
-0.119,-0.12,0,-0.195,
-0.136,-0.14,0,-0.189,




Further Data analysis of all test cases 
avg med max min 
AVGs,-0.153,-0.15,-0.047,-0.28,
MEDs,-0.158,-0.155,-0.015,-0.301,
MAXs,0,0,0.012,0,
MINs,-0.22,-0.218,-0.132,-0.356,



