0.812
0.979,0.855,0.806,0.791,0.785,0.782,0.783,0.782,0.778,0.779
1.0,0.847,0.788,0.761,0.762,0.75,0.751,0.754,0.748,0.753
1.0,1.0,1.0,1.0,1.0,1.0,1.0,1.0,1.0,1.0
0.784,0.537,0.541,0.559,0.47,0.513,0.556,0.459,0.463,0.432

0.656
0.974,0.677,0.634,0.62,0.612,0.608,0.611,0.607,0.609,0.606
0.985,0.632,0.573,0.552,0.545,0.544,0.542,0.543,0.542,0.535
1.0,1.0,1.0,1.0,1.0,1.0,1.0,1.0,1.0,1.0
0.829,0.349,0.322,0.322,0.312,0.311,0.311,0.31,0.308,0.311

0.584
0.974,0.595,0.544,0.537,0.533,0.533,0.531,0.529,0.53,0.53
0.985,0.514,0.444,0.43,0.429,0.432,0.426,0.426,0.426,0.424
1.0,1.0,1.0,1.0,1.0,1.0,1.0,1.0,1.0,1.0
0.829,0.333,0.3,0.299,0.298,0.298,0.286,0.298,0.298,0.298

