

Data analysis for each instance 
AVG,MED,MAX,MIN
0,-0.046,-0.005,0.097,0.143,0.074,0.129,0.091,0.036,0.06,
0,0,0,0.104,-0.01,0.008,-0.048,0.072,-0.094,-0.008,
0,0,0,0,0,0,-0.033,-0.028,-0.069,0.028,
0,-0.046,0.002,-0.054,-0.093,-0.113,0.011,0.066,-0.045,-0.014,
0,0,0.035,0.197,-0.053,-0.057,-0.022,-0.166,-0.088,-0.053,
0,0,0,0,0,0,0,0,0,0,
0,0,0,0,0,0.003,-0.021,0.037,-0.001,0.042,
0,0,0.074,-0.021,0.114,0.015,0.045,-0.005,0.121,0.023,
0,0,0,0,0,0,0,0,0.053,-0.001,
0,0,0,0,0,0,0,0,0,-0.047,
0,0,0,-0.019,0.032,0.221,0.167,0.036,0.015,-0.036,
0,0,0,0,0,0,0,0,0,0,
0,0,0,0,0,0,0.087,0.001,0.031,-0.172,
0,0,0,0,0,0,0,0,0,0,
0,0,0,0,0,0,0,-0.074,0.006,-0.031,
0,0,0,0,0,0,-0.001,-0.082,-0.03,0.04,
0,0,0,-0.013,-0.085,0.044,-0.009,-0.008,-0.262,0.069,
0,0,0,0,0,0,0,0,-0.027,0.097,
0,0,0,0,0.009,-0.001,-0.052,-0.004,0.098,0.099,
0,0,0.041,-0.097,0.023,-0.044,-0.049,0.093,0.044,-0.089,
0,0,0,0,-0.096,-0.045,0.107,0.049,-0.09,-0.146,
0,0,0,0,0,0,0,0,0,0,
0,0,0,0,0,0.001,0,0.037,-0.026,0.043,
0,0,0,0,0,0,-0.008,0.002,-0.063,-0.044,
0,0,0,0.015,0.106,0.046,0.015,-0.097,0.002,-0.081,
0,0,0,-0.073,-0.025,0.011,-0.015,-0.024,-0.028,-0.038,
0,0,0,0,-0,0.057,0.003,-0.054,-0.059,0.146,
0,-0.001,-0.016,0.138,0.054,0.118,0.048,-0.019,0.115,-0.063,
0,0,0,0.02,-0.019,0.127,-0.129,-0.069,0.039,0.146,
0,0,0,0,0,0,0,0,0,0,
0,0,0,0,0,0,0,0,0,0,
0,0,0,0,0,0,0,0,0,0,
0,0,0,0,0.011,0.087,0.091,0.092,-0.05,-0.06,
0,0,-0.009,-0.124,0.075,0.019,-0.09,-0.074,-0.011,0.06,
0,0,-0.04,0.058,0.006,0.064,-0.018,-0.071,0.18,0.228,
0,0,0,0,0,-0.023,-0.002,0.04,-0.023,0.022,
0,0,0,0,0,0,0,0,0,0,
0,-0.009,0.058,-0.094,0.117,0.037,-0.031,-0.016,-0.055,0.052,
0,0,0,0,0,0,0,0,0,0,
0,-0.028,0.083,-0.009,-0.079,0.059,0.052,-0.021,-0.14,-0.239,
0,0,0,0,0,0,0,0,0,0,
0,0,0,0,0,0,0,0,0,0,
0,0,0,0,0,0,0,-0.042,0.022,0.034,
0,0,0,0,0,0,0,0,0,0,
0,0,0,0,0,0,0,0,0,0,
0,0,-0.013,-0.084,-0.126,-0.071,0.056,0.037,0.01,0.123,
0,0,0,0,0,0,0,0,0,0,
0,0,0,0,0,0,0,0,0,0,
0,0.003,-0.032,-0.043,-0.194,-0.07,-0.091,-0.118,-0.084,-0.022,
0,0,0,0,0,0,0,0,0,0,
0,0,0,0,-0,0.001,0.107,0.212,-0.029,-0.06,
0,-0.092,0.035,-0.104,0.026,-0.006,-0.013,-0.151,-0.105,-0.003,
0,0,0,0.038,-0.007,0.001,0.083,0.077,-0.231,-0.118,
0,0,0,0,-0.004,0.009,-0.045,-0.067,-0.023,-0.069,
0,0,0,0,0,0.051,0.045,0.043,-0.061,-0.023,
0,0,0,0,0,-0.035,0.049,-0.004,0.101,0.073,
0,0,0,0,0,0,0,0,0.044,-0.009,
0,0,0,0,0,-0.023,0.057,-0.055,-0.073,-0.138,
0,0,-0.102,-0.098,-0.072,0.058,0.03,-0.029,-0.116,0.04,
0,0,0,0,0,0,-0.017,0.038,-0.198,-0.212,
0,0,0,0,0,0,0,-0.021,0.104,-0.021,
0,0,0.033,-0.002,0.012,-0.044,0.009,-0.03,-0.006,0.012,
0,0,0,0,0,0,-0.06,0.002,0.038,-0.034,
0,0,0,0,0,0,0,0,0,0,
0,0,-0,-0.014,-0.08,0.015,-0.057,0.117,0.041,0.112,
0,0.027,0.041,-0.069,-0.032,0.003,0.017,0.1,-0.04,-0,
0,0,0,0,0,0,0,0,0,0,
0,0,0,0,0,0.063,0,0.037,0.059,0.026,
0,0,0,0,0,0,0,0,0,0,
0,0,0,0,0,-0.027,-0.044,0.079,-0.009,-0.086,
0,0,0,0,0,0,0.002,-0.162,-0.155,0.092,
0,-0.003,-0.01,-0.025,0.125,-0.034,-0.157,0.011,-0.13,0.08,
0,0.086,0.036,0.003,0.021,-0.092,-0.149,-0.104,-0.127,-0.102,
0,0,0,0,0,0,0,0,0,0.017,
0,0,0,0,0,0,0,-0.072,-0.053,-0.035,
0,0,0,0,0,0,0,0,0,0,
0,0,0,0,0,0,0,0,0,0,
0,0,0,0,0,-0.046,-0.04,-0.07,-0.136,-0.078,
0,0,0,-0.016,-0.05,0.006,-0.022,-0.062,-0.032,-0.024,
0,0,0,0,0,0,-0.085,-0.087,0.011,0,
0,0,0,0,0,0,0,0,0,0,
0,0,0,0,0,0,0,0,0,0,
0,0,0,0,0,0,0.005,-0,0,0,
0,0.057,-0.129,-0.038,-0.007,0.017,-0.114,-0.068,-0.084,-0.126,
0,0,0,0,0,0,-0.018,-0.038,-0.025,0.023,
0,0,0.084,0.001,-0.031,-0.013,0,0.054,0.103,-0.142,
0,0,0,0,0,0,0,0,0,0,
0,0.017,-0.216,0.068,-0.059,0.017,-0.074,0.109,-0.139,0.064,
0,0,0,0.075,0.148,0.045,-0.007,-0.129,-0.123,-0.043,
0,0,0,0,0,0,0,0,0.007,0.135,
0,0,0.018,-0.02,0.001,-0.004,-0.007,0.072,0.067,0.065,
0,0.003,0.038,-0.097,0.048,0.012,-0.1,-0.05,0.079,-0.137,
0,0,0,0,0,0,0,0,0,-0.024,
0,0,0,0,0.151,0.013,0.076,-0.027,0.074,0.029,
0,0,0,0,0,0,0,0,0,0,
0,0,0,0,0,0,0,0,0,0,
0,0,0,0,0,0,-0,-0.005,-0.091,-0.093,
0,0,-0.102,0.004,0.032,0.032,0.139,0.001,0.018,-0.117,
0,0,0,0,0,0,0,0,0,0,
0,-0.064,-0.134,-0.019,-0.011,0.006,0.076,-0.196,0.018,-0.054,
0,0,0,0.022,-0.035,0.135,-0.009,0.083,0.098,0.063,
0,-0.033,-0.053,0.052,-0.107,-0.098,-0.104,-0.057,-0.086,-0.163,
0,0,0,0,0,0,0,-0.106,-0.017,-0.038,
0,-0.02,0.059,0.077,-0.125,-0.05,0.017,-0.048,0.186,-0.019,
0,0,0,0,0.001,-0.121,0.11,-0.014,-0.007,0.11,
0,0,0,0,0,0,0,0,0,0,
0,0,0,0,0,0,0,0,0,0,
0,0,0,0,0,0,0,0,0,0,
0,0,0,0,0,0,0,0,0,0,
0,0,0,0,0,0,0,0,0,0,
0,0,0,0,0,0,0,0,0,0,
0,0,-0.006,0.036,0.015,0.074,0.109,0.164,-0.08,-0.019,
0,0,0,0,0,0,0,0,0,0,
0,0,0.025,0.057,-0.047,0.006,0.054,-0.035,-0.032,-0.111,
0,0.04,-0.014,-0.001,-0.092,-0.143,-0.017,0.086,-0.026,-0.044,
0,0,-0.064,-0.025,0.081,0.021,0.132,-0.003,0.095,-0.064,
0,0,0,0,0,0,0,-0.1,-0.06,0.118,
0,0,0,0,0,0,0,0,0,-0.026,
0,0,0,0,0,0,0,0,0,0,
0,0,-0.035,0.147,0.022,-0.008,-0.026,0.096,-0.072,0.016,
0,0,0,0,0.065,-0.011,0.014,0.013,0.02,0.043,
0,0,0,0,0,0,0,0,0,0,
0,0,0,0,0,0,0,0,0,0,
0,0,0,0,0,0,0,0,-0.003,-0.052,
0,0,0,0,0,0.144,0.112,-0.041,0.087,0.059,
0,0,0,0,0,0,0,0,-0.13,-0.113,
0,0,0,0,0,-0.022,-0.064,0.031,-0.163,-0.039,
0,0,0,0.027,-0.045,-0.063,0.017,0.053,0.155,0.086,
0,0,-0.042,-0.033,0.03,-0.033,-0.034,0.062,-0.092,-0.166,
0,0,0,0,0,0,0,0,0,0,
0,0,0,0,0,0,0,0.023,0.087,-0.095,
0,0,0,0,-0.035,-0.072,-0.02,0.036,0.059,-0.037,
0,0,0,-0.058,0.061,-0.028,-0.053,-0.003,0.072,-0.083,
0,0,0,0,0,0,0,0,0,0,
0,0,0.055,-0.019,-0,0.011,0.082,0.005,0.063,0.076,
0,0.103,0.022,-0.012,-0.155,0.023,0.071,0.083,0.038,0.09,
0,0,0,0,0,0,0,0,0,0,
0,0,0,0,0,0,0,0,0,0,
0,0,0,0,0,0,0,0,0,0,
0,0.01,-0.126,0.003,-0.047,0.082,0.008,0.06,-0.139,-0.002,
0,0,0,-0.003,-0.103,-0.108,0.006,-0.038,0.112,-0.093,
0,0,0,0,0,0,0,0,0,0,
0,0,0,0,0,0,0,0,0,0,
0,0,0,-0.027,0.11,0.038,-0.051,-0.203,-0.144,-0.092,
0,0,0,0,0.024,0.068,0.048,-0.014,-0.032,-0.063,
0,-0.048,0.024,0.043,-0.046,0.001,0.134,-0.043,-0.127,-0.004,
0,0,0,0,0,0,0,0,0,0,
0,0,0,0,-0,-0,-0.057,-0,0.071,0.026,
0,0,0,0,0,0,0,-0.109,0.116,0.077,
0,0,0,0,0,0,0,0,0,0,
0,0,0,0,0,0,0,0,0,0,
0,-0.001,-0,-0,0,0.001,-0.003,0,0.001,-0.003,
0,0,0,0,0,0,0,0,0,0,
0,0,0,0,0,0,0,0,0,0,
0,0,0,0,-0,-0.035,0.034,-0.054,-0.038,-0.038,
0,0,0,0,-0.064,-0.107,0.032,-0.185,0.008,-0.088,
0,0,0,-0.001,-0.017,-0.031,0.089,0.133,0.056,-0.007,
0,-0.005,-0.001,-0.028,-0.042,-0.003,0.081,-0.034,0.099,0.156,
0,0,0,0,-0.016,0.007,-0.001,0,0,0.011,
0,0,0.005,-0.069,-0.096,0.023,-0.015,-0.087,-0.03,0.003,
0,0,0,0,0,-0,-0,-0.028,-0.152,-0.032,
0,0,0,0,0,0,0,0,0,0,
0,-0.036,0.044,0.002,0.102,-0.052,-0.026,-0.036,-0.074,-0.032,
0,0.087,0.046,0.024,-0.084,0.048,-0.115,-0.034,0.045,-0.117,
0,0,0,0,0,0,0,0,0,0,
0,0,0,0,0,0,0,0,0,0,
0,0,0,0,0,0,0,0,0,0,
0,0.014,0.002,0.008,0.002,0.006,0.005,0.005,0.005,0.005,
0,0.036,0.013,-0.095,0.014,-0,0.054,0.178,0.034,0.189,
0,0,0,0,0,0,0,0.025,-0.047,-0.039,
0,0,0.019,-0.108,0.02,0.003,-0.104,-0.002,-0.006,0.122,
0,0,0,0,0,0,0,0,0,0,
0,-0,-0.065,-0.09,-0.045,-0.06,0.01,0.093,0.114,-0.008,
0,0,0,0,0,0,0,0,0,0,
0,0,0,0,-0.04,0.04,0.033,0.084,0.122,0.06,
0,0,0,0,0,0,0,-0.105,-0.217,0.014,
0,0,0,0,0,0,0,0,0,0,
0,-0.001,-0.024,0.046,-0.035,0.083,-0.098,-0.049,-0.036,-0.115,
0,0,0,-0.038,-0.021,0.007,-0.089,-0.094,-0.031,-0.073,
0,0.065,0.1,-0.015,-0.009,0.045,0.017,-0.021,0.046,0.017,
0,0,0,0,0,0,0,0,0,0,
0,0,0,0,0,0,0,0,0,0,
0,0,0,0,0,0,0,0,0,0,
0,-0.109,-0.082,0.143,0.037,-0.084,0.047,0.179,0.001,-0.12,
0,0,0,0,0,0,0,0,0,0,
0,0.016,0.079,0.014,-0.041,-0.079,-0.027,0.058,0.162,0.167,
0,0,0.044,0.006,-0.002,-0.038,-0.077,-0.017,0.017,-0.024,
0,0,0,0,0,0,0,-0.066,0.02,-0.044,
0,0,0,0,0,0,0,0,0,0,
0,-0.013,-0.006,-0.083,-0.008,-0.093,0.03,-0.001,-0.063,0.153,
0,0,0,0,0,0,0,0,0,0,
0,0,0,0,0,0,0,0,-0.045,0.042,
0,0,-0.088,-0.03,0.044,0.057,0.064,0.142,0.009,0.177,
0,-0.002,-0.001,0.001,-0.039,0.075,0.112,0.033,0.017,0.033,
0,0,0,-0.03,0.098,-0.006,-0.012,0.046,-0.009,0.002,
0,0,0,0,0,0,0,0,0,0,
0,0.033,-0.006,-0.028,-0.048,0.03,0.05,0.008,0.001,0.049,
0,0,-0.022,0.01,0.067,-0.033,-0.019,0.021,-0.078,0.049,
0,0,-0.033,0.076,0.064,0.024,0.085,-0.066,-0.17,-0.014,
0,0,0,0.049,-0.056,0.101,0.038,-0.075,0.062,-0.15,
0,0,0.048,0.025,-0.017,-0.015,0.06,-0.011,-0.09,-0.009,
0,0,-0.002,0,0,0,0,0,0,0.077,
0,0,0,0,0,0,0,0,0,0,
0,0,0,0,0,0,0,0,0,0,
0,0,0,0.003,-0.101,0.023,-0.021,0.06,-0.144,0.051,
0,0.005,-0.103,0.065,0.003,-0.032,0.004,-0.018,0.043,-0.001,
0,-0.029,-0.001,0.221,-0.146,0.031,0.036,0.083,0.039,-0.298,
0,0,0,0.014,0.073,-0.03,-0.09,-0.023,0.046,-0.004,
0,0,0,0.005,0.024,-0.066,-0.054,0.102,0.058,0.07,
0,0,-0.052,-0.011,-0.008,0.014,0.001,-0.131,-0.018,-0.012,
0,0,0,0,0,0,0,0,0,0,
0,0.083,-0.007,0.079,0.141,0.013,0.081,-0.014,-0.205,-0.05,
0,-0.001,0.068,-0.076,0.044,0.053,-0.009,-0.003,-0.054,-0.206,
0,0,0,0,0,0,0.018,-0.024,-0.059,-0.106,
0,0,0.002,-0.077,-0.071,-0.092,-0.055,-0.002,0.063,-0.012,
0,-0,0.117,0.063,0.161,0.17,-0.006,-0.039,0.088,0.055,
0,0,0,0,0,0,0,0,-0.014,-0.055,
0,0,0,0,0,0,0,0,0,0,
0,0,0,0,0,0,0,0,0,0,
0,0,0,0,0,0,0,0,0,0,
0,0,0,0,0,0,0,-0.103,-0.001,-0.157,
0,0,0,-0.047,0.054,0.005,-0.131,-0.059,-0.113,-0.029,
0,0,0,-0.004,-0.124,0.006,-0.041,-0.033,-0.013,-0.031,
0,0,0,0.001,0.073,-0.072,-0.01,-0.018,0.104,0.01,
0,0.045,0.149,0.041,-0.049,0.043,0.158,0.072,0.014,-0.07,
0,0,0,0,0,0,0,0,0,0,
0,0.015,0.007,0.063,-0.009,0.044,-0.05,-0.055,-0.091,-0,
0,0,0,0,0,0,0,0,0,0,
0,0,0,0,0,0.001,-0.005,0.003,-0.105,-0.045,
0,0,0,0,0,0,0,0,0,0,
0,0,0,-0.044,-0.048,-0.005,0.036,-0.094,-0.067,-0.013,
0,0,0,0,0,0,0,0,0,0,
0,0,0,0,0,0,0,0,0,0,
0,0,0,0,0,0,0,0,0,0,
0,0,0,0,0,0,0,0,0,0,
0,-0.003,-0.044,-0.154,-0.192,-0.058,-0.06,0.064,-0.067,-0.038,
0,0,0,0,0,-0,-0.048,-0.066,-0.089,0.022,
0,0,0,0,0,0,0,0,0,0,
0,0,0,0,0,0,0,-0.022,-0.065,-0.029,
0,0,0,-0.085,-0.084,0.045,-0.072,0.082,0.039,-0.03,
0,-0.025,-0.086,-0.042,0.068,-0.027,0.042,0.023,0.03,-0.054,
0,0,0,0,0,0,0,0,0,0,
0,0.055,-0.061,0.246,0.017,-0.034,-0.192,-0.067,-0.032,-0.013,
0,0,0,-0.007,0.068,0.08,0.004,-0.018,-0.138,-0.034,
0,0,0.02,-0.07,-0.082,-0.008,0.014,-0.016,0.028,0.001,
0,0,-0.112,-0.008,0.162,0.042,0.038,0.037,0.067,0.124,
0,0,0,0,0.077,0.005,0.051,0.029,-0.046,-0.05,
0,0,0,0.005,-0.01,0.069,0.024,0.127,0.08,0.009,
0,0,0,0,0,0,0,0,0,0,
0,0,0,0,0,0,0,0,0,0,
0,0,0,0,0,0,0,0,0,0,
0,0,0,0,0,0,0.001,-0.006,-0.095,0.059,
0,0,0,0,0,0,0,0,0,0,
0,0.002,-0.069,-0.045,-0.07,0.023,0.008,-0.031,-0.032,-0.128,
0,0,0,0,-0.067,0.141,0.28,0.073,0.183,0.013,
0,0,0,0,0,0,0,0,0,0,
0,0,0,0,0,0,0,0,0,0,
0,0,0,0,0,0,0,0,0.006,0.055,
0,0,0,0,-0.078,-0.041,-0.044,-0.227,-0.13,-0.118,
0,0,0,0,0.001,0.069,0.001,0.067,-0.013,0.019,
0,0,0,0,0,0,-0,-0.01,-0.062,0.158,
0,0,0,0,0,0,0,0,0,0,
0,0,0,0,0,0,0,0,0,0,
0,0,0,0,0,0,0,0,-0.048,0.016,
0,0,0,0,0,-0.001,0.013,-0.036,0.002,0.006,
0,0,0,0,0,0,0,0,0,0,
0,0,0,0,0,0,0,0,0.121,-0.072,
0,0,0.034,0.048,0.059,0.071,0.041,0.021,0.001,-0.026,
0,0,0,-0.003,-0.059,-0.005,0.064,-0.016,-0.018,-0.018,
0,0,0,-0.108,0.008,-0.001,-0.068,-0.053,-0.014,-0.025,
0,0,0,0,0,0,0,0,0.054,0.065,
0,0,0,0,0,0,0,0,0,0,
0,0,0,0,0,0,0,0,0.003,0.081,
0,0,0,0,0,0,0,0,0,0,
0,0,0,0,0,0,0,0,0,0,
0,0,0,-0.009,-0.009,0,0,0,0,-0.125,
0,0,0,0,0,0,-0.001,-0.051,-0.047,-0.185,
0,0,0,-0.037,-0.066,-0.052,-0.037,-0.029,-0.026,0.032,
0,0,0,0,0,0,0,0,0,0,
0,0,0,0,0,0,-0.117,0.036,-0.009,-0.097,
0,0,-0.025,0.001,-0.133,0,0.024,0.157,0.134,0.154,
0,0,0,0,0,0,0,0,-0.221,-0.067,
0,0,0.055,-0.002,-0.002,-0.002,-0.002,-0.002,-0.002,-0.005,
0,0,-0.095,-0.062,-0.019,0.15,-0.076,0,-0.07,0.102,
0,0,0,0,0,0,0,0,0,0,
0,0,0,0,0,0,0,0,0,0,
0,0,0,0,0,0,0,0,0,0,
0,0,0,0,0,0,0,0,0,0,
0,0,0,0,0,0,0,0,0,0,
0,0,0,0,0,0,0,0,0,0.019,
0,0,0,0,0,0,0,0,0,0,
0,0,0,0,0,0,0,0,0.041,0.044,
0,0,0,0,0,0,0,0,0.075,-0.009,
0,0,0,0,0,0,0,0,0,0,
0,0,0,0,0,0,0,0,0,0,
0,0,-0.08,-0.122,-0.063,0.044,0.051,0.016,-0.028,-0.075,
0,0,0,0,0,0,-0.001,-0.079,0.033,0.01,
0,0,0,0,0,0,0,0,0,0,
0,0,0.061,-0.032,0.183,0.087,0.047,-0.109,-0.061,-0.113,
0,0,0,0,0,0,0,0,-0.001,-0.033,
0,0,0,0,0,0,0,0,0,0,
0,0,0,0,0,0,0,0,0,0,
0,0,0,0,0,0,0,0,0,0,
0,0,0.02,-0.015,-0.007,-0.103,-0.043,-0.05,-0.033,-0.083,
0,0,0,0,0,0,0,0,0,0,
0,0,0,0,0,0,0,0,0,0,
0,-0.033,-0.059,0.006,0.039,0.163,0.009,0.069,0.078,-0.048,
0,0,0,0,0,0,0,0,0,0,
0,0,0,0,0,0,0,0,0,0,
0,0,0,0,0,0,0,0,0,0,
0,0,0,0,0,0,0,0,0,0,
0,0,0,0,0,0,0,0,0,0,
0,0,0,0,0,0,0,0,0,0,
0,0,0,0,0,0,0,0,0,0,
0,0,0,0.018,-0.115,0.052,0.124,-0.045,-0.051,-0.058,
0,0,0,0,0,0,0,0,0,0,
0,0,0,0,0.002,0.136,-0.077,-0.042,-0.04,-0.042,
0,0,0,0,0.005,0,0,0,0,0,
0,-0.046,0.019,-0.138,-0.033,0.077,-0.076,0.065,-0.009,-0.116,
0,0,0,0,0,0,0,0,0,0,
0,0,0,0,0,0,0,0,0,0,
0,0,0,0,0,0,0,0,0,0,
0,0,0,0.114,-0.045,0.015,-0.002,0.025,0.06,0.04,
0,0,0,0,0,0,0,0,0,0,
0,0,0,0,0,0,-0.161,-0.022,-0.15,0.027,
0,0,0,0,0,0,0,0,0,0,
0,0,0,0,0,0,0,0,0.05,0.016,
0,0,0,-0.024,0.03,0.178,0.134,0.136,0.039,0.011,
0,0,0,0,0,0,0,0,0,0,
0,0,0,0,0,0.204,0.015,0.05,0.027,-0.006,
0,0,0,-0.001,-0.133,0.08,0.09,0.135,0.258,-0.041,
0,0,0,0,0,0,0,0,0,0,
0,0,0,0,0,0,0,0,0,0,
0,0,0,0,0,0,0,0,0,0,
0,0,0,0,0,0,0,0,0,0,
0,0,0,0,0,0,0,0,0,0,
0,0,0,0,0,0,0,0,0,0,
0,0,0,0,0,0,0,0.066,-0.007,-0.016,
0,0,0.062,-0.093,-0.153,-0.026,-0.028,-0.052,-0.05,0.052,
0,0,0.048,-0.1,0.07,-0.07,-0.049,-0.04,0.104,0.034,
0,0,-0.006,0.022,-0.029,0.043,-0.053,0.061,-0.004,-0.03,
0,0,0,0,0,0,0,0,0,0,
0,0,0,0,-0.015,-0.183,0.048,-0.085,-0.029,0.052,
0,0,0,0,0,0,0,0,0,0,
0,0,0,0,0,0,0,0,0,0,
0,-0.003,0.024,0.017,0.07,0.026,-0.034,0.069,0.016,-0,
0,0,0,0,0,0,0,0,0,0,
0,0,0,0,0,0,0,0,0,0,
0,0,0,0,0,0,0,0,0,0,
0,0,0,0,0,0,0,0,0,0,
0,0,0,0,0,0,0,0,0,0,
0,0,0,0,0,0,0,0,0,0,
0,0,0,0,0,0,0,0,0,0,
0,0,0,0,0,0,0,0,0,0,
0,0,0,0,0,0,0,0,0,0,
0,0,0,0,0,0,0,0,0,0,
0,0,0.001,-0.032,-0.002,-0.042,0.117,0.057,-0.094,-0.003,
0,0,0,0,0,-0.008,-0.001,0.141,-0.055,0.048,
0,0,0.024,0.001,-0.012,0.092,0.014,-0.025,0.079,0.079,
0,0,0.078,0.124,-0.158,0.159,-0.119,-0.014,-0.125,0.065,
0,0,0,0,0,0,0,0,0,0,
0,0,0,0,0,0,0.014,-0.019,0.049,-0.058,
0,0,0,0.002,0.028,0.063,0.077,-0.177,-0.044,-0.082,
0,0,0,0,0,0,0,0,0,0,
0,0,0,0,0,0,0,0,0,0,
0,0,0,0,0,0,0,0,0,-0.002,
0,0,0,0,0,0,0,0,0,0,
0,0,0,0,0.007,-0.046,0.021,0.018,0.034,0.024,
0,-0,0,0,0,0.001,-0.036,0.024,0.04,-0.082,
0,0,0,0.017,-0.072,0.028,0.061,0.036,-0.057,0.024,
0,0,0,0,0,0,0,0,0,0,
0,0,0,0,0,0,0,0,0,0.025,
0,-0.001,-0.035,0.003,0.097,0.221,0.121,0.04,0.148,0.172,
0,0,0,0,0,0,0,0,0,0,
0,0,0,0,0,0,0,0,0,0.065,
0,0,0,0,0,0,0,0,0,0,
0,0,0,0.105,0.087,-0.048,-0.013,-0.053,-0.033,-0.062,
0,0,0.001,-0.022,-0.008,0.034,0.041,-0.119,-0.028,0.029,
0,0,0,0,0,0,-0.002,-0.013,-0.141,0.137,
0,0,0,0,0,0,0,0,0,0,
0,0,-0.002,0.002,0.051,0.041,-0.019,-0.045,0.073,0.075,
0,0,0,0,0,0,0,0,0,0,
0,0,0,0,0,0,0,0,0,0,
0,0,0,-0.016,0.017,0.109,-0.048,-0.046,0.108,-0.08,
0,0,0,0.064,0.061,0.083,-0.004,0.035,-0.129,-0.01,
0,0,0,0,0,0,0,0,0,0,
0,0,0,0,0,0,0,0,0,0,
0,0,0,0,0,0,0,0,0,-0.25,
0,0,0,0,0,0,0,0,0,0,
0,0,0,0,0,0,0,0,0,0.001,
0,0,0,0,0,0,0,0,0,0,
0,0,0,0,0,0,0,0,0,0,
0,0,0,0,0,0,0,0,0.038,-0.044,
0,0,0,-0.002,-0.049,-0.015,-0.063,-0.031,-0.011,0.146,
0,0,0,0,0,0,0,0,0,0,
0,0,0,0,0,0,0,0,0,0,
0,0,0.099,0.047,0.029,0.082,-0.184,-0.067,0.054,-0.039,
0,0,0,0,0,0,0,0,0,0,
0,0,0,0,0,0,0,0,0,0,
0,0,0,0,0,-0.089,0.094,0.04,0.006,0.086,
0,-0.068,-0.051,0.051,0.039,0.086,-0.185,-0.083,-0.171,0.091,
0,0,0,0,0,0,0,0,0,0,
0,0,0,0,0,0,0,0,0,0,
0,0,0,0,0,0,0,0,0,0,
0,0,0,0,0,0,0,0,0,0.001,
0,0,0,0,0,0,0,0,0,-0.139,
0,0,0,0,0.004,-0.086,-0.103,-0.052,0.007,-0.052,
0,0,0,0,0,0,0,0,0,0,
0,0,0,0,0,0,0,0,0,0,
0,0,0,0,0,0,0,0.073,-0.011,-0.153,
0,0,0,0,0,0,0,0,0,0,
0,0,0,0,-0.04,-0.029,-0.001,-0.026,-0.002,0.006,
0,0,0,0,0,0,0,0,0,0,
0,0,0,0,0,0,0,0,0.022,-0.152,
0,0,0,0,0,0.001,-0.047,0.064,-0.043,-0.069,
0,0,0,0,0,0,0,0,0,0,
0,0,0,0,0,0,0,0,0,0,
0,0,0,0,0,0,0,0,0,0,
0,0,0,0,0,0,0,0,0,0,
0,0,0,0,0,0,0,0,0,0,
0,0,0,0,0.005,0.032,0.093,-0.012,-0,0.045,
0,0,0,0.007,0,0,0,0,0.011,0.002,
0,0,0,0,0.038,-0.022,0.003,-0.008,-0.088,-0.146,
0,0,0,0,0,0,0,0,0,0,
0,0,0,0,0,0,0,0,0,0,
0,0,0,0,0,0,0,0,0.025,0.044,
0,0,0.033,-0.088,-0.133,0.114,0.262,0.015,0.008,0.103,
0,0,-0.021,0,-0.023,-0.003,0.114,-0.004,0.003,-0.003,
0,0,0,0,0,0,0,0,0,0,
0,0,0,0,0,0,0,0,0,0,
0,0,0,0,0,0,0,0,0,0,
0,0,-0.033,0.026,0.047,0.02,0.102,0.058,0.092,-0.042,
0,0,0,0,0,0,0,0,0,0,
0,0,0.013,0.049,-0.019,0.041,0.119,0.021,-0.046,0.002,
0,0,0,0,0,0,0,0,0,0,
0,0,0,0,0,0,0,0,0.027,0.035,
0,0,0.086,0.031,0.069,0.043,-0.074,-0.153,-0.121,-0.076,
0,0,0.007,-0.026,0.018,-0.016,0.1,0.005,0.018,-0.055,
0,0,0,0,0,0,0,0,0,0,
0,0,0,0,0,0,0,0,0,0,
0,0,0,-0.037,-0.04,0.076,-0.029,0.032,-0.054,0.054,
0,0,0,0,0,0,0,0,0,0,
0,0,0,0,0,0,0,0,0,0,
0,0,0,0,0,0,0,0,0,-0.001,
0,0,0,0,0,0,0,0,0,0,
0,0,0,0,0,0,0,0,0,0,
0,0,0,0,0,0,0,0,0,0,
0,0,0,0,0,0,0,0,0,0,
0,0,0,0,0,0,0,0,0,0,
0,0,0,0,0,0,0,0,0,0,
0,0,0,0,0,-0.005,-0.015,0.032,0.046,0.006,
0,0,0,0,0,0,0,0,0,0,
0,0,0,0,0,0,0,0,0,-0.103,
0,0,0,0,0,0,0,0,0.001,0.01,
0,-0.002,0.003,-0.016,-0.034,-0.216,-0.212,0.003,-0.037,-0.016,
0,0,0,0,0,0,0,0,0,0,
0,0,0,0,0.029,-0.069,0.022,0.056,-0.001,0.245,
0,0,0,0,0,0,0,0,0,0,
0,0,0,0,0,0,0,0,0,0,
0,0,0,0,0,-0.144,-0.068,0.113,-0.055,-0.155,
0,0,0,0,0,0,0,0,0,0,
0,0,0,0,0,0,0,0,-0.009,-0.062,
0,0,0,0,0,0,0,0,0,0,
0,-0.051,0.122,0.038,-0.083,-0.069,-0.095,0.08,0.134,0.007,
0,0,0,0,0,0,0,0,0,0,
0,0,0,-0.003,-0.001,0.128,-0.077,0.107,-0.084,-0.082,
0,0,0,0,0,0,0,0,0,0,
0,0,0.014,-0,0.012,-0.022,0.042,0.034,-0.016,0.03,
0,-0.083,-0.099,0.134,-0.118,0.016,0.004,0.063,0.005,0.006,
0,0.062,0.014,-0.112,0.063,-0.048,0.112,-0.093,-0.135,-0.087,
0,-0.059,-0.066,0.11,-0.007,0.053,-0.047,-0.152,-0.016,0.053,
0,0,0,0,0,0,0,0,0,0,
0,0,0,0,0,0,0,0,0,0,
0,0,0,0,0,0.001,-0.108,-0.024,-0.067,-0.111,
0,0,0,0,0,0,-0.005,0.023,-0.011,0.186,
0,0,0,0,0,0,0,0,0,0,
0,0,0,0,0,0,0,0,0,0,
0,0,0,0,0,0,0,0,0,0,
0,0,0,0,0,-0.004,0.036,-0.068,0.058,0.147,
0,0,0,0,0,0,0.028,0.08,0.048,0.04,
0,0,0,0,0,0,0,-0,-0.106,0.144,
0,-0.018,0.07,-0.032,0.039,0.067,-0.065,0.089,0.054,0.05,
0,0,0,0,0,0,0,0,0,0,
0,0,0,0,0,0,0,0,0,0,
0,0,-0.002,0.047,-0.106,-0.088,0.014,0.05,-0.008,-0.128,
0,-0.003,-0,0.022,0.016,-0.086,0.055,0.16,0.107,0.094,
0,0,-0.075,-0.026,0.06,-0.071,-0.223,0.074,-0.015,0.087,
0,0,0,0,0,0,0,0,0,0,
0,0,0,0,0,0,0,0,0,0.032,
0,0,0,0,0,0.013,0.094,-0.063,0.092,0.072,
0,0,0,0,0,0,0,0,0,0,
0,0,-0.064,-0.087,0.119,0.077,0.069,-0.042,-0.001,0.069,
0,0,0,0,0,0,0,0,0,0,
0,0,0,0,0,0,0,0,0,0,
0,0,0.048,0.086,-0.053,-0.055,-0.06,-0.008,0.096,0.016,
0,0,0,0,0,0,-0.148,0.113,0.042,0.068,
0,0,0,0,-0.001,0,0,-0.069,-0.002,0.068,
0,0,0,0,0,0,0,0,0,0,
0,0,0,0,0,0,0,0,0,0,
0,0,-0.039,-0.004,-0.084,-0.001,0.048,0.144,0.104,0.097,
0,0,0,0,0,0.011,0.006,0.009,-0.007,-0.033,
0,0,0,0,0,0,0,0,0,0,
0,0,0,0,0,0,0,0,0,0,
0,0,0,0,0,0.005,0.032,0.084,0.118,-0.028,
0,0,0,0,-0.006,0.013,-0.006,-0.02,0.012,-0.048,
0,0,0,0,0,0,0,0,0,0,
0,0,0,0,0,0,0,0,0,0,
0,-0.062,-0.034,-0.154,0.032,-0.038,0.015,-0.052,0.113,0.027,
0,0,0,0,0,0,0,0,0,0,
0,0,0,0,0,0,0,0,0,0,
0,0,0,0,0,0,0,0,0,0,
0,0,0,0,0,0,0,0.038,-0.036,0.032,
0,0.064,0.019,-0.106,-0.035,-0.02,-0.037,0.03,-0.094,0.203,
0,0,-0.018,0.056,0.073,0.015,0.007,0.169,-0.063,0.075,
0,0,0,-0.111,-0.018,-0.001,-0.116,-0.045,-0.003,0.076,
0,0,0,0,0,0,0,0,0,0,
0,0,0,0,0,0,0,0,0,0,
0,0,0,0,0,0,0,0,0,0,
0,0,0,0,0,0,0,0,0,0,
0,0,0,0,-0.03,-0.121,-0.076,0.035,0.032,-0.112,
0,0,0,0,0,0,0.013,0.005,0.131,0.003,
0,0,0,0,0,0,0,0,0,0,
0,0,-0.07,0.027,-0.058,-0.065,0.019,0.017,-0.117,-0.081,
0,0,0,0,0,0,0,0,0,0,
0,0,0,0,0,0,0,0,0,0,
0,0,0,0,0,0,0,0,0,0,
0,0,0,0,0,0,0,0,0,0,
0,0,0,0,0,0,0,0,0,0,
0,0,0,0,0,0,0,0,0,0,
0,0,0,0,0,0,0,0,0,0,
0,0,0,0,0,0,0,0,0,0,
0,0,0,0,0,0,0,0,0,0,
0,0,0,0,0,0,0,0,0,0,
0,0,0,0,0,0,0,0,0,0,
0,0,0,0,0,0,0,0,0,0,
0,0,0,0,0,0,0,0,0,0,
0,0,0,0,0,0,0,0,0,0,
0,0,0,0,0,0,0,0,0,0,
0,0,0,0,0,0,0,0,0,0,
0,0,0,0,0,0,0,0,0,0,
0,0,0,0,0,0,0,0,0,0,
0,0,0,0,0,0,0,0,0,0,
0,0,0,0,0,0,0,0,0,0,
0,0,0,0,0,0,0,0,0,0,
0,0,0,0,0,0,0,0,0,0,
0,0,0,0,0,0,0,0,0,0,
0,0,0,0,0,0,0,0,0,0,
0,0,0,0,0,0,0,0,0,0,
0,0,0,0,0,0,0,0,0,0,
0,0,0,0,0,0,0,0,0,0,
0,0,0,0,0,0,0,0,0,0,
0,0,0,0,0,0,0,0,0,0,
0,0,0,0,0,0,0,0,0,0,
0,0,0,0,0,0,0,0,0,0,
0,0,0,0,0,0,0,0,0,0,
0,0,0,0,0,0,0,0,0,0,
0,0,0,0,0,0,0,0,0,0,
0,0,0,0,0,0,0,0,0,0,
0,0,0,0,0,0,0,0,0,0,
0,0,0,0,0,0,0,0,0,0,
0,0,0,0,0,0,0,0,0,0,
0,0,0,0,0,0,0,0,0,0,
0,0,0,0,0,0,0,0,0,0,
0,0,0,0,0,0,0,0,0,0,
0,0,0,0,0,0,0,0,0,0,
0,0,0,0,0,0,0,0,0,0,
0,0,0,0,0,0,0,0,0,0,
0,0,0,0,0,0,0,0,0,0,
0,0,0,0,0,0,0,0,0,0,
0,0,0,0,0,0,0,0,0,0,
0,0,0,0,0,0,0,0,0,0,
0,0,0,0,0,0,0,0,0,0,
0,0,0,0,0,0,0,0,0,0,
0,0,0,0,0,0,0,0,0,0,
0,0,0,0,0,0,0,0,0,0,
0,0,0,0,0,0,0,0,0,0,
0,0,0,0,0,0,0,0,0,0,
0,0,0,0,0,0,0,0,0,0,
0,0,0,0,0,0,0,0,0,0,
0,0,0,0,0,0,0,0,0,0,
0,0,0,0,0,0,0,0,0,0,
0,0,0,0,0,0,0,0,0,0,
0,0,0,0,0,0,0,0,0,0,
0,0,0,0,0,0,0,0,0,0,
0,0,0,0,0,0,0,0,0,0,
0,0,0,0,0,0,0,0,0,0,
0,0,0,0,0,0,0,0,0,0,
0,0,0,0,0,0,0,0,0,0,
0,0,0,0,0,0,0,0,0,0,
0,0,0,0,0,0,0,0,0,0,
0,0,0,0,0,0,0,0,0,0,
0,0,0,0,0,0,0,0,0,0,
0,0,0,0,0,0,0,0,0,0,
0,0,0,0,0,0,0,0,0,0,
0,0,0,0,0,0,0,0,0,0,
0,0,0,0,0,0,0,0,0,0,
0,0,0,0,0,0,0,0,0,0,
0,0,0,0,0,0,0,0,0,0,
0,0,0,0,0,0,0,0,0,0,
0,0,0,0,0,0,0,0,0,0,
0,0,0,0,0,0,0,0,0,0,
0,0,0,0,0,0,0,0,0,0,
0,0,0,0,0,0,0,0,0,0,
0,0,0,0,0,0,0,0,0,0,
0,0,0,0,0,0,0,0,0,0,
0,0,0,0,0,0,0,0,0,0,
0,0,0,0,0,0,0,0,0,0,
0,0,0,0,0,0,0,0,0,0,
0,0,0,0,0,0,0,0,0,0,
0,0,0,0,0,0,0,0,0,0,
0,0,0,0,0,0,0,0,0,0,
0,0,0,0,0,0,0,0,0,0,
0,0,0,0,0,0,0,0,0,0,
0,0,0,0,0,0,0,0,0,0,
0,0,0,0,0,0,0,0,0,0,
0,0,0,0,0,0,0,0,0,0,
0,0,0,0,0,0,0,0,0,0,
0,0,0,0,0,0,0,0,0,0,
0,0,0,0,0,0,0,0,0,0,
0,0,0,0,0,0,0,0,0,0,
0,0,0,0,0,0,0,0,0,0,
0,0,0,0,0,0,0,0,0,0,
0,0,0,0,0,0,0,0,0,0,
0,0,0,0,0,0,0,0,0,0,
0,0,0,0,0,0,0,0,0,0,
0,0,0,0,0,0,0,0,0,0,
0,0,0,0,0,0,0,0,0,0,
0,0,0,0,0,0,0,0,0,0,
0,0,0,0,0,0,0,0,0,0,
0,0,0,0,0,0,0,0,0,0,
0,0,0,0,0,0,0,0,0,0,
0,0,0,0,0,0,0,0,0,0,
0,0,0,0,0,0,0,0,0,0,
0,0,0,0,0,0,0,0,0,0,
0,0,0,0,0,0,0,0,0,0,
0,0,0,0,0,0,0,0,0,0,
0,0,0,0,0,0,0,0,0,0,
0,0,0,0,0,0,0,0,0,0,
0,0,0,0,0,0,0,0,0,0,
0,0,0,0,0,0,0,0,0,0,
0,0,0,0,0,0,0,0,0,0,
0,0,0,0,0,0,0,0,0,0,
0,0,0,0,0,0,0,0,0,0,
0,0,0,0,0,0,0,0,0,0,
0,0,0,0,0,0,0,0,0,0,
0,0,0,0,0,0,0,0,0,0,
0,0,0,0,0,0,0,0,0,0,
0,0,0,0,0,0,0,0,0,0,
0,0,0,0,0,0,0,0,0,0,
0,0,0,0,0,0,0,0,0,0,
0,0,0,0,0,0,0,0,0,0,
0,0,0,0,0,0,0,0,0,0,
0,0,0,0,0,0,0,0,0,0,
0,0,0,0,0,0,0,0,0,0,
0,0,0,0,0,0,0,0,0,0,
0,0,0,0,0,0,0,0,0,0,
0,0,0,0,0,0,0,0,0,0,
0,0,0,0,0,0,0,0,0,0,
0,0,0,0,0,0,0,0,0,0,
0,0,0,0,0,0,0,0,0,0,
0,0,0,0,0,0,0,0,0,0,
0,0,0,0,0,0,0,0,0,0,
0,0,0,0,0,0,0,0,0,0,
0,0,0,0,0,0,0,0,0,0,
0,0,0,0,0,0,0,0,0,0,
0,0,0,0,0,0,0,0,0,0,
0,0,0,0,0,0,0,0,0,0,
0,0,0,0,0,0,0,0,0,0,
0,0,0,0,0,0,0,0,0,0,
0,0,0,0,0,0,0,0,0,0,
0,0,0,0,0,0,0,0,0,0,
0,0,0,0,0,0,0,0,0,0,
0,0,0,0,0,0,0,0,0,0,
0,0,0,0,0,0,0,0,0,0,
0,0,0,0,0,0,0,0,0,0,
0,0,0,0,0,0,0,0,0,0,
0,0,0,0,0,0,0,0,0,0,
0,0,0,0,0,0,0,0,0,0,
0,0,0,0,0,0,0,0,0,0,
0,0,0,0,0,0,0,0,0,0,
0,0,0,0,0,0,0,0,0,0,
0,0,0,0,0,0,0,0,0,0,
0,0,0,0,0,0,0,0,0,0,
0,0,0,0,0,0,0,0,0,0,
0,0,0,0,0,0,0,0,0,0,
0,0,0,0,0,0,0,0,0,0,
0,0,0,0,0,0,0,0,0,0,
0,0,0,0,0,0,0,0,0,0,
0,0,0,0,0,0,0,0,0,0,
0,0,0,0,0,0,0,0,0,0,
0,0,0,0,0,0,0,0,0,0,
0,0,0,0,0,0,0,0,0,0,
0,0,0,0,0,0,0,0,0,0,
0,0,0,0,0,0,0,0,0,0,
0,0,0,0,0,0,0,0,0,0,
0,0,0,0,0,0,0,0,0,0,
0,0,0,0,0,0,0,0,0,0,
0,0,0,0,0,0,0,0,0,0,
0,0,0,0,0,0,0,0,0,0,
0,0,0,0,0,0,0,0,0,0,
0,0,0,0,0,0,0,0,0,0,
0,0,0,0,0,0,0,0,0,0,
0,0,0,0,0,0,0,0,0,0,
0,0,0,0,0,0,0,0,0,0,
0,0,0,0,0,0,0,0,0,0,
0,0,0,0,0,0,0,0,0,0,
0,0,0,0,0,0,0,0,0,0,
0,0,0,0,0,0,0,0,0,0,
0,0,0,0,0,0,0,0,0,0,
0,0,0,0,0,0,0,0,0,0,
0,0,0,0,0,0,0,0,0,0,
0,0,0,0,0,0,0,0,0,0,
0,0,0,0,0,0,0,0,0,0,
0,0,0,0,0,0,0,0,0,0,
0,0,0,0,0,0,0,0,0,0,
0,0,0,0,0,0,0,0,0,0,
0,0,0,0,0,0,0,0,0,0,
0,0,0,0,0,0,0,0,0,0,
0,0,0,0,0,0,0,0,0,0,
0,0,0,0,0,0,0,0,0,0,
0,0,0,0,0,0,0,0,0,0,
0,0,0,0,0,0,0,0,0,0,
0,0,0,0,0,0,0,0,0,0,
0,0,0,0,0,0,0,0,0,0,
0,0,0,0,0,0,0,0,0,0,
0,0,0,0,0,0,0,0,0,0,
0,0,0,0,0,0,0,0,0,0,
0,0,0,0,0,0,0,0,0,0,
0,0,0,0,0,0,0,0,0,0,
0,0,0,0,0,0,0,0,0,0,
0,0,0,0,0,0,0,0,0,0,
0,0,0,0,0,0,0,0,0,0,
0,0,0,0,0,0,0,0,0,0,
0,0,0,0,0,0,0,0,0,0,
0,0,0,0,0,0,0,0,0,0,
0,0,0,0,0,0,0,0,0,0,
0,0,0,0,0,0,0,0,0,0,
0,0,0,0,0,0,0,0,0,0,
0,0,0,0,0,0,0,0,0,0,
0,0,0,0,0,0,0,0,0,0,
0,0,0,0,0,0,0,0,0,0,
0,0,0,0,0,0,0,0,0,0,
0,0,0,0,0,0,0,0,0,0,
0,0,0,0,0,0,0,0,0,0,
0,0,0,0,0,0,0,0,0,0,
0,0,0,0,0,0,0,0,0,0,
0,0,0,0,0,0,0,0,0,0,
0,0,0,0,0,0,0,0,0,0,
0,0,0,0,0,0,0,0,0,0,
0,0,0,0,0,0,0,0,0,0,
0,0,0,0,0,0,0,0,0,0,
0,0,0,0,0,0,0,0,0,0,
0,0,0,0,0,0,0,0,0,0,
0,0,0,0,0,0,0,0,0,0,
0,0,0,0,0,0,0,0,0,0,
0,0,0,0,0,0,0,0,0,0,
0,0,0,0,0,0,0,0,0,0,
0,0,0,0,0,0,0,0,0,0,
0,0,0,0,0,0,0,0,0,0,
0,0,0,0,0,0,0,0,0,0,
0,0,0,0,0,0,0,0,0,0,
0,0,0,0,0,0,0,0,0,0,
0,0,0,0,0,0,0,0,0,0,
0,0,0,0,0,0,0,0,0,0,
0,0,0,0,0,0,0,0,0,0,
0,0,0,0,0,0,0,0,0,0,
0,0,0,0,0,0,0,0,0,0,
0,0,0,0,0,0,0,0,0,0,
0,0,0,0,0,0,0,0,0,0,
0,0,0,0,0,0,0,0,0,0,
0,0,0,0,0,0,0,0,0,0,
0,0,0,0,0,0,0,0,0,0,
0,0,0,0,0,0,0,0,0,0,
0,0,0,0,0,0,0,0,0,0,
0,0,0,0,0,0,0,0,0,0,
0,0,0,0,0,0,0,0,0,0,
0,0,0,0,0,0,0,0,0,0,
0,0,0,0,0,0,0,0,0,0,
0,0,0,0,0,0,0,0,0,0,
0,0,0,0,0,0,0,0,0,0,
0,0,0,0,0,0,0,0,0,-0.006,
0,0,0.032,-0.028,-0.058,-0.027,-0.072,-0.052,0.063,-0.017,
0,0,0,0,0,0,0,0,0,0,
0,0,0,0,0,0,0,0,0,0.093,
0,0,0,0,0,0,0,0,-0.003,-0.111,
0,0,0,0,0,0,0,0,0,0,
0,0,0,0,0,0,0,0,0,0,
0,0,0,0,0,0,0,0,0,0,
0,0,0,0,0,0,-0.004,-0.041,-0.047,0.002,
0,0,0,0,-0.002,0.001,0.068,-0.08,0.018,0.05,
0,0,0,0,0,0,0,0,0,0,
0,0,-0.03,-0.042,0.007,-0.072,0.074,0.026,-0.04,0.09,
0,0,0,0,-0.001,-0,-0.091,0.048,-0.009,0.005,
0,0,0,0,0,0,0,0,-0.006,0.154,
0,0,0,0,0,0,0,0,0,0,
0,0,0,0,-0.003,-0.001,0,0.024,-0.036,0.009,
0,0,0,0,0,0,0,0,0,0,
0,0,0,0,0.02,-0.032,0.058,0.088,-0.125,-0.041,
0,0,0,0,0,0,0,0,0,0,
0,0,0,0,0,0,0,0,0,0,
0,0,0,0,0,0,0,0,0,0,
0,0,0,0,0,0,0,0,0,0,
0,0,0,0,0.016,0.14,0.04,0.101,-0.003,-0.037,
0,0,0,0,0,0,0,0,0,0.001,
0,0,0,0,0,0,0,0,-0.001,0.003,
0,0,0,0,0,0,0,0,0,0,
0,0,0,0,0,0,-0.004,-0.078,-0.014,0.035,
0,0,0,0,0,0,0,-0.007,-0.055,-0.018,
0,0,0,0,-0.025,-0.06,0.049,-0.028,0.022,-0.051,
0,0,0,0,0,0,0,0,0,0,
0,0,0,0,0,0,0,0,0,0,
0,0,0,0,0,0,0,0,0,0,
0,0,0,0,0,0,0,0,0,0,
0,0,0,0.047,0.035,-0.046,-0.038,-0.139,0.027,-0.125,
0,0,0,0,0,0,0,0,0,0,
0,0,0,0,0,0,0,0.051,0.119,0.089,
0,0,0,0.023,0.056,0.001,-0.004,0.021,-0.008,-0.088,
0,0,0,-0.008,0.013,-0.01,0.041,0.033,-0.103,0.071,
0,0,0,0,0,0,0,0,0.028,0.036,
0,-0.001,-0.108,0.076,0.05,0.008,0.037,0.246,0.046,0.041,
0,0,0,0,0,0,0,0,0,0,
0,0,0,0,-0.166,-0.11,-0.339,-0.181,-0.154,-0.044,
0,0,0,0,0,0,0,0,0,0,
0,0,0,0,-0.003,-0.04,-0.092,0.099,0.21,0.125,
0,-0.002,-0.057,-0.093,0.02,0.045,0.104,0.073,-0.013,0.175,
0,0,0,0.027,-0.032,-0.096,0.008,-0.026,0.114,-0.063,
0,0,0,0,0,0,0,0,0,0,
0,0,0.035,0.177,0.167,-0.044,-0.121,-0.166,-0.028,-0.033,
0,0,0,0,0,0,0,0,0,-0.004,
0,0,0,0,0,0,0,0,-0.089,-0.014,
0,0,0,-0,0.004,-0.036,-0.083,-0.049,-0.136,-0.145,
0,0,0,0,0,0,0,0,0,0,
0,0,0,0,0,0,0,0,0,0,
0,0,0,0,0,-0,0.021,-0.053,0.021,-0.011,
0,0,0,0,0,0,0,0,0,0,
0,0,0,0,0,0,0,0,0,0,
0,0,0,0,0,0,0,0,0.041,0.013,
0,0,0,0,0,0,0,0,-0.002,0.008,
0,0,0,0,0,0,0,0,0,0,
0,0,0,0,0,0,-0.005,0.028,0.017,-0.043,
0,0,0,0,0,0,0,0,0,0,
0,0,0,0,0,0,0,0,0,0,
0,0,0,0,0,0,-0.004,-0.036,-0.054,0.021,
0,0,0,0,0,0,0,0,0,0,
0,0,0,0,0,0,0,0,0,0,
0,0,0,0,0,0,0,0,0,0,
0,0,0,0,0,0,0,0,0,0,
0,0,0,0,0,0,0,0,0,0,
0,0,0,0,0,0,0,0,0,0,
0,0,0,0,0,0,0,0,0,0,
0,0,0,0,0,0,0,0,0,0,
0,0,0,0,0,0,0,0,0,0,
0,0,0,0,0,0,0,0,0,0,
0,0,0,0,0,0,0,0,0,0,
0,0,0,0,0,0,0,0,0,0,
0,0,0,0,0,0,0,0,0,0,
0,0,0,0,0,0,0,0,0,0,
0,0,0,0,0,0,0,0,0,0,
0,0,0,0,0,0,0,0,0,0,
0,0,0,0,0,0,0,0,0,0,
0,0,0,0,0,0,0,0,0,0,
0,0,0,0,0,0,0,0,0,0,
0,0,0,0,0,0,0,0,0,0,
0,0,0,0,0,0,0,0,0,0,
0,0,0,0,0,0,0,0,0,0,
0,0,0,0,0,0,0,0,0,0,
0,0,0,0,0,0,0,0,0,0,
0,0,0,0,0,0,0,0,0,0,
0,0,0,0,0,0,0,0,0,0,
0,0,0,0,0,0,0,0,0,0,
0,0,0,0,0,0,0,0,0,0,
0,0,0,0,0,0,0,0,0,0,
0,0,0,0,0,0,0,0,0,0,
0,0,0,0,0,0,0,0,0,0,
0,0,0,0,0,0,0,0,0,0,
0,0,0,0,0,0,0,0,0,0,
0,0,0,0,0,0,0,0,0,0,
0,0,0,0,0,0,0,0,0,0,
0,0,0,0.026,-0.003,-0.033,0.062,-0.004,0.07,0.21,
0,0,0,0,0,0,0,0,0,0,
0,0,0,0,0,0,0,0,-0.001,-0.071,
0,0,0,0,0,0,0,0,0.046,-0.019,
0,0,0,0,0,0,0,0,0.003,0.004,
0,0,-0.038,0.006,-0.091,-0.094,-0.151,-0.156,-0.029,-0.026,
0,0,0,0,0,0,0,0,0,0,
0,0,0,0,0,0,0,0,0,0,
0,0,0,0,0,0,0,0,0,0,
0,0,0,0,0,0,0,0,0,0,
0,0,0,0,0,0,0,0,0,0,
0,0,0,0,0,0,0,0,0,0,
0,0,0,0.097,-0.026,0.184,-0.022,-0.089,0.005,0.114,
0,0,0,0,0,0,0,0,0,0,
0,-0.001,-0.023,0.031,0.028,0.099,0.04,0.037,0.181,0.107,
0,0,0,0,0,0,0,0,0,0,
0,0,0,0,0,0,-0.007,-0.038,0.019,0.002,
0,0,0,-0.001,-0.001,-0.005,-0.284,0.033,0.264,0.157,
0,0.001,0.009,-0.043,0.045,-0.035,0.031,-0.031,-0.083,0.072,
0,0,0,0,0,0,0,0,0,0,
0,0,0,0,0,0,0,0,0,0,
0,0,0,0,0,0,0.008,-0.057,0.073,-0.032,
0,0,0,-0,0.023,-0.076,-0.039,-0.023,-0.096,0.059,
0,0,0,0,0,0,0,0,0,-0.022,
0,0,0,0,0,0,0,0,0,0,
0,0,0,0,0,0,0,0,0,0,
0,0,0,0,0,0,0,0,-0.041,0.085,
0,0,0,0,0,0,0,-0.044,-0.226,-0.125,
0,0,0,0,-0.016,-0.048,0.035,0.021,-0.051,-0.026,
0,0,0,0,0,0,0.019,0.039,-0.043,0.044,
0,0,0,0,0,0,0,0,0,0,
0,0,0,0,0,0,0,0,0,0,
0,0,0,0,0,0,0,0,0,0,
0,0,0,0,0,0,0,0,0,0,
0,0,0,0,0,0,0,0,0,0,
0,0,0,0,0,0,0,0,0,0,
0,0,0,0,0,0,0,0,0,0,
0,0,0,0,0,0,0,0,0,0,
0,0,0,0,0,0,0,0,0,0,
0,0,0,0,0,0,0,0,0,0,
0,0,0,0,0,0,0,0,0,0,
0,0,0,0,0,0,0,0,0,0,
0,0,0,0,0,0,0,0,0,0,
0,0,0,0,0,0,0,0,0,0,
0,0,0,0,0,0,0,0,0,0,
0,0,0,0,0,0,0,0,0,0,
0,0,0,0,0,0,0,0,0,0,
0,0,0,0,0,0,0,0,0,0,
0,0,0,0,0,0,0,0,0,0,
0,0,0,0,0,0,0,0,0,0,
0,0,0,0,0,0,0,0,0,0,
0,0,0,0,0,0,0,0,0,0,
0,0,0,0,0,0,0,0,0,0,
0,0,0,0,0,0,0,0,0,0,
0,0,0,0,0,0,0,0,0,0,
0,0,0,0,0,0,0,0,0,0,
0,0,0,0,0,0,0,0,0,0,
0,0,0,0,0,0,0,0,0,0,
0,0,0,0,0,0,0,0,0,0,
0,0,0,0,0,0,0,0,0,0,
0,0,0,0,0,0,0,0,0,0,
0,0,0,0,0,0,0,0,0,0,
0,0,0,0,0,0,0,0,0,0,
0,0,0,0,0,0,0,0,0,0,
0,0,0,0,0,0,0,0,0,0,
0,0,0,0,0,0,0,0,0,0,
0,0,0,0,0,0,0,0,0,0,
0,0,0,0,0,0,0,0,0,0,
0,0,0,0,0,0,0,0,0,0,
0,0,0,0,0,0,0,0,0,0,
0,0,0,0,0,0,0,0,0,0,
0,0,0,0,0,0,0,0,0,0,
0,0,0,0,0,0,0,0,0,0,
0,0,0,0,0,0,0,0,0,0,
0,0,0,0,0,0,0,0,0,0,
0,0,0,0,0,0,0,0,0,0,
0,0,0,0,0,0,0,0,0,0,
0,0,0,0,0,0,0,0,0,0,
0,0,0,0,0,0,0,0,0,0,
0,0,0,0,0,0,0,0,0,0,
0,0,0,0,0,0,0,0,0,0,
0,0,0,0,0,0,0,0,0,0,
0,0,0,0,0,0,0,0,0,0,
0,0,0,0,0,0,0,0,0,0,
0,0,0,0,0,0,0,0,0,0,
0,0,0,0,0,0,0,0,0,0,
0,0,0,0,0,0,0,0,0,0,
0,0,0,0,0,0,0,0,0,0,
0,0,0,0,0,0,0,0,0,0.015,
0,0,0,0,0,0,0,0,0,0,
0,0,0,0,0,0,0,0,0,0,
0,0,0,0,0,0,0,0,0,0,
0,0,0,0,0,0,0,0,0,0,
0,0,0,0,0,0,0,0,0,0,
0,0,0,0,0,0,0,0,0,0,
0,0,0,0,0,0,0,0,0,0,
0,0,0,0,0,0,0,0,0,0,
0,0,0,0,0,0,0,0,0,0,
0,0,0,0,0,0,0,0,0,0,
0,0,0,0,0,0,0,0,0,0,
0,0,0,0,0,0,0,0,0,0,
0,0,0,0,0,0,0,0,0,0,
0,0,0,0,0,0,0,0,0,0,
0,0,0,0,0,0,0,0,0,0,
0,0,0,0,0,0,0,0,0,0,
0,0,0,0,0,0,0,0,0,0,
0,0,0,0,0,0,0,0,0,0,
0,0,0,0,0,0,0,0,0,0,
0,0,0,0,0,0,0,0,0,0,
0,0,0,0,0,0,0,0,0,0,
0,0,0,0,0,0,0,0,0,0,
0,0,0,0,0,0,0,0,0,0,
0,0,0,0,0,0,0,0,0,0,
0,0,0,0,0,0,0,0,0,0,
0,0,0,0,0,0,0,0,0,0,
0,0,0,0,0,0,0,0,0,0,
0,0,0,0,0,0,0,0,0,0,
0,0,0,0,0,0,0,0,0,0,
0,0,0,0,0,0,0,0,0,0,
0,0,0,0,0,0,0,0,0,0,
0,0,0,0,0,0,0,0,0,0,
0,0,0,0,0,0,0,0,0,0,


0,0,0,0,0,0,0,0,0,0,
0,0,-0.002,-0.105,0.006,-0.006,0.062,-0.107,-0.017,0.006,
0,0,0,0,0,0,0.033,0.028,0.069,0.017,
0,0.046,-0.002,0.054,0.093,0.113,-0.011,-0.066,0.045,0.014,
0,0,-0.035,-0.197,0.053,0.057,0.022,0.166,0.088,0.053,
0,0,0,0,0,0,0,0,0,0,
0,0,0,0,0,0,0,0,0,0,
0,0,0,0,0,0,0,0,0,0,
0,0,0,0,0,0,0,0,-0.053,0.002,
0,0,0,0,0,0,0,0,0,0.047,
0,0,0,-0.004,0.007,-0.063,-0.007,0.051,-0.063,-0.095,
0,0,0,0,0,0,0,0,0,0,
0,0,0,0,0,0,0.045,0.037,-0.081,0.222,
0,0,0,0,0,0,0,0,0,0,
0,0,0,0,0,0,0,0.074,-0.006,0.031,
0,0,0,0,0,0,0,0,0,0,
0,0,0,0,0.005,-0.004,0.061,0.049,0.096,-0.067,
0,0,0,0,0,0,0,0,0.03,0.03,
0,0,0,0,0,0,0,0,0,0,
0,0,-0.041,0.097,-0.023,0.044,0.008,0.025,0.01,0.027,
0,0,0,0,0.096,0.045,-0.104,-0.219,-0.055,0.08,
0,0,0,0,0,0,0,0,0,0,
0,0,0,0,0,-0.001,-0,0.004,-0.046,0.027,
0,0,0,0,0,0,0.008,-0.002,0.063,0.044,
0,0,0,-0.015,-0.103,0.016,-0.07,0.125,0.044,0.047,
0,0,0,0.073,-0.02,-0.013,0.069,0.065,-0.045,-0.021,
0,0,0,0,0,-0.057,-0.003,0.054,0.046,0.001,
0,0,0,0,0.004,0.002,-0.039,0.013,-0.133,0.01,
0,0,0,-0.02,0.019,-0.127,0.129,0.069,-0.039,-0.146,
0,0,0,0,0,0,0,0,0,0,
0,0,0,0,0,0,0,0,0,0,
0,0,0,0,0,0,0,0,0,0,
0,0,0,0,-0.011,-0.087,-0.091,-0.092,0.05,0.06,
0,0,0.009,0.124,-0.077,-0.022,0.006,0.165,0.046,0.008,
0,0,0.04,-0.085,0.039,-0.115,-0.048,-0.025,-0.142,-0.098,
0,0,0,0,0,0.045,-0.002,-0.11,-0.073,0.063,
0,0,0,0,0,0,0,0,0,0,
0,0.008,0.009,0.037,-0.104,-0.024,0.012,-0.007,0.02,-0.026,
0,0,0,0,0,0,0,0,0,0,
0,0.028,-0.083,-0.004,-0.025,0.011,-0.123,0.011,0.165,0.189,
0,0,0,0,0,0,0,0,0,0,
0,0,0,0,0,0,0,0,0,0,
0,0,0,0,0,0,0,0,0,0,
0,0,0,0,0,0,0,0,0,0,
0,0,0,0,0,0,0,0,0,0,
0,0,0.012,0.003,0.106,0.103,-0.072,-0.041,0.031,-0.015,
0,0,0,0,0,0,0,0,0,0,
0,0,0,0,0,0,0,0,0,0,
0,0,-0.027,-0.021,0.067,0.066,0.063,0.027,0.109,0.073,
0,0,0,0,0,0,0,0,0,0,
0,0,0,0,0,-0.001,-0.107,-0.212,0.029,0.06,
0,-0.002,-0.095,0.033,-0.204,0.055,-0.026,0.05,-0.004,-0.012,
0,0,0,-0.038,0.007,-0.001,-0.083,-0.077,0.231,0.118,
0,0,0,0,0,0,0,0,0,0,
0,0,0,0,0,-0.051,-0.046,-0.046,0.062,0.042,
0,0,0,0,0,0,0,0,0,0,
0,0,0,0,0,0,0,0,0,0,
0,0,0,0,0,0,0,-0.061,0.042,0.142,
0,0,0,0.012,0.101,0.05,0.072,0.063,0.223,0.139,
0,0,0,0,0,0,0.017,-0.038,0.198,0.212,
0,0,0,0,0,0,0,0.021,-0.104,0.021,
0,0,0,0,0,0,0.057,-0.075,-0.023,-0.109,
0,0,0,0,0,0,0.062,0.007,0.086,0.035,
0,0,0,0,0,0,0,0,0,0,
0,0,0,0,-0.019,0.04,0.009,0.044,-0.04,-0.112,
0,-0.027,-0.041,0.069,0.032,-0.147,-0.079,-0,0.019,-0.028,
0,0,0,0,0,0,0,0,0,0,
0,0,0,0,0,-0.063,0,-0.037,-0.059,-0.026,
0,0,0,0,0,0,0,0,0,0,
0,0,0,0,0,0,0.045,-0.064,0.002,0.046,
0,0,0,0,0,0,0.011,0.101,0.145,0.052,
0,0,0,0,0,0,0,-0,-0.012,-0.002,
0,-0.086,-0.036,-0.026,-0.033,0.073,0.074,-0.107,-0.134,0.051,
0,0,0,0,0,0,0,0,0,0,
0,0,0,0,0,0,-0,0.072,0.108,0.057,
0,0,0,0,0,0,0,0,0,0,
0,0,0,0,0,0,0,0,0,0,
0,0,0,0,0,0.046,0.01,0.003,0.117,-0.029,
0,0,0,0,0,0,0.094,0.025,-0.083,0.042,
0,0,0,0,0,0,0.085,0.087,-0.011,0,
0,0,0,0,0,0,0,0,0,0,
0,0,0,0,0,0,0,0,0,0,
0,0,0,0,0,0,-0.005,0,0,0,
0,0,0,-0.001,-0.043,0.035,0.058,-0.114,0.013,0.058,
0,0,0,0,0,0,0.018,0.038,0.025,-0.023,
0,0,-0.084,-0.001,0.031,0.013,-0,-0.054,-0.103,0.142,
0,0,0,0,0,0,0,0,0,0,
0,0,0,0,0.004,0.047,-0.088,-0.121,0.093,-0.067,
0,0,0,0,0,0,0,0,0,0,
0,0,0,0,0,0,0,0,-0.007,-0.135,
0,0,0,0,0,0,0,0,0,-0.051,
0,0,0,0,0.024,-0.16,-0.061,0.109,-0.091,0.148,
0,0,0,0,0,0,0,0,0,0.024,
0,0,0,0,0,0,0,0,0,0,
0,0,0,0,0,0,0,0,0,0,
0,0,0,0,0,0,0,0,0,0,
0,0,0,0,0,0,0,0,0,0,
0,0,0.001,0.046,-0.017,-0.058,-0.04,-0.032,0.128,0.149,
0,0,0,0,0,0,0,0,0,0,
0,0,0,0,0,0,0.028,0.217,0.077,-0.067,
0,0,0,-0.022,0.035,-0.135,0.009,-0.083,-0.098,-0.063,
0,0,0,-0.006,0.068,0.083,0.067,0.06,-0.067,0.059,
0,0,0,0,0,0,0,0,0,0,
0,0.02,-0.012,-0.048,0.13,0.057,0.025,0.031,-0.06,0.095,
0,0,0,0,0,0,0,0,0,0,
0,0,0,0,0,0,0,0,0,0,
0,0,0,0,0,0,0,0,0,0,
0,0,0,0,0,0,0,0,0,0,
0,0,0,0,0,0,0,0,0,0,
0,0,0,0,0,0,0,0,0,0,
0,0,0,0,0,0,0,0,0,0,
0,0,0,0,0,0,0,0,0,0,
0,0,0,0,0,0,0,0,0,0,
0,0,-0.025,-0.057,0.047,-0.006,-0.054,0.035,0.032,0.111,
0,0,0,0,0,0,-0.016,-0.032,-0.022,0.054,
0,0,0.064,0.025,-0.081,-0.021,-0.132,0.003,-0.095,0.064,
0,0,0,0,0,0,0,0,0,0,
0,0,0,0,0,0,0,0,0,0,
0,0,0,0,0,0,0,0,0,0,
0,0,0.059,-0.026,0.038,0.033,0.047,-0.023,0.041,-0.114,
0,0,0,0,0,0,-0.067,0.003,-0.001,-0.015,
0,0,0,0,0,0,0,0,0,0,
0,0,0,0,0,0,0,0,0,0,
0,0,0,0,0,0,0,0,0,0,
0,0,0,0,0,0,0,0,0,0,
0,0,0,0,0,0,0,0,0.13,0.113,
0,0,0,0,0,0.022,0.064,-0.031,0.163,0.039,
0,0,0,-0.027,0.045,0.063,-0.017,-0.053,-0.155,-0.086,
0,0,0,0,0.005,-0.007,-0.056,-0.06,0.056,0.111,
0,0,0,0,0,0,0,0,0,0,
0,0,0,0,0,0,0,0,0,0.063,
0,0,0,0,0.035,0.072,0.02,-0.036,-0.059,0.037,
0,0,0,0,0,0.045,0.014,-0.071,-0.097,0.001,
0,0,0,0,0,0,0,0,0,0,
0,0,-0.055,0.019,0,-0.011,-0.082,-0.005,-0.055,-0.004,
0,0,0,0,0,0,0,0,0,0,
0,0,0,0,0,0,0,0,0,0,
0,0,0,0,0,0,0,0,0,0,
0,0,0,0,0,0,0,0,0,0,
0,0,0,0,0,-0.03,0.034,-0.012,0.08,-0.001,
0,0,0,0,0,0,0,0,0,0,
0,0,0,0,0,0,0,0,0,0,
0,0,0,0,0,0,0,0,0,0,
0,0,0,0.027,-0.11,-0.038,0.051,0.203,0.144,0.092,
0,0,0,0,-0.024,-0.068,-0.048,0.014,0.032,0.063,
0,0,-0.029,-0.055,0.026,0.002,-0.115,0.111,0.092,0.037,
0,0,0,0,0,0,0,0,0,0,
0,0,0,0,0,-0,0.105,0.012,-0.036,-0.059,
0,0,0,0,0,0,0,0.109,-0.116,-0.077,
0,0,0,0,0,0,0,0,0,0,
0,0,0,0,0,0,0,0,0,0,
0,0.001,0,0,-0,-0.001,0.003,0,-0.001,0.003,
0,0,0,0,0,0,0,0,0,0,
0,0,0,0,0,0,0,0,0,0,
0,0,0,0,0,0,-0.056,0,0.061,0.023,
0,0,0,0,0.064,0.107,-0.032,0.185,-0.008,0.088,
0,0,0,0.001,-0.074,-0.018,-0.047,-0.062,0.03,0.005,
0,0,0,0.039,0.052,0.092,-0,0.087,-0.004,0.001,
0,0,0,0,0.016,-0.007,0.001,-0,0,-0.011,
0,0,0,0,0,0,0,0,0,0,
0,0,0,0,0,0,-0.075,0.04,0.036,0.034,
0,0,0,0,0,0,0,0,0,0,
0,0,0,0,0,0,0,0,0,0,
0,0,0,0,-0.046,-0.067,-0.033,0.047,-0.064,0.065,
0,0,0,0,0,0,0,0,0,0,
0,0,0,0,0,0,0,0,0,0,
0,0,0,0,0,0,0,0,0,0,
0,0,0,0,0,0,0,0,0,0,
0,0,0,0,0,0,0,0,0,0,
0,0,0,0,0,0,0,-0.025,-0.05,-0.111,
0,0,0.009,0.074,0.079,0.031,0.122,-0.013,-0.04,-0.02,
0,0,0,0,0,0,0,0,0,0,
0,0,0.065,0.051,0.091,0.013,0.012,0.053,-0.119,0.029,
0,0,0,0,0,0,0,0,0,0,
0,0,0,0,0,0,0,0,0,-0.07,
0,0,0,0,0,0,0,0.105,0.217,-0.014,
0,0,0,0.086,0.04,-0.007,-0.073,0.042,-0.054,0.129,
0,0,0,0.036,-0.029,-0.12,0.164,0.034,-0.04,0.039,
0,0,0,0,-0.001,0,-0.02,0.013,0.02,0.013,
0,-0.069,-0.104,0.099,-0.058,-0.179,-0.024,0.022,-0.061,-0.008,
0,0,0,0,0,0,0,0,0,0,
0,0,0,0,0,0,0,0,0,0,
0,0,0,0,0,0,0,0,0,0,
0,0,0,-0.087,0.031,0.151,-0.083,0.012,0.05,-0.025,
0,0,0,0,0,0,0,0,0,0,
0,0,0,0,0,0,0,0,0,0,
0,0,-0.044,-0.006,0.002,0.038,0.077,0.005,0.014,0.079,
0,0,0,0,0,0,0,0,0,0,
0,0,0,0,0,0,0,0,0,0,
0,0.013,0.006,0.083,0.008,0.093,-0.03,0.001,0.063,-0.153,
0,0,0,0,0,0,0,0,0,0,
0,0,0,0,0,0,0,0,0,0,
0,0,0,0,0,0,-0.071,0.028,-0.064,-0.021,
0,0.002,0.001,-0.001,0.034,-0.156,-0.13,-0.026,-0.043,-0.086,
0,0,0,0.03,-0.098,0.006,0.012,-0.046,0.009,-0.002,
0,0,0,0,0,0,0,0,0,0,
0,0,0,0,-0.042,-0.107,-0.037,0.036,0.001,-0.032,
0,0,0,-0.081,-0.098,0.06,0.041,-0.066,0.026,-0.037,
0,0,0,0,0,0,-0,0.013,-0.062,-0.071,
0,0,0,0,0,-0.006,0.031,0.056,0.089,0.143,
0,0,-0.048,-0.025,0.017,0.015,-0.06,0.011,0.09,0.009,
0,0,0.002,0,0,0,0,0,0,0,
0,0,0,0,0,0,0,0,0,0,
0,0,0,0,0,0,0,0,0,0,
0,0,-0,-0.003,0.101,-0.023,0.021,-0.06,0.144,-0.051,
0,0,0.094,0.044,0.038,0.031,0.024,0.046,-0.042,-0.01,
0,0.079,-0.004,0.066,0.123,0.017,-0.06,-0.051,0.123,0.271,
0,0,0,0,0,0.011,0.042,0.007,-0.081,0.004,
0,0,0,0,0,0,0,0,0,0,
0,0,0.052,0.011,0.008,0.048,0.01,0.102,0.055,-0.053,
0,0,0,0,0,0,0,0,0,0,
0,0,0,0,0.003,0.003,0.026,-0.009,0.015,-0.02,
0,0,0,0,-0.052,0,0.042,0.003,-0.009,0.185,
0,0,0,0,0,0,0,0,0,0,
0,0,0,-0.001,0,0,0,0,0,0,
0,0,-0.117,-0.056,-0.052,-0.09,-0.043,0.113,0.103,-0.036,
0,0,0,0,0,0,0,0,0,-0.003,
0,0,0,0,0,0,0,0,0,0,
0,0,0,0,0,0,0,0,0,0,
0,0,0,0,0,0,0,0,0,0,
0,0,0,0,0,0,0,0.103,0.001,0.157,
0,0,0,0.018,-0.058,-0.076,0.082,0.022,0.061,0.078,
0,0,0,0,0,0,0,0,0,0,
0,0,0,0.01,0.05,0.028,-0.071,0.012,-0.063,0.139,
0,0.005,-0.087,0.034,0.039,-0.026,-0.169,-0.106,0.042,0.024,
0,0,0,0,0,0,0,0,0,0,
0,0,0,0,0,0,0.023,0.017,0.058,0.129,
0,0,0,0,0,0,0,0,0,0,
0,0,0,0,0,-0.001,0.005,-0.003,0.105,0.015,
0,0,0,0,0,0,0,0,0,0,
0,0,0,0.044,0.048,0.005,0.007,0.101,0.032,-0.117,
0,0,0,0,0,0,0,0,0,0,
0,0,0,0,0,0,0,0,0,0,
0,0,0,0,0,0,0,0,0,0,
0,0,0,0,0,0,0,0,0,0,
0,0,0,0,0,0,0,0,0,0,
0,0,0,0,0,0,0,0,0,0,
0,0,0,0,0,0,0,0,0,0,
0,0,0,0,0,0,0,0,0.088,-0.031,
0,0,0,0,0,0,0,0,0,0,
0,0,0,0,0,0,0.025,-0.057,-0.071,0.002,
0,0,0,0,0,0,0,0,0,0,
0,0,0,0,0,0,0,0,0,0,
0,0,0,0,0,0,-0.044,-0.069,0.034,0.008,
0,0,-0.02,0.07,0.082,0.008,-0.014,0.016,-0.031,-0.001,
0,0,0,0,0,0,0,0.004,-0.002,-0.03,
0,0,0,0,0,0,0,-0.002,0.02,-0.066,
0,0,0,-0.005,0.01,-0.069,-0.024,-0.127,-0.08,-0.009,
0,0,0,0,0,0,0,0,0,0,
0,0,0,0,0,0,0,0,0,0,
0,0,0,0,0,0,0,0,0,0,
0,0,0,0,0,0,0,0,0,0,
0,0,0,0,0,0,0,0,0,0,
0,0,0,0,0,-0.021,-0.04,-0.09,-0.074,0.114,
0,0,0,0,0,0,0,0,0,0,
0,0,0,0,0,0,0,0,0,0,
0,0,0,0,0,0,0,0,0,0,
0,0,0,0,0,0,0,0,0,0,
0,0,0,0,0.078,0.041,0.044,0.227,0.13,0.118,
0,0,0,0,-0.001,-0.069,-0.001,-0.067,0.013,-0.019,
0,0,0,0,0,0,0,0.01,0.062,-0.158,
0,0,0,0,0,0,0,0,0,0,
0,0,0,0,0,0,0,0,0,0,
0,0,0,0,0,0,0,0,0.048,-0.016,
0,0,0,0,0,0,0,0,0,0,
0,0,0,0,0,0,0,0,0,0,
0,0,0,0,0,0,0,0,0,0,
0,0,0,0,0,0,0,0,0,0,
0,0,0,0.003,0.059,0.005,-0.064,0.016,0.018,0.018,
0,0,0,0,0,0,0,0,0,0,
0,0,0,0,0,0,0,0,-0.054,-0.065,
0,0,0,0,0,0,0,0,0,0,
0,0,0,0,0,0,0,0,0,0,
0,0,0,0,0,0,0,0,0,0,
0,0,0,0,0,0,0,0,0,0,
0,0,0,0.009,0.009,0,0,0,0,0,
0,0,0,0,0,0,0.001,0.051,0.047,0.185,
0,0,0,0.025,0.062,0.014,-0.092,-0.026,-0.044,-0.016,
0,0,0,0,0,0,0,0,0,0,
0,0,0,0,0,0,0.117,-0.036,0.009,0.097,
0,0,0,0,0,0,0,0,0,0,
0,0,0,0,0,0,0,0,0,0,
0,0,-0.055,0.002,0.002,0.002,0.002,0.002,0.002,0.005,
0,0,0,0.039,-0.046,-0.053,0.056,-0.036,0.009,-0.03,
0,0,0,0,0,0,0,0,0,0,
0,0,0,0,0,0,0,0,0,0,
0,0,0,0,0,0,0,0,0,0,
0,0,0,0,0,0,0,0,0,0,
0,0,0,0,0,0,0,0,0,0,
0,0,0,0,0,0,0,0,0,-0.019,
0,0,0,0,0,0,0,0,0,0,
0,0,0,0,0,0,0,0,-0.041,-0.044,
0,0,0,0,0,0,0,0,0,0,
0,0,0,0,0,0,0,0,0,0,
0,0,0,0,0,0,0,0,0,0,
0,0,0,0,0,-0.001,0.038,0.107,0.059,0.001,
0,0,0,0,0,0,0,0,0,0,
0,0,0,0,0,0,0,0,0,0,
0,0,-0.061,0.032,-0.183,-0.103,0.013,0.093,0.057,-0.012,
0,0,0,0,0,0,0,0,0.001,0.033,
0,0,0,0,0,0,0,0,0,0,
0,0,0,0,0,0,0,0,0,0,
0,0,0,0,0,0,0,0,0,0,
0,0,0,0.028,0.016,0.043,-0.014,-0.08,0,0.066,
0,0,0,0,0,0,0,0,0,0,
0,0,0,0,0,0,0,0,0,0,
0,0.033,0.06,-0.036,0.027,0.017,-0.013,0.029,-0.077,0.036,
0,0,0,0,0,0,0,0,0,0,
0,0,0,0,0,0,0,0,0,0,
0,0,0,0,0,0,0,0,0,0,
0,0,0,0,0,0,0,0,0,0,
0,0,0,0,0,0,0,0,0,0,
0,0,0,0,0,0,0,0,0,0,
0,0,0,0,0,0,0,0,0,0,
0,0,0,0,0,0,0,0,0,0,
0,0,0,0,0,0,0,0,0,0,
0,0,0,-0,-0.002,-0.167,0.079,0.089,-0.059,0.121,
0,0,0,0,-0.005,0,0,0,0,0,
0,0.087,-0,0.072,0.057,-0.021,-0.035,-0.061,-0.018,0.098,
0,0,0,0,0,0,0,0,0,0,
0,0,0,0,0,0,0,0,0,0,
0,0,0,0,0,0,0,0,0,0,
0,0,0,0,0,0,0,0,0,0,
0,0,0,0,0,0,0,0,0,0,
0,0,0,0,0,0,0.139,-0.026,0.18,-0.139,
0,0,0,0,0,0,0,0,0,0,
0,0,0,0,0,0,0,0,-0.05,-0.016,
0,0,0,0.024,-0.03,-0.178,-0.134,-0.136,-0.039,-0.106,
0,0,0,0,0,0,0,0,0,0,
0,0,0,0,0,-0.204,-0.015,-0.05,-0.027,0.006,
0,0,0,0,0.214,-0.068,-0.161,0.095,-0.091,-0.082,
0,0,0,0,0,0,0,0,0,0,
0,0,0,0,0,0,0,0,0,0,
0,0,0,0,0,0,0,0,0,0,
0,0,0,0,0,0,0,0,0,0,
0,0,0,0,0,0,0,0,0,0,
0,0,0,0,0,0,0,0,0,0,
0,0,0,0,0,0,-0,-0.066,0.007,0.016,
0,0,-0.062,0.093,0.153,0.026,0.028,0.052,0.05,-0.052,
0,0,-0.048,0.1,-0.07,0.07,0.049,0.04,-0.104,-0.034,
0,0,0,0,0.013,-0.022,0.129,0.08,0.02,0.123,
0,0,0,0,0,0,0,0,0,0,
0,0,0,0,0,0,0,0,0,0.004,
0,0,0,0,0,0,0,0,0,0,
0,0,0,0,0,0,0,0,0,0,
0,0.003,-0.024,-0.017,-0.07,-0.026,0.034,-0.069,-0.016,0,
0,0,0,0,0,0,0,0,0,0,
0,0,0,0,0,0,0,0,0,0,
0,0,0,0,0,0,0,0,0,0,
0,0,0,0,0,0,0,0,0,0,
0,0,0,0,0,0,0,0,0,0,
0,0,0,0,0,0,0,0,0,0,
0,0,0,0,0,0,0,0,0,0,
0,0,0,0,0,0,0,0,0,0,
0,0,0,0,0,0,0,0,0,0,
0,0,0,0,0,0,0,0,0,0,
0,0,0,0,0,0,0,0,0,0,
0,0,0,0,0,0.008,0.001,-0.141,0.055,-0.048,
0,0,-0.027,-0.037,-0.138,-0.013,-0.118,-0.004,0.013,-0.14,
0,0,-0.078,-0.077,0.064,0.112,0.174,0.085,0.029,-0.176,
0,0,0,0,0,0,0,0,0,0,
0,0,0,0,0,0,-0.014,-0.002,-0.054,0.011,
0,0,0,-0.002,0.005,0.086,-0.068,0.083,0.043,-0.085,
0,0,0,0,0,0,0,0,0,0,
0,0,0,0,0,0,0,0,0,0,
0,0,0,0,0,0,0,0,0,0,
0,0,0,0,0,0,0,0,0,0,
0,0,0,0,0,0,0,0,0,0,
0,0,0,0,0,-0.001,0.036,-0.024,-0.04,0.08,
0,0,0,0,0,0,0,0,0.007,0.001,
0,0,0,0,0,0,0,0,0,0,
0,0,0,0,0,0,0,0,0,-0.025,
0,0,0,0,0,0,0,0,0,0,
0,0,0,0,0,0,0,0,0,0,
0,0,0,0,0,0,0,0,0,0,
0,0,0,0,0,0,0,0,0,0,
0,0,0,-0.105,-0.087,0.048,0.013,0.053,0.033,0.062,
0,0,0,0,0,0,0,0,0,0,
0,0,0,0,0,0,0,0,0,0,
0,0,0,0,0,0,0,0,0,0,
0,-0,0.001,-0.005,-0.035,0.026,0.05,0.068,0.059,0.033,
0,0,0,0,0,0,0,0,0,0,
0,0,0,0,0,0,0,0,0,0,
0,0,0,0,0,0,0,0,0,0.065,
0,0,0,0,0,0,0,0,0,0,
0,0,0,0,0,0,0,0,0,0,
0,0,0,0,0,0,0,0,0,0,
0,0,0,0,0,0,0,0,0,0.25,
0,0,0,0,0,0,0,0,0,0,
0,0,0,0,0,0,0,0,0,-0.001,
0,0,0,0,0,0,0,0,0,0,
0,0,0,0,0,0,0,0,0,0,
0,0,0,0,0,0,0,0,0,0,
0,0,0,0,0,0,0,0,0,0,
0,0,0,0,0,0,0,0,0,0,
0,0,0,0,0,0,0,0,0,0,
0,0,-0.099,-0.047,-0.029,-0.082,0.184,0.067,-0.054,0.039,
0,0,0,0,0,0,0,0,0,0,
0,0,0,0,0,0,0,0,0,0,
0,0,0,0,-0,0.103,0.062,0.036,0.037,0.015,
0,0,0,0.034,0.084,-0.105,0.086,0.155,0.102,0.007,
0,0,0,0,0,0,0,0,0,0,
0,0,0,0,0,0,0,0,0,0,
0,0,0,0,0,0,0,0,0,0,
0,0,0,0,0,0,0,0,0,-0.001,
0,0,0,0,0,0,0,0,0,0.139,
0,0,0,0,-0.024,0.063,0.009,-0.034,0.002,-0.059,
0,0,0,0,0,0,0,0,0,0,
0,0,0,0,0,0,0,0,0,0,
0,0,0,0,0,0,0,0,0,0,
0,0,0,0,0,0,0,0,0,0,
0,0,0,0,0.04,0.029,0.001,0.026,0.002,-0.006,
0,0,0,0,0,0,0,0,0,0,
0,0,0,0,0,0,0,0,-0.025,0.152,
0,0,0,0,0,0.104,0.126,-0.055,-0.025,-0.157,
0,0,0,0,0,0,0,0,0,0,
0,0,0,0,0,0,0,0,0,0,
0,0,0,0,0,0,0,0,0,0,
0,0,0,0,0,0,0,0,0,0,
0,0,0,0,0,0,0,0,0,0,
0,0,0,0,0.056,-0.058,-0.11,0.134,-0.009,-0.066,
0,0,0,0,0,0,0,0,0,0,
0,0,0,0,-0.038,0.003,-0.032,0.005,0.014,0.11,
0,0,0,0,0,0,0,0,0,0,
0,0,0,0,0,0,0,0,0,0,
0,0,0,0,0,0,0,-0,-0.025,-0.044,
0,0,-0.033,0.048,0.08,0.054,-0.201,0.074,-0.184,-0.076,
0,0,0.021,-0,0.023,0.003,-0.114,0.004,-0.003,0.003,
0,0,0,0,0,0,0,0,0,0,
0,0,0,0,0,0,0,0,0,0,
0,0,0,0,0,0,0,0,0,0,
0,0,0,-0.001,0.011,-0.008,-0.087,-0.076,-0.083,-0.063,
0,0,0,0,0,0,0,0,0,0,
0,0,0,0,0,0,0,0,0,0,
0,0,0,0,0,0,0,0,0,0,
0,0,0,0,0,0,0,0,-0.027,-0.035,
0,0,-0.086,-0.031,-0.069,-0.043,0.074,0.153,0.108,0.07,
0,0,0,0,0,0,0,0,0,0,
0,0,0,0,0,0,0,0,0,0,
0,0,0,0,0,0,0,0,0,0,
0,0,0,0,0,0,0,-0.058,0.094,0.058,
0,0,0,0,0,0,0,0,0,0,
0,0,0,0,0,0,0,0,0,0,
0,0,0,0,0,0,0,0,0,0,
0,0,0,0,0,0,0,0,0,0,
0,0,0,0,0,0,0,0,0,0,
0,0,0,0,0,0,0,0,0,0,
0,0,0,0,0,0,0,0,0,0,
0,0,0,0,0,0,0,0,0,0,
0,0,0,0,0,0,0,0,0,0,
0,0,0,0,0,0.005,0.015,-0.032,-0.046,-0.006,
0,0,0,0,0,0,0,0,0,0,
0,0,0,0,0,0,0,0,0,0.103,
0,0,0,0,0,0,0,0,-0.001,-0.01,
0,0,0,0.008,0.08,0.071,0.052,-0.111,-0.026,0.057,
0,0,0,0,0,0,0,0,0,0,
0,0,0,0,0,-0.009,-0.058,-0.135,-0.101,-0.1,
0,0,0,0,0,0,0,0,0,0,
0,0,0,0,0,0,0,0,0,0,
0,0,0,0,0,0,-0.008,0.027,-0.041,0.032,
0,0,0,0,0,0,0,0,0,0,
0,0,0,0,0,0,0,0,0.009,0.062,
0,0,0,0,0,0,0,0,0,0,
0,0,-0.003,0,0,0,0,0,0,0,
0,0,0,0,0,0,0,0,0,0,
0,0,0,0.003,0.001,-0.128,0.13,0.026,0.091,0.101,
0,0,0,0,0,0,0,0,0,0,
0,0,-0.014,0,-0.012,0.033,-0.133,-0.027,-0.082,-0.057,
0,0,0,0,0,0,0,0,0,0,
0,0,0,0,0,0,0,0,0.002,0.089,
0,0,0,0,0.04,0.016,0.042,0.026,0.098,-0.007,
0,0,0,0,0,0,0,0,0,0,
0,0,0,0,0,0,0,0,0,0,
0,0,0,0,0,0,0,0,0.044,0.121,
0,0,0,0,0,0,0.005,-0.023,0.011,-0.186,
0,0,0,0,0,0,0,0,0,0,
0,0,0,0,0,0,0,0,0,0,
0,0,0,0,0,0,0,0,0,0,
0,0,0,0,0,0.004,0,-0.01,-0.04,-0.11,
0,0,0,0,0,0,-0.028,-0.107,-0.067,-0.065,
0,0,0,0,0,0,0,0,0.106,-0.144,
0,0.018,-0.07,0.032,-0.039,-0.067,0.065,-0.089,-0.054,-0.05,
0,0,0,0,0,0,0,0,0,0,
0,0,0,0,0,0,0,0,0,0,
0,0,0,0,0.078,0.08,-0.033,-0.076,-0.073,0.053,
0,0,0,0,0,0,0,0.004,-0.046,0.004,
0,0,0.078,-0.03,-0.038,0.049,0.236,-0.111,0.044,0.017,
0,0,0,0,0,0,0,0,0,0,
0,0,0,0,0,0,0,0,0,0,
0,0,0,0,0,0,0,0,-0.064,-0.197,
0,0,0,0,0,0,0,0,0,0,
0,0,0,-0.018,-0.092,-0.101,-0.095,-0.065,0.019,-0.029,
0,0,0,0,0,0,0,0,0,0,
0,0,0,0,0,0,0,0,0,0,
0,0,0,0,0.001,-0.045,0.085,0.063,-0.023,0.134,
0,0,0,0,0,0,0,0,0,0,
0,0,0,0,0,0,0,0,0,0,
0,0,0,0,0,0,0,0,0,0,
0,0,0,0,0,0,0,0,0,0,
0,0,0,0,0,0.015,0.01,-0.177,-0.128,-0.047,
0,0,0,0,0,-0.011,0,0.001,0.054,0.059,
0,0,0,0,0,0,0,0,0,0,
0,0,0,0,0,0,0,0,0,0,
0,0,0,0,0,0,0,0,0,0,
0,0,0,0,-0.022,0.036,-0.119,-0.025,-0.128,0.076,
0,0,0,0,0,0,0,0,0,0,
0,0,0,0,0,0,0,0,0,0,
0,0.062,0.034,0.154,-0.057,0.071,0.134,0.016,-0.059,-0.11,
0,0,0,0,0,0,0,0,0,0,
0,0,0,0,0,0,0,0,0,0,
0,0,0,0,0,0,0,0,0,0,
0,0,0,0,0,0,0,0,0,0,
0,-0.064,-0.019,0.106,0.035,0.02,0.037,-0.042,0.142,0.044,
0,0,0,0,0,-0.008,-0.007,0.023,-0.014,-0.009,
0,0,0,0,-0.002,-0.029,0.022,-0.12,-0.095,-0.045,
0,0,0,0,0,0,0,0,0,0,
0,0,0,0,0,0,0,0,0,0,
0,0,0,0,0,0,0,0,0,0,
0,0,0,0,0,0,0,0,0,0,
0,0,0,0,0.03,0.121,0.076,-0.035,-0.032,0.112,
0,0,0,0,0,0,-0.013,-0.005,-0.131,-0.003,
0,0,0,0,0,0,0,-0,-0,0,
0,0,0.07,-0.027,0.058,0.065,-0.019,-0.017,0.117,0.081,
0,0,0,0,0,0,0,0,0,0,
0,0,0,0,0,0,0,0,0,0,
0,0,0,0,0,0,0,0,0,0,
0,0,0,0,0,0,0,0,0,0,
0,0,0,0,0,0,0,0,0,0,
0,0,0,0,0,0,0,0,0,0,
0,0,0,0,0,0,0,0,0,0,
0,0,0,0,0,0,0,0,0,0,
0,0,0,0,0,0,0,0,0,0,
0,0,0,0,0,0,0,0,0,0,
0,0,0,0,0,0,0,0,0,0,
0,0,0,0,0,0,0,0,0,0,
0,0,0,0,0,0,0,0,0,0,
0,0,0,0,0,0,0,0,0,0,
0,0,0,0,0,0,0,0,0,0,
0,0,0,0,0,0,0,0,0,0,
0,0,0,0,0,0,0,0,0,0,
0,0,0,0,0,0,0,0,0,0,
0,0,0,0,0,0,0,0,0,0,
0,0,0,0,0,0,0,0,0,0,
0,0,0,0,0,0,0,0,0,0,
0,0,0,0,0,0,0,0,0,0,
0,0,0,0,0,0,0,0,0,0,
0,0,0,0,0,0,0,0,0,0,
0,0,0,0,0,0,0,0,0,0,
0,0,0,0,0,0,0,0,0,0,
0,0,0,0,0,0,0,0,0,0,
0,0,0,0,0,0,0,0,0,0,
0,0,0,0,0,0,0,0,0,0,
0,0,0,0,0,0,0,0,0,0,
0,0,0,0,0,0,0,0,0,0,
0,0,0,0,0,0,0,0,0,0,
0,0,0,0,0,0,0,0,0,0,
0,0,0,0,0,0,0,0,0,0,
0,0,0,0,0,0,0,0,0,0,
0,0,0,0,0,0,0,0,0,0,
0,0,0,0,0,0,0,0,0,0,
0,0,0,0,0,0,0,0,0,0,
0,0,0,0,0,0,0,0,0,0,
0,0,0,0,0,0,0,0,0,0,
0,0,0,0,0,0,0,0,0,0,
0,0,0,0,0,0,0,0,0,0,
0,0,0,0,0,0,0,0,0,0,
0,0,0,0,0,0,0,0,0,0,
0,0,0,0,0,0,0,0,0,0,
0,0,0,0,0,0,0,0,0,0,
0,0,0,0,0,0,0,0,0,0,
0,0,0,0,0,0,0,0,0,0,
0,0,0,0,0,0,0,0,0,0,
0,0,0,0,0,0,0,0,0,0,
0,0,0,0,0,0,0,0,0,0,
0,0,0,0,0,0,0,0,0,0,
0,0,0,0,0,0,0,0,0,0,
0,0,0,0,0,0,0,0,0,0,
0,0,0,0,0,0,0,0,0,0,
0,0,0,0,0,0,0,0,0,0,
0,0,0,0,0,0,0,0,0,0,
0,0,0,0,0,0,0,0,0,0,
0,0,0,0,0,0,0,0,0,0,
0,0,0,0,0,0,0,0,0,0,
0,0,0,0,0,0,0,0,0,0,
0,0,0,0,0,0,0,0,0,0,
0,0,0,0,0,0,0,0,0,0,
0,0,0,0,0,0,0,0,0,0,
0,0,0,0,0,0,0,0,0,0,
0,0,0,0,0,0,0,0,0,0,
0,0,0,0,0,0,0,0,0,0,
0,0,0,0,0,0,0,0,0,0,
0,0,0,0,0,0,0,0,0,0,
0,0,0,0,0,0,0,0,0,0,
0,0,0,0,0,0,0,0,0,0,
0,0,0,0,0,0,0,0,0,0,
0,0,0,0,0,0,0,0,0,0,
0,0,0,0,0,0,0,0,0,0,
0,0,0,0,0,0,0,0,0,0,
0,0,0,0,0,0,0,0,0,0,
0,0,0,0,0,0,0,0,0,0,
0,0,0,0,0,0,0,0,0,0,
0,0,0,0,0,0,0,0,0,0,
0,0,0,0,0,0,0,0,0,0,
0,0,0,0,0,0,0,0,0,0,
0,0,0,0,0,0,0,0,0,0,
0,0,0,0,0,0,0,0,0,0,
0,0,0,0,0,0,0,0,0,0,
0,0,0,0,0,0,0,0,0,0,
0,0,0,0,0,0,0,0,0,0,
0,0,0,0,0,0,0,0,0,0,
0,0,0,0,0,0,0,0,0,0,
0,0,0,0,0,0,0,0,0,0,
0,0,0,0,0,0,0,0,0,0,
0,0,0,0,0,0,0,0,0,0,
0,0,0,0,0,0,0,0,0,0,
0,0,0,0,0,0,0,0,0,0,
0,0,0,0,0,0,0,0,0,0,
0,0,0,0,0,0,0,0,0,0,
0,0,0,0,0,0,0,0,0,0,
0,0,0,0,0,0,0,0,0,0,
0,0,0,0,0,0,0,0,0,0,
0,0,0,0,0,0,0,0,0,0,
0,0,0,0,0,0,0,0,0,0,
0,0,0,0,0,0,0,0,0,0,
0,0,0,0,0,0,0,0,0,0,
0,0,0,0,0,0,0,0,0,0,
0,0,0,0,0,0,0,0,0,0,
0,0,0,0,0,0,0,0,0,0,
0,0,0,0,0,0,0,0,0,0,
0,0,0,0,0,0,0,0,0,0,
0,0,0,0,0,0,0,0,0,0,
0,0,0,0,0,0,0,0,0,0,
0,0,0,0,0,0,0,0,0,0,
0,0,0,0,0,0,0,0,0,0,
0,0,0,0,0,0,0,0,0,0,
0,0,0,0,0,0,0,0,0,0,
0,0,0,0,0,0,0,0,0,0,
0,0,0,0,0,0,0,0,0,0,
0,0,0,0,0,0,0,0,0,0,
0,0,0,0,0,0,0,0,0,0,
0,0,0,0,0,0,0,0,0,0,
0,0,0,0,0,0,0,0,0,0,
0,0,0,0,0,0,0,0,0,0,
0,0,0,0,0,0,0,0,0,0,
0,0,0,0,0,0,0,0,0,0,
0,0,0,0,0,0,0,0,0,0,
0,0,0,0,0,0,0,0,0,0,
0,0,0,0,0,0,0,0,0,0,
0,0,0,0,0,0,0,0,0,0,
0,0,0,0,0,0,0,0,0,0,
0,0,0,0,0,0,0,0,0,0,
0,0,0,0,0,0,0,0,0,0,
0,0,0,0,0,0,0,0,0,0,
0,0,0,0,0,0,0,0,0,0,
0,0,0,0,0,0,0,0,0,0,
0,0,0,0,0,0,0,0,0,0,
0,0,0,0,0,0,0,0,0,0,
0,0,0,0,0,0,0,0,0,0,
0,0,0,0,0,0,0,0,0,0,
0,0,0,0,0,0,0,0,0,0,
0,0,0,0,0,0,0,0,0,0,
0,0,0,0,0,0,0,0,0,0,
0,0,0,0,0,0,0,0,0,0,
0,0,0,0,0,0,0,0,0,0,
0,0,0,0,0,0,0,0,0,0,
0,0,0,0,0,0,0,0,0,0,
0,0,0,0,0,0,0,0,0,0,
0,0,0,0,0,0,0,0,0,0,
0,0,0,0,0,0,0,0,0,0,
0,0,0,0,0,0,0,0,0,0,
0,0,0,0,0,0,0,0,0,0,
0,0,0,0,0,0,0,0,0,0,
0,0,0,0,0,0,0,0,0,0,
0,0,0,0,0,0,0,0,0,0,
0,0,0,0,0,0,0,0,0,0,
0,0,0,0,0,0,0,0,0,0,
0,0,0,0,0,0,0,0,0,0,
0,0,0,0,0,0,0,0,0,0,
0,0,0,0,0,0,0,0,0,0,
0,0,0,0,0,0,0,0,0,0,
0,0,0,0,0,0,0,0,0,0,
0,0,0,0,0,0,0,0,0,0,
0,0,0,0,0,0,0,0,0,0,
0,0,0,0,0,0,0,0,0,0,
0,0,0,0,0,0,0,0,0,0,
0,0,0,0,0,0,0,0,0,0,
0,0,0,0,0,0,0,0,0,0,
0,0,0,0,0,0,0,0,0,0,
0,0,0,0,0,0,0,0,0,0,
0,0,0,0,0,0,0,0,0,0,
0,0,0,0,0,0,0,0,0,0,
0,0,0,0,0,0,0,0,0,0,
0,0,0,0,0,0,0,0,0,0,
0,0,0,0,0,0,0,0,0,0,
0,0,0,0,0,0,0,0,0,0,
0,0,0,0,0,0,0,0,0,0,
0,0,0,0,0,0,0,0,0,0,
0,0,0,0,0,0,0,0,0,0,
0,0,0,0,0,0,0,0,0,0,
0,0,0,0,0,0,0,0,0,0,
0,0,0,0,0,0,0,0,0,0,
0,0,0,0,0,0,0,0,0,0,
0,0,0,0,0,0,0,0,0,0,
0,0,0,0,0,0,0,0,0,0,
0,0,0,0,0,0,0,0,0,0,
0,0,0,0,0,0,0,0,0,0,
0,0,0,0,0,0,0,0,0,0,
0,0,0,0,0,0,0,0,0,0,
0,0,0,0,0,0,0,0,0,0,
0,0,0,0,0,0,0,0,0,0,
0,0,0,0,0,0,0,0,0,0,
0,0,0,0,0,0,0,0,0,0,
0,0,0,0,0,0,0,0,0,0,
0,0,0,0,0,0,0,0,0,0,
0,0,0,0,0,0,0,0,0,0,
0,0,0,0,0,0,0,0,0,0,
0,0,0,0,0,0,0,0,0,0,
0,0,0,0,0,0,0,0,0,0,
0,0,0,0,0,0,0,0,0,0,
0,0,0,0,0,0,0,0,0,0,
0,0,0,0,0,0,0,0,0,0,
0,0,0,0,0,0,0,0,0,0,
0,0,0,0,0,0,0,0,0,0,
0,0,0,0,0,0,0,0,0,0,
0,0,0,0,0,0,0,0,0,0,
0,0,0,0,0,0,0,0,0,0,
0,0,0,0,0,0,0,0,0,0,
0,0,0,0,0,0,0,0,0,0,
0,0,0,0,0,0,0,0,0,0,
0,0,0,0,0,0,0,0,0,0,
0,0,0,0,0,0,0,0,0,0,
0,0,0,0,0,0,0,0,0,0,
0,0,0,0,0,0,0,0,0,0,
0,0,0,0,0,0,0,0,0,0,
0,0,0,0,0,0,0,0,0,0,
0,0,0,0,0,0,0,0,0,0,
0,0,0,0,0,0,0,0,0,0,
0,0,0,0,0,0,0,0,0,0,
0,0,0,0,0,0,0,0,0,0,
0,0,0,0,0,0,0,0,0,0,
0,0,0,0,0,0,0,0,0,0,
0,0,0,0,0,0,0,0,0,0,
0,0,0,0,0,0,0,0,0,0,
0,0,0,0,0,0,0,0,0,0,
0,0,0,0,0,0,0,0,0,0,
0,0,0,0,0,0,0,0,0,0,
0,0,0,0,0,0,0,0,0,0,
0,0,0,0,0,0,0,0,0,0,
0,0,0,0,0,0,0,0,0,0,
0,0,0,0,0,0,0,0,0,0,
0,0,0,0,0,0,0,0,0,0,
0,0,0,0,0,0,0,0,0,0,
0,0,0,0,0,0,0,0,0,0,
0,0,0,0,0,0,0,0,0,0,
0,0,0,0,0,0,0,0,0,0,
0,0,0,0,0,0,0,0,0,0,
0,0,0,0,0,0,0,0,0,0,
0,0,0,0,0,0,0,0,0,0,
0,0,0,0,0,0,0,0,0,0,
0,0,0,0,0,0,0,0,0,0,
0,0,0,0,0,0,0,0,0,0,
0,0,0,0,0,0,0,0,0,0,
0,0,0,0,0,0,0,0,0,0,
0,0,0,0,0,0,0,0,0,0,
0,0,0,0,0,0,0,0,0,0,
0,0,0,0,0,0,0,0,0,0,
0,0,0,0,0,0,0,0,0,0,
0,0,0,0,0,0,0,0,0,0,
0,0,0,0,0,0,0,0,0,0,
0,0,0,0,0,0,0,0,0,0,
0,0,0,0,0,0,0,0,0,0,
0,0,0,0,0,0,0,0,0,0,
0,0,0,0,0,0,0,0,0,0,
0,0,0,0,0,0,0,0,0,0,
0,0,0,0,0,0,0,0,0,0,
0,0,0,0,0,0,0,0,0,0,
0,0,0,0,0,0,0,0,0,0,
0,0,0,0,0,0,0,0,0,0,
0,0,0,0,0,0,0,0,0,0,
0,0,0,0,0,0,0,0,0,0,
0,0,0,0,0,0,0,0,0,0.006,
0,0,0,0,0,0,0,0,0,0.116,
0,0,0,0,0,0,0,0,0,0,
0,0,0,0,0,0,0,0,0,-0.093,
0,0,0,0,0,0,0,0,0.003,0.111,
0,0,0,0,0,0,0,0,0,0,
0,0,0,0,0,0,0,0,0,0,
0,0,0,0,0,0,0,0,0,0,
0,0,0,0,0,0,0,-0,0.016,-0.007,
0,0,0,0,0,-0.001,-0.04,0.068,0.086,0.079,
0,0,0,0,0,0,0,0,0,0,
0,0,0,-0,-0.024,0.037,-0.056,-0.033,-0.005,-0.093,
0,0,0,0,0,0,0,0,0.037,0.037,
0,0,0,0,0,0,0,0,0,-0.174,
0,0,0,0,0,0,0,0,0,0,
0,0,0,0,0,0,0,0,0,-0,
0,0,0,0,0,0,0,0,0,0,
0,0,0,0,0,0,0,0,0,0,
0,0,0,0,0,0,0,0,0,0,
0,0,0,0,0,0,0,0,0,0,
0,0,0,0,0,0,0,0,0,0,
0,0,0,0,0,0,0,0,0,0,
0,0,0,0,0,0,0.08,-0.025,0.041,-0.114,
0,0,0,0,0,0,0,0,0,0,
0,0,0,0,0,0,0,0,0,0,
0,0,0,0,0,0,0,0,0,0,
0,0,0,0,0,0,0,-0.002,0.005,0.078,
0,0,0,0,0,0,0,0,0,0,
0,0,0,0,0.03,0.044,-0.079,0.014,-0.013,0.02,
0,0,0,0,0,0,0,0,0,0,
0,0,0,0,0,0,0,0,0,0,
0,0,0,0,0,0,0,0,0,0,
0,0,0,0,0,0,0,0,0,0,
0,0,0,0,0,0,0,0,0,0,
0,0,0,0,0,0,0,0,0,0,
0,0,0,0,0,0,0,-0.038,-0.052,-0.044,
0,0,0,0,0,-0,0.015,0.032,0.092,0.104,
0,0,0,0.008,-0.013,0.01,-0.041,-0.033,0.103,-0.071,
0,0,0,0,0,0,0,0,0,0,
0,0.001,0.108,-0.076,-0.05,-0.008,-0.004,-0.184,-0.099,-0.144,
0,0,0,0,0,0,0,0,0,0,
0,0,0,0,0.166,0.11,0.339,0.181,0.154,0.044,
0,0,0,0,0,0,0,0,0,0,
0,0,0,0,0,0,0,0,0,0,
0,0,0,0,-0.016,0.046,0.028,0.166,0.095,-0.215,
0,0,0,-0.027,0.032,0.096,0.048,0.092,0.134,-0.016,
0,0,0,0,0,0,0,0,0,0,
0,0,0,-0.094,-0.149,-0.026,-0.027,0.016,-0.006,-0.119,
0,0,0,0,0,0,0,0,0,0,
0,0,0,0,0,0,0,0,0,0,
0,0,0,0,-0.004,0.036,0.083,0.003,0.098,0.211,
0,0,0,0,0,0,0,0,0,0,
0,0,0,0,0,0,0,0,0,0,
0,0,0,0,0,0,0,0.092,0.101,0.095,
0,0,0,0,0,0,0,0,0,0,
0,0,0,0,0,0,0,0,0,0,
0,0,0,0,0,0,0,0,-0.041,-0.013,
0,0,0,0,0,0,0,0,0,0,
0,0,0,0,0,0,0,0,0,0,
0,0,0,0,0,0,0,0,-0.026,0.038,
0,0,0,0,0,0,0,0,0,0,
0,0,0,0,0,0,0,0,0,0,
0,0,0,0,0,0,0,0,0,0,
0,0,0,0,0,0,0,0,0,0,
0,0,0,0,0,0,0,0,0,0,
0,0,0,0,0,0,0,0,0,0,
0,0,0,0,0,0,0,0,0,0,
0,0,0,0,0,0,0,0,0,0,
0,0,0,0,0,0,0,0,0,0,
0,0,0,0,0,0,0,0,0,0,
0,0,0,0,0,0,0,0,0,0,
0,0,0,0,0,0,0,0,0,0,
0,0,0,0,0,0,0,0,0,0,
0,0,0,0,0,0,0,0,0,0,
0,0,0,0,0,0,0,0,0,0,
0,0,0,0,0,0,0,0,0,0,
0,0,0,0,0,0,0,0,0,0,
0,0,0,0,0,0,0,0,0,0,
0,0,0,0,0,0,0,0,0,0,
0,0,0,0,0,0,0,0,0,0,
0,0,0,0,0,0,0,0,0,0,
0,0,0,0,0,0,0,0,0,0,
0,0,0,0,0,0,0,0,0,0,
0,0,0,0,0,0,0,0,0,0,
0,0,0,0,0,0,0,0,0,0,
0,0,0,0,0,0,0,0,0,0,
0,0,0,0,0,0,0,0,0,0,
0,0,0,0,0,0,0,0,0,0,
0,0,0,0,0,0,0,0,0,0,
0,0,0,0,0,0,0,0,0,0,
0,0,0,0,0,0,0,0,0,0,
0,0,0,0,0,0,0,0,0,0,
0,0,0,0,0,0,0,0,0,0,
0,0,0,0,0,0,0,0,0,0,
0,0,0,0,0,0,0,0,0,0,
0,0,0,0,0,0,0,0,0,0,
0,0,0,0,0,0,0,0,0,0,
0,0,0,0,0,0,0,0,0,0,
0,0,0,-0.035,0.141,0.099,0.064,-0.014,0.109,-0.043,
0,0,0,0,0,0,0,0,0,0,
0,0,0,0,0,0,0,0,0,0,
0,0,0,0,0,0,0,0,0,0,
0,0,0,0,0,0,0,0,0.012,-0.01,
0,0,0.038,-0.006,0.091,0.094,0.151,0.156,0.029,0.024,
0,0,0,0,0,0,0,0,0,0,
0,0,0,0,0,0,0,0,0,0,
0,0,0,0,0,0,0,0,0,0,
0,0,0,0,0,0,0,0,0,0,
0,0,0,0,0,0,0,0,0,0,
0,0,0,0,0,0,0,0,0,0,
0,0,0,0,0,0,0,0,0,0,
0,0,0,0,0,0,0,0,0,0,
0,0,0,0,0,0.022,-0.045,0.088,0.046,0.169,
0,0,0,0,0,0,0,0,0,0,
0,0,0,0,0,0,0,-0.017,-0.026,-0.005,
0,0,0,0,0,0,0,0,0,0,
0,0,0.001,0.027,0.005,0.007,-0.002,-0.014,0.038,-0.095,
0,0,0,0,0,0,0,0,0,0,
0,0,0,0,0,0,0,0,0,0,
0,0,0,0,0,0,0,-0.001,-0.053,0.013,
0,0,0,0,0,-0.026,0.078,0.002,-0.002,-0.068,
0,0,0,0,0,0,0,0,0,0,
0,0,0,0,0,0,0,0,0,0,
0,0,0,0,0,0,0,0,0,0,
0,0,0,0,0,0,0,0,0,0.008,
0,0,0,0,0,0,0,0,0,0,
0,0,0,0,0.038,-0.07,-0.018,0.099,0.096,0.038,
0,0,0,0,0,0,0,0,0,0,
0,0,0,0,0,0,0,0,0,0,
0,0,0,0,0,0,0,0,0,0,
0,0,0,0,0,0,0,0,0,0,
0,0,0,0,0,0,0,0,0,0,
0,0,0,0,0,0,0,0,0,0,
0,0,0,0,0,0,0,0,0,0,
0,0,0,0,0,0,0,0,0,0,
0,0,0,0,0,0,0,0,0,0,
0,0,0,0,0,0,0,0,0,0,
0,0,0,0,0,0,0,0,0,0,
0,0,0,0,0,0,0,0,0,0,
0,0,0,0,0,0,0,0,0,0,
0,0,0,0,0,0,0,0,0,0,
0,0,0,0,0,0,0,0,0,0,
0,0,0,0,0,0,0,0,0,0,
0,0,0,0,0,0,0,0,0,0,
0,0,0,0,0,0,0,0,0,0,
0,0,0,0,0,0,0,0,0,0,
0,0,0,0,0,0,0,0,0,0,
0,0,0,0,0,0,0,0,0,0,
0,0,0,0,0,0,0,0,0,0,
0,0,0,0,0,0,0,0,0,0,
0,0,0,0,0,0,0,0,0,0,
0,0,0,0,0,0,0,0,0,0,
0,0,0,0,0,0,0,0,0,0,
0,0,0,0,0,0,0,0,0,0,
0,0,0,0,0,0,0,0,0,0,
0,0,0,0,0,0,0,0,0,0,
0,0,0,0,0,0,0,0,0,0,
0,0,0,0,0,0,0,0,0,0,
0,0,0,0,0,0,0,0,0,0,
0,0,0,0,0,0,0,0,0,0,
0,0,0,0,0,0,0,0,0,0,
0,0,0,0,0,0,0,0,0,0,
0,0,0,0,0,0,0,0,0,0,
0,0,0,0,0,0,0,0,0,0,
0,0,0,0,0,0,0,0,0,0,
0,0,0,0,0,0,0,0,0,0,
0,0,0,0,0,0,0,0,0,0,
0,0,0,0,0,0,0,0,0,0,
0,0,0,0,0,0,0,0,0,0,
0,0,0,0,0,0,0,0,0,0,
0,0,0,0,0,0,0,0,0,0,
0,0,0,0,0,0,0,0,0,0,
0,0,0,0,0,0,0,0,0,0,
0,0,0,0,0,0,0,0,0,0,
0,0,0,0,0,0,0,0,0,0,
0,0,0,0,0,0,0,0,0,0,
0,0,0,0,0,0,0,0,0,0,
0,0,0,0,0,0,0,0,0,0,
0,0,0,0,0,0,0,0,0,0,
0,0,0,0,0,0,0,0,0,0,
0,0,0,0,0,0,0,0,0,0,
0,0,0,0,0,0,0,0,0,0,
0,0,0,0,0,0,0,0,0,0,
0,0,0,0,0,0,0,0,0,0,
0,0,0,0,0,0,0,0,0,0,
0,0,0,0,0,0,0,0,0,0,
0,0,0,0,0,0,0,0,0,0,
0,0,0,0,0,0,0,0,0,0,
0,0,0,0,0,0,0,0,0,0,
0,0,0,0,0,0,0,0,0,0,
0,0,0,0,0,0,0,0,0,0,
0,0,0,0,0,0,0,0,0,0,
0,0,0,0,0,0,0,0,0,0,
0,0,0,0,0,0,0,0,0,0,
0,0,0,0,0,0,0,0,0,0,
0,0,0,0,0,0,0,0,0,0,
0,0,0,0,0,0,0,0,0,0,
0,0,0,0,0,0,0,0,0,0,
0,0,0,0,0,0,0,0,0,0,
0,0,0,0,0,0,0,0,0,0,
0,0,0,0,0,0,0,0,0,0,
0,0,0,0,0,0,0,0,0,0,
0,0,0,0,0,0,0,0,0,0,
0,0,0,0,0,0,0,0,0,0,
0,0,0,0,0,0,0,0,0,0,
0,0,0,0,0,0,0,0,0,0,
0,0,0,0,0,0,0,0,0,0,
0,0,0,0,0,0,0,0,0,0,
0,0,0,0,0,0,0,0,0,0,
0,0,0,0,0,0,0,0,0,0,
0,0,0,0,0,0,0,0,0,0,
0,0,0,0,0,0,0,0,0,0,
0,0,0,0,0,0,0,0,0,0,
0,0,0,0,0,0,0,0,0,0,
0,0,0,0,0,0,0,0,0,0,
0,0,0,0,0,0,0,0,0,0,
0,0,0,0,0,0,0,0,0,0,
0,0,0,0,0,0,0,0,0,0,
0,0,0,0,0,0,0,0,0,0,
0,0,0,0,0,0,0,0,0,0,




Further Data analysis of all test cases 
INSTANCEID avg med max min 
INSTANCE1 0, 0, 0, 0, 
INSTANCE2 -0, 0, 0.103, -0.109, 
INSTANCE3 -0.001, 0, 0.149, -0.216, 
INSTANCE4 -0, 0, 0.246, -0.154, 
INSTANCE5 -0.001, 0, 0.183, -0.194, 
INSTANCE6 0.001, 0, 0.221, -0.216, 
INSTANCE7 -0.001, 0, 0.28, -0.339, 
INSTANCE8 -0.001, 0, 0.246, -0.227, 
INSTANCE9 -0.003, 0, 0.264, -0.262, 
INSTANCE10 -0.001, 0, 0.245, -0.298, 


INSTANCE1 0, 0, 0, 0, 
INSTANCE2 0, 0, 0.087, -0.086, 
INSTANCE3 -0.001, 0, 0.108, -0.117, 
INSTANCE4 0.001, 0, 0.154, -0.197, 
INSTANCE5 0.001, 0, 0.214, -0.204, 
INSTANCE6 -0, 0, 0.151, -0.204, 
INSTANCE7 0.001, 0, 0.339, -0.201, 
INSTANCE8 0.001, 0, 0.227, -0.219, 
INSTANCE9 0.002, 0, 0.231, -0.184, 
INSTANCE10 0.003, 0, 0.271, -0.215, 



