0.196,0.573,0.131,0.1,161.0,
0.171,0.622,0.107,0.1,266.0,
0.126,0.633,0.14,0.1,308.0,
0.182,0.597,0.121,0.1,209.0,
0.157,0.58,0.163,0.1,200.0,
0.312,0.553,0.035,0.1,92.0,
0.128,0.633,0.139,0.1,220.0,
0.075,0.631,0.194,0.1,368.0,
0.307,0.5,0.093,0.1,66.0,
0.267,0.533,0.1,0.1,77.0,
0.131,0.604,0.165,0.1,328.0,
0.205,0.641,0.054,0.1,234.0,
0.176,0.524,0.2,0.1,221.0,
0.439,0.439,0.022,0.1,106.0,
0.148,0.559,0.193,0.1,306.0,
0.126,0.586,0.189,0.1,242.0,
0.088,0.618,0.194,0.1,232.0,
0.132,0.596,0.172,0.1,170.0,
0.36,0.525,0.015,0.1,104.0,
0.205,0.581,0.114,0.1,271.0,
0.122,0.539,0.239,0.1,256.0,
0.163,0.593,0.143,0.1,196.0,
0.223,0.559,0.118,0.1,127.0,
0.431,0.45,0.019,0.1,89.0,
0.113,0.641,0.146,0.1,316.0,
0.088,0.594,0.218,0.1,242.0,
0.388,0.487,0.025,0.1,88.0,
0.12,0.6,0.18,0.1,338.0,
0.174,0.6,0.126,0.1,261.0,
0.141,0.506,0.253,0.1,238.0,
0.167,0.622,0.111,0.1,244.0,
0.229,0.588,0.082,0.1,79.0,
0.388,0.494,0.018,0.1,85.0,
0.223,0.618,0.06,0.1,220.0,
0.214,0.559,0.127,0.1,136.0,
0.132,0.512,0.256,0.1,154.0,
0.289,0.539,0.072,0.1,96.0,
0.4,0.463,0.037,0.1,69.0,
0.231,0.564,0.105,0.1,248.0,
0.4,0.485,0.015,0.1,112.0,
0.232,0.589,0.079,0.1,144.0,
0.097,0.584,0.219,0.1,263.0,
0.295,0.516,0.089,0.1,100.0,
0.355,0.514,0.032,0.1,98.0,
0.229,0.595,0.076,0.1,117.0,
0.093,0.484,0.323,0.1,336.0,
0.148,0.552,0.2,0.1,192.0,
0.259,0.564,0.077,0.1,128.0,
0.13,0.544,0.226,0.1,183.0,
0.338,0.537,0.025,0.1,80.0,
0.164,0.564,0.172,0.1,268.0,
0.117,0.573,0.21,0.1,283.0,
0.203,0.589,0.108,0.1,236.0,
0.191,0.568,0.141,0.1,131.0,
0.109,0.519,0.272,0.1,337.0,
0.073,0.541,0.285,0.1,329.0,
0.295,0.57,0.035,0.1,112.0,
0.176,0.554,0.171,0.1,277.0,
0.167,0.497,0.237,0.1,214.0,
0.189,0.626,0.085,0.1,158.0,
0.239,0.552,0.109,0.1,127.0,
0.423,0.454,0.023,0.1,58.0,
0.348,0.54,0.012,0.1,140.0,
0.143,0.59,0.167,0.1,196.0,
0.192,0.558,0.15,0.1,163.0,
0.206,0.589,0.106,0.1,103.0,
0.105,0.546,0.249,0.1,297.0,
0.183,0.561,0.157,0.1,148.0,
0.188,0.579,0.133,0.1,210.0,
0.112,0.558,0.23,0.1,240.0,
0.109,0.535,0.256,0.1,265.0,
0.097,0.563,0.239,0.1,295.0,
0.225,0.611,0.064,0.1,146.0,
0.355,0.518,0.027,0.1,110.0,
0.1,0.539,0.261,0.1,275.0,
0.134,0.549,0.217,0.1,257.0,
0.181,0.541,0.178,0.1,244.0,
0.204,0.615,0.081,0.1,155.0,
0.154,0.583,0.163,0.1,287.0,
0.187,0.621,0.092,0.1,261.0,
0.142,0.574,0.184,0.1,214.0,
0.145,0.64,0.115,0.1,291.0,
0.253,0.553,0.094,0.1,93.0,
0.113,0.604,0.182,0.1,318.0,
0.141,0.602,0.156,0.1,271.0,
0.238,0.577,0.085,0.1,163.0,
0.144,0.585,0.17,0.1,186.0,
0.21,0.586,0.105,0.1,118.0,
0.295,0.523,0.082,0.1,123.0,
0.1,0.571,0.229,0.1,324.0,
0.169,0.629,0.102,0.1,299.0,
0.213,0.594,0.094,0.1,167.0,
0.156,0.559,0.185,0.1,186.0,
0.252,0.578,0.07,0.1,135.0,
0.235,0.535,0.129,0.1,100.0,
0.197,0.559,0.144,0.1,236.0,
0.147,0.568,0.185,0.1,333.0,
0.109,0.584,0.206,0.1,223.0,
0.189,0.572,0.139,0.1,103.0,
0.185,0.53,0.185,0.1,179.0,
0.152,0.548,0.2,0.1,177.0,
0.134,0.572,0.194,0.1,220.0,
0.247,0.495,0.158,0.1,113.0,
0.353,0.507,0.04,0.1,70.0,
0.112,0.582,0.206,0.1,259.0,
0.148,0.6,0.152,0.1,219.0,
0.3,0.455,0.145,0.1,119.0,
0.157,0.54,0.203,0.1,203.0,
0.262,0.568,0.07,0.1,205.0,
0.235,0.515,0.15,0.1,156.0,
0.217,0.528,0.155,0.1,169.0,
0.22,0.552,0.128,0.1,147.0,
0.233,0.524,0.143,0.1,130.0,
0.2,0.55,0.15,0.1,213.0,
0.128,0.598,0.175,0.1,278.0,
0.196,0.548,0.157,0.1,161.0,
0.246,0.546,0.108,0.1,158.0,
0.278,0.557,0.065,0.1,111.0,
0.284,0.526,0.089,0.1,105.0,
0.257,0.557,0.086,0.1,64.0,
0.098,0.537,0.265,0.1,309.0,
0.225,0.529,0.146,0.1,154.0,
0.105,0.617,0.178,0.1,306.0,
0.15,0.521,0.229,0.1,198.0,
0.214,0.595,0.092,0.1,236.0,
0.131,0.548,0.221,0.1,196.0,
0.181,0.535,0.185,0.1,170.0,
0.095,0.53,0.274,0.1,346.0,
0.244,0.604,0.052,0.1,271.0,
0.147,0.571,0.182,0.1,239.0,
0.169,0.562,0.169,0.1,177.0,
0.225,0.554,0.121,0.1,123.0,
0.288,0.542,0.069,0.1,149.0,
0.28,0.575,0.045,0.1,120.0,
0.097,0.589,0.213,0.1,279.0,
0.388,0.506,0.006,0.1,77.0,
0.321,0.486,0.093,0.1,71.0,
0.173,0.542,0.185,0.1,178.0,
0.222,0.535,0.143,0.1,143.0,
0.372,0.516,0.012,0.1,144.0,
0.421,0.458,0.021,0.1,103.0,
0.313,0.54,0.047,0.1,70.0,
0.295,0.5,0.105,0.1,113.0,
0.218,0.573,0.109,0.1,136.0,
0.155,0.645,0.1,0.1,98.0,
0.127,0.503,0.27,0.1,248.0,
0.094,0.558,0.247,0.1,264.0,
0.131,0.525,0.244,0.1,226.0,
0.215,0.574,0.112,0.1,212.0,
0.223,0.581,0.096,0.1,149.0,
0.463,0.425,0.013,0.1,30.0,
0.148,0.636,0.116,0.1,289.0,
0.163,0.547,0.19,0.1,285.0,
0.287,0.526,0.087,0.1,136.0,
0.177,0.584,0.139,0.1,215.0,
0.147,0.603,0.15,0.1,222.0,
0.14,0.604,0.156,0.1,163.0,
0.109,0.559,0.232,0.1,245.0,
0.186,0.605,0.11,0.1,129.0,
0.097,0.517,0.286,0.1,253.0,
0.244,0.55,0.106,0.1,305.0,
0.159,0.597,0.145,0.1,190.0,
0.286,0.505,0.11,0.1,88.0,
0.26,0.6,0.04,0.1,108.0,
0.438,0.462,0.0,0.1,60.0,
0.136,0.533,0.231,0.1,288.0,
0.226,0.561,0.113,0.1,140.0,
0.3,0.537,0.062,0.1,141.0,
0.114,0.525,0.261,0.1,280.0,
0.211,0.556,0.133,0.1,163.0,
0.168,0.493,0.239,0.1,202.0,
0.286,0.59,0.024,0.1,110.0,
0.219,0.576,0.105,0.1,122.0,
0.196,0.488,0.215,0.1,187.0,
0.281,0.546,0.073,0.1,161.0,
0.209,0.541,0.15,0.1,140.0,
0.253,0.489,0.158,0.1,118.0,
0.097,0.589,0.214,0.1,280.0,
0.209,0.535,0.156,0.1,232.0,
0.274,0.542,0.084,0.1,111.0,
0.23,0.607,0.063,0.1,164.0,
0.212,0.55,0.138,0.1,136.0,
0.083,0.524,0.293,0.1,343.0,
0.155,0.578,0.168,0.1,280.0,
0.272,0.54,0.088,0.1,149.0,
0.156,0.589,0.156,0.1,238.0,
0.277,0.523,0.1,0.1,136.0,
0.419,0.475,0.006,0.1,60.0,
0.35,0.522,0.028,0.1,101.0,
0.248,0.552,0.1,0.1,185.0,
0.167,0.6,0.133,0.1,143.0,
0.272,0.511,0.117,0.1,103.0,
0.068,0.58,0.251,0.1,323.0,
0.325,0.475,0.1,0.1,98.0,
0.152,0.591,0.158,0.1,240.0,
0.278,0.567,0.056,0.1,91.0,
0.137,0.548,0.215,0.1,192.0,
0.137,0.574,0.189,0.1,240.0,
0.174,0.579,0.147,0.1,261.0,
0.165,0.538,0.196,0.1,175.0,
0.165,0.616,0.119,0.1,215.0,
0.284,0.521,0.095,0.1,93.0,
0.147,0.615,0.138,0.1,228.0,
0.278,0.533,0.089,0.1,101.0,
0.174,0.622,0.104,0.1,167.0,
0.413,0.467,0.02,0.1,61.0,
0.125,0.589,0.187,0.1,382.0,
0.129,0.616,0.155,0.1,229.0,
0.189,0.589,0.121,0.1,180.0,
0.232,0.573,0.095,0.1,128.0,
0.171,0.614,0.114,0.1,263.0,
0.091,0.583,0.226,0.1,389.0,
0.116,0.6,0.184,0.1,209.0,
0.145,0.519,0.235,0.1,222.0,
0.357,0.543,0.0,0.1,80.0,
0.219,0.577,0.103,0.1,202.0,
0.172,0.576,0.152,0.1,184.0,
0.241,0.582,0.077,0.1,124.0,
0.184,0.578,0.138,0.1,197.0,
0.287,0.579,0.033,0.1,101.0,
0.22,0.48,0.2,0.1,120.0,
0.08,0.534,0.286,0.1,357.0,
0.122,0.614,0.164,0.1,230.0,
0.475,0.406,0.019,0.1,81.0,
0.142,0.6,0.158,0.1,197.0,
0.147,0.573,0.18,0.1,205.0,
0.164,0.582,0.155,0.1,140.0,
0.111,0.558,0.231,0.1,275.0,
0.13,0.605,0.166,0.1,290.0,
0.224,0.514,0.162,0.1,141.0,
0.11,0.614,0.176,0.1,335.0,
0.263,0.547,0.09,0.1,191.0,
0.097,0.623,0.179,0.1,275.0,
0.223,0.541,0.136,0.1,116.0,
0.277,0.577,0.046,0.1,198.0,
0.338,0.5,0.062,0.1,186.0,
0.262,0.583,0.055,0.1,172.0,
0.164,0.569,0.167,0.1,246.0,
0.149,0.579,0.172,0.1,285.0,
0.097,0.526,0.276,0.1,305.0,
0.17,0.559,0.17,0.1,178.0,
0.275,0.55,0.075,0.1,120.0,
0.194,0.597,0.11,0.1,194.0,
0.127,0.542,0.23,0.1,230.0,
0.243,0.614,0.043,0.1,104.0,
0.148,0.555,0.197,0.1,230.0,
0.229,0.614,0.057,0.1,111.0,
0.174,0.57,0.156,0.1,153.0,
0.216,0.496,0.188,0.1,161.0,
0.4,0.48,0.02,0.1,50.0,
0.215,0.604,0.081,0.1,142.0,
0.167,0.542,0.192,0.1,269.0,
0.17,0.54,0.19,0.1,218.0,
0.242,0.527,0.131,0.1,158.0,
0.085,0.611,0.204,0.1,346.0,
0.082,0.639,0.18,0.1,320.0,
0.155,0.568,0.176,0.1,252.0,
0.106,0.612,0.182,0.1,238.0,
0.438,0.45,0.013,0.1,50.0,
0.124,0.507,0.268,0.1,320.0,
0.118,0.606,0.176,0.1,330.0,
0.067,0.533,0.3,0.1,274.0,
0.175,0.568,0.157,0.1,175.0,
0.252,0.592,0.056,0.1,131.0,
0.187,0.55,0.163,0.1,195.0,
0.196,0.556,0.148,0.1,176.0,
0.165,0.615,0.119,0.1,168.0,
0.081,0.555,0.264,0.1,377.0,
0.083,0.619,0.198,0.1,394.0,
0.18,0.6,0.12,0.1,187.0,
0.187,0.567,0.147,0.1,201.0,
0.236,0.507,0.157,0.1,181.0,
0.254,0.542,0.104,0.1,152.0,
0.11,0.524,0.266,0.1,309.0,
0.276,0.524,0.1,0.1,147.0,
0.369,0.523,0.008,0.1,60.0,
0.321,0.493,0.086,0.1,62.0,
0.085,0.554,0.261,0.1,372.0,
0.094,0.609,0.197,0.1,246.0,
0.393,0.493,0.015,0.1,139.0,
0.259,0.547,0.094,0.1,94.0,
0.165,0.622,0.112,0.1,300.0,
0.06,0.593,0.248,0.1,323.0,
0.187,0.647,0.067,0.1,179.0,
0.245,0.523,0.132,0.1,134.0,
0.148,0.612,0.14,0.1,161.0,
0.116,0.559,0.224,0.1,268.0,
0.232,0.581,0.087,0.1,181.0,
0.186,0.538,0.176,0.1,130.0,
0.354,0.415,0.131,0.1,60.0,
0.187,0.528,0.185,0.1,263.0,
0.219,0.565,0.116,0.1,191.0,
0.1,0.589,0.211,0.1,260.0,
0.14,0.583,0.177,0.1,207.0,
0.21,0.505,0.185,0.1,126.0,
0.236,0.532,0.132,0.1,135.0,
0.188,0.588,0.125,0.1,122.0,
0.227,0.562,0.112,0.1,158.0,
0.244,0.525,0.131,0.1,86.0,
0.156,0.575,0.169,0.1,252.0,
0.134,0.588,0.178,0.1,225.0,
0.283,0.545,0.072,0.1,160.0,
0.165,0.584,0.152,0.1,203.0,
0.407,0.457,0.036,0.1,65.0,
0.3,0.585,0.015,0.1,109.0,
0.153,0.591,0.156,0.1,235.0,
0.18,0.553,0.167,0.1,202.0,
0.119,0.569,0.212,0.1,331.0,
0.1,0.583,0.217,0.1,345.0,
0.117,0.575,0.207,0.1,288.0,
0.204,0.565,0.13,0.1,139.0,
0.169,0.591,0.141,0.1,197.0,
0.172,0.608,0.119,0.1,203.0,
0.252,0.56,0.088,0.1,138.0,
0.089,0.617,0.194,0.1,413.0,
0.105,0.593,0.202,0.1,310.0,
0.186,0.602,0.112,0.1,267.0,
0.116,0.649,0.135,0.1,256.0,
0.375,0.51,0.015,0.1,100.0,
0.1,0.602,0.198,0.1,313.0,
0.142,0.591,0.167,0.1,315.0,
0.173,0.589,0.138,0.1,307.0,
0.306,0.544,0.05,0.1,96.0,
0.305,0.511,0.084,0.1,105.0,
0.177,0.53,0.193,0.1,211.0,
0.178,0.596,0.126,0.1,127.0,
0.229,0.6,0.071,0.1,186.0,
0.263,0.547,0.089,0.1,85.0,
0.324,0.552,0.024,0.1,116.0,
0.127,0.636,0.138,0.1,301.0,
0.48,0.41,0.01,0.1,60.0,
0.157,0.552,0.191,0.1,337.0,
0.105,0.578,0.217,0.1,325.0,
0.333,0.495,0.071,0.1,105.0,
0.248,0.522,0.13,0.1,135.0,
0.275,0.58,0.045,0.1,99.0,
0.179,0.571,0.15,0.1,132.0,
0.179,0.595,0.126,0.1,265.0,
0.078,0.646,0.176,0.1,286.0,
0.1,0.627,0.172,0.1,260.0,
0.2,0.623,0.077,0.1,174.0,
0.25,0.539,0.111,0.1,93.0,
0.105,0.603,0.192,0.1,289.0,
0.19,0.51,0.2,0.1,209.0,
0.174,0.568,0.158,0.1,259.0,
0.152,0.57,0.177,0.1,294.0,
0.45,0.429,0.021,0.1,63.0,
0.271,0.453,0.176,0.1,94.0,
0.22,0.53,0.15,0.1,195.0,
0.1,0.562,0.237,0.1,279.0,
0.2,0.579,0.121,0.1,162.0,
0.204,0.626,0.07,0.1,134.0,
0.311,0.539,0.05,0.1,83.0,
0.093,0.55,0.257,0.1,355.0,
0.142,0.603,0.156,0.1,256.0,
0.139,0.518,0.243,0.1,198.0,
0.128,0.544,0.228,0.1,274.0,
0.25,0.531,0.119,0.1,91.0,
0.204,0.564,0.132,0.1,175.0,
0.154,0.566,0.18,0.1,290.0,
0.408,0.469,0.023,0.1,55.0,
0.165,0.532,0.203,0.1,273.0,
0.109,0.586,0.206,0.1,260.0,
0.131,0.6,0.169,0.1,150.0,
0.3,0.55,0.05,0.1,134.0,
0.364,0.507,0.029,0.1,70.0,
0.124,0.626,0.15,0.1,313.0,
0.1,0.56,0.24,0.1,307.0,
0.167,0.59,0.143,0.1,198.0,
0.162,0.545,0.193,0.1,191.0,
0.129,0.542,0.229,0.1,219.0,
0.1,0.6,0.2,0.1,287.0,
0.157,0.584,0.159,0.1,256.0,
0.237,0.468,0.195,0.1,116.0,
0.393,0.493,0.014,0.1,71.0,
0.113,0.604,0.183,0.1,355.0,
0.23,0.56,0.11,0.1,117.0,
0.136,0.58,0.184,0.1,341.0,
0.169,0.625,0.106,0.1,234.0,
0.17,0.627,0.103,0.1,173.0,
0.136,0.658,0.106,0.1,190.0,
0.243,0.576,0.081,0.1,114.0,
0.158,0.524,0.218,0.1,284.0,
0.217,0.591,0.091,0.1,222.0,
0.1,0.566,0.234,0.1,267.0,
0.162,0.562,0.176,0.1,202.0,
0.169,0.603,0.128,0.1,262.0,
0.194,0.606,0.1,0.1,208.0,
0.2,0.55,0.15,0.1,136.0,
0.222,0.591,0.087,0.1,125.0,
0.275,0.463,0.163,0.1,90.0,
0.109,0.568,0.223,0.1,346.0,
0.167,0.561,0.173,0.1,233.0,
0.128,0.559,0.214,0.1,209.0,
0.083,0.566,0.251,0.1,315.0,
0.247,0.526,0.126,0.1,120.0,
0.15,0.606,0.144,0.1,234.0,
0.129,0.603,0.168,0.1,219.0,
0.238,0.562,0.1,0.1,124.0,
0.154,0.615,0.131,0.1,328.0,
0.214,0.612,0.074,0.1,283.0,
0.216,0.569,0.116,0.1,202.0,
0.117,0.642,0.142,0.1,254.0,
0.462,0.431,0.008,0.1,55.0,
0.239,0.55,0.111,0.1,104.0,
0.112,0.585,0.202,0.1,288.0,
0.114,0.583,0.203,0.1,243.0,
0.36,0.527,0.013,0.1,69.0,
0.157,0.577,0.166,0.1,257.0,
0.191,0.571,0.137,0.1,231.0,
0.134,0.503,0.263,0.1,242.0,
0.23,0.52,0.15,0.1,120.0,
0.359,0.532,0.009,0.1,113.0,
0.159,0.574,0.168,0.1,237.0,
0.203,0.517,0.18,0.1,253.0,
0.174,0.616,0.111,0.1,242.0,
0.176,0.576,0.147,0.1,204.0,
0.185,0.505,0.21,0.1,123.0,
0.129,0.607,0.163,0.1,264.0,
0.152,0.619,0.129,0.1,188.0,
0.276,0.545,0.079,0.1,164.0,
0.271,0.521,0.107,0.1,66.0,
0.095,0.537,0.268,0.1,318.0,
0.203,0.588,0.109,0.1,221.0,
0.183,0.59,0.127,0.1,203.0,
0.225,0.606,0.069,0.1,173.0,
0.136,0.5,0.264,0.1,254.0,
0.131,0.621,0.148,0.1,202.0,
0.323,0.517,0.06,0.1,160.0,
0.211,0.6,0.089,0.1,100.0,
0.141,0.592,0.168,0.1,242.0,
0.123,0.523,0.254,0.1,271.0,
0.187,0.587,0.126,0.1,255.0,
0.194,0.569,0.136,0.1,223.0,
0.205,0.652,0.043,0.1,104.0,
0.195,0.605,0.1,0.1,240.0,
0.3,0.523,0.077,0.1,60.0,
0.216,0.529,0.155,0.1,217.0,
0.252,0.592,0.056,0.1,111.0,
0.217,0.638,0.045,0.1,295.0,
0.193,0.554,0.154,0.1,178.0,
0.24,0.57,0.09,0.1,112.0,
0.165,0.635,0.1,0.1,195.0,
0.136,0.561,0.203,0.1,269.0,
0.386,0.479,0.036,0.1,61.0,
0.188,0.515,0.196,0.1,181.0,
0.129,0.574,0.197,0.1,245.0,
0.21,0.548,0.142,0.1,199.0,
0.18,0.6,0.12,0.1,217.0,
0.261,0.53,0.109,0.1,136.0,
0.285,0.5,0.115,0.1,84.0,
0.213,0.553,0.134,0.1,198.0,
0.177,0.569,0.154,0.1,274.0,
0.155,0.521,0.224,0.1,205.0,
0.2,0.538,0.162,0.1,127.0,
0.196,0.633,0.07,0.1,150.0,
0.127,0.627,0.145,0.1,199.0,
0.21,0.54,0.15,0.1,194.0,
0.271,0.559,0.071,0.1,97.0,
0.227,0.595,0.078,0.1,230.0,
0.113,0.596,0.191,0.1,315.0,
0.142,0.519,0.239,0.1,210.0,
0.25,0.544,0.106,0.1,104.0,
0.212,0.6,0.087,0.1,306.0,
0.144,0.623,0.133,0.1,320.0,
0.268,0.523,0.109,0.1,135.0,
0.102,0.619,0.179,0.1,294.0,
0.214,0.529,0.157,0.1,121.0,
0.406,0.487,0.006,0.1,75.0,
0.11,0.567,0.223,0.1,358.0,
0.245,0.525,0.13,0.1,125.0,
0.116,0.545,0.239,0.1,230.0,
0.109,0.626,0.166,0.1,221.0,
0.27,0.53,0.1,0.1,114.0,
0.208,0.616,0.076,0.1,138.0,
0.149,0.593,0.158,0.1,286.0,
0.185,0.547,0.168,0.1,231.0,
0.089,0.58,0.231,0.1,266.0,
0.376,0.512,0.012,0.1,89.0,
0.204,0.571,0.125,0.1,139.0,
0.103,0.576,0.221,0.1,262.0,
0.106,0.578,0.216,0.1,369.0,
0.219,0.544,0.138,0.1,83.0,
0.248,0.576,0.076,0.1,108.0,
0.4,0.486,0.014,0.1,56.0,
0.08,0.6,0.22,0.1,291.0,
0.136,0.606,0.158,0.1,225.0,
0.259,0.574,0.067,0.1,155.0,
0.191,0.551,0.157,0.1,238.0,
0.079,0.65,0.171,0.1,393.0,
0.285,0.581,0.033,0.1,156.0,
0.2,0.565,0.135,0.1,97.0,
0.204,0.539,0.157,0.1,137.0,
0.177,0.589,0.134,0.1,296.0,
0.202,0.583,0.115,0.1,248.0,
0.281,0.562,0.056,0.1,81.0,
0.325,0.545,0.03,0.1,95.0,
0.205,0.542,0.153,0.1,115.0,
0.172,0.538,0.19,0.1,209.0,
0.211,0.564,0.125,0.1,232.0,
0.304,0.554,0.043,0.1,147.0,
0.236,0.527,0.136,0.1,129.0,
0.155,0.557,0.188,0.1,307.0,
0.179,0.565,0.156,0.1,215.0,
0.373,0.5,0.027,0.1,80.0,
0.147,0.624,0.129,0.1,242.0,
0.155,0.593,0.152,0.1,194.0,
0.065,0.548,0.287,0.1,378.0,
0.328,0.556,0.017,0.1,95.0,
0.122,0.571,0.207,0.1,273.0,
0.283,0.546,0.071,0.1,138.0,
0.288,0.476,0.135,0.1,100.0,
0.214,0.561,0.125,0.1,162.0,
0.371,0.512,0.018,0.1,84.0,
0.3,0.514,0.086,0.1,220.0,
0.133,0.54,0.227,0.1,217.0,
0.262,0.519,0.119,0.1,174.0,
0.189,0.575,0.136,0.1,182.0,
0.222,0.583,0.094,0.1,202.0,
0.346,0.529,0.025,0.1,124.0,
0.196,0.558,0.146,0.1,166.0,
0.392,0.5,0.008,0.1,60.0,
0.173,0.588,0.139,0.1,205.0,
0.141,0.591,0.169,0.1,220.0,
0.217,0.489,0.194,0.1,110.0,
0.288,0.571,0.041,0.1,88.0,
0.179,0.645,0.077,0.1,262.0,
0.226,0.597,0.077,0.1,202.0,
0.208,0.556,0.136,0.1,166.0,
0.2,0.607,0.093,0.1,175.0,
0.281,0.525,0.094,0.1,81.0,
0.1,0.511,0.289,0.1,294.0,
0.151,0.636,0.113,0.1,232.0,
0.122,0.606,0.172,0.1,234.0,
0.364,0.514,0.021,0.1,73.0,
0.408,0.469,0.023,0.1,62.0,
0.528,0.297,0.076,0.1,202.0,
0.459,0.355,0.086,0.1,122.0,
0.496,0.333,0.07,0.1,152.0,
0.302,0.438,0.16,0.1,359.0,
0.436,0.364,0.1,0.1,295.0,
0.529,0.329,0.043,0.1,122.0,
0.429,0.348,0.124,0.1,129.0,
0.332,0.423,0.145,0.1,148.0,
0.56,0.295,0.045,0.1,106.0,
0.411,0.383,0.106,0.1,212.0,
0.411,0.393,0.096,0.1,185.0,
0.482,0.335,0.082,0.1,88.0,
0.396,0.409,0.096,0.1,131.0,
0.215,0.49,0.195,0.1,319.0,
0.375,0.384,0.141,0.1,228.0,
0.267,0.467,0.167,0.1,252.0,
0.287,0.458,0.155,0.1,276.0,
0.62,0.253,0.027,0.1,76.0,
0.406,0.391,0.103,0.1,217.0,
0.613,0.256,0.031,0.1,81.0,
0.41,0.355,0.135,0.1,122.0,
0.321,0.441,0.138,0.1,237.0,
0.306,0.468,0.126,0.1,227.0,
0.309,0.448,0.142,0.1,234.0,
0.394,0.415,0.091,0.1,207.0,
0.408,0.354,0.138,0.1,60.0,
0.326,0.435,0.138,0.1,238.0,
0.353,0.428,0.119,0.1,316.0,
0.396,0.388,0.117,0.1,158.0,
0.381,0.388,0.131,0.1,219.0,
0.295,0.435,0.17,0.1,319.0,
0.469,0.369,0.063,0.1,227.0,
0.429,0.382,0.088,0.1,101.0,
0.259,0.476,0.165,0.1,283.0,
0.543,0.271,0.086,0.1,90.0,
0.338,0.396,0.165,0.1,181.0,
0.336,0.412,0.152,0.1,152.0,
0.415,0.38,0.104,0.1,307.0,
0.354,0.424,0.122,0.1,266.0,
0.692,0.188,0.019,0.1,122.0,
0.44,0.36,0.1,0.1,158.0,
0.383,0.408,0.108,0.1,143.0,
0.373,0.404,0.123,0.1,340.0,
0.527,0.288,0.085,0.1,259.0,
0.331,0.428,0.141,0.1,209.0,
0.537,0.316,0.047,0.1,100.0,
0.349,0.412,0.139,0.1,300.0,
0.483,0.372,0.045,0.1,162.0,
0.328,0.425,0.147,0.1,225.0,
0.445,0.365,0.09,0.1,106.0,
0.392,0.392,0.115,0.1,283.0,
0.333,0.458,0.11,0.1,270.0,
0.447,0.36,0.093,0.1,214.0,
0.429,0.383,0.089,0.1,229.0,
0.352,0.4,0.148,0.1,225.0,
0.337,0.43,0.133,0.1,180.0,
0.405,0.362,0.132,0.1,250.0,
0.467,0.333,0.1,0.1,117.0,
0.456,0.369,0.075,0.1,85.0,
0.312,0.45,0.138,0.1,410.0,
0.419,0.347,0.133,0.1,250.0,
0.4,0.384,0.116,0.1,317.0,
0.319,0.475,0.106,0.1,256.0,
0.595,0.27,0.035,0.1,105.0,
0.593,0.307,0.0,0.1,71.0,
0.571,0.324,0.006,0.1,94.0,
0.345,0.395,0.161,0.1,285.0,
0.263,0.457,0.18,0.1,260.0,
0.317,0.423,0.16,0.1,260.0,
0.382,0.391,0.127,0.1,136.0,
0.467,0.33,0.103,0.1,186.0,
0.338,0.445,0.117,0.1,210.0,
0.266,0.438,0.197,0.1,217.0,
0.319,0.458,0.123,0.1,177.0,
0.6,0.282,0.018,0.1,50.0,
0.268,0.437,0.195,0.1,291.0,
0.318,0.443,0.14,0.1,266.0,
0.339,0.436,0.124,0.1,240.0,
0.491,0.339,0.07,0.1,144.0,
0.576,0.3,0.024,0.1,83.0,
0.432,0.368,0.1,0.1,189.0,
0.35,0.394,0.156,0.1,110.0,
0.39,0.393,0.117,0.1,172.0,
0.4,0.385,0.115,0.1,312.0,
0.508,0.318,0.074,0.1,253.0,
0.358,0.426,0.116,0.1,263.0,
0.403,0.389,0.108,0.1,217.0,
0.377,0.386,0.136,0.1,136.0,
0.358,0.411,0.132,0.1,102.0,
0.222,0.52,0.159,0.1,398.0,
0.458,0.342,0.1,0.1,112.0,
0.567,0.322,0.011,0.1,85.0,
0.627,0.26,0.013,0.1,85.0,
0.53,0.34,0.03,0.1,102.0,
0.381,0.39,0.129,0.1,135.0,
0.476,0.288,0.135,0.1,94.0,
0.478,0.354,0.068,0.1,248.0,
0.303,0.469,0.128,0.1,205.0,
0.556,0.319,0.025,0.1,73.0,
0.423,0.393,0.084,0.1,265.0,
0.536,0.294,0.07,0.1,202.0,
0.428,0.369,0.103,0.1,198.0,
0.375,0.405,0.12,0.1,116.0,
0.522,0.372,0.006,0.1,105.0,
0.368,0.421,0.111,0.1,111.0,
0.34,0.429,0.131,0.1,251.0,
0.428,0.348,0.124,0.1,145.0,
0.631,0.244,0.025,0.1,84.0,
0.354,0.408,0.138,0.1,253.0,
0.587,0.27,0.043,0.1,115.0,
0.555,0.277,0.068,0.1,188.0,
0.38,0.38,0.14,0.1,127.0,
0.621,0.263,0.016,0.1,90.0,
0.315,0.454,0.132,0.1,304.0,
0.4,0.381,0.119,0.1,124.0,
0.486,0.332,0.082,0.1,147.0,
0.381,0.403,0.116,0.1,247.0,
0.59,0.3,0.01,0.1,50.0,
0.409,0.376,0.115,0.1,221.0,
0.356,0.392,0.152,0.1,158.0,
0.478,0.359,0.063,0.1,150.0,
0.463,0.342,0.095,0.1,103.0,
0.332,0.412,0.156,0.1,302.0,
0.429,0.391,0.08,0.1,190.0,
0.58,0.268,0.052,0.1,148.0,
0.42,0.376,0.104,0.1,159.0,
0.503,0.311,0.086,0.1,243.0,
0.313,0.428,0.16,0.1,372.0,
0.495,0.319,0.086,0.1,121.0,
0.411,0.359,0.13,0.1,171.0,
0.219,0.49,0.192,0.1,386.0,
0.3,0.422,0.178,0.1,183.0,
0.417,0.361,0.122,0.1,237.0,
0.324,0.424,0.152,0.1,190.0,
0.58,0.32,0.0,0.1,60.0,
0.37,0.412,0.118,0.1,346.0,
0.365,0.391,0.143,0.1,347.0,
0.479,0.315,0.106,0.1,218.0,
0.646,0.246,0.008,0.1,60.0,
0.516,0.311,0.074,0.1,98.0,
0.3,0.444,0.156,0.1,213.0,
0.375,0.409,0.116,0.1,379.0,
0.411,0.367,0.122,0.1,107.0,
0.571,0.314,0.014,0.1,52.0,
0.326,0.434,0.139,0.1,289.0,
0.292,0.463,0.146,0.1,163.0,
0.642,0.253,0.005,0.1,99.0,
0.544,0.272,0.083,0.1,95.0,
0.373,0.4,0.127,0.1,297.0,
0.306,0.452,0.142,0.1,222.0,
0.595,0.289,0.016,0.1,96.0,
0.627,0.273,0.0,0.1,50.0,
0.54,0.34,0.02,0.1,76.0,
0.427,0.362,0.11,0.1,318.0,
0.574,0.259,0.068,0.1,213.0,
0.476,0.368,0.056,0.1,134.0,
0.446,0.392,0.062,0.1,130.0,
0.473,0.332,0.095,0.1,112.0,
0.258,0.49,0.152,0.1,223.0,
0.268,0.441,0.19,0.1,315.0,
0.526,0.303,0.071,0.1,210.0,
0.296,0.448,0.157,0.1,160.0,
0.638,0.254,0.008,0.1,146.0,
0.522,0.306,0.072,0.1,95.0,
0.538,0.3,0.062,0.1,54.0,
0.436,0.368,0.096,0.1,267.0,
0.339,0.418,0.143,0.1,190.0,
0.472,0.344,0.085,0.1,213.0,
0.489,0.358,0.053,0.1,89.0,
0.383,0.423,0.094,0.1,222.0,
0.382,0.386,0.132,0.1,189.0,
0.327,0.407,0.167,0.1,211.0,
0.411,0.379,0.111,0.1,165.0,
0.584,0.305,0.011,0.1,95.0,
0.368,0.41,0.122,0.1,327.0,
0.311,0.439,0.15,0.1,204.0,
0.585,0.285,0.031,0.1,56.0,
0.452,0.352,0.095,0.1,126.0,
0.346,0.41,0.144,0.1,282.0,
0.353,0.427,0.12,0.1,207.0,
0.264,0.477,0.159,0.1,141.0,
0.577,0.315,0.008,0.1,60.0,
0.381,0.385,0.133,0.1,328.0,
0.309,0.443,0.149,0.1,262.0,
0.279,0.436,0.185,0.1,237.0,
0.492,0.304,0.104,0.1,150.0,
0.416,0.381,0.103,0.1,242.0,
0.374,0.397,0.129,0.1,213.0,
0.369,0.4,0.131,0.1,200.0,
0.35,0.397,0.153,0.1,216.0,
0.614,0.279,0.007,0.1,72.0,
0.44,0.373,0.087,0.1,286.0,
0.343,0.424,0.133,0.1,282.0,
0.31,0.413,0.177,0.1,218.0,
0.462,0.366,0.072,0.1,181.0,
0.494,0.375,0.031,0.1,91.0,
0.345,0.41,0.145,0.1,113.0,
0.305,0.425,0.169,0.1,417.0,
0.221,0.467,0.212,0.1,349.0,
0.328,0.452,0.12,0.1,147.0,
0.476,0.352,0.072,0.1,145.0,
0.413,0.391,0.096,0.1,124.0,
0.45,0.342,0.108,0.1,243.0,
0.357,0.418,0.125,0.1,193.0,
0.346,0.436,0.118,0.1,159.0,
0.51,0.3,0.09,0.1,195.0,
0.398,0.38,0.122,0.1,259.0,
0.222,0.489,0.189,0.1,276.0,
0.467,0.367,0.067,0.1,151.0,
0.456,0.38,0.064,0.1,139.0,
0.506,0.338,0.056,0.1,207.0,
0.465,0.346,0.088,0.1,167.0,
0.556,0.309,0.035,0.1,181.0,
0.395,0.419,0.086,0.1,134.0,
0.524,0.3,0.076,0.1,87.0,
0.329,0.435,0.135,0.1,229.0,
0.3,0.454,0.146,0.1,243.0,
0.348,0.417,0.135,0.1,155.0,
0.322,0.434,0.144,0.1,214.0,
0.511,0.316,0.074,0.1,104.0,
0.629,0.259,0.012,0.1,93.0,
0.287,0.449,0.164,0.1,263.0,
0.423,0.362,0.115,0.1,138.0,
0.464,0.342,0.094,0.1,304.0,
0.47,0.359,0.07,0.1,170.0,
0.54,0.305,0.055,0.1,100.0,
0.402,0.38,0.118,0.1,300.0,
0.294,0.474,0.132,0.1,230.0,
0.443,0.343,0.113,0.1,153.0,
0.311,0.428,0.161,0.1,110.0,
0.461,0.322,0.117,0.1,282.0,
0.466,0.359,0.075,0.1,213.0,
0.386,0.386,0.128,0.1,201.0,
0.463,0.346,0.091,0.1,233.0,
0.503,0.318,0.079,0.1,185.0,
0.497,0.338,0.065,0.1,218.0,
0.482,0.334,0.084,0.1,247.0,
0.387,0.4,0.113,0.1,240.0,
0.632,0.237,0.032,0.1,97.0,
0.321,0.441,0.138,0.1,188.0,
0.495,0.328,0.077,0.1,243.0,
0.483,0.34,0.077,0.1,195.0,
0.47,0.34,0.09,0.1,111.0,
0.528,0.306,0.067,0.1,106.0,
0.386,0.448,0.067,0.1,125.0,
0.462,0.335,0.103,0.1,227.0,
0.595,0.282,0.023,0.1,106.0,
0.467,0.348,0.086,0.1,109.0,
0.438,0.357,0.105,0.1,244.0,
0.568,0.268,0.063,0.1,100.0,
0.454,0.371,0.074,0.1,179.0,
0.587,0.287,0.027,0.1,79.0,
0.5,0.321,0.079,0.1,106.0,
0.473,0.332,0.095,0.1,251.0,
0.355,0.416,0.129,0.1,213.0,
0.426,0.37,0.104,0.1,169.0,
0.711,0.172,0.017,0.1,94.0,
0.424,0.357,0.119,0.1,122.0,
0.419,0.396,0.085,0.1,151.0,
0.231,0.493,0.176,0.1,207.0,
0.605,0.238,0.057,0.1,105.0,
0.588,0.287,0.025,0.1,114.0,
0.337,0.415,0.149,0.1,290.0,
0.292,0.442,0.165,0.1,184.0,
0.453,0.38,0.067,0.1,80.0,
0.465,0.38,0.055,0.1,110.0,
0.343,0.391,0.165,0.1,151.0,
0.402,0.407,0.09,0.1,291.0,
0.363,0.42,0.117,0.1,215.0,
0.506,0.329,0.065,0.1,191.0,
0.321,0.394,0.185,0.1,246.0,
0.529,0.293,0.079,0.1,62.0,
0.419,0.394,0.087,0.1,192.0,
0.366,0.383,0.152,0.1,183.0,
0.517,0.35,0.033,0.1,91.0,
0.398,0.395,0.107,0.1,294.0,
0.335,0.458,0.106,0.1,312.0,
0.55,0.273,0.077,0.1,177.0,
0.257,0.451,0.192,0.1,288.0,
0.492,0.35,0.058,0.1,45.0,
0.347,0.41,0.143,0.1,220.0,
0.37,0.404,0.126,0.1,301.0,
0.421,0.389,0.089,0.1,172.0,
0.47,0.352,0.078,0.1,126.0,
0.433,0.356,0.111,0.1,106.0,
0.461,0.339,0.1,0.1,286.0,
0.585,0.238,0.077,0.1,148.0,
0.63,0.257,0.013,0.1,115.0,
0.35,0.417,0.133,0.1,200.0,
0.433,0.4,0.067,0.1,93.0,
0.6,0.3,0.0,0.1,85.0,
0.25,0.483,0.167,0.1,281.0,
0.291,0.459,0.15,0.1,219.0,
0.361,0.424,0.115,0.1,230.0,
0.627,0.259,0.014,0.1,110.0,
0.618,0.273,0.009,0.1,50.0,
0.671,0.206,0.024,0.1,78.0,
0.407,0.4,0.093,0.1,287.0,
0.347,0.435,0.118,0.1,101.0,
0.248,0.467,0.186,0.1,308.0,
0.488,0.347,0.065,0.1,263.0,
0.358,0.423,0.119,0.1,213.0,
0.532,0.291,0.076,0.1,204.0,
0.532,0.314,0.055,0.1,114.0,
0.314,0.449,0.137,0.1,234.0,
0.283,0.461,0.157,0.1,346.0,
0.639,0.261,0.0,0.1,99.0,
0.361,0.394,0.145,0.1,246.0,
0.527,0.307,0.066,0.1,278.0,
0.431,0.356,0.114,0.1,219.0,
0.5,0.3,0.1,0.1,176.0,
0.638,0.229,0.033,0.1,88.0,
0.327,0.432,0.141,0.1,141.0,
0.246,0.471,0.183,0.1,252.0,
0.479,0.321,0.1,0.1,216.0,
0.49,0.327,0.083,0.1,161.0,
0.341,0.419,0.141,0.1,191.0,
0.479,0.333,0.087,0.1,132.0,
0.35,0.426,0.124,0.1,286.0,
0.381,0.419,0.1,0.1,215.0,
0.618,0.229,0.053,0.1,85.0,
0.37,0.382,0.148,0.1,238.0,
0.415,0.38,0.105,0.1,120.0,
0.295,0.455,0.15,0.1,317.0,
0.385,0.391,0.123,0.1,328.0,
0.485,0.324,0.091,0.1,201.0,
0.327,0.41,0.163,0.1,206.0,
0.689,0.211,0.0,0.1,95.0,
0.411,0.389,0.1,0.1,110.0,
0.379,0.403,0.118,0.1,287.0,
0.466,0.363,0.071,0.1,215.0,
0.319,0.439,0.142,0.1,203.0,
0.318,0.446,0.136,0.1,203.0,
0.271,0.486,0.143,0.1,192.0,
0.478,0.333,0.089,0.1,161.0,
0.544,0.317,0.039,0.1,95.0,
0.637,0.247,0.016,0.1,92.0,
0.444,0.347,0.108,0.1,252.0,
0.458,0.349,0.093,0.1,265.0,
0.481,0.339,0.081,0.1,189.0,
0.326,0.435,0.139,0.1,221.0,
0.377,0.391,0.132,0.1,134.0,
0.508,0.297,0.095,0.1,248.0,
0.41,0.4,0.09,0.1,181.0,
0.361,0.415,0.124,0.1,203.0,
0.44,0.345,0.115,0.1,128.0,
0.37,0.416,0.114,0.1,258.0,
0.392,0.395,0.114,0.1,241.0,
0.455,0.333,0.112,0.1,226.0,
0.385,0.393,0.122,0.1,186.0,
0.352,0.437,0.111,0.1,167.0,
0.285,0.451,0.164,0.1,301.0,
0.464,0.368,0.068,0.1,146.0,
0.471,0.339,0.09,0.1,279.0,
0.371,0.429,0.1,0.1,229.0,
0.422,0.37,0.107,0.1,183.0,
0.462,0.338,0.1,0.1,137.0,
0.329,0.424,0.148,0.1,125.0,
0.348,0.407,0.144,0.1,192.0,
0.477,0.335,0.087,0.1,179.0,
0.535,0.304,0.061,0.1,106.0,
0.35,0.431,0.119,0.1,160.0,
0.497,0.306,0.097,0.1,224.0,
0.46,0.36,0.08,0.1,257.0,
0.352,0.436,0.112,0.1,241.0,
0.537,0.297,0.067,0.1,169.0,
0.371,0.412,0.118,0.1,101.0,
0.514,0.319,0.067,0.1,218.0,
0.671,0.219,0.01,0.1,92.0,
0.465,0.326,0.109,0.1,138.0,
0.368,0.413,0.118,0.1,238.0,
0.376,0.397,0.127,0.1,217.0,
0.258,0.472,0.17,0.1,301.0,
0.417,0.387,0.096,0.1,145.0,
0.358,0.404,0.138,0.1,157.0,
0.525,0.297,0.078,0.1,199.0,
0.202,0.491,0.207,0.1,370.0,
0.333,0.421,0.146,0.1,275.0,
0.325,0.446,0.129,0.1,189.0,
0.354,0.438,0.108,0.1,160.0,
0.418,0.382,0.1,0.1,250.0,
0.397,0.379,0.124,0.1,212.0,
0.524,0.336,0.04,0.1,138.0,
0.383,0.388,0.129,0.1,149.0,
0.127,0.625,0.148,0.1,309.0,
0.157,0.622,0.122,0.1,245.0,
0.119,0.525,0.256,0.1,286.0,
0.25,0.559,0.091,0.1,110.0,
0.242,0.588,0.069,0.1,140.0,
0.081,0.549,0.27,0.1,340.0,
0.213,0.53,0.157,0.1,146.0,
0.134,0.538,0.228,0.1,207.0,
0.179,0.575,0.146,0.1,145.0,
0.165,0.55,0.185,0.1,164.0,
0.168,0.586,0.146,0.1,184.0,
0.258,0.586,0.056,0.1,190.0,
0.143,0.536,0.221,0.1,204.0,
0.154,0.596,0.15,0.1,172.0,
0.13,0.611,0.16,0.1,338.0,
0.132,0.568,0.2,0.1,225.0,
0.275,0.54,0.085,0.1,110.0,
0.24,0.6,0.06,0.1,134.0,
0.269,0.528,0.103,0.1,171.0,
0.138,0.581,0.181,0.1,252.0,
0.193,0.507,0.2,0.1,189.0,
0.36,0.493,0.047,0.1,73.0,
0.35,0.536,0.014,0.1,111.0,
0.095,0.59,0.215,0.1,281.0,
0.087,0.619,0.194,0.1,230.0,
0.17,0.557,0.173,0.1,199.0,
0.209,0.562,0.129,0.1,292.0,
0.447,0.447,0.007,0.1,70.0,
0.169,0.588,0.144,0.1,216.0,
0.139,0.558,0.203,0.1,224.0,
0.219,0.559,0.122,0.1,154.0,
0.2,0.57,0.13,0.1,219.0,
0.432,0.363,0.105,0.1,103.0,
0.257,0.513,0.13,0.1,150.0,
0.147,0.547,0.207,0.1,225.0,
0.56,0.3,0.04,0.1,138.0,
0.455,0.366,0.079,0.1,174.0,
0.532,0.316,0.053,0.1,95.0,
0.373,0.408,0.119,0.1,263.0,
0.462,0.318,0.121,0.1,217.0,
0.441,0.351,0.107,0.1,237.0,
0.326,0.411,0.163,0.1,187.0,
0.347,0.402,0.151,0.1,322.0,
0.364,0.405,0.132,0.1,336.0,
0.336,0.418,0.145,0.1,309.0,
0.329,0.449,0.123,0.1,263.0,
0.514,0.35,0.036,0.1,66.0,
0.288,0.451,0.161,0.1,302.0,
0.2,0.504,0.196,0.1,162.0,
0.23,0.57,0.1,0.1,149.0,
0.213,0.526,0.161,0.1,265.0,
0.368,0.484,0.047,0.1,90.0,
0.13,0.527,0.243,0.1,212.0,
0.146,0.533,0.221,0.1,290.0,
0.193,0.596,0.111,0.1,163.0,
0.128,0.556,0.217,0.1,264.0,
0.192,0.564,0.144,0.1,268.0,
0.186,0.596,0.118,0.1,192.0,
0.139,0.621,0.139,0.1,164.0,
0.25,0.485,0.165,0.1,126.0,
0.258,0.489,0.153,0.1,111.0,
0.148,0.533,0.218,0.1,250.0,
0.205,0.55,0.145,0.1,129.0,
0.22,0.54,0.14,0.1,136.0,
0.234,0.466,0.2,0.1,302.0,
0.57,0.265,0.065,0.1,117.0,
0.538,0.346,0.015,0.1,70.0,
0.258,0.495,0.147,0.1,289.0,
0.313,0.447,0.14,0.1,407.0,
0.455,0.36,0.085,0.1,247.0,
0.486,0.379,0.036,0.1,61.0,
0.273,0.465,0.162,0.1,269.0,
0.29,0.433,0.177,0.1,306.0,
0.371,0.411,0.117,0.1,227.0,
0.487,0.329,0.084,0.1,193.0,
0.559,0.291,0.05,0.1,120.0,
0.656,0.244,0.0,0.1,106.0,
0.306,0.436,0.158,0.1,253.0,
0.404,0.389,0.107,0.1,304.0,
0.435,0.37,0.096,0.1,126.0,

0.162,0.565,0.173,0.1,161.0,
0.073,0.667,0.16,0.1,269.0,
0.06,0.643,0.198,0.1,310.0,
0.088,0.694,0.118,0.1,207.0,
0.08,0.66,0.16,0.1,204.0,
0.235,0.553,0.112,0.1,92.0,
0.078,0.672,0.15,0.1,221.0,
0.018,0.659,0.224,0.1,366.0,
0.193,0.579,0.129,0.1,67.0,
0.173,0.58,0.147,0.1,76.0,
0.057,0.702,0.141,0.1,327.0,
0.068,0.749,0.083,0.1,233.0,
0.094,0.626,0.179,0.1,223.0,
0.283,0.561,0.056,0.1,104.0,
0.059,0.639,0.202,0.1,308.0,
0.057,0.606,0.237,0.1,238.0,
0.047,0.626,0.226,0.1,226.0,
0.072,0.576,0.252,0.1,173.0,
0.25,0.635,0.015,0.1,107.0,
0.06,0.719,0.121,0.1,273.0,
0.069,0.542,0.289,0.1,251.0,
0.07,0.68,0.15,0.1,197.0,
0.1,0.627,0.173,0.1,127.0,
0.3,0.588,0.013,0.1,89.0,
0.022,0.72,0.159,0.1,311.0,
0.041,0.588,0.271,0.1,244.0,
0.331,0.55,0.019,0.1,85.0,
0.05,0.659,0.191,0.1,333.0,
0.131,0.626,0.144,0.1,263.0,
0.087,0.512,0.3,0.1,237.0,
0.094,0.683,0.122,0.1,239.0,
0.229,0.594,0.076,0.1,80.0,
0.312,0.571,0.018,0.1,86.0,
0.07,0.73,0.1,0.1,222.0,
0.105,0.673,0.123,0.1,135.0,
0.096,0.604,0.2,0.1,149.0,
0.272,0.556,0.072,0.1,95.0,
0.231,0.581,0.087,0.1,68.0,
0.121,0.656,0.123,0.1,250.0,
0.25,0.6,0.05,0.1,113.0,
0.125,0.718,0.057,0.1,144.0,
0.049,0.578,0.273,0.1,261.0,
0.205,0.611,0.084,0.1,103.0,
0.223,0.641,0.036,0.1,99.0,
0.086,0.667,0.148,0.1,116.0,
0.034,0.495,0.37,0.1,340.0,
0.066,0.597,0.238,0.1,199.0,
0.1,0.705,0.095,0.1,129.0,
0.059,0.53,0.311,0.1,178.0,
0.212,0.588,0.1,0.1,85.0,
0.064,0.642,0.194,0.1,265.0,
0.033,0.623,0.245,0.1,282.0,
0.073,0.689,0.138,0.1,233.0,
0.132,0.614,0.155,0.1,131.0,
0.067,0.533,0.3,0.1,339.0,
0.037,0.554,0.31,0.1,330.0,
0.285,0.595,0.02,0.1,113.0,
0.071,0.622,0.207,0.1,275.0,
0.117,0.52,0.263,0.1,215.0,
0.115,0.689,0.096,0.1,161.0,
0.109,0.691,0.1,0.1,131.0,
0.3,0.546,0.054,0.1,61.0,
0.236,0.66,0.004,0.1,139.0,
0.06,0.653,0.187,0.1,199.0,
0.108,0.612,0.181,0.1,161.0,
0.194,0.55,0.156,0.1,104.0,
0.054,0.556,0.29,0.1,294.0,
0.096,0.591,0.213,0.1,149.0,
0.106,0.652,0.142,0.1,210.0,
0.055,0.591,0.255,0.1,238.0,
0.062,0.521,0.318,0.1,266.0,
0.047,0.537,0.316,0.1,293.0,
0.157,0.711,0.032,0.1,144.0,
0.341,0.541,0.018,0.1,106.0,
0.067,0.525,0.308,0.1,271.0,
0.069,0.569,0.263,0.1,257.0,
0.081,0.588,0.231,0.1,246.0,
0.15,0.631,0.119,0.1,155.0,
0.083,0.659,0.159,0.1,289.0,
0.121,0.669,0.11,0.1,261.0,
0.081,0.603,0.216,0.1,217.0,
0.077,0.698,0.126,0.1,288.0,
0.182,0.535,0.182,0.1,91.0,
0.044,0.638,0.218,0.1,320.0,
0.039,0.649,0.212,0.1,270.0,
0.165,0.662,0.073,0.1,162.0,
0.078,0.604,0.219,0.1,188.0,
0.167,0.614,0.119,0.1,121.0,
0.218,0.605,0.077,0.1,122.0,
0.045,0.593,0.262,0.1,319.0,
0.078,0.708,0.114,0.1,297.0,
0.113,0.697,0.09,0.1,169.0,
0.096,0.585,0.219,0.1,187.0,
0.217,0.583,0.1,0.1,134.0,
0.176,0.6,0.124,0.1,100.0,
0.079,0.647,0.174,0.1,237.0,
0.077,0.602,0.221,0.1,338.0,
0.05,0.578,0.272,0.1,221.0,
0.144,0.622,0.133,0.1,103.0,
0.1,0.559,0.241,0.1,178.0,
0.103,0.576,0.221,0.1,180.0,
0.041,0.591,0.269,0.1,210.0,
0.142,0.605,0.153,0.1,114.0,
0.313,0.467,0.12,0.1,70.0,
0.097,0.582,0.221,0.1,261.0,
0.052,0.664,0.185,0.1,218.0,
0.17,0.535,0.195,0.1,120.0,
0.093,0.617,0.19,0.1,197.0,
0.149,0.684,0.068,0.1,203.0,
0.15,0.592,0.158,0.1,156.0,
0.131,0.645,0.124,0.1,166.0,
0.136,0.644,0.12,0.1,146.0,
0.162,0.586,0.152,0.1,131.0,
0.09,0.613,0.197,0.1,213.0,
0.043,0.637,0.22,0.1,279.0,
0.083,0.578,0.239,0.1,162.0,
0.135,0.592,0.173,0.1,158.0,
0.135,0.665,0.1,0.1,113.0,
0.211,0.595,0.095,0.1,105.0,
0.193,0.629,0.079,0.1,63.0,
0.04,0.545,0.315,0.1,311.0,
0.121,0.6,0.179,0.1,155.0,
0.051,0.639,0.21,0.1,303.0,
0.054,0.582,0.264,0.1,200.0,
0.076,0.686,0.138,0.1,235.0,
0.069,0.562,0.269,0.1,196.0,
0.092,0.569,0.238,0.1,170.0,
0.056,0.488,0.356,0.1,350.0,
0.09,0.744,0.067,0.1,271.0,
0.082,0.635,0.182,0.1,236.0,
0.128,0.597,0.176,0.1,176.0,
0.167,0.583,0.15,0.1,117.0,
0.173,0.627,0.1,0.1,147.0,
0.265,0.585,0.05,0.1,120.0,
0.068,0.582,0.25,0.1,277.0,
0.344,0.55,0.006,0.1,77.0,
0.214,0.593,0.093,0.1,72.0,
0.104,0.569,0.227,0.1,181.0,
0.13,0.596,0.174,0.1,147.0,
0.268,0.62,0.012,0.1,145.0,
0.379,0.495,0.026,0.1,104.0,
0.28,0.52,0.1,0.1,70.0,
0.216,0.605,0.079,0.1,112.0,
0.173,0.6,0.127,0.1,133.0,
0.105,0.675,0.12,0.1,97.0,
0.082,0.506,0.312,0.1,247.0,
0.05,0.533,0.317,0.1,270.0,
0.081,0.591,0.228,0.1,221.0,
0.118,0.659,0.124,0.1,217.0,
0.146,0.638,0.115,0.1,150.0,
0.25,0.613,0.037,0.1,30.0,
0.073,0.695,0.132,0.1,284.0,
0.092,0.637,0.17,0.1,283.0,
0.148,0.665,0.087,0.1,135.0,
0.119,0.623,0.158,0.1,220.0,
0.084,0.641,0.175,0.1,222.0,
0.108,0.588,0.204,0.1,156.0,
0.041,0.574,0.285,0.1,244.0,
0.148,0.614,0.138,0.1,129.0,
0.058,0.561,0.281,0.1,256.0,
0.07,0.737,0.093,0.1,309.0,
0.079,0.617,0.203,0.1,189.0,
0.214,0.586,0.1,0.1,94.0,
0.165,0.675,0.06,0.1,107.0,
0.338,0.562,0.0,0.1,60.0,
0.067,0.544,0.29,0.1,285.0,
0.139,0.609,0.152,0.1,143.0,
0.237,0.596,0.067,0.1,141.0,
0.056,0.578,0.267,0.1,280.0,
0.163,0.619,0.119,0.1,163.0,
0.118,0.504,0.279,0.1,203.0,
0.233,0.657,0.01,0.1,108.0,
0.148,0.624,0.129,0.1,118.0,
0.112,0.492,0.296,0.1,189.0,
0.192,0.646,0.062,0.1,153.0,
0.132,0.568,0.2,0.1,140.0,
0.189,0.542,0.168,0.1,116.0,
0.057,0.592,0.251,0.1,273.0,
0.144,0.588,0.168,0.1,230.0,
0.211,0.526,0.163,0.1,111.0,
0.144,0.674,0.081,0.1,162.0,
0.125,0.6,0.175,0.1,138.0,
0.05,0.495,0.355,0.1,347.0,
0.055,0.652,0.193,0.1,277.0,
0.204,0.616,0.08,0.1,150.0,
0.089,0.681,0.131,0.1,237.0,
0.145,0.645,0.109,0.1,132.0,
0.338,0.544,0.019,0.1,61.0,
0.322,0.55,0.028,0.1,101.0,
0.161,0.626,0.113,0.1,186.0,
0.142,0.588,0.171,0.1,143.0,
0.172,0.589,0.139,0.1,102.0,
0.027,0.576,0.298,0.1,322.0,
0.175,0.62,0.105,0.1,100.0,
0.064,0.63,0.206,0.1,242.0,
0.206,0.622,0.072,0.1,90.0,
0.052,0.556,0.293,0.1,192.0,
0.089,0.56,0.251,0.1,242.0,
0.095,0.647,0.158,0.1,256.0,
0.085,0.608,0.208,0.1,175.0,
0.078,0.651,0.17,0.1,218.0,
0.205,0.558,0.137,0.1,96.0,
0.068,0.65,0.182,0.1,230.0,
0.161,0.644,0.094,0.1,102.0,
0.115,0.667,0.119,0.1,162.0,
0.307,0.573,0.02,0.1,60.0,
0.034,0.674,0.192,0.1,382.0,
0.071,0.558,0.271,0.1,226.0,
0.129,0.643,0.129,0.1,181.0,
0.173,0.623,0.105,0.1,129.0,
0.038,0.702,0.16,0.1,261.0,
0.021,0.655,0.225,0.1,392.0,
0.039,0.648,0.213,0.1,211.0,
0.09,0.535,0.274,0.1,222.0,
0.3,0.586,0.014,0.1,80.0,
0.116,0.668,0.116,0.1,207.0,
0.059,0.697,0.145,0.1,188.0,
0.136,0.695,0.068,0.1,123.0,
0.075,0.688,0.138,0.1,197.0,
0.283,0.608,0.008,0.1,100.0,
0.135,0.535,0.23,0.1,119.0,
0.043,0.511,0.345,0.1,358.0,
0.069,0.692,0.139,0.1,224.0,
0.287,0.55,0.062,0.1,84.0,
0.074,0.655,0.171,0.1,200.0,
0.04,0.6,0.26,0.1,210.0,
0.145,0.536,0.218,0.1,138.0,
0.056,0.564,0.281,0.1,274.0,
0.061,0.677,0.161,0.1,294.0,
0.11,0.586,0.205,0.1,141.0,
0.048,0.656,0.196,0.1,335.0,
0.127,0.687,0.087,0.1,188.0,
0.054,0.651,0.195,0.1,275.0,
0.177,0.573,0.15,0.1,115.0,
0.151,0.694,0.054,0.1,199.0,
0.181,0.656,0.062,0.1,187.0,
0.179,0.662,0.059,0.1,174.0,
0.038,0.672,0.19,0.1,242.0,
0.079,0.61,0.21,0.1,285.0,
0.061,0.584,0.255,0.1,303.0,
0.078,0.63,0.193,0.1,176.0,
0.15,0.645,0.105,0.1,122.0,
0.103,0.658,0.139,0.1,186.0,
0.097,0.555,0.248,0.1,233.0,
0.2,0.643,0.057,0.1,102.0,
0.091,0.588,0.221,0.1,232.0,
0.148,0.657,0.095,0.1,115.0,
0.119,0.659,0.122,0.1,159.0,
0.108,0.552,0.24,0.1,161.0,
0.36,0.53,0.01,0.1,50.0,
0.112,0.681,0.108,0.1,141.0,
0.078,0.567,0.256,0.1,268.0,
0.097,0.567,0.237,0.1,219.0,
0.154,0.635,0.112,0.1,158.0,
0.035,0.624,0.241,0.1,342.0,
0.016,0.675,0.209,0.1,317.0,
0.063,0.616,0.221,0.1,251.0,
0.058,0.645,0.197,0.1,237.0,
0.212,0.65,0.037,0.1,48.0,
0.059,0.556,0.285,0.1,318.0,
0.059,0.653,0.188,0.1,327.0,
0.058,0.547,0.294,0.1,268.0,
0.096,0.625,0.179,0.1,177.0,
0.116,0.688,0.096,0.1,132.0,
0.093,0.577,0.23,0.1,200.0,
0.107,0.644,0.148,0.1,183.0,
0.119,0.635,0.146,0.1,170.0,
0.055,0.496,0.349,0.1,377.0,
0.028,0.626,0.245,0.1,397.0,
0.087,0.703,0.11,0.1,191.0,
0.093,0.623,0.183,0.1,198.0,
0.111,0.621,0.168,0.1,185.0,
0.146,0.629,0.125,0.1,152.0,
0.051,0.568,0.28,0.1,309.0,
0.136,0.628,0.136,0.1,146.0,
0.285,0.6,0.015,0.1,60.0,
0.286,0.5,0.114,0.1,63.0,
0.041,0.478,0.38,0.1,371.0,
0.057,0.611,0.231,0.1,240.0,
0.237,0.644,0.019,0.1,143.0,
0.241,0.559,0.1,0.1,94.0,
0.102,0.692,0.106,0.1,297.0,
0.029,0.631,0.24,0.1,319.0,
0.183,0.633,0.083,0.1,179.0,
0.173,0.609,0.118,0.1,135.0,
0.156,0.588,0.156,0.1,163.0,
0.059,0.589,0.251,0.1,272.0,
0.194,0.639,0.068,0.1,181.0,
0.105,0.61,0.186,0.1,130.0,
0.269,0.508,0.123,0.1,60.0,
0.1,0.605,0.195,0.1,262.0,
0.119,0.635,0.145,0.1,190.0,
0.064,0.544,0.292,0.1,260.0,
0.073,0.617,0.21,0.1,205.0,
0.175,0.63,0.095,0.1,124.0,
0.123,0.605,0.173,0.1,135.0,
0.15,0.6,0.15,0.1,128.0,
0.119,0.646,0.135,0.1,162.0,
0.194,0.55,0.156,0.1,88.0,
0.092,0.614,0.194,0.1,249.0,
0.087,0.584,0.228,0.1,227.0,
0.217,0.597,0.086,0.1,156.0,
0.068,0.671,0.161,0.1,201.0,
0.307,0.507,0.086,0.1,69.0,
0.26,0.625,0.015,0.1,104.0,
0.075,0.594,0.231,0.1,236.0,
0.083,0.637,0.18,0.1,201.0,
0.057,0.564,0.279,0.1,330.0,
0.047,0.579,0.274,0.1,344.0,
0.02,0.635,0.245,0.1,284.0,
0.135,0.617,0.148,0.1,136.0,
0.087,0.672,0.141,0.1,196.0,
0.097,0.667,0.136,0.1,207.0,
0.14,0.656,0.104,0.1,139.0,
0.043,0.661,0.196,0.1,413.0,
0.06,0.614,0.226,0.1,311.0,
0.079,0.7,0.121,0.1,259.0,
0.019,0.665,0.216,0.1,259.0,
0.265,0.59,0.045,0.1,100.0,
0.057,0.634,0.209,0.1,310.0,
0.078,0.667,0.156,0.1,309.0,
0.096,0.662,0.142,0.1,308.0,
0.294,0.537,0.069,0.1,97.0,
0.195,0.574,0.132,0.1,106.0,
0.093,0.63,0.177,0.1,211.0,
0.126,0.657,0.117,0.1,129.0,
0.171,0.674,0.054,0.1,182.0,
0.237,0.563,0.1,0.1,86.0,
0.238,0.638,0.024,0.1,116.0,
0.02,0.693,0.187,0.1,304.0,
0.37,0.49,0.04,0.1,60.0,
0.074,0.585,0.241,0.1,339.0,
0.066,0.566,0.268,0.1,327.0,
0.229,0.59,0.081,0.1,101.0,
0.109,0.574,0.217,0.1,135.0,
0.22,0.645,0.035,0.1,100.0,
0.092,0.65,0.158,0.1,127.0,
0.092,0.616,0.192,0.1,264.0,
0.044,0.656,0.2,0.1,282.0,
0.058,0.642,0.2,0.1,260.0,
0.187,0.639,0.074,0.1,166.0,
0.244,0.522,0.133,0.1,94.0,
0.067,0.641,0.192,0.1,284.0,
0.093,0.597,0.21,0.1,209.0,
0.124,0.618,0.158,0.1,265.0,
0.075,0.642,0.182,0.1,298.0,
0.371,0.479,0.05,0.1,62.0,
0.171,0.541,0.188,0.1,95.0,
0.127,0.63,0.143,0.1,195.0,
0.055,0.588,0.258,0.1,281.0,
0.141,0.603,0.155,0.1,162.0,
0.13,0.657,0.113,0.1,131.0,
0.206,0.594,0.1,0.1,85.0,
0.048,0.524,0.328,0.1,350.0,
0.111,0.594,0.194,0.1,258.0,
0.079,0.529,0.293,0.1,200.0,
0.058,0.531,0.311,0.1,276.0,
0.175,0.569,0.156,0.1,92.0,
0.143,0.6,0.157,0.1,172.0,
0.063,0.646,0.19,0.1,292.0,
0.277,0.577,0.046,0.1,56.0,
0.089,0.557,0.254,0.1,271.0,
0.037,0.617,0.246,0.1,258.0,
0.073,0.612,0.215,0.1,152.0,
0.217,0.596,0.087,0.1,139.0,
0.293,0.529,0.079,0.1,70.0,
0.036,0.682,0.182,0.1,312.0,
0.05,0.581,0.269,0.1,302.0,
0.107,0.627,0.167,0.1,198.0,
0.069,0.634,0.197,0.1,190.0,
0.09,0.539,0.271,0.1,222.0,
0.03,0.628,0.242,0.1,282.0,
0.065,0.614,0.222,0.1,253.0,
0.121,0.532,0.247,0.1,116.0,
0.293,0.579,0.029,0.1,72.0,
0.052,0.65,0.198,0.1,352.0,
0.14,0.625,0.135,0.1,116.0,
0.052,0.589,0.259,0.1,342.0,
0.089,0.681,0.131,0.1,231.0,
0.037,0.73,0.133,0.1,173.0,
0.082,0.685,0.133,0.1,185.0,
0.157,0.676,0.067,0.1,113.0,
0.089,0.571,0.239,0.1,286.0,
0.049,0.734,0.117,0.1,225.0,
0.057,0.594,0.249,0.1,266.0,
0.093,0.628,0.179,0.1,200.0,
0.078,0.683,0.139,0.1,261.0,
0.054,0.697,0.149,0.1,215.0,
0.155,0.586,0.159,0.1,136.0,
0.126,0.652,0.122,0.1,125.0,
0.2,0.494,0.206,0.1,90.0,
0.032,0.615,0.253,0.1,340.0,
0.055,0.667,0.179,0.1,234.0,
0.062,0.628,0.21,0.1,209.0,
0.041,0.524,0.334,0.1,320.0,
0.216,0.558,0.126,0.1,120.0,
0.059,0.637,0.203,0.1,233.0,
0.068,0.574,0.258,0.1,220.0,
0.171,0.581,0.148,0.1,127.0,
0.077,0.633,0.19,0.1,330.0,
0.105,0.656,0.14,0.1,287.0,
0.106,0.669,0.125,0.1,202.0,
0.067,0.603,0.231,0.1,256.0,
0.369,0.508,0.023,0.1,57.0,
0.172,0.578,0.15,0.1,102.0,
0.056,0.639,0.205,0.1,292.0,
0.04,0.6,0.26,0.1,248.0,
0.32,0.553,0.027,0.1,70.0,
0.083,0.626,0.191,0.1,255.0,
0.089,0.643,0.169,0.1,234.0,
0.094,0.475,0.331,0.1,242.0,
0.135,0.59,0.175,0.1,121.0,
0.314,0.573,0.014,0.1,110.0,
0.085,0.585,0.229,0.1,243.0,
0.106,0.629,0.166,0.1,254.0,
0.124,0.679,0.097,0.1,241.0,
0.074,0.694,0.132,0.1,204.0,
0.09,0.61,0.2,0.1,123.0,
0.051,0.666,0.183,0.1,265.0,
0.077,0.713,0.11,0.1,189.0,
0.128,0.672,0.1,0.1,162.0,
0.25,0.521,0.129,0.1,68.0,
0.041,0.554,0.305,0.1,316.0,
0.079,0.688,0.132,0.1,223.0,
0.08,0.737,0.083,0.1,200.0,
0.156,0.678,0.066,0.1,175.0,
0.079,0.521,0.3,0.1,257.0,
0.079,0.621,0.2,0.1,201.0,
0.19,0.647,0.063,0.1,159.0,
0.228,0.567,0.106,0.1,98.0,
0.076,0.6,0.224,0.1,244.0,
0.077,0.523,0.3,0.1,270.0,
0.087,0.626,0.187,0.1,256.0,
0.081,0.656,0.164,0.1,221.0,
0.2,0.667,0.033,0.1,103.0,
0.154,0.649,0.097,0.1,236.0,
0.254,0.562,0.085,0.1,61.0,
0.126,0.616,0.158,0.1,214.0,
0.136,0.684,0.08,0.1,106.0,
0.134,0.702,0.064,0.1,294.0,
0.143,0.593,0.164,0.1,176.0,
0.14,0.605,0.155,0.1,111.0,
0.081,0.69,0.129,0.1,197.0,
0.086,0.586,0.228,0.1,273.0,
0.293,0.579,0.029,0.1,62.0,
0.127,0.562,0.212,0.1,180.0,
0.065,0.565,0.271,0.1,246.0,
0.094,0.655,0.152,0.1,198.0,
0.106,0.669,0.126,0.1,218.0,
0.113,0.648,0.139,0.1,135.0,
0.19,0.585,0.125,0.1,81.0,
0.079,0.65,0.171,0.1,202.0,
0.095,0.613,0.192,0.1,276.0,
0.09,0.572,0.238,0.1,202.0,
0.11,0.576,0.214,0.1,124.0,
0.059,0.711,0.13,0.1,151.0,
0.058,0.727,0.115,0.1,198.0,
0.1,0.633,0.167,0.1,191.0,
0.2,0.565,0.135,0.1,98.0,
0.13,0.649,0.122,0.1,232.0,
0.033,0.648,0.22,0.1,312.0,
0.065,0.613,0.223,0.1,211.0,
0.189,0.589,0.122,0.1,107.0,
0.079,0.71,0.11,0.1,307.0,
0.083,0.667,0.15,0.1,315.0,
0.186,0.582,0.132,0.1,135.0,
0.048,0.657,0.195,0.1,299.0,
0.148,0.571,0.181,0.1,120.0,
0.256,0.619,0.025,0.1,77.0,
0.069,0.585,0.246,0.1,356.0,
0.175,0.575,0.15,0.1,125.0,
0.071,0.568,0.261,0.1,230.0,
0.071,0.651,0.177,0.1,217.0,
0.16,0.61,0.13,0.1,119.0,
0.128,0.696,0.076,0.1,136.0,
0.072,0.649,0.179,0.1,288.0,
0.074,0.638,0.188,0.1,233.0,
0.063,0.517,0.32,0.1,263.0,
0.347,0.541,0.012,0.1,89.0,
0.096,0.646,0.158,0.1,143.0,
0.047,0.592,0.261,0.1,265.0,
0.033,0.655,0.212,0.1,366.0,
0.138,0.594,0.169,0.1,84.0,
0.229,0.576,0.095,0.1,114.0,
0.243,0.586,0.071,0.1,58.0,
0.037,0.637,0.225,0.1,292.0,
0.097,0.609,0.194,0.1,225.0,
0.115,0.696,0.089,0.1,157.0,
0.074,0.646,0.18,0.1,238.0,
0.037,0.633,0.231,0.1,396.0,
0.219,0.652,0.03,0.1,157.0,
0.165,0.582,0.153,0.1,95.0,
0.161,0.557,0.183,0.1,135.0,
0.08,0.636,0.184,0.1,297.0,
0.095,0.693,0.112,0.1,252.0,
0.181,0.569,0.15,0.1,83.0,
0.24,0.615,0.045,0.1,96.0,
0.132,0.611,0.158,0.1,114.0,
0.086,0.566,0.248,0.1,209.0,
0.1,0.636,0.164,0.1,230.0,
0.218,0.657,0.025,0.1,147.0,
0.164,0.545,0.191,0.1,134.0,
0.081,0.593,0.226,0.1,308.0,
0.115,0.674,0.112,0.1,210.0,
0.253,0.56,0.087,0.1,81.0,
0.134,0.634,0.132,0.1,233.0,
0.076,0.603,0.221,0.1,186.0,
0.031,0.546,0.323,0.1,376.0,
0.272,0.589,0.039,0.1,96.0,
0.066,0.615,0.22,0.1,270.0,
0.15,0.654,0.096,0.1,139.0,
0.206,0.518,0.176,0.1,102.0,
0.125,0.639,0.136,0.1,159.0,
0.3,0.588,0.012,0.1,85.0,
0.2,0.611,0.089,0.1,220.0,
0.08,0.587,0.233,0.1,220.0,
0.112,0.638,0.15,0.1,172.0,
0.104,0.675,0.121,0.1,179.0,
0.089,0.692,0.119,0.1,206.0,
0.271,0.596,0.033,0.1,122.0,
0.138,0.615,0.146,0.1,164.0,
0.408,0.492,0.0,0.1,60.0,
0.097,0.642,0.161,0.1,204.0,
0.087,0.609,0.203,0.1,219.0,
0.172,0.539,0.189,0.1,110.0,
0.171,0.7,0.029,0.1,88.0,
0.053,0.768,0.079,0.1,266.0,
0.116,0.677,0.106,0.1,198.0,
0.14,0.632,0.128,0.1,168.0,
0.157,0.623,0.12,0.1,178.0,
0.269,0.512,0.119,0.1,81.0,
0.054,0.522,0.324,0.1,293.0,
0.069,0.721,0.11,0.1,231.0,
0.087,0.647,0.166,0.1,233.0,
0.343,0.521,0.036,0.1,73.0,
0.369,0.492,0.038,0.1,61.0,
0.386,0.455,0.059,0.1,202.0,
0.368,0.423,0.109,0.1,126.0,
0.333,0.493,0.074,0.1,154.0,
0.126,0.583,0.191,0.1,358.0,
0.296,0.469,0.136,0.1,295.0,
0.338,0.495,0.067,0.1,122.0,
0.343,0.448,0.11,0.1,127.0,
0.282,0.486,0.132,0.1,148.0,
0.385,0.45,0.065,0.1,106.0,
0.297,0.506,0.097,0.1,215.0,
0.289,0.454,0.157,0.1,185.0,
0.424,0.388,0.088,0.1,89.0,
0.317,0.448,0.135,0.1,131.0,
0.12,0.542,0.237,0.1,316.0,
0.231,0.506,0.163,0.1,223.0,
0.173,0.503,0.224,0.1,252.0,
0.142,0.534,0.224,0.1,276.0,
0.473,0.413,0.013,0.1,77.0,
0.217,0.569,0.114,0.1,222.0,
0.569,0.3,0.031,0.1,82.0,
0.265,0.47,0.165,0.1,123.0,
0.174,0.529,0.197,0.1,237.0,
0.239,0.51,0.152,0.1,226.0,
0.218,0.512,0.17,0.1,226.0,
0.255,0.512,0.133,0.1,211.0,
0.392,0.385,0.123,0.1,60.0,
0.188,0.497,0.215,0.1,245.0,
0.267,0.477,0.156,0.1,305.0,
0.275,0.471,0.154,0.1,158.0,
0.256,0.506,0.138,0.1,218.0,
0.14,0.586,0.174,0.1,318.0,
0.254,0.531,0.114,0.1,226.0,
0.412,0.406,0.082,0.1,101.0,
0.143,0.551,0.205,0.1,285.0,
0.39,0.457,0.052,0.1,91.0,
0.231,0.485,0.185,0.1,180.0,
0.264,0.5,0.136,0.1,149.0,
0.263,0.504,0.133,0.1,299.0,
0.216,0.527,0.157,0.1,268.0,
0.5,0.377,0.023,0.1,119.0,
0.276,0.5,0.124,0.1,157.0,
0.292,0.496,0.113,0.1,144.0,
0.265,0.519,0.115,0.1,352.0,
0.322,0.493,0.085,0.1,259.0,
0.186,0.541,0.172,0.1,207.0,
0.405,0.453,0.042,0.1,100.0,
0.193,0.52,0.188,0.1,296.0,
0.441,0.414,0.045,0.1,160.0,
0.194,0.531,0.175,0.1,226.0,
0.38,0.47,0.05,0.1,102.0,
0.226,0.508,0.167,0.1,286.0,
0.185,0.547,0.168,0.1,269.0,
0.237,0.527,0.137,0.1,217.0,
0.283,0.5,0.117,0.1,230.0,
0.142,0.571,0.187,0.1,226.0,
0.259,0.511,0.13,0.1,173.0,
0.257,0.516,0.127,0.1,244.0,
0.443,0.371,0.086,0.1,119.0,
0.331,0.481,0.087,0.1,83.0,
0.168,0.559,0.173,0.1,408.0,
0.219,0.531,0.15,0.1,251.0,
0.177,0.584,0.139,0.1,308.0,
0.236,0.533,0.131,0.1,255.0,
0.58,0.305,0.015,0.1,104.0,
0.429,0.436,0.036,0.1,71.0,
0.476,0.412,0.012,0.1,94.0,
0.258,0.492,0.15,0.1,283.0,
0.137,0.551,0.211,0.1,260.0,
0.18,0.526,0.194,0.1,261.0,
0.305,0.509,0.086,0.1,136.0,
0.273,0.49,0.137,0.1,187.0,
0.186,0.555,0.159,0.1,214.0,
0.186,0.49,0.224,0.1,216.0,
0.185,0.523,0.192,0.1,176.0,
0.545,0.355,0.0,0.1,50.0,
0.103,0.563,0.234,0.1,286.0,
0.23,0.507,0.163,0.1,273.0,
0.194,0.552,0.155,0.1,236.0,
0.37,0.452,0.078,0.1,144.0,
0.476,0.394,0.029,0.1,83.0,
0.326,0.468,0.106,0.1,193.0,
0.217,0.5,0.183,0.1,110.0,
0.203,0.562,0.134,0.1,175.0,
0.185,0.583,0.132,0.1,317.0,
0.379,0.415,0.105,0.1,257.0,
0.229,0.539,0.132,0.1,261.0,
0.233,0.531,0.136,0.1,214.0,
0.245,0.486,0.168,0.1,138.0,
0.3,0.463,0.137,0.1,101.0,
0.129,0.561,0.21,0.1,399.0,
0.274,0.484,0.142,0.1,113.0,
0.489,0.4,0.011,0.1,85.0,
0.44,0.453,0.007,0.1,84.0,
0.415,0.435,0.05,0.1,103.0,
0.267,0.505,0.129,0.1,135.0,
0.318,0.476,0.106,0.1,95.0,
0.234,0.571,0.095,0.1,244.0,
0.262,0.486,0.152,0.1,205.0,
0.506,0.381,0.013,0.1,74.0,
0.3,0.516,0.084,0.1,267.0,
0.458,0.388,0.055,0.1,201.0,
0.338,0.422,0.141,0.1,197.0,
0.27,0.51,0.12,0.1,111.0,
0.45,0.444,0.006,0.1,103.0,
0.368,0.437,0.095,0.1,109.0,
0.169,0.577,0.154,0.1,252.0,
0.248,0.528,0.124,0.1,148.0,
0.512,0.362,0.025,0.1,83.0,
0.2,0.535,0.165,0.1,254.0,
0.435,0.413,0.052,0.1,116.0,
0.355,0.474,0.071,0.1,185.0,
0.23,0.495,0.175,0.1,127.0,
0.442,0.447,0.011,0.1,91.0,
0.21,0.534,0.156,0.1,299.0,
0.305,0.505,0.09,0.1,123.0,
0.314,0.518,0.068,0.1,149.0,
0.268,0.524,0.108,0.1,240.0,
0.58,0.31,0.01,0.1,50.0,
0.361,0.406,0.133,0.1,221.0,
0.236,0.484,0.18,0.1,159.0,
0.407,0.433,0.059,0.1,147.0,
0.353,0.442,0.105,0.1,102.0,
0.171,0.559,0.171,0.1,301.0,
0.326,0.5,0.074,0.1,194.0,
0.424,0.4,0.076,0.1,150.0,
0.224,0.54,0.136,0.1,161.0,
0.319,0.483,0.097,0.1,237.0,
0.196,0.545,0.16,0.1,374.0,
0.4,0.429,0.071,0.1,120.0,
0.226,0.548,0.126,0.1,172.0,
0.115,0.54,0.246,0.1,389.0,
0.244,0.511,0.144,0.1,186.0,
0.211,0.553,0.136,0.1,242.0,
0.21,0.528,0.162,0.1,187.0,
0.53,0.37,0.0,0.1,60.0,
0.222,0.542,0.136,0.1,346.0,
0.154,0.557,0.189,0.1,348.0,
0.282,0.5,0.118,0.1,215.0,
0.531,0.362,0.008,0.1,60.0,
0.353,0.458,0.089,0.1,99.0,
0.178,0.522,0.2,0.1,215.0,
0.236,0.527,0.138,0.1,382.0,
0.311,0.456,0.133,0.1,105.0,
0.55,0.35,0.0,0.1,51.0,
0.174,0.563,0.163,0.1,289.0,
0.225,0.496,0.179,0.1,160.0,
0.516,0.379,0.005,0.1,100.0,
0.411,0.411,0.078,0.1,96.0,
0.212,0.505,0.183,0.1,297.0,
0.187,0.529,0.184,0.1,219.0,
0.479,0.405,0.016,0.1,95.0,
0.491,0.409,0.0,0.1,50.0,
0.547,0.34,0.013,0.1,75.0,
0.265,0.525,0.11,0.1,315.0,
0.391,0.412,0.097,0.1,218.0,
0.328,0.488,0.084,0.1,131.0,
0.346,0.504,0.05,0.1,133.0,
0.345,0.468,0.086,0.1,107.0,
0.181,0.513,0.206,0.1,219.0,
0.12,0.546,0.234,0.1,315.0,
0.443,0.383,0.074,0.1,211.0,
0.252,0.439,0.209,0.1,160.0,
0.5,0.388,0.012,0.1,146.0,
0.478,0.333,0.089,0.1,95.0,
0.431,0.408,0.062,0.1,55.0,
0.298,0.5,0.102,0.1,256.0,
0.336,0.421,0.143,0.1,191.0,
0.428,0.41,0.062,0.1,214.0,
0.421,0.416,0.063,0.1,91.0,
0.271,0.529,0.1,0.1,227.0,
0.243,0.486,0.171,0.1,191.0,
0.213,0.487,0.2,0.1,208.0,
0.304,0.461,0.136,0.1,168.0,
0.547,0.342,0.011,0.1,93.0,
0.271,0.478,0.151,0.1,328.0,
0.179,0.493,0.229,0.1,205.0,
0.454,0.431,0.015,0.1,57.0,
0.357,0.405,0.138,0.1,129.0,
0.197,0.521,0.182,0.1,284.0,
0.253,0.473,0.173,0.1,209.0,
0.323,0.436,0.141,0.1,141.0,
0.446,0.454,0.0,0.1,60.0,
0.171,0.567,0.163,0.1,328.0,
0.209,0.491,0.2,0.1,269.0,
0.158,0.548,0.194,0.1,239.0,
0.358,0.417,0.125,0.1,150.0,
0.243,0.503,0.154,0.1,242.0,
0.194,0.561,0.145,0.1,225.0,
0.29,0.466,0.145,0.1,199.0,
0.263,0.463,0.173,0.1,211.0,
0.5,0.386,0.014,0.1,72.0,
0.262,0.544,0.093,0.1,289.0,
0.221,0.526,0.152,0.1,280.0,
0.22,0.47,0.21,0.1,217.0,
0.338,0.462,0.1,0.1,183.0,
0.562,0.306,0.031,0.1,91.0,
0.32,0.45,0.13,0.1,108.0,
0.131,0.565,0.204,0.1,422.0,
0.095,0.519,0.286,0.1,353.0,
0.232,0.516,0.152,0.1,141.0,
0.328,0.468,0.104,0.1,144.0,
0.261,0.5,0.139,0.1,127.0,
0.314,0.453,0.133,0.1,243.0,
0.336,0.45,0.114,0.1,191.0,
0.286,0.475,0.139,0.1,158.0,
0.342,0.461,0.097,0.1,186.0,
0.233,0.555,0.113,0.1,260.0,
0.144,0.55,0.206,0.1,274.0,
0.43,0.407,0.063,0.1,150.0,
0.38,0.44,0.08,0.1,143.0,
0.359,0.459,0.082,0.1,205.0,
0.369,0.431,0.1,0.1,168.0,
0.362,0.497,0.041,0.1,184.0,
0.271,0.548,0.081,0.1,133.0,
0.406,0.447,0.047,0.1,86.0,
0.235,0.481,0.184,0.1,229.0,
0.229,0.483,0.189,0.1,237.0,
0.291,0.452,0.157,0.1,155.0,
0.191,0.525,0.184,0.1,216.0,
0.405,0.416,0.079,0.1,106.0,
0.529,0.359,0.012,0.1,93.0,
0.19,0.521,0.19,0.1,270.0,
0.323,0.492,0.085,0.1,136.0,
0.384,0.43,0.086,0.1,310.0,
0.385,0.441,0.074,0.1,169.0,
0.4,0.435,0.065,0.1,100.0,
0.245,0.505,0.15,0.1,301.0,
0.216,0.519,0.165,0.1,232.0,
0.326,0.435,0.139,0.1,147.0,
0.294,0.428,0.178,0.1,110.0,
0.28,0.498,0.122,0.1,272.0,
0.316,0.459,0.125,0.1,216.0,
0.224,0.555,0.121,0.1,202.0,
0.354,0.446,0.1,0.1,233.0,
0.339,0.497,0.064,0.1,182.0,
0.324,0.465,0.111,0.1,219.0,
0.3,0.492,0.108,0.1,250.0,
0.261,0.513,0.126,0.1,239.0,
0.468,0.421,0.011,0.1,93.0,
0.221,0.572,0.107,0.1,193.0,
0.295,0.515,0.09,0.1,246.0,
0.277,0.5,0.123,0.1,195.0,
0.43,0.385,0.085,0.1,111.0,
0.333,0.45,0.117,0.1,107.0,
0.343,0.476,0.081,0.1,121.0,
0.312,0.491,0.097,0.1,229.0,
0.523,0.345,0.032,0.1,107.0,
0.329,0.505,0.067,0.1,111.0,
0.205,0.543,0.151,0.1,241.0,
0.4,0.432,0.068,0.1,100.0,
0.363,0.443,0.094,0.1,171.0,
0.473,0.393,0.033,0.1,77.0,
0.347,0.458,0.095,0.1,104.0,
0.305,0.507,0.088,0.1,253.0,
0.284,0.458,0.158,0.1,215.0,
0.385,0.407,0.107,0.1,169.0,
0.517,0.372,0.011,0.1,94.0,
0.238,0.538,0.124,0.1,118.0,
0.404,0.422,0.074,0.1,150.0,
0.169,0.493,0.238,0.1,208.0,
0.5,0.338,0.062,0.1,106.0,
0.438,0.429,0.033,0.1,114.0,
0.256,0.498,0.146,0.1,291.0,
0.204,0.492,0.204,0.1,185.0,
0.413,0.42,0.067,0.1,81.0,
0.415,0.42,0.065,0.1,104.0,
0.23,0.47,0.2,0.1,150.0,
0.288,0.5,0.112,0.1,293.0,
0.2,0.554,0.146,0.1,222.0,
0.345,0.494,0.061,0.1,190.0,
0.167,0.545,0.188,0.1,246.0,
0.421,0.393,0.086,0.1,62.0,
0.239,0.568,0.094,0.1,191.0,
0.266,0.469,0.166,0.1,183.0,
0.461,0.4,0.039,0.1,90.0,
0.24,0.53,0.13,0.1,295.0,
0.292,0.473,0.135,0.1,313.0,
0.373,0.447,0.08,0.1,177.0,
0.143,0.546,0.211,0.1,286.0,
0.442,0.425,0.033,0.1,42.0,
0.18,0.523,0.197,0.1,222.0,
0.228,0.522,0.15,0.1,294.0,
0.275,0.504,0.121,0.1,173.0,
0.37,0.448,0.083,0.1,123.0,
0.306,0.467,0.128,0.1,106.0,
0.323,0.495,0.082,0.1,286.0,
0.312,0.508,0.081,0.1,147.0,
0.457,0.426,0.017,0.1,114.0,
0.24,0.537,0.123,0.1,204.0,
0.356,0.461,0.083,0.1,93.0,
0.587,0.293,0.02,0.1,85.0,
0.144,0.572,0.183,0.1,284.0,
0.188,0.525,0.188,0.1,224.0,
0.23,0.509,0.161,0.1,229.0,
0.495,0.391,0.014,0.1,110.0,
0.536,0.355,0.009,0.1,50.0,
0.541,0.335,0.024,0.1,79.0,
0.277,0.484,0.14,0.1,286.0,
0.324,0.471,0.106,0.1,101.0,
0.121,0.567,0.212,0.1,305.0,
0.347,0.488,0.065,0.1,261.0,
0.245,0.497,0.158,0.1,212.0,
0.306,0.526,0.068,0.1,203.0,
0.541,0.282,0.077,0.1,114.0,
0.217,0.543,0.14,0.1,235.0,
0.165,0.55,0.185,0.1,344.0,
0.533,0.361,0.006,0.1,99.0,
0.239,0.503,0.158,0.1,245.0,
0.366,0.457,0.077,0.1,273.0,
0.286,0.508,0.106,0.1,219.0,
0.321,0.475,0.104,0.1,174.0,
0.514,0.338,0.048,0.1,90.0,
0.291,0.459,0.15,0.1,137.0,
0.134,0.577,0.189,0.1,253.0,
0.356,0.426,0.118,0.1,221.0,
0.337,0.473,0.09,0.1,161.0,
0.241,0.481,0.178,0.1,190.0,
0.396,0.417,0.087,0.1,130.0,
0.164,0.567,0.169,0.1,286.0,
0.261,0.539,0.1,0.1,216.0,
0.453,0.4,0.047,0.1,87.0,
0.27,0.461,0.17,0.1,238.0,
0.32,0.445,0.135,0.1,120.0,
0.143,0.555,0.202,0.1,320.0,
0.183,0.572,0.145,0.1,326.0,
0.303,0.464,0.133,0.1,202.0,
0.207,0.493,0.2,0.1,208.0,
0.658,0.237,0.005,0.1,97.0,
0.311,0.511,0.079,0.1,110.0,
0.19,0.556,0.154,0.1,291.0,
0.395,0.437,0.068,0.1,211.0,
0.197,0.542,0.161,0.1,205.0,
0.168,0.55,0.182,0.1,202.0,
0.171,0.529,0.2,0.1,197.0,
0.289,0.474,0.137,0.1,159.0,
0.517,0.35,0.033,0.1,94.0,
0.505,0.358,0.037,0.1,92.0,
0.208,0.553,0.139,0.1,252.0,
0.23,0.547,0.123,0.1,261.0,
0.358,0.461,0.081,0.1,191.0,
0.239,0.535,0.126,0.1,219.0,
0.264,0.468,0.168,0.1,135.0,
0.319,0.47,0.111,0.1,251.0,
0.287,0.527,0.087,0.1,183.0,
0.252,0.503,0.145,0.1,202.0,
0.375,0.46,0.065,0.1,128.0,
0.259,0.503,0.138,0.1,254.0,
0.243,0.524,0.132,0.1,236.0,
0.194,0.552,0.155,0.1,225.0,
0.252,0.481,0.167,0.1,185.0,
0.248,0.533,0.119,0.1,165.0,
0.179,0.526,0.195,0.1,301.0,
0.314,0.493,0.093,0.1,145.0,
0.322,0.461,0.117,0.1,281.0,
0.223,0.561,0.116,0.1,227.0,
0.337,0.441,0.122,0.1,182.0,
0.305,0.443,0.152,0.1,138.0,
0.262,0.49,0.148,0.1,125.0,
0.226,0.504,0.17,0.1,190.0,
0.313,0.5,0.087,0.1,174.0,
0.374,0.439,0.087,0.1,108.0,
0.281,0.492,0.127,0.1,155.0,
0.371,0.406,0.124,0.1,228.0,
0.335,0.438,0.128,0.1,257.0,
0.215,0.515,0.17,0.1,242.0,
0.337,0.477,0.087,0.1,172.0,
0.288,0.482,0.129,0.1,101.0,
0.45,0.375,0.075,0.1,217.0,
0.514,0.376,0.01,0.1,91.0,
0.343,0.443,0.113,0.1,134.0,
0.266,0.492,0.142,0.1,242.0,
0.23,0.527,0.142,0.1,221.0,
0.215,0.517,0.168,0.1,298.0,
0.343,0.457,0.1,0.1,147.0,
0.237,0.483,0.179,0.1,157.0,
0.356,0.447,0.097,0.1,203.0,
0.133,0.544,0.222,0.1,366.0,
0.162,0.564,0.174,0.1,280.0,
0.204,0.543,0.154,0.1,188.0,
0.317,0.446,0.138,0.1,158.0,
0.297,0.477,0.126,0.1,253.0,
0.252,0.518,0.13,0.1,202.0,
0.44,0.392,0.068,0.1,141.0,
0.233,0.525,0.142,0.1,148.0,
0.043,0.655,0.202,0.1,314.0,
0.062,0.689,0.149,0.1,247.0,
0.061,0.55,0.289,0.1,279.0,
0.155,0.609,0.136,0.1,111.0,
0.188,0.631,0.081,0.1,138.0,
0.033,0.574,0.293,0.1,341.0,
0.074,0.587,0.239,0.1,146.0,
0.114,0.579,0.207,0.1,204.0,
0.087,0.646,0.167,0.1,143.0,
0.092,0.608,0.2,0.1,162.0,
0.089,0.611,0.2,0.1,186.0,
0.147,0.711,0.042,0.1,188.0,
0.107,0.564,0.229,0.1,202.0,
0.079,0.639,0.182,0.1,168.0,
0.045,0.672,0.183,0.1,339.0,
0.071,0.581,0.248,0.1,223.0,
0.195,0.59,0.115,0.1,111.0,
0.16,0.668,0.072,0.1,136.0,
0.197,0.624,0.079,0.1,170.0,
0.081,0.632,0.186,0.1,251.0,
0.096,0.579,0.225,0.1,188.0,
0.267,0.58,0.053,0.1,74.0,
0.236,0.645,0.018,0.1,109.0,
0.031,0.641,0.228,0.1,276.0,
0.041,0.628,0.231,0.1,229.0,
0.097,0.58,0.223,0.1,201.0,
0.071,0.669,0.16,0.1,289.0,
0.32,0.547,0.033,0.1,71.0,
0.081,0.659,0.159,0.1,218.0,
0.061,0.603,0.235,0.1,224.0,
0.159,0.611,0.13,0.1,156.0,
0.17,0.58,0.15,0.1,221.0,
0.342,0.442,0.116,0.1,100.0,
0.204,0.5,0.196,0.1,150.0,
0.083,0.537,0.28,0.1,226.0,
0.456,0.396,0.048,0.1,134.0,
0.241,0.521,0.138,0.1,172.0,
0.495,0.353,0.053,0.1,95.0,
0.23,0.516,0.154,0.1,257.0,
0.324,0.418,0.159,0.1,221.0,
0.263,0.515,0.122,0.1,230.0,
0.181,0.541,0.178,0.1,185.0,
0.198,0.518,0.184,0.1,321.0,
0.202,0.536,0.161,0.1,333.0,
0.2,0.545,0.155,0.1,311.0,
0.189,0.554,0.157,0.1,265.0,
0.414,0.436,0.05,0.1,65.0,
0.188,0.52,0.193,0.1,303.0,
0.096,0.548,0.256,0.1,166.0,
0.17,0.613,0.117,0.1,149.0,
0.145,0.616,0.139,0.1,265.0,
0.279,0.563,0.058,0.1,91.0,
0.077,0.507,0.317,0.1,210.0,
0.072,0.595,0.233,0.1,293.0,
0.078,0.67,0.152,0.1,164.0,
0.064,0.603,0.233,0.1,266.0,
0.1,0.613,0.187,0.1,269.0,
0.104,0.639,0.157,0.1,195.0,
0.054,0.639,0.207,0.1,166.0,
0.2,0.51,0.19,0.1,127.0,
0.174,0.584,0.142,0.1,112.0,
0.085,0.518,0.297,0.1,250.0,
0.15,0.577,0.173,0.1,129.0,
0.104,0.636,0.16,0.1,139.0,
0.121,0.495,0.284,0.1,303.0,
0.43,0.45,0.02,0.1,116.0,
0.492,0.4,0.008,0.1,70.0,
0.158,0.555,0.187,0.1,293.0,
0.136,0.572,0.192,0.1,411.0,
0.285,0.525,0.09,0.1,250.0,
0.371,0.464,0.064,0.1,62.0,
0.143,0.565,0.192,0.1,270.0,
0.162,0.531,0.208,0.1,307.0,
0.243,0.517,0.14,0.1,219.0,
0.268,0.497,0.135,0.1,197.0,
0.336,0.477,0.086,0.1,119.0,
0.556,0.344,0.0,0.1,106.0,
0.191,0.503,0.206,0.1,252.0,
0.304,0.493,0.102,0.1,299.0,
0.383,0.43,0.087,0.1,126.0,

0.135,0.677,0.088,0.1,116.0,
0.116,0.724,0.06,0.1,181.0,
0.121,0.702,0.076,0.1,195.0,
0.115,0.721,0.065,0.1,182.0,
0.183,0.64,0.077,0.1,143.0,
0.206,0.635,0.059,0.1,90.0,
0.144,0.708,0.047,0.1,142.0,
0.025,0.757,0.118,0.1,253.0,
0.193,0.636,0.071,0.1,56.0,
0.267,0.533,0.1,0.1,58.0,
0.065,0.749,0.086,0.1,237.0,
0.09,0.751,0.059,0.1,218.0,
0.132,0.685,0.082,0.1,133.0,
0.361,0.533,0.006,0.1,104.0,
0.105,0.698,0.098,0.1,189.0,
0.12,0.7,0.08,0.1,124.0,
0.053,0.75,0.097,0.1,131.0,
0.072,0.664,0.164,0.1,109.0,
0.22,0.66,0.02,0.1,105.0,
0.121,0.717,0.062,0.1,223.0,
0.108,0.689,0.103,0.1,124.0,
0.13,0.697,0.073,0.1,134.0,
0.2,0.595,0.105,0.1,92.0,
0.3,0.581,0.019,0.1,89.0,
0.043,0.776,0.08,0.1,240.0,
0.074,0.729,0.097,0.1,143.0,
0.269,0.625,0.006,0.1,86.0,
0.107,0.7,0.093,0.1,212.0,
0.138,0.715,0.046,0.1,171.0,
0.153,0.656,0.091,0.1,120.0,
0.086,0.744,0.069,0.1,194.0,
0.229,0.629,0.041,0.1,64.0,
0.341,0.547,0.012,0.1,90.0,
0.12,0.713,0.068,0.1,188.0,
0.145,0.691,0.064,0.1,108.0,
0.076,0.68,0.144,0.1,98.0,
0.244,0.589,0.067,0.1,76.0,
0.237,0.575,0.087,0.1,63.0,
0.167,0.677,0.056,0.1,187.0,
0.255,0.61,0.035,0.1,111.0,
0.139,0.718,0.043,0.1,136.0,
0.035,0.738,0.127,0.1,184.0,
0.211,0.611,0.079,0.1,70.0,
0.241,0.614,0.045,0.1,100.0,
0.148,0.7,0.052,0.1,100.0,
0.016,0.711,0.173,0.1,198.0,
0.107,0.676,0.117,0.1,121.0,
0.205,0.614,0.082,0.1,103.0,
0.133,0.7,0.067,0.1,105.0,
0.294,0.594,0.013,0.1,84.0,
0.108,0.703,0.089,0.1,157.0,
0.102,0.705,0.092,0.1,203.0,
0.143,0.697,0.059,0.1,166.0,
0.191,0.605,0.105,0.1,88.0,
0.126,0.677,0.098,0.1,171.0,
0.056,0.693,0.151,0.1,176.0,
0.28,0.6,0.02,0.1,111.0,
0.102,0.732,0.066,0.1,192.0,
0.147,0.647,0.107,0.1,116.0,
0.156,0.674,0.07,0.1,129.0,
0.187,0.643,0.07,0.1,111.0,
0.331,0.523,0.046,0.1,59.0,
0.236,0.66,0.004,0.1,139.0,
0.123,0.703,0.073,0.1,142.0,
0.104,0.673,0.123,0.1,104.0,
0.194,0.606,0.1,0.1,83.0,
0.097,0.705,0.097,0.1,168.0,
0.157,0.635,0.109,0.1,113.0,
0.127,0.652,0.121,0.1,152.0,
0.073,0.718,0.109,0.1,144.0,
0.082,0.706,0.112,0.1,140.0,
0.063,0.705,0.132,0.1,170.0,
0.118,0.729,0.054,0.1,133.0,
0.277,0.6,0.023,0.1,109.0,
0.069,0.736,0.094,0.1,140.0,
0.103,0.689,0.109,0.1,162.0,
0.119,0.713,0.069,0.1,147.0,
0.146,0.696,0.058,0.1,131.0,
0.139,0.693,0.068,0.1,192.0,
0.136,0.703,0.062,0.1,210.0,
0.081,0.71,0.11,0.1,139.0,
0.138,0.702,0.06,0.1,225.0,
0.265,0.565,0.071,0.1,62.0,
0.053,0.747,0.1,0.1,199.0,
0.112,0.737,0.051,0.1,183.0,
0.219,0.604,0.077,0.1,125.0,
0.063,0.689,0.148,0.1,128.0,
0.152,0.671,0.076,0.1,89.0,
0.195,0.627,0.077,0.1,103.0,
0.043,0.74,0.117,0.1,185.0,
0.102,0.735,0.063,0.1,231.0,
0.126,0.7,0.074,0.1,142.0,
0.144,0.667,0.089,0.1,113.0,
0.178,0.7,0.022,0.1,124.0,
0.212,0.629,0.059,0.1,78.0,
0.182,0.662,0.056,0.1,157.0,
0.087,0.721,0.091,0.1,208.0,
0.044,0.728,0.128,0.1,141.0,
0.189,0.611,0.1,0.1,80.0,
0.189,0.644,0.067,0.1,97.0,
0.121,0.707,0.072,0.1,101.0,
0.103,0.684,0.113,0.1,126.0,
0.168,0.6,0.132,0.1,70.0,
0.267,0.52,0.113,0.1,70.0,
0.076,0.712,0.112,0.1,162.0,
0.088,0.709,0.103,0.1,167.0,
0.215,0.61,0.075,0.1,68.0,
0.12,0.663,0.117,0.1,112.0,
0.157,0.705,0.038,0.1,174.0,
0.158,0.631,0.112,0.1,85.0,
0.162,0.686,0.052,0.1,136.0,
0.12,0.708,0.072,0.1,111.0,
0.181,0.624,0.095,0.1,92.0,
0.13,0.69,0.08,0.1,137.0,
0.125,0.698,0.077,0.1,190.0,
0.178,0.6,0.122,0.1,90.0,
0.196,0.642,0.062,0.1,98.0,
0.113,0.717,0.07,0.1,97.0,
0.205,0.653,0.042,0.1,94.0,
0.164,0.636,0.1,0.1,50.0,
0.058,0.698,0.145,0.1,175.0,
0.188,0.608,0.104,0.1,95.0,
0.044,0.737,0.12,0.1,226.0,
0.096,0.686,0.118,0.1,117.0,
0.116,0.722,0.062,0.1,184.0,
0.114,0.686,0.1,0.1,112.0,
0.1,0.688,0.112,0.1,106.0,
0.081,0.721,0.098,0.1,142.0,
0.119,0.733,0.048,0.1,259.0,
0.141,0.685,0.074,0.1,159.0,
0.148,0.697,0.055,0.1,122.0,
0.2,0.633,0.067,0.1,79.0,
0.25,0.612,0.038,0.1,117.0,
0.255,0.61,0.035,0.1,111.0,
0.087,0.718,0.095,0.1,158.0,
0.344,0.55,0.006,0.1,76.0,
0.214,0.629,0.057,0.1,59.0,
0.154,0.635,0.112,0.1,96.0,
0.152,0.665,0.083,0.1,116.0,
0.272,0.616,0.012,0.1,145.0,
0.405,0.468,0.026,0.1,103.0,
0.28,0.52,0.1,0.1,70.0,
0.263,0.563,0.074,0.1,90.0,
0.182,0.636,0.082,0.1,115.0,
0.155,0.69,0.055,0.1,79.0,
0.112,0.661,0.127,0.1,129.0,
0.083,0.714,0.103,0.1,146.0,
0.078,0.734,0.087,0.1,133.0,
0.203,0.656,0.041,0.1,144.0,
0.212,0.635,0.054,0.1,126.0,
0.25,0.613,0.037,0.1,30.0,
0.123,0.714,0.064,0.1,235.0,
0.09,0.713,0.098,0.1,198.0,
0.209,0.648,0.043,0.1,107.0,
0.135,0.677,0.087,0.1,142.0,
0.116,0.719,0.066,0.1,143.0,
0.088,0.704,0.108,0.1,102.0,
0.05,0.747,0.103,0.1,148.0,
0.148,0.667,0.086,0.1,99.0,
0.1,0.7,0.1,0.1,119.0,
0.146,0.719,0.035,0.1,238.0,
0.066,0.697,0.138,0.1,128.0,
0.205,0.629,0.067,0.1,60.0,
0.2,0.66,0.04,0.1,97.0,
0.338,0.562,0.0,0.1,60.0,
0.138,0.674,0.087,0.1,139.0,
0.17,0.674,0.057,0.1,120.0,
0.3,0.583,0.017,0.1,129.0,
0.1,0.697,0.103,0.1,164.0,
0.144,0.659,0.096,0.1,120.0,
0.182,0.629,0.089,0.1,80.0,
0.186,0.705,0.01,0.1,111.0,
0.2,0.624,0.076,0.1,90.0,
0.119,0.665,0.115,0.1,95.0,
0.185,0.669,0.046,0.1,133.0,
0.159,0.632,0.109,0.1,70.0,
0.189,0.647,0.063,0.1,88.0,
0.076,0.695,0.13,0.1,181.0,
0.174,0.659,0.068,0.1,156.0,
0.226,0.611,0.063,0.1,80.0,
0.2,0.619,0.081,0.1,133.0,
0.146,0.662,0.092,0.1,96.0,
0.048,0.729,0.124,0.1,196.0,
0.087,0.738,0.075,0.1,194.0,
0.244,0.62,0.036,0.1,126.0,
0.114,0.7,0.086,0.1,188.0,
0.182,0.655,0.064,0.1,99.0,
0.344,0.537,0.019,0.1,60.0,
0.339,0.533,0.028,0.1,101.0,
0.148,0.716,0.035,0.1,143.0,
0.196,0.637,0.067,0.1,84.0,
0.2,0.6,0.1,0.1,66.0,
0.022,0.739,0.139,0.1,191.0,
0.255,0.59,0.055,0.1,77.0,
0.073,0.703,0.124,0.1,169.0,
0.261,0.589,0.05,0.1,80.0,
0.081,0.619,0.2,0.1,97.0,
0.117,0.691,0.091,0.1,148.0,
0.105,0.718,0.076,0.1,192.0,
0.112,0.662,0.127,0.1,97.0,
0.097,0.703,0.1,0.1,154.0,
0.284,0.526,0.089,0.1,70.0,
0.132,0.671,0.097,0.1,174.0,
0.15,0.644,0.106,0.1,80.0,
0.081,0.741,0.078,0.1,142.0,
0.307,0.573,0.02,0.1,56.0,
0.057,0.753,0.091,0.1,265.0,
0.126,0.671,0.103,0.1,127.0,
0.175,0.654,0.071,0.1,128.0,
0.227,0.595,0.077,0.1,106.0,
0.088,0.738,0.074,0.1,193.0,
0.03,0.749,0.121,0.1,262.0,
0.113,0.706,0.081,0.1,126.0,
0.135,0.7,0.065,0.1,108.0,
0.321,0.571,0.007,0.1,80.0,
0.168,0.668,0.065,0.1,172.0,
0.117,0.7,0.083,0.1,151.0,
0.2,0.645,0.055,0.1,109.0,
0.119,0.703,0.078,0.1,147.0,
0.312,0.575,0.013,0.1,99.0,
0.24,0.57,0.09,0.1,59.0,
0.073,0.693,0.134,0.1,171.0,
0.083,0.731,0.086,0.1,172.0,
0.3,0.544,0.056,0.1,80.0,
0.1,0.7,0.1,0.1,137.0,
0.063,0.73,0.107,0.1,140.0,
0.232,0.582,0.086,0.1,80.0,
0.058,0.739,0.103,0.1,184.0,
0.091,0.714,0.095,0.1,223.0,
0.2,0.59,0.11,0.1,90.0,
0.044,0.77,0.086,0.1,243.0,
0.193,0.657,0.05,0.1,148.0,
0.046,0.751,0.103,0.1,188.0,
0.182,0.632,0.086,0.1,70.0,
0.22,0.654,0.026,0.1,186.0,
0.222,0.619,0.059,0.1,158.0,
0.131,0.714,0.055,0.1,159.0,
0.095,0.7,0.105,0.1,185.0,
0.151,0.669,0.079,0.1,185.0,
0.05,0.703,0.147,0.1,183.0,
0.122,0.663,0.115,0.1,123.0,
0.25,0.575,0.075,0.1,106.0,
0.106,0.729,0.065,0.1,141.0,
0.164,0.664,0.073,0.1,95.0,
0.186,0.676,0.038,0.1,102.0,
0.145,0.673,0.082,0.1,104.0,
0.133,0.71,0.057,0.1,103.0,
0.13,0.67,0.1,0.1,111.0,
0.144,0.684,0.072,0.1,100.0,
0.33,0.56,0.01,0.1,50.0,
0.104,0.704,0.092,0.1,126.0,
0.156,0.681,0.064,0.1,155.0,
0.193,0.627,0.08,0.1,130.0,
0.142,0.692,0.065,0.1,105.0,
0.059,0.752,0.089,0.1,236.0,
0.032,0.736,0.132,0.1,243.0,
0.1,0.734,0.066,0.1,166.0,
0.07,0.736,0.094,0.1,180.0,
0.212,0.65,0.037,0.1,48.0,
0.12,0.702,0.078,0.1,153.0,
0.104,0.735,0.061,0.1,220.0,
0.075,0.692,0.133,0.1,137.0,
0.118,0.704,0.079,0.1,93.0,
0.124,0.736,0.04,0.1,121.0,
0.133,0.683,0.083,0.1,121.0,
0.163,0.689,0.048,0.1,129.0,
0.131,0.642,0.127,0.1,125.0,
0.062,0.717,0.121,0.1,199.0,
0.077,0.728,0.094,0.1,261.0,
0.137,0.69,0.073,0.1,147.0,
0.15,0.67,0.08,0.1,134.0,
0.175,0.65,0.075,0.1,112.0,
0.217,0.604,0.079,0.1,120.0,
0.083,0.7,0.117,0.1,182.0,
0.188,0.648,0.064,0.1,97.0,
0.338,0.554,0.008,0.1,60.0,
0.243,0.579,0.079,0.1,50.0,
0.043,0.709,0.148,0.1,186.0,
0.071,0.757,0.071,0.1,150.0,
0.256,0.622,0.022,0.1,138.0,
0.247,0.529,0.124,0.1,63.0,
0.078,0.755,0.067,0.1,223.0,
0.031,0.752,0.117,0.1,198.0,
0.107,0.717,0.077,0.1,158.0,
0.209,0.627,0.064,0.1,104.0,
0.116,0.664,0.12,0.1,109.0,
0.081,0.727,0.092,0.1,178.0,
0.148,0.697,0.055,0.1,158.0,
0.2,0.624,0.076,0.1,90.0,
0.331,0.515,0.054,0.1,40.0,
0.113,0.721,0.067,0.1,168.0,
0.148,0.661,0.09,0.1,140.0,
0.092,0.714,0.094,0.1,157.0,
0.09,0.727,0.083,0.1,141.0,
0.19,0.605,0.105,0.1,83.0,
0.164,0.645,0.091,0.1,91.0,
0.188,0.621,0.092,0.1,91.0,
0.185,0.673,0.042,0.1,119.0,
0.194,0.631,0.075,0.1,65.0,
0.15,0.683,0.067,0.1,152.0,
0.119,0.719,0.062,0.1,132.0,
0.152,0.683,0.066,0.1,137.0,
0.081,0.719,0.1,0.1,146.0,
0.307,0.507,0.086,0.1,67.0,
0.28,0.62,0.0,0.1,107.0,
0.094,0.722,0.084,0.1,164.0,
0.197,0.653,0.05,0.1,118.0,
0.114,0.686,0.1,0.1,191.0,
0.055,0.721,0.123,0.1,209.0,
0.037,0.745,0.117,0.1,192.0,
0.135,0.652,0.113,0.1,90.0,
0.081,0.738,0.081,0.1,142.0,
0.125,0.719,0.056,0.1,153.0,
0.188,0.668,0.044,0.1,120.0,
0.083,0.731,0.085,0.1,286.0,
0.063,0.712,0.126,0.1,206.0,
0.121,0.707,0.071,0.1,202.0,
0.051,0.705,0.143,0.1,205.0,
0.295,0.59,0.015,0.1,100.0,
0.109,0.718,0.073,0.1,202.0,
0.131,0.722,0.047,0.1,209.0,
0.073,0.751,0.076,0.1,228.0,
0.325,0.525,0.05,0.1,97.0,
0.184,0.616,0.1,0.1,71.0,
0.163,0.647,0.09,0.1,120.0,
0.187,0.639,0.074,0.1,103.0,
0.166,0.697,0.037,0.1,161.0,
0.284,0.558,0.058,0.1,66.0,
0.348,0.533,0.019,0.1,117.0,
0.027,0.751,0.122,0.1,253.0,
0.37,0.49,0.04,0.1,60.0,
0.091,0.724,0.085,0.1,185.0,
0.1,0.693,0.107,0.1,199.0,
0.262,0.576,0.062,0.1,92.0,
0.17,0.6,0.13,0.1,80.0,
0.29,0.6,0.01,0.1,99.0,
0.125,0.679,0.096,0.1,80.0,
0.079,0.713,0.108,0.1,171.0,
0.049,0.727,0.124,0.1,208.0,
0.152,0.657,0.09,0.1,170.0,
0.148,0.703,0.048,0.1,151.0,
0.278,0.561,0.061,0.1,71.0,
0.09,0.728,0.082,0.1,183.0,
0.197,0.603,0.1,0.1,130.0,
0.195,0.666,0.039,0.1,165.0,
0.11,0.713,0.077,0.1,178.0,
0.379,0.471,0.05,0.1,62.0,
0.147,0.594,0.159,0.1,50.0,
0.2,0.637,0.063,0.1,142.0,
0.092,0.713,0.095,0.1,163.0,
0.1,0.679,0.121,0.1,124.0,
0.196,0.639,0.065,0.1,110.0,
0.222,0.611,0.067,0.1,64.0,
0.089,0.724,0.087,0.1,185.0,
0.122,0.706,0.072,0.1,172.0,
0.086,0.668,0.146,0.1,110.0,
0.106,0.694,0.1,0.1,152.0,
0.175,0.619,0.106,0.1,70.0,
0.154,0.675,0.071,0.1,117.0,
0.129,0.695,0.076,0.1,184.0,
0.277,0.562,0.062,0.1,54.0,
0.173,0.646,0.081,0.1,141.0,
0.083,0.726,0.091,0.1,164.0,
0.119,0.692,0.088,0.1,98.0,
0.246,0.613,0.042,0.1,117.0,
0.293,0.529,0.079,0.1,70.0,
0.07,0.762,0.068,0.1,212.0,
0.055,0.745,0.1,0.1,189.0,
0.143,0.693,0.063,0.1,146.0,
0.141,0.672,0.086,0.1,123.0,
0.09,0.723,0.087,0.1,124.0,
0.058,0.716,0.126,0.1,184.0,
0.114,0.724,0.062,0.1,136.0,
0.158,0.637,0.105,0.1,58.0,
0.307,0.571,0.021,0.1,70.0,
0.065,0.75,0.085,0.1,240.0,
0.13,0.715,0.055,0.1,91.0,
0.107,0.689,0.105,0.1,203.0,
0.111,0.717,0.072,0.1,194.0,
0.077,0.76,0.063,0.1,146.0,
0.097,0.721,0.082,0.1,146.0,
0.229,0.61,0.062,0.1,96.0,
0.1,0.718,0.082,0.1,171.0,
0.126,0.706,0.069,0.1,175.0,
0.094,0.723,0.083,0.1,158.0,
0.114,0.717,0.069,0.1,130.0,
0.133,0.703,0.064,0.1,211.0,
0.149,0.68,0.071,0.1,164.0,
0.164,0.65,0.086,0.1,72.0,
0.165,0.687,0.048,0.1,110.0,
0.231,0.569,0.1,0.1,50.0,
0.047,0.745,0.109,0.1,216.0,
0.106,0.706,0.088,0.1,160.0,
0.128,0.652,0.121,0.1,140.0,
0.061,0.712,0.127,0.1,176.0,
0.189,0.584,0.126,0.1,80.0,
0.106,0.694,0.1,0.1,145.0,
0.165,0.677,0.058,0.1,128.0,
0.186,0.652,0.062,0.1,105.0,
0.119,0.725,0.056,0.1,233.0,
0.16,0.672,0.067,0.1,227.0,
0.125,0.706,0.069,0.1,140.0,
0.094,0.714,0.092,0.1,182.0,
0.369,0.508,0.023,0.1,55.0,
0.206,0.589,0.106,0.1,69.0,
0.078,0.739,0.083,0.1,220.0,
0.077,0.697,0.126,0.1,152.0,
0.393,0.507,0.0,0.1,69.0,
0.106,0.68,0.114,0.1,184.0,
0.211,0.64,0.049,0.1,157.0,
0.163,0.625,0.113,0.1,80.0,
0.17,0.63,0.1,0.1,80.0,
0.314,0.573,0.014,0.1,110.0,
0.106,0.724,0.071,0.1,163.0,
0.131,0.717,0.051,0.1,161.0,
0.079,0.753,0.068,0.1,198.0,
0.118,0.718,0.065,0.1,145.0,
0.155,0.66,0.085,0.1,70.0,
0.088,0.729,0.083,0.1,203.0,
0.074,0.732,0.094,0.1,140.0,
0.169,0.669,0.062,0.1,136.0,
0.3,0.557,0.043,0.1,46.0,
0.08,0.734,0.085,0.1,163.0,
0.1,0.724,0.076,0.1,169.0,
0.087,0.717,0.097,0.1,167.0,
0.15,0.697,0.053,0.1,156.0,
0.115,0.682,0.103,0.1,119.0,
0.09,0.679,0.131,0.1,130.0,
0.253,0.6,0.047,0.1,128.0,
0.222,0.606,0.072,0.1,75.0,
0.141,0.686,0.073,0.1,121.0,
0.091,0.697,0.111,0.1,138.0,
0.066,0.718,0.116,0.1,174.0,
0.158,0.672,0.069,0.1,156.0,
0.138,0.729,0.033,0.1,100.0,
0.21,0.636,0.054,0.1,206.0,
0.215,0.631,0.054,0.1,50.0,
0.152,0.665,0.084,0.1,149.0,
0.18,0.672,0.048,0.1,103.0,
0.13,0.73,0.04,0.1,273.0,
0.168,0.675,0.057,0.1,108.0,
0.24,0.6,0.06,0.1,80.0,
0.11,0.687,0.103,0.1,158.0,
0.089,0.719,0.092,0.1,169.0,
0.236,0.614,0.05,0.1,60.0,
0.154,0.635,0.112,0.1,84.0,
0.068,0.679,0.153,0.1,156.0,
0.145,0.677,0.077,0.1,144.0,
0.151,0.669,0.08,0.1,159.0,
0.178,0.643,0.078,0.1,110.0,
0.22,0.595,0.085,0.1,51.0,
0.155,0.689,0.055,0.1,118.0,
0.138,0.692,0.069,0.1,145.0,
0.107,0.703,0.09,0.1,109.0,
0.157,0.633,0.11,0.1,74.0,
0.115,0.744,0.041,0.1,128.0,
0.061,0.748,0.091,0.1,165.0,
0.123,0.687,0.09,0.1,139.0,
0.235,0.594,0.071,0.1,76.0,
0.165,0.681,0.054,0.1,180.0,
0.08,0.761,0.059,0.1,206.0,
0.094,0.729,0.077,0.1,120.0,
0.206,0.617,0.078,0.1,76.0,
0.131,0.706,0.062,0.1,252.0,
0.096,0.74,0.065,0.1,234.0,
0.182,0.655,0.064,0.1,104.0,
0.048,0.762,0.09,0.1,206.0,
0.205,0.61,0.086,0.1,60.0,
0.306,0.575,0.019,0.1,78.0,
0.094,0.735,0.071,0.1,217.0,
0.14,0.7,0.06,0.1,95.0,
0.09,0.719,0.09,0.1,127.0,
0.086,0.717,0.097,0.1,160.0,
0.23,0.6,0.07,0.1,83.0,
0.16,0.672,0.068,0.1,123.0,
0.112,0.733,0.056,0.1,203.0,
0.144,0.691,0.065,0.1,159.0,
0.08,0.697,0.123,0.1,147.0,
0.312,0.576,0.012,0.1,90.0,
0.167,0.654,0.079,0.1,105.0,
0.039,0.753,0.108,0.1,165.0,
0.114,0.704,0.082,0.1,238.0,
0.144,0.656,0.1,0.1,57.0,
0.224,0.638,0.038,0.1,104.0,
0.236,0.65,0.014,0.1,56.0,
0.055,0.733,0.113,0.1,192.0,
0.112,0.715,0.073,0.1,150.0,
0.196,0.656,0.048,0.1,130.0,
0.126,0.686,0.089,0.1,153.0,
0.025,0.765,0.11,0.1,286.0,
0.185,0.667,0.048,0.1,145.0,
0.241,0.582,0.076,0.1,63.0,
0.161,0.652,0.087,0.1,85.0,
0.13,0.682,0.089,0.1,199.0,
0.178,0.68,0.041,0.1,204.0,
0.244,0.6,0.056,0.1,74.0,
0.26,0.6,0.04,0.1,90.0,
0.168,0.611,0.121,0.1,75.0,
0.117,0.693,0.09,0.1,120.0,
0.192,0.639,0.069,0.1,141.0,
0.2,0.682,0.018,0.1,146.0,
0.177,0.614,0.109,0.1,85.0,
0.124,0.679,0.098,0.1,181.0,
0.194,0.662,0.044,0.1,160.0,
0.3,0.54,0.06,0.1,80.0,
0.139,0.692,0.068,0.1,191.0,
0.076,0.71,0.114,0.1,139.0,
0.048,0.719,0.133,0.1,219.0,
0.272,0.606,0.022,0.1,96.0,
0.08,0.707,0.112,0.1,172.0,
0.208,0.621,0.071,0.1,115.0,
0.224,0.582,0.094,0.1,70.0,
0.204,0.65,0.046,0.1,123.0,
0.306,0.576,0.018,0.1,84.0,
0.197,0.656,0.047,0.1,178.0,
0.133,0.703,0.063,0.1,110.0,
0.223,0.623,0.054,0.1,120.0,
0.164,0.664,0.071,0.1,136.0,
0.147,0.692,0.061,0.1,152.0,
0.275,0.6,0.025,0.1,124.0,
0.227,0.615,0.058,0.1,112.0,
0.408,0.492,0.0,0.1,60.0,
0.109,0.709,0.082,0.1,121.0,
0.094,0.694,0.113,0.1,137.0,
0.172,0.594,0.133,0.1,60.0,
0.194,0.676,0.029,0.1,79.0,
0.057,0.796,0.047,0.1,227.0,
0.171,0.658,0.071,0.1,164.0,
0.144,0.664,0.092,0.1,113.0,
0.233,0.613,0.053,0.1,136.0,
0.2,0.625,0.075,0.1,60.0,
0.084,0.692,0.124,0.1,143.0,
0.077,0.751,0.072,0.1,180.0,
0.062,0.709,0.128,0.1,175.0,
0.357,0.514,0.029,0.1,73.0,
0.369,0.492,0.038,0.1,61.0,
0.376,0.466,0.059,0.1,167.0,
0.427,0.423,0.05,0.1,83.0,
0.389,0.47,0.041,0.1,132.0,
0.243,0.57,0.087,0.1,245.0,
0.456,0.396,0.049,0.1,180.0,
0.41,0.457,0.033,0.1,108.0,
0.381,0.467,0.052,0.1,88.0,
0.355,0.473,0.073,0.1,96.0,
0.465,0.39,0.045,0.1,96.0,
0.457,0.397,0.046,0.1,172.0,
0.457,0.382,0.061,0.1,115.0,
0.406,0.447,0.047,0.1,77.0,
0.448,0.404,0.048,0.1,96.0,
0.312,0.51,0.077,0.1,153.0,
0.459,0.372,0.069,0.1,120.0,
0.379,0.461,0.061,0.1,102.0,
0.313,0.534,0.053,0.1,183.0,
0.527,0.36,0.013,0.1,77.0,
0.306,0.523,0.071,0.1,163.0,
0.456,0.406,0.037,0.1,83.0,
0.34,0.485,0.075,0.1,60.0,
0.271,0.544,0.085,0.1,159.0,
0.323,0.516,0.061,0.1,127.0,
0.388,0.439,0.073,0.1,130.0,
0.406,0.439,0.055,0.1,162.0,
0.431,0.423,0.046,0.1,30.0,
0.362,0.456,0.082,0.1,147.0,
0.363,0.491,0.047,0.1,210.0,
0.446,0.412,0.042,0.1,68.0,
0.412,0.441,0.047,0.1,140.0,
0.265,0.553,0.081,0.1,215.0,
0.383,0.454,0.063,0.1,193.0,
0.459,0.394,0.047,0.1,80.0,
0.265,0.543,0.092,0.1,169.0,
0.448,0.424,0.029,0.1,80.0,
0.358,0.496,0.046,0.1,121.0,
0.328,0.54,0.032,0.1,107.0,
0.413,0.439,0.048,0.1,190.0,
0.324,0.503,0.073,0.1,172.0,
0.473,0.388,0.038,0.1,111.0,
0.424,0.412,0.064,0.1,125.0,
0.458,0.388,0.054,0.1,105.0,
0.362,0.487,0.052,0.1,249.0,
0.427,0.444,0.029,0.1,215.0,
0.324,0.5,0.076,0.1,130.0,
0.484,0.374,0.042,0.1,89.0,
0.5,0.356,0.044,0.1,195.0,
0.459,0.417,0.024,0.1,153.0,
0.4,0.453,0.047,0.1,120.0,
0.46,0.38,0.06,0.1,82.0,
0.356,0.464,0.079,0.1,202.0,
0.362,0.485,0.052,0.1,197.0,
0.37,0.473,0.057,0.1,157.0,
0.351,0.486,0.063,0.1,168.0,
0.371,0.484,0.045,0.1,155.0,
0.337,0.493,0.07,0.1,116.0,
0.392,0.438,0.07,0.1,188.0,
0.367,0.49,0.043,0.1,105.0,
0.412,0.45,0.037,0.1,60.0,
0.402,0.438,0.061,0.1,254.0,
0.447,0.4,0.053,0.1,162.0,
0.273,0.545,0.082,0.1,247.0,
0.372,0.472,0.056,0.1,185.0,
0.64,0.26,0.0,0.1,100.0,
0.521,0.379,0.0,0.1,70.0,
0.524,0.371,0.006,0.1,93.0,
0.411,0.429,0.061,0.1,179.0,
0.28,0.54,0.08,0.1,167.0,
0.4,0.443,0.057,0.1,141.0,
0.409,0.432,0.059,0.1,100.0,
0.493,0.377,0.03,0.1,117.0,
0.431,0.434,0.034,0.1,115.0,
0.341,0.49,0.069,0.1,97.0,
0.315,0.527,0.058,0.1,110.0,
0.545,0.355,0.0,0.1,50.0,
0.258,0.55,0.092,0.1,189.0,
0.45,0.415,0.035,0.1,160.0,
0.439,0.409,0.052,0.1,128.0,
0.457,0.391,0.052,0.1,132.0,
0.565,0.306,0.029,0.1,82.0,
0.452,0.403,0.045,0.1,147.0,
0.356,0.428,0.117,0.1,50.0,
0.379,0.455,0.066,0.1,124.0,
0.434,0.413,0.053,0.1,213.0,
0.503,0.359,0.038,0.1,187.0,
0.429,0.426,0.045,0.1,177.0,
0.358,0.458,0.083,0.1,163.0,
0.395,0.441,0.064,0.1,57.0,
0.358,0.447,0.095,0.1,60.0,
0.343,0.457,0.1,0.1,215.0,
0.395,0.442,0.063,0.1,80.0,
0.506,0.383,0.011,0.1,82.0,
0.453,0.44,0.007,0.1,84.0,
0.465,0.405,0.03,0.1,91.0,
0.357,0.486,0.057,0.1,70.0,
0.441,0.4,0.059,0.1,60.0,
0.439,0.422,0.039,0.1,195.0,
0.417,0.428,0.055,0.1,139.0,
0.656,0.231,0.013,0.1,74.0,
0.451,0.391,0.058,0.1,222.0,
0.567,0.306,0.027,0.1,172.0,
0.475,0.391,0.034,0.1,118.0,
0.38,0.43,0.09,0.1,70.0,
0.489,0.411,0.0,0.1,102.0,
0.368,0.474,0.058,0.1,80.0,
0.343,0.497,0.06,0.1,172.0,
0.336,0.488,0.076,0.1,118.0,
0.556,0.319,0.025,0.1,84.0,
0.403,0.443,0.054,0.1,173.0,
0.509,0.365,0.026,0.1,112.0,
0.477,0.4,0.023,0.1,155.0,
0.4,0.435,0.065,0.1,75.0,
0.458,0.437,0.005,0.1,88.0,
0.4,0.439,0.061,0.1,174.0,
0.429,0.424,0.048,0.1,95.0,
0.439,0.418,0.043,0.1,116.0,
0.395,0.441,0.065,0.1,189.0,
0.58,0.31,0.01,0.1,50.0,
0.427,0.427,0.045,0.1,149.0,
0.344,0.508,0.048,0.1,93.0,
0.367,0.459,0.074,0.1,134.0,
0.353,0.495,0.053,0.1,80.0,
0.376,0.485,0.039,0.1,160.0,
0.406,0.446,0.049,0.1,155.0,
0.476,0.372,0.052,0.1,128.0,
0.336,0.5,0.064,0.1,123.0,
0.411,0.433,0.056,0.1,201.0,
0.345,0.462,0.094,0.1,228.0,
0.443,0.419,0.038,0.1,111.0,
0.356,0.485,0.059,0.1,119.0,
0.281,0.519,0.1,0.1,204.0,
0.4,0.448,0.052,0.1,72.0,
0.364,0.469,0.067,0.1,167.0,
0.286,0.538,0.076,0.1,138.0,
0.53,0.37,0.0,0.1,60.0,
0.428,0.41,0.062,0.1,243.0,
0.435,0.409,0.057,0.1,201.0,
0.388,0.47,0.042,0.1,140.0,
0.508,0.392,0.0,0.1,60.0,
0.526,0.347,0.026,0.1,85.0,
0.344,0.509,0.047,0.1,104.0,
0.341,0.482,0.077,0.1,268.0,
0.356,0.461,0.083,0.1,64.0,
0.564,0.336,0.0,0.1,50.0,
0.403,0.434,0.063,0.1,168.0,
0.367,0.454,0.079,0.1,96.0,
0.516,0.379,0.005,0.1,100.0,
0.428,0.406,0.067,0.1,67.0,
0.466,0.393,0.041,0.1,145.0,
0.435,0.397,0.068,0.1,99.0,
0.516,0.363,0.021,0.1,95.0,
0.518,0.382,0.0,0.1,50.0,
0.547,0.347,0.007,0.1,75.0,
0.452,0.402,0.046,0.1,245.0,
0.491,0.359,0.05,0.1,178.0,
0.396,0.444,0.06,0.1,120.0,
0.458,0.427,0.015,0.1,119.0,
0.423,0.418,0.059,0.1,92.0,
0.319,0.49,0.09,0.1,126.0,
0.334,0.498,0.068,0.1,180.0,
0.449,0.406,0.046,0.1,179.0,
0.37,0.457,0.074,0.1,50.0,
0.519,0.373,0.008,0.1,141.0,
0.489,0.339,0.072,0.1,82.0,
0.454,0.431,0.015,0.1,43.0,
0.451,0.391,0.057,0.1,196.0,
0.414,0.425,0.061,0.1,120.0,
0.5,0.364,0.036,0.1,172.0,
0.505,0.358,0.037,0.1,80.0,
0.394,0.457,0.049,0.1,167.0,
0.436,0.414,0.05,0.1,110.0,
0.39,0.46,0.05,0.1,106.0,
0.457,0.396,0.046,0.1,102.0,
0.558,0.326,0.016,0.1,93.0,
0.38,0.468,0.051,0.1,216.0,
0.382,0.471,0.046,0.1,105.0,
0.408,0.477,0.015,0.1,56.0,
0.4,0.457,0.043,0.1,97.0,
0.459,0.377,0.064,0.1,137.0,
0.363,0.477,0.06,0.1,139.0,
0.377,0.464,0.059,0.1,70.0,
0.446,0.454,0.0,0.1,60.0,
0.435,0.394,0.071,0.1,236.0,
0.326,0.5,0.074,0.1,143.0,
0.394,0.436,0.07,0.1,116.0,
0.517,0.342,0.042,0.1,101.0,
0.314,0.532,0.054,0.1,193.0,
0.377,0.448,0.074,0.1,154.0,
0.466,0.4,0.034,0.1,100.0,
0.37,0.487,0.043,0.1,139.0,
0.529,0.364,0.007,0.1,73.0,
0.438,0.398,0.064,0.1,241.0,
0.424,0.429,0.048,0.1,160.0,
0.36,0.477,0.063,0.1,128.0,
0.369,0.469,0.062,0.1,141.0,
0.487,0.4,0.013,0.1,90.0,
0.36,0.47,0.07,0.1,73.0,
0.36,0.478,0.062,0.1,257.0,
0.209,0.598,0.093,0.1,214.0,
0.36,0.472,0.068,0.1,95.0,
0.428,0.424,0.048,0.1,106.0,
0.378,0.452,0.07,0.1,94.0,
0.381,0.45,0.069,0.1,166.0,
0.414,0.446,0.039,0.1,127.0,
0.386,0.475,0.039,0.1,92.0,
0.31,0.545,0.045,0.1,148.0,
0.46,0.403,0.037,0.1,201.0,
0.4,0.428,0.072,0.1,144.0,
0.452,0.407,0.041,0.1,111.0,
0.44,0.432,0.028,0.1,107.0,
0.509,0.359,0.032,0.1,157.0,
0.462,0.381,0.058,0.1,135.0,
0.468,0.415,0.018,0.1,173.0,
0.443,0.414,0.043,0.1,120.0,
0.453,0.418,0.029,0.1,66.0,
0.423,0.432,0.045,0.1,152.0,
0.394,0.446,0.06,0.1,122.0,
0.404,0.461,0.035,0.1,95.0,
0.394,0.469,0.037,0.1,128.0,
0.411,0.442,0.047,0.1,88.0,
0.565,0.329,0.006,0.1,93.0,
0.379,0.456,0.064,0.1,128.0,
0.462,0.381,0.058,0.1,109.0,
0.484,0.378,0.038,0.1,240.0,
0.415,0.433,0.052,0.1,146.0,
0.44,0.395,0.065,0.1,80.0,
0.445,0.416,0.039,0.1,205.0,
0.368,0.49,0.042,0.1,125.0,
0.413,0.417,0.07,0.1,92.0,
0.367,0.433,0.1,0.1,60.0,
0.463,0.385,0.051,0.1,194.0,
0.487,0.378,0.034,0.1,154.0,
0.403,0.448,0.048,0.1,129.0,
0.429,0.437,0.034,0.1,172.0,
0.361,0.473,0.067,0.1,166.0,
0.438,0.408,0.054,0.1,181.0,
0.45,0.395,0.055,0.1,179.0,
0.439,0.411,0.05,0.1,176.0,
0.479,0.405,0.016,0.1,92.0,
0.359,0.455,0.086,0.1,138.0,
0.449,0.413,0.038,0.1,200.0,
0.347,0.487,0.067,0.1,153.0,
0.385,0.47,0.045,0.1,80.0,
0.417,0.433,0.05,0.1,67.0,
0.333,0.495,0.071,0.1,91.0,
0.515,0.359,0.026,0.1,176.0,
0.509,0.386,0.005,0.1,99.0,
0.467,0.39,0.043,0.1,80.0,
0.405,0.449,0.046,0.1,160.0,
0.474,0.384,0.042,0.1,80.0,
0.463,0.406,0.031,0.1,119.0,
0.487,0.393,0.02,0.1,78.0,
0.479,0.395,0.026,0.1,86.0,
0.466,0.39,0.044,0.1,199.0,
0.474,0.368,0.058,0.1,119.0,
0.441,0.404,0.056,0.1,127.0,
0.517,0.356,0.028,0.1,95.0,
0.338,0.495,0.067,0.1,88.0,
0.359,0.496,0.044,0.1,138.0,
0.355,0.486,0.059,0.1,100.0,
0.519,0.338,0.043,0.1,86.0,
0.446,0.433,0.021,0.1,109.0,
0.4,0.449,0.051,0.1,192.0,
0.35,0.446,0.104,0.1,115.0,
0.347,0.48,0.073,0.1,60.0,
0.41,0.44,0.05,0.1,89.0,
0.37,0.478,0.052,0.1,79.0,
0.464,0.383,0.052,0.1,215.0,
0.426,0.429,0.046,0.1,137.0,
0.374,0.503,0.023,0.1,180.0,
0.415,0.452,0.033,0.1,100.0,
0.443,0.414,0.043,0.1,40.0,
0.4,0.452,0.048,0.1,158.0,
0.386,0.445,0.069,0.1,115.0,
0.456,0.406,0.039,0.1,81.0,
0.344,0.486,0.07,0.1,228.0,
0.448,0.421,0.031,0.1,229.0,
0.467,0.407,0.027,0.1,142.0,
0.327,0.503,0.07,0.1,144.0,
0.442,0.433,0.025,0.1,40.0,
0.397,0.45,0.053,0.1,113.0,
0.248,0.565,0.087,0.1,225.0,
0.404,0.439,0.057,0.1,154.0,
0.465,0.409,0.026,0.1,104.0,
0.372,0.472,0.056,0.1,64.0,
0.459,0.391,0.05,0.1,244.0,
0.496,0.369,0.035,0.1,117.0,
0.539,0.357,0.004,0.1,115.0,
0.4,0.427,0.073,0.1,137.0,
0.411,0.428,0.061,0.1,72.0,
0.493,0.393,0.013,0.1,85.0,
0.303,0.517,0.081,0.1,165.0,
0.419,0.434,0.047,0.1,108.0,
0.482,0.373,0.045,0.1,152.0,
0.486,0.4,0.014,0.1,110.0,
0.536,0.355,0.009,0.1,50.0,
0.571,0.306,0.024,0.1,76.0,
0.391,0.458,0.051,0.1,218.0,
0.329,0.5,0.071,0.1,60.0,
0.283,0.521,0.095,0.1,157.0,
0.414,0.444,0.042,0.1,235.0,
0.294,0.548,0.058,0.1,144.0,
0.494,0.379,0.026,0.1,158.0,
0.5,0.359,0.041,0.1,94.0,
0.423,0.397,0.08,0.1,167.0,
0.387,0.446,0.067,0.1,192.0,
0.539,0.356,0.006,0.1,99.0,
0.464,0.4,0.036,0.1,147.0,
0.514,0.359,0.027,0.1,241.0,
0.5,0.342,0.058,0.1,145.0,
0.543,0.282,0.075,0.1,131.0,
0.538,0.333,0.029,0.1,84.0,
0.436,0.405,0.059,0.1,88.0,
0.229,0.56,0.111,0.1,162.0,
0.526,0.329,0.044,0.1,139.0,
0.417,0.44,0.043,0.1,133.0,
0.337,0.496,0.067,0.1,107.0,
0.442,0.421,0.037,0.1,95.0,
0.417,0.426,0.057,0.1,184.0,
0.487,0.371,0.042,0.1,143.0,
0.559,0.318,0.024,0.1,80.0,
0.461,0.394,0.045,0.1,120.0,
0.405,0.44,0.055,0.1,80.0,
0.319,0.505,0.076,0.1,198.0,
0.362,0.466,0.072,0.1,239.0,
0.464,0.4,0.036,0.1,134.0,
0.363,0.483,0.053,0.1,115.0,
0.658,0.237,0.005,0.1,97.0,
0.447,0.416,0.037,0.1,80.0,
0.372,0.477,0.051,0.1,182.0,
0.4,0.461,0.039,0.1,173.0,
0.355,0.487,0.058,0.1,113.0,
0.354,0.479,0.068,0.1,89.0,
0.279,0.529,0.093,0.1,99.0,
0.433,0.396,0.07,0.1,117.0,
0.572,0.317,0.011,0.1,94.0,
0.5,0.384,0.016,0.1,90.0,
0.436,0.419,0.044,0.1,194.0,
0.442,0.407,0.051,0.1,195.0,
0.558,0.306,0.035,0.1,139.0,
0.423,0.416,0.061,0.1,146.0,
0.336,0.495,0.068,0.1,79.0,
0.486,0.365,0.049,0.1,192.0,
0.327,0.513,0.06,0.1,131.0,
0.406,0.458,0.036,0.1,126.0,
0.415,0.445,0.04,0.1,98.0,
0.381,0.47,0.049,0.1,187.0,
0.357,0.484,0.059,0.1,196.0,
0.385,0.439,0.076,0.1,140.0,
0.367,0.485,0.048,0.1,115.0,
0.374,0.467,0.059,0.1,127.0,
0.262,0.556,0.082,0.1,176.0,
0.443,0.396,0.061,0.1,121.0,
0.461,0.4,0.039,0.1,175.0,
0.377,0.474,0.048,0.1,153.0,
0.374,0.467,0.059,0.1,122.0,
0.405,0.424,0.071,0.1,97.0,
0.419,0.41,0.071,0.1,65.0,
0.326,0.481,0.093,0.1,119.0,
0.477,0.361,0.061,0.1,147.0,
0.504,0.348,0.048,0.1,92.0,
0.369,0.473,0.058,0.1,110.0,
0.541,0.332,0.026,0.1,157.0,
0.45,0.405,0.045,0.1,168.0,
0.394,0.467,0.039,0.1,158.0,
0.453,0.42,0.027,0.1,144.0,
0.365,0.465,0.071,0.1,60.0,
0.494,0.378,0.028,0.1,172.0,
0.495,0.39,0.014,0.1,91.0,
0.443,0.4,0.057,0.1,99.0,
0.411,0.421,0.068,0.1,169.0,
0.442,0.409,0.048,0.1,135.0,
0.302,0.527,0.07,0.1,173.0,
0.387,0.461,0.052,0.1,110.0,
0.463,0.367,0.071,0.1,80.0,
0.506,0.358,0.036,0.1,162.0,
0.3,0.498,0.102,0.1,183.0,
0.444,0.4,0.056,0.1,175.0,
0.35,0.489,0.061,0.1,119.0,
0.346,0.492,0.062,0.1,107.0,
0.513,0.346,0.041,0.1,175.0,
0.418,0.433,0.048,0.1,166.0,
0.484,0.364,0.052,0.1,124.0,
0.421,0.433,0.046,0.1,92.0,
0.073,0.73,0.098,0.1,215.0,
0.13,0.697,0.073,0.1,195.0,
0.083,0.683,0.133,0.1,144.0,
0.223,0.614,0.064,0.1,89.0,
0.208,0.635,0.058,0.1,109.0,
0.047,0.73,0.123,0.1,181.0,
0.109,0.713,0.078,0.1,100.0,
0.169,0.614,0.117,0.1,88.0,
0.179,0.642,0.079,0.1,110.0,
0.165,0.642,0.092,0.1,102.0,
0.143,0.661,0.096,0.1,120.0,
0.169,0.7,0.031,0.1,187.0,
0.093,0.686,0.121,0.1,109.0,
0.089,0.682,0.129,0.1,126.0,
0.1,0.736,0.064,0.1,261.0,
0.103,0.687,0.11,0.1,124.0,
0.24,0.595,0.065,0.1,90.0,
0.172,0.664,0.064,0.1,120.0,
0.2,0.628,0.072,0.1,129.0,
0.119,0.705,0.076,0.1,164.0,
0.175,0.643,0.082,0.1,108.0,
0.267,0.547,0.087,0.1,63.0,
0.259,0.632,0.009,0.1,109.0,
0.067,0.741,0.092,0.1,206.0,
0.075,0.747,0.078,0.1,164.0,
0.103,0.693,0.103,0.1,129.0,
0.111,0.731,0.058,0.1,200.0,
0.32,0.547,0.033,0.1,70.0,
0.144,0.681,0.075,0.1,142.0,
0.097,0.706,0.097,0.1,134.0,
0.174,0.641,0.085,0.1,114.0,
0.133,0.673,0.093,0.1,167.0,
0.405,0.442,0.053,0.1,60.0,
0.326,0.504,0.07,0.1,78.0,
0.137,0.66,0.103,0.1,131.0,
0.472,0.392,0.036,0.1,131.0,
0.372,0.462,0.066,0.1,139.0,
0.542,0.326,0.032,0.1,83.0,
0.368,0.465,0.068,0.1,187.0,
0.444,0.4,0.056,0.1,136.0,
0.4,0.427,0.073,0.1,169.0,
0.404,0.437,0.059,0.1,90.0,
0.422,0.431,0.047,0.1,193.0,
0.407,0.414,0.08,0.1,199.0,
0.359,0.484,0.057,0.1,238.0,
0.431,0.414,0.054,0.1,169.0,
0.386,0.457,0.057,0.1,57.0,
0.473,0.38,0.046,0.1,177.0,
0.152,0.62,0.128,0.1,75.0,
0.178,0.661,0.061,0.1,131.0,
0.15,0.708,0.042,0.1,174.0,
0.316,0.553,0.032,0.1,80.0,
0.167,0.647,0.087,0.1,86.0,
0.069,0.746,0.085,0.1,195.0,
0.107,0.685,0.107,0.1,119.0,
0.097,0.714,0.089,0.1,145.0,
0.162,0.695,0.044,0.1,172.0,
0.168,0.661,0.071,0.1,130.0,
0.107,0.696,0.096,0.1,132.0,
0.185,0.615,0.1,0.1,65.0,
0.221,0.579,0.1,0.1,70.0,
0.121,0.685,0.094,0.1,137.0,
0.25,0.577,0.073,0.1,95.0,
0.16,0.64,0.1,0.1,89.0,
0.308,0.518,0.074,0.1,158.0,
0.42,0.455,0.025,0.1,105.0,
0.492,0.4,0.008,0.1,70.0,
0.397,0.426,0.076,0.1,183.0,
0.432,0.396,0.072,0.1,237.0,
0.427,0.42,0.052,0.1,197.0,
0.443,0.421,0.036,0.1,50.0,
0.324,0.486,0.089,0.1,172.0,
0.362,0.474,0.064,0.1,160.0,
0.309,0.497,0.094,0.1,153.0,
0.448,0.387,0.065,0.1,142.0,
0.386,0.477,0.036,0.1,103.0,
0.561,0.333,0.006,0.1,106.0,
0.352,0.482,0.067,0.1,120.0,
0.309,0.533,0.059,0.1,243.0,
0.357,0.496,0.048,0.1,109.0,


