

Data analysis for each instance 
AVG,MED,MAX,MIN
0.284,0.311,0.353,0.077,
0.263,0.287,0.354,0.071,
0.276,0.331,0.358,-0.061,
0.421,0.472,0.501,0.014,
0.307,0.33,0.38,0.078,
0.274,0.307,0.386,-0.055,
0.21,0.234,0.322,-0.088,
0.286,0.31,0.366,0.027,
0.396,0.439,0.475,-0.01,
0.316,0.344,0.394,0.063,
0.289,0.327,0.362,-0.053,
0.255,0.29,0.347,-0.052,
0.378,0.425,0.461,0.014,
0.253,0.276,0.339,0.039,
0.303,0.314,0.426,0.077,
0.398,0.443,0.477,0.013,
0.388,0.44,0.477,0.003,
0.262,0.285,0.345,0.07,
0.261,0.294,0.393,-0.07,
0.271,0.332,0.363,-0.081,
0.38,0.419,0.48,0.02,
0.265,0.275,0.354,0.081,
0.251,0.288,0.34,-0.088,
0.384,0.443,0.461,0.003,
0.256,0.271,0.344,0.087,
0.394,0.432,0.495,0.024,
0.413,0.461,0.49,0.048,
0.254,0.27,0.337,0.107,
0.271,0.314,0.366,-0.085,
0.375,0.432,0.481,-0.018,
0.302,0.318,0.419,0.088,
0.187,0.186,0.25,0.058,
0.279,0.309,0.36,-0.048,
0.38,0.421,0.46,0.016,
0.385,0.414,0.497,0.059,
0.232,0.234,0.364,-0.069,
0.296,0.35,0.381,-0.061,
0.387,0.438,0.471,0.031,
0.242,0.266,0.344,0.04,
0.266,0.28,0.347,0.121,
0.27,0.309,0.393,-0.067,
0.317,0.358,0.405,-0.09,
0.273,0.316,0.357,-0.06,
0.381,0.44,0.454,-0.028,
0.257,0.266,0.334,0.083,
0.2,0.246,0.288,-0.088,
0.377,0.409,0.456,0.05,
0.393,0.432,0.468,0.055,
0.307,0.341,0.414,-0.038,
0.274,0.319,0.379,-0.047,
0.414,0.459,0.508,0,
0.277,0.289,0.402,0.081,
0.302,0.352,0.398,-0.077,
0.39,0.429,0.465,0.059,
0.397,0.441,0.486,0.016,
0.233,0.24,0.322,0.03,
0.389,0.428,0.494,0.007,
0.259,0.284,0.356,0.086,
0.234,0.235,0.322,0.073,
0.396,0.435,0.498,0.026,
0.375,0.42,0.467,-0.005,
0.238,0.256,0.376,0.08,
0.233,0.253,0.311,0.097,
0.263,0.306,0.378,-0.061,
0.408,0.47,0.484,0.01,
0.263,0.274,0.343,0.11,
0.233,0.265,0.338,-0.057,
0.302,0.331,0.422,-0.027,
0.199,0.212,0.342,0.036,
0.258,0.28,0.341,0.09,
0.228,0.254,0.31,0.074,
0.386,0.436,0.478,0.008,
0.236,0.283,0.321,-0.087,
0.397,0.442,0.465,0.038,
0.266,0.284,0.353,0.022,
0.268,0.297,0.334,-0.047,
0.377,0.427,0.474,0.005,
0.395,0.436,0.484,-0.033,
0.233,0.255,0.318,0.103,
0.266,0.309,0.375,-0.083,
0.292,0.347,0.374,-0.08,
0.301,0.32,0.383,0.112,
0.249,0.26,0.376,0.062,
0.292,0.341,0.419,-0.097,
0.411,0.459,0.51,-0.017,
0.372,0.408,0.465,0.034,
0.269,0.283,0.354,0.099,
0.264,0.307,0.359,-0.058,
0.227,0.235,0.29,0.077,
0.268,0.277,0.341,0.078,
0.396,0.441,0.482,0.028,
0.4,0.443,0.491,0.011,
0.271,0.289,0.35,0.078,
0.264,0.294,0.354,-0.052,
0.382,0.413,0.465,0.004,
0.277,0.291,0.364,0.099,
0.268,0.311,0.374,-0.086,
0.252,0.283,0.351,-0.101,
0.386,0.431,0.488,0.039,
0.36,0.411,0.461,0.037,
0.282,0.302,0.37,0.056,
0.253,0.292,0.383,-0.035,
0.397,0.445,0.501,0.021,
0.254,0.268,0.34,0.088,
0.375,0.427,0.473,0.02,
0.231,0.243,0.379,-0.06,
0.237,0.27,0.339,-0.065,
0.254,0.291,0.33,-0.062,
0.393,0.439,0.489,0.008,
0.268,0.277,0.343,0.109,
0.261,0.294,0.383,-0.042,
0.388,0.436,0.473,0.044,
0.238,0.259,0.364,0.087,
0.288,0.342,0.372,-0.078,
0.393,0.44,0.468,0.005,
0.397,0.432,0.47,0.017,
0.224,0.255,0.329,0.058,
0.264,0.298,0.332,-0.057,
0.256,0.274,0.369,-0.072,
0.368,0.411,0.47,0.034,
0.404,0.456,0.477,0.029,
0.373,0.414,0.46,0.034,
0.409,0.461,0.512,0.027,
0.267,0.283,0.334,0.082,
0.23,0.262,0.33,-0.096,
0.409,0.461,0.494,0.011,
0.278,0.317,0.378,0.058,
0.263,0.273,0.356,0.07,
0.267,0.313,0.364,-0.067,
0.401,0.452,0.486,-0.028,
0.244,0.243,0.353,0.055,
0.266,0.298,0.373,-0.054,
0.384,0.429,0.501,-0.013,
0.296,0.33,0.386,0.097,
0.214,0.223,0.277,0.119,
0.277,0.295,0.367,0.075,
0.258,0.31,0.363,-0.082,
0.287,0.331,0.388,-0.076,
0.377,0.423,0.462,0.028,
0.274,0.284,0.377,0.072,
0.297,0.326,0.398,-0.057,
0.398,0.433,0.503,0.025,
0.389,0.428,0.473,0.036,
0.256,0.288,0.316,0.04,
0.255,0.286,0.348,-0.039,
0.278,0.314,0.354,-0.064,
0.369,0.42,0.437,0.031,
0.265,0.294,0.334,0.043,
0.204,0.237,0.302,-0.085,
0.383,0.44,0.462,0.004,
0.278,0.313,0.359,0.046,
0.279,0.295,0.376,0.096,
0.256,0.28,0.328,0.074,
0.226,0.235,0.299,0.104,
0.275,0.301,0.368,0.031,
0.265,0.302,0.348,-0.044,
0.399,0.445,0.491,0.01,
0.216,0.26,0.291,-0.085,
0.253,0.294,0.342,-0.056,
0.254,0.296,0.364,-0.083,
0.277,0.28,0.353,0.089,
0.235,0.227,0.328,0.063,
0.286,0.332,0.363,-0.025,
0.398,0.442,0.479,0.023,
0.256,0.284,0.334,0.063,
0.299,0.359,0.387,-0.038,
0.281,0.305,0.397,-0.037,
0.38,0.427,0.463,0.05,
0.395,0.443,0.475,0.053,
0.363,0.404,0.449,0.009,
0.311,0.359,0.416,-0.076,
0.265,0.292,0.332,-0.044,
0.382,0.42,0.451,0.051,
0.244,0.263,0.31,0.068,
0.282,0.298,0.386,0.073,
0.259,0.31,0.381,-0.063,
0.389,0.441,0.468,0.025,
0.371,0.408,0.454,0.043,
0.276,0.302,0.328,0.101,
0.238,0.263,0.297,-0.017,
0.395,0.448,0.467,-0.011,
0.273,0.282,0.354,0.079,
0.245,0.264,0.35,-0.071,
0.411,0.455,0.499,0.043,
0.279,0.299,0.346,0.105,
0.278,0.312,0.391,-0.047,
0.393,0.436,0.466,0.029,
0.266,0.302,0.36,0.038,
0.246,0.272,0.322,-0.065,
0.243,0.266,0.339,-0.046,
0.373,0.426,0.454,-0.014,
0.267,0.289,0.339,0.037,
0.275,0.305,0.345,0.1,
0.4,0.459,0.476,-0.001,
0.403,0.443,0.488,0.016,
0.248,0.265,0.324,0.082,
0.277,0.32,0.373,-0.042,
0.302,0.348,0.375,-0.049,
0.404,0.455,0.505,0.012,
0.261,0.269,0.346,0.101,
0.391,0.425,0.478,0.043,
0.292,0.347,0.388,-0.064,
0.26,0.289,0.335,-0.08,
0.349,0.398,0.416,0.016,
0.25,0.269,0.318,0.075,
0.294,0.332,0.412,-0.033,
0.367,0.434,0.451,-0.022,
0.397,0.448,0.478,0.024,
0.268,0.298,0.354,0.099,
0.29,0.333,0.365,-0.066,
0.296,0.327,0.399,-0.059,
0.301,0.331,0.373,0.087,
0.256,0.286,0.346,0.059,
0.262,0.308,0.352,-0.076,
0.389,0.446,0.462,-0.01,
0.397,0.455,0.493,0.012,
0.39,0.43,0.477,0.048,
0.239,0.275,0.297,0.085,
0.229,0.26,0.312,0.076,
0.312,0.341,0.384,0.048,
0.304,0.365,0.392,-0.108,
0.415,0.439,0.503,0.052,
0.295,0.309,0.401,0.127,
0.258,0.29,0.341,-0.049,
0.384,0.433,0.473,0.022,
0.254,0.266,0.334,0.024,
0.275,0.314,0.355,-0.052,
0.25,0.285,0.353,-0.062,
0.412,0.454,0.486,0.05,
0.294,0.319,0.362,0.046,
0.262,0.283,0.379,0.065,
0.242,0.278,0.328,-0.079,
0.294,0.346,0.392,-0.046,
0.385,0.439,0.474,0.032,
0.39,0.438,0.461,-0.028,
0.223,0.243,0.316,-0.062,
0.279,0.317,0.356,-0.049,
0.39,0.442,0.461,0.048,
0.376,0.424,0.47,-0.021,
0.259,0.268,0.366,0.076,
0.25,0.284,0.332,-0.042,
0.385,0.442,0.485,-0.033,
0.282,0.29,0.346,0.071,
0.287,0.306,0.372,0.121,
0.397,0.443,0.469,0.032,
0.389,0.44,0.471,0.019,
0.363,0.424,0.464,-0.003,
0.288,0.329,0.399,-0.042,
0.295,0.309,0.367,0.083,
0.275,0.3,0.37,0.112,
0.386,0.436,0.48,0.03,
0.393,0.445,0.463,0.023,
0.265,0.281,0.344,0.072,
0.237,0.288,0.357,-0.061,
0.282,0.318,0.361,-0.069,
0.372,0.412,0.455,-0.005,
0.262,0.258,0.344,0.073,
0.204,0.225,0.287,0.078,
0.21,0.232,0.291,-0.053,
0.405,0.448,0.498,0.004,
0.246,0.248,0.319,0.101,
0.255,0.282,0.343,-0.054,
0.388,0.421,0.464,0.057,
0.235,0.26,0.286,0.083,
0.387,0.432,0.464,0.011,
0.261,0.274,0.338,0.076,
0.272,0.308,0.336,-0.044,
0.237,0.268,0.319,-0.034,
0.391,0.438,0.483,-0.012,
0.302,0.323,0.388,0.067,
0.307,0.342,0.393,-0.052,
0.37,0.41,0.444,0.033,
0.237,0.24,0.322,0.069,
0.28,0.291,0.351,0.1,
0.251,0.295,0.35,-0.03,
0.274,0.308,0.359,-0.067,
0.401,0.45,0.494,0.058,
0.209,0.222,0.295,0.07,
0.261,0.304,0.362,-0.052,
0.389,0.429,0.498,-0.036,
0.257,0.296,0.334,-0.079,
0.202,0.255,0.322,-0.096,
0.25,0.278,0.323,0.08,
0.226,0.252,0.326,0.068,
0.248,0.29,0.322,-0.055,
0.398,0.44,0.49,-0.015,
0.406,0.465,0.501,0.004,
0.267,0.273,0.36,0.076,
0.236,0.261,0.316,-0.073,
0.254,0.314,0.335,-0.028,
0.355,0.393,0.466,-0.008,
0.242,0.297,0.354,0.066,
0.268,0.331,0.376,-0.053,
0.386,0.435,0.509,0.031,
0.272,0.295,0.353,0.058,
0.279,0.329,0.347,-0.047,
0.3,0.335,0.361,0.069,
0.289,0.327,0.372,-0.046,
0.378,0.419,0.461,0.019,
0.385,0.421,0.48,-0.007,
0.303,0.322,0.375,0.156,
0.265,0.282,0.385,-0.031,
0.377,0.428,0.45,0.034,
0.277,0.305,0.357,0.053,
0.27,0.306,0.348,-0.06,
0.262,0.307,0.363,-0.073,
0.383,0.438,0.452,0.03,
0.398,0.444,0.501,0.002,
0.251,0.282,0.314,0.094,
0.276,0.315,0.369,-0.05,
0.381,0.44,0.476,-0.016,
0.23,0.247,0.346,0.033,
0.377,0.427,0.466,-0.003,
0.241,0.265,0.344,-0.006,
0.298,0.33,0.354,0.092,
0.286,0.331,0.364,-0.064,
0.399,0.443,0.494,0.013,
0.257,0.276,0.296,0.103,
0.239,0.276,0.336,-0.072,
0.25,0.272,0.354,-0.029,
0.375,0.427,0.46,0.018,
0.258,0.283,0.339,0.07,
0.287,0.311,0.35,0.101,
0.372,0.416,0.467,0.005,
0.392,0.437,0.476,-0.011,
0.224,0.243,0.31,-0.023,
0.302,0.35,0.414,-0.057,
0.254,0.279,0.369,-0.064,
0.39,0.432,0.49,-0.008,
0.379,0.42,0.447,0.074,
0.399,0.437,0.478,0.06,
0.25,0.26,0.346,0.084,
0.23,0.267,0.348,-0.032,
0.29,0.308,0.383,0.034,
0.254,0.252,0.348,0.093,
0.246,0.255,0.338,0.063,
0.359,0.397,0.466,-0.008,
0.39,0.431,0.482,0.004,
0.259,0.281,0.347,0.066,
0.279,0.318,0.364,-0.064,
0.4,0.459,0.48,-0.019,
0.25,0.273,0.341,0.038,
0.271,0.289,0.361,0.093,
0.283,0.331,0.372,-0.091,
0.251,0.275,0.35,0.076,
0.242,0.284,0.358,-0.08,
0.219,0.248,0.314,-0.053,
0.255,0.277,0.349,0.043,
0.278,0.295,0.389,0.099,
0.248,0.286,0.338,-0.056,
0.277,0.323,0.375,-0.033,
0.397,0.439,0.479,-0.004,
0.254,0.287,0.347,0.101,
0.228,0.25,0.328,-0.061,
0.405,0.45,0.493,-0.031,
0.293,0.31,0.374,0.076,
0.262,0.302,0.336,-0.059,
0.261,0.301,0.376,-0.039,
0.291,0.348,0.387,-0.089,
0.24,0.26,0.338,0.047,
0.405,0.465,0.5,-0.015,
0.277,0.283,0.36,0.069,
0.279,0.327,0.382,-0.071,
0.398,0.446,0.48,0.012,
0.2,0.21,0.299,0.094,
0.259,0.276,0.326,0.08,
0.318,0.368,0.414,-0.073,
0.373,0.416,0.505,-0.017,
0.38,0.431,0.464,-0.003,
0.286,0.341,0.362,-0.067,
0.234,0.266,0.328,-0.066,
0.381,0.423,0.45,0.058,
0.258,0.272,0.357,0.088,
0.283,0.316,0.361,0.036,
0.384,0.428,0.485,0.054,
0.383,0.44,0.456,0.003,
0.266,0.3,0.347,-0.043,
0.398,0.438,0.5,0.013,
0.291,0.322,0.358,0.097,
0.229,0.262,0.299,0.026,
0.22,0.256,0.302,-0.077,
0.385,0.421,0.472,0.061,
0.291,0.321,0.346,0.093,
0.27,0.338,0.372,-0.078,
0.374,0.416,0.464,0.029,
0.4,0.44,0.524,0.009,
0.267,0.295,0.328,0.105,
0.229,0.242,0.314,0.079,
0.256,0.29,0.34,-0.044,
0.379,0.423,0.462,-0.007,
0.267,0.297,0.333,0.057,
0.241,0.281,0.303,-0.058,
0.231,0.273,0.312,-0.072,
0.394,0.434,0.481,0.011,
0.397,0.451,0.482,0.04,
0.419,0.47,0.489,0.03,
0.277,0.318,0.362,-0.066,
0.271,0.31,0.356,-0.033,
0.387,0.438,0.463,0.026,
0.249,0.281,0.352,0.084,
0.256,0.304,0.365,-0.069,
0.363,0.427,0.46,0.001,
0.31,0.343,0.383,0.066,
0.272,0.297,0.341,0.095,
0.32,0.382,0.398,-0.07,
0.398,0.449,0.495,0.043,
0.374,0.419,0.446,-0.009,
0.264,0.294,0.355,0.091,
0.405,0.454,0.478,0.027,
0.258,0.287,0.317,0.085,
0.202,0.231,0.313,-0.063,
0.215,0.247,0.29,-0.098,
0.4,0.442,0.503,0.038,
0.292,0.309,0.365,0.101,
0.24,0.283,0.31,-0.091,
0.385,0.421,0.487,0.042,
0.262,0.294,0.315,0.034,
0.234,0.258,0.305,-0.017,
0.261,0.303,0.335,-0.068,
0.29,0.329,0.377,-0.056,
0.382,0.425,0.488,0.037,
0.288,0.313,0.376,0.095,
0.25,0.28,0.322,-0.029,
0.393,0.442,0.46,0.041,
0.404,0.454,0.495,0.017,
0.274,0.276,0.353,0.124,
0.293,0.304,0.362,0.074,
0.276,0.331,0.36,-0.062,
0.388,0.422,0.478,0.034,
0.39,0.448,0.471,0.008,
0.296,0.323,0.376,0.106,
0.273,0.313,0.335,-0.056,
0.375,0.416,0.457,0.056,
0.292,0.312,0.348,0.09,
0.283,0.327,0.364,-0.041,
0.302,0.332,0.41,-0.045,
0.245,0.24,0.327,0.066,
0.247,0.261,0.315,0.092,
0.238,0.248,0.326,0.042,
0.287,0.321,0.384,-0.046,
0.231,0.265,0.326,-0.053,
0.254,0.297,0.372,-0.068,
0.273,0.318,0.364,-0.035,
0.258,0.278,0.315,0.093,
0.264,0.303,0.355,0.04,
0.394,0.438,0.476,0.017,
0.394,0.441,0.49,0.025,
0.24,0.241,0.333,0.042,
0.214,0.251,0.297,-0.075,
0.261,0.295,0.342,-0.06,
0.374,0.417,0.456,0.02,
0.298,0.32,0.379,0.085,
0.29,0.322,0.384,-0.056,
0.401,0.438,0.492,0.014,
0.404,0.453,0.492,0.035,
0.213,0.227,0.263,0.129,
0.226,0.234,0.329,0.099,
0.259,0.279,0.31,0.074,
0.372,0.421,0.456,-0.022,
0.383,0.431,0.461,0.043,
0.217,0.225,0.275,0.102,
0.292,0.348,0.401,-0.095,
0.199,0.221,0.34,-0.063,
0.361,0.394,0.451,0.007,
0.261,0.302,0.343,0.072,
0.254,0.268,0.356,0.101,
0.388,0.428,0.468,0.027,
0.363,0.417,0.44,0.002,
0.271,0.27,0.342,0.115,
0.262,0.284,0.358,-0.066,
0.38,0.433,0.476,-0.013,
0.249,0.264,0.333,0.083,
0.258,0.286,0.372,-0.054,
0.383,0.422,0.462,0.051,
0.269,0.297,0.377,0.081,
0.283,0.319,0.359,-0.042,
0.403,0.456,0.495,0.012,
0.37,0.416,0.455,0.03,
0.245,0.263,0.308,0.088,
0.243,0.27,0.336,-0.072,
0.272,0.298,0.398,-0.066,
0.217,0.228,0.301,0.047,
0.261,0.279,0.337,0.106,
0.266,0.294,0.383,-0.043,
0.383,0.423,0.463,0.002,
0.362,0.407,0.455,-0.017,
0.274,0.307,0.446,-0.035,
0.279,0.321,0.36,-0.077,
0.291,0.337,0.372,-0.094,
0.393,0.442,0.471,0.025,
0.374,0.436,0.487,-0.015,
0.236,0.259,0.323,0.086,
0.223,0.263,0.314,-0.083,
0.396,0.438,0.488,0.049,
0.23,0.246,0.324,0.041,
0.248,0.257,0.361,0.063,
0.273,0.303,0.378,-0.061,
0.381,0.431,0.446,0.032,
0.387,0.422,0.464,0.051,
0.248,0.286,0.339,-0.073,
0.23,0.264,0.307,-0.076,
0.198,0.216,0.315,0.042,
0.242,0.268,0.37,0.035,
0.272,0.296,0.326,0.078,
0.299,0.316,0.382,0.071,
0.254,0.291,0.32,-0.059,
0.308,0.359,0.389,-0.063,
0.269,0.317,0.369,-0.046,
0.282,0.303,0.359,0.09,
0.272,0.285,0.365,0.089,
0.28,0.325,0.387,-0.059,
0.391,0.434,0.464,0.015,
0.259,0.286,0.319,0.114,
0.233,0.25,0.383,-0.053,
0.411,0.448,0.485,0.039,
0.415,0.472,0.489,-0.021,
0.257,0.26,0.351,0.088,
0.304,0.337,0.381,-0.014,
0.266,0.293,0.358,-0.034,
0.384,0.437,0.47,-0.016,
0.398,0.433,0.477,0.076,
0.276,0.307,0.372,0.074,
0.236,0.254,0.286,0.087,
0.407,0.449,0.492,0.009,
0.405,0.457,0.49,-0.011,
0.285,0.314,0.37,0.028,
0.238,0.272,0.323,0.022,
0.27,0.317,0.391,-0.076,
0.392,0.442,0.458,0.016,
0.258,0.274,0.333,0.087,
0.267,0.305,0.371,-0.019,
0.389,0.427,0.467,-0.012,
0.285,0.306,0.352,0.082,
0.285,0.302,0.368,0.064,
0.271,0.323,0.377,-0.054,
0.378,0.431,0.468,-0.013,
0.273,0.312,0.353,-0.057,
0.291,0.33,0.39,-0.057,
0.291,0.302,0.388,0.091,
0.241,0.257,0.359,0.082,
0.241,0.269,0.366,-0.076,
0.386,0.419,0.484,0.001,
0.395,0.436,0.49,0.013,
0.255,0.302,0.349,-0.086,
0.401,0.437,0.518,0.006,
0.425,0.468,0.545,0.021,
0.397,0.445,0.461,0.045,
0.252,0.27,0.313,0.11,
0.283,0.306,0.38,-0.062,
0.402,0.446,0.478,0.038,
0.274,0.304,0.336,0.054,
0.294,0.333,0.359,-0.026,
0.268,0.294,0.321,0.066,
0.39,0.432,0.459,0.021,
0.382,0.436,0.486,-0.02,
0.421,0.474,0.503,0,
0.245,0.262,0.339,0.092,
0.3,0.343,0.362,-0.07,
0.393,0.435,0.451,0.023,
0.278,0.287,0.355,0.075,
0.261,0.286,0.361,-0.06,
0.252,0.299,0.353,-0.08,
0.389,0.44,0.471,0.017,
0.224,0.271,0.304,0.012,
0.254,0.268,0.352,0.086,
0.408,0.448,0.483,0.028,
0.397,0.435,0.488,-0.003,
0.262,0.3,0.346,-0.002,
0.402,0.457,0.5,-0.033,
0.279,0.291,0.379,0.072,
0.315,0.351,0.386,0.034,
0.287,0.329,0.353,-0.048,
0.392,0.433,0.491,-0.012,
0.3,0.331,0.363,0.066,
0.258,0.268,0.392,-0.053,
0.304,0.332,0.426,-0.072,
0.388,0.417,0.465,0.058,
0.244,0.256,0.367,0.078,
0.286,0.315,0.371,-0.071,
0.394,0.426,0.503,0.022,
0.276,0.297,0.393,0.043,
0.282,0.308,0.344,0.063,
0.249,0.268,0.357,-0.062,
0.279,0.323,0.369,-0.064,
0.389,0.436,0.453,-0.017,
0.409,0.46,0.471,0.029,
0.266,0.291,0.349,0.074,
0.266,0.298,0.401,-0.079,
0.384,0.421,0.471,0.032,
0.292,0.308,0.355,0.083,
0.281,0.302,0.364,0.052,
0.272,0.277,0.335,0.132,
0.388,0.419,0.491,0.045,
0.396,0.433,0.465,0.01,
0.261,0.287,0.347,0.02,
0.28,0.326,0.345,-0.099,
0.408,0.449,0.475,0.023,
0.251,0.27,0.331,0.073,
0.277,0.302,0.372,-0.057,
0.269,0.293,0.407,-0.084,
0.252,0.255,0.327,0.082,
0.274,0.315,0.352,-0.052,
0.358,0.394,0.439,0.039,
0.251,0.264,0.317,0.077,
0.283,0.315,0.388,-0.065,
0.242,0.273,0.372,-0.054,
0.281,0.316,0.346,-0.038,
0.309,0.329,0.377,0.036,
0.224,0.248,0.305,0.033,
0.371,0.408,0.45,-0.009,
0.407,0.448,0.49,-0.005,
0.394,0.448,0.464,0.02,
0.262,0.3,0.345,-0.083,
0.271,0.289,0.389,-0.03,
0.392,0.427,0.477,0.032,
0.276,0.291,0.341,0.096,
0.368,0.405,0.448,-0.003,
0.271,0.283,0.433,0.111,
0.283,0.306,0.364,-0.034,
0.378,0.419,0.446,0.051,
0.299,0.314,0.395,0.076,
0.273,0.294,0.372,0.101,
0.388,0.425,0.479,0.038,
0.391,0.433,0.463,0.057,
0.305,0.336,0.383,0.023,
0.326,0.373,0.425,-0.046,
0.253,0.284,0.343,-0.069,
0.393,0.43,0.483,0.023,
0.281,0.302,0.349,0.067,
0.303,0.346,0.395,-0.059,
0.232,0.267,0.323,-0.044,
0.385,0.431,0.47,-0.021,
0.271,0.293,0.426,-0.023,
0.416,0.443,0.519,-0.02,
0.285,0.312,0.395,0.041,
0.261,0.254,0.346,0.112,
0.268,0.3,0.359,-0.038,
0.388,0.433,0.46,0.011,
0.261,0.291,0.347,0.075,
0.276,0.316,0.385,-0.079,
0.394,0.435,0.491,0.005,
0.41,0.46,0.485,0.031,
0.282,0.294,0.393,0.027,
0.286,0.312,0.403,-0.033,
0.265,0.297,0.357,-0.078,
0.278,0.3,0.357,0.08,
0.241,0.248,0.325,0.053,
0.258,0.291,0.381,-0.077,
0.246,0.291,0.33,-0.069,
0.412,0.439,0.506,0.04,
0.395,0.423,0.473,0.056,
0.265,0.281,0.356,0.073,
0.263,0.275,0.331,0.114,
0.379,0.413,0.48,-0.011,
0.383,0.412,0.493,0.039,
0.3,0.319,0.373,0.059,
0.231,0.245,0.366,-0.056,
0.395,0.423,0.469,0.054,
0.269,0.278,0.336,0.053,
0.263,0.287,0.358,0.045,
0.273,0.319,0.356,-0.042,
0.392,0.431,0.456,0.05,
0.382,0.419,0.453,0.01,
0.281,0.319,0.361,-0.054,
0.396,0.438,0.458,0.01,
0.244,0.273,0.36,-0.107,
0.269,0.301,0.34,-0.071,
0.27,0.297,0.365,-0.046,
0.402,0.437,0.47,0.026,
0.261,0.27,0.342,0.111,
0.25,0.269,0.417,-0.072,
0.384,0.418,0.469,0.025,
0.298,0.328,0.361,0.073,
0.264,0.277,0.327,0.063,
0.278,0.313,0.347,-0.048,
0.386,0.428,0.458,0.022,
0.385,0.426,0.451,0.038,
0.265,0.291,0.385,-0.062,
0.3,0.332,0.401,-0.027,
0.407,0.453,0.503,0,
0.371,0.403,0.461,-0.01,
0.244,0.269,0.34,0.058,
0.274,0.28,0.377,0.064,
0.261,0.276,0.37,-0.05,
0.399,0.443,0.49,0.058,
0.287,0.308,0.344,0.054,
0.266,0.266,0.387,0.063,
0.291,0.326,0.353,-0.018,
0.383,0.404,0.482,0.003,
0.306,0.337,0.384,0.039,
0.248,0.269,0.367,-0.057,
0.26,0.292,0.354,-0.076,
0.382,0.41,0.461,0.044,
0.227,0.231,0.326,0.077,
0.273,0.296,0.331,0.097,
0.398,0.446,0.471,0.028,
0.252,0.283,0.321,-0.011,
0.256,0.29,0.32,-0.035,
0.396,0.441,0.498,-0.024,
0.232,0.249,0.292,0.059,
0.275,0.317,0.367,-0.055,
0.39,0.426,0.483,-0.007,
0.386,0.426,0.469,0.002,
0.434,0.469,0.51,0.062,
0.26,0.281,0.369,-0.05,
0.24,0.263,0.335,-0.056,
0.4,0.446,0.465,-0.009,
0.275,0.299,0.37,0.021,
0.279,0.294,0.406,-0.059,
0.37,0.402,0.477,0.028,
0.25,0.249,0.358,0.059,
0.297,0.336,0.384,0.083,
0.283,0.311,0.372,0.065,
0.278,0.293,0.354,0.086,
0.377,0.407,0.473,-0.005,
0.37,0.418,0.461,-0.031,
0.258,0.289,0.355,0.049,
0.252,0.271,0.355,-0.056,
0.377,0.421,0.462,0.008,
0.275,0.292,0.371,0.041,
0.249,0.284,0.331,-0.085,
0.26,0.279,0.357,-0.077,
0.286,0.327,0.384,-0.067,
0.366,0.418,0.482,0.005,
0.283,0.307,0.33,0.064,
0.29,0.339,0.39,-0.051,
0.393,0.434,0.478,-0.009,
0.262,0.273,0.334,0.095,
0.263,0.294,0.384,-0.079,
0.412,0.455,0.485,0.045,
0.253,0.266,0.352,0.11,
0.312,0.335,0.434,-0.034,
0.38,0.434,0.454,0.012,
0.406,0.446,0.472,0.027,
0.266,0.291,0.363,-0.05,
0.29,0.322,0.364,-0.06,
0.407,0.449,0.466,0.045,
0.294,0.31,0.375,0.049,
0.26,0.274,0.349,0.06,
0.264,0.291,0.371,-0.053,
0.39,0.444,0.49,0.004,
0.27,0.28,0.348,0.049,
0.285,0.307,0.354,0.062,
0.266,0.306,0.326,-0.06,
0.272,0.314,0.358,-0.05,
0.405,0.444,0.515,-0.01,
0.387,0.445,0.487,-0.035,
0.256,0.283,0.33,0.049,
0.279,0.309,0.339,-0.056,
0.38,0.427,0.442,-0.014,
0.275,0.279,0.372,0.073,
0.3,0.317,0.393,0.087,
0.275,0.313,0.354,-0.053,
0.388,0.427,0.452,0.003,
0.285,0.305,0.407,0.085,
0.289,0.331,0.392,-0.08,
0.406,0.447,0.476,0.001,
0.4,0.448,0.482,0.018,
0.318,0.345,0.401,0.037,
0.294,0.318,0.373,0.064,
0.233,0.24,0.294,0.067,
0.239,0.265,0.355,-0.072,
0.285,0.311,0.351,-0.031,
0.399,0.432,0.475,0.018,
0.401,0.446,0.475,0.051,
0.229,0.257,0.323,-0.092,
0.299,0.336,0.4,-0.048,
0.391,0.422,0.477,-0.008,
0.241,0.236,0.335,0.088,
0.259,0.296,0.332,-0.051,
0.386,0.428,0.456,0.038,
0.399,0.436,0.493,0.072,
0.282,0.296,0.348,0.07,
0.291,0.328,0.403,-0.072,
0.273,0.301,0.368,-0.068,
0.267,0.283,0.339,0.086,
0.402,0.446,0.47,0.033,
0.299,0.326,0.39,0.049,
0.291,0.33,0.353,-0.07,
0.401,0.447,0.468,-0.024,
0.286,0.303,0.339,0.07,
0.285,0.304,0.378,0.045,
0.253,0.268,0.334,0.094,
0.382,0.412,0.47,0.032,
0.381,0.408,0.476,0.027,
0.287,0.32,0.394,-0.044,
0.243,0.29,0.34,-0.094,
0.279,0.314,0.37,-0.075,
0.258,0.273,0.345,0.039,
0.263,0.289,0.343,0.073,
0.289,0.329,0.398,-0.068,
0.375,0.407,0.477,-0.006,
0.242,0.289,0.336,-0.074,
0.426,0.474,0.489,0.039,
0.408,0.462,0.499,-0.013,
0.272,0.293,0.348,0.094,
0.271,0.297,0.338,-0.058,
0.4,0.442,0.482,0.029,
0.391,0.421,0.506,0.041,
0.231,0.246,0.326,0.101,
0.306,0.346,0.423,-0.073,
0.384,0.426,0.461,-0.002,
0.271,0.285,0.355,0.106,
0.264,0.29,0.33,0.088,
0.27,0.297,0.369,-0.063,
0.381,0.403,0.497,0.048,
0.408,0.456,0.499,0.001,
0.252,0.284,0.365,-0.082,
0.291,0.307,0.365,0.093,
0.278,0.309,0.339,-0.031,
0.397,0.439,0.502,-0.022,
0.241,0.26,0.354,0.057,
0.288,0.325,0.372,-0.061,
0.286,0.328,0.362,-0.089,
0.274,0.315,0.374,-0.06,
0.279,0.297,0.367,0.071,
0.23,0.238,0.31,0.084,
0.405,0.44,0.51,0.063,
0.399,0.438,0.497,0.038,
0.264,0.278,0.32,0.069,
0.31,0.339,0.398,-0.055,
0.293,0.318,0.386,-0.055,
0.378,0.423,0.454,0.017,
0.277,0.287,0.363,0.092,
0.401,0.451,0.472,-0.012,
0.388,0.422,0.463,0.056,
0.307,0.333,0.387,-0.022,
0.295,0.325,0.408,-0.099,
0.359,0.399,0.439,-0.026,
0.318,0.336,0.37,0.121,
0.295,0.329,0.366,-0.042,
0.398,0.433,0.479,0.026,
0.249,0.267,0.327,0.037,
0.279,0.3,0.403,0.054,
0.247,0.265,0.302,0.107,
0.274,0.304,0.349,-0.081,
0.358,0.39,0.465,-0.009,
0.279,0.312,0.341,0.071,
0.251,0.273,0.354,-0.046,
0.382,0.42,0.501,0.035,
0.289,0.329,0.371,-0.054,
0.228,0.237,0.338,0.014,
0.305,0.343,0.384,0.07,
0.229,0.238,0.357,0.07,
0.257,0.288,0.374,-0.08,
0.393,0.434,0.515,-0.026,
0.285,0.312,0.356,0.027,
0.24,0.248,0.352,-0.042,
0.382,0.426,0.452,0.017,
0.366,0.404,0.437,0.062,
0.276,0.286,0.385,0.085,
0.26,0.294,0.371,-0.072,
0.384,0.425,0.471,-0.002,
0.301,0.318,0.393,0.077,
0.284,0.289,0.354,0.099,
0.305,0.344,0.398,-0.059,
0.256,0.292,0.354,-0.08,
0.228,0.253,0.311,-0.06,
0.243,0.266,0.349,-0.049,
0.404,0.438,0.499,0.033,
0.293,0.318,0.35,0.08,
0.274,0.304,0.402,-0.069,
0.395,0.426,0.485,0.065,
0.385,0.42,0.534,0.007,
0.287,0.322,0.351,0.091,
0.259,0.289,0.334,-0.057,
0.376,0.411,0.47,0.023,
0.275,0.284,0.354,0.056,
0.269,0.304,0.415,-0.08,
0.391,0.425,0.489,-0.016,
0.403,0.435,0.478,0.027,
0.403,0.445,0.467,0.02,
0.252,0.259,0.353,0.101,
0.29,0.298,0.372,0.087,
0.255,0.285,0.349,-0.068,
0.398,0.443,0.504,0.025,
0.273,0.298,0.376,0.058,
0.278,0.31,0.351,-0.061,
0.237,0.276,0.327,-0.062,
0.255,0.266,0.367,-0.067,
0.29,0.307,0.356,0.112,
0.256,0.269,0.358,0.082,
0.287,0.326,0.357,-0.035,
0.377,0.421,0.465,-0.005,
0.248,0.255,0.313,0.066,
0.229,0.243,0.379,-0.056,
0.406,0.456,0.481,0.032,
0.411,0.446,0.484,0.024,
0.306,0.338,0.417,-0.02,
0.41,0.459,0.495,0.021,
0.301,0.324,0.373,0.052,
0.289,0.324,0.354,-0.059,
0.392,0.426,0.467,0.03,
0.381,0.422,0.47,0.009,
0.385,0.434,0.479,0.051,
0.274,0.317,0.331,-0.044,
0.279,0.311,0.326,-0.011,
0.261,0.277,0.351,0.092,
0.282,0.306,0.385,0.105,
0.283,0.326,0.371,-0.023,
0.375,0.421,0.46,0.002,
0.396,0.439,0.489,-0.011,
0.275,0.295,0.37,0.081,
0.276,0.322,0.391,-0.021,
0.245,0.253,0.325,0.102,
0.254,0.281,0.34,-0.059,
0.374,0.406,0.442,0.031,
0.268,0.302,0.342,0.034,
0.242,0.261,0.388,-0.101,
0.27,0.306,0.353,-0.046,
0.275,0.299,0.324,0.072,
0.279,0.305,0.375,0.011,
0.264,0.305,0.36,-0.071,
0.365,0.383,0.48,0.027,
0.406,0.452,0.502,-0.009,
0.246,0.279,0.314,-0.02,
0.308,0.351,0.401,-0.079,
0.397,0.442,0.477,-0.013,
0.283,0.297,0.356,0.072,
0.295,0.333,0.362,0.039,
0.394,0.428,0.498,0.042,
0.214,0.236,0.281,0.114,
0.302,0.342,0.42,-0.072,
0.394,0.451,0.509,0.026,
0.276,0.276,0.399,0.027,
0.255,0.273,0.341,0.083,
0.244,0.285,0.322,-0.042,
0.396,0.443,0.477,0.019,
0.387,0.426,0.46,0.056,
0.232,0.252,0.334,-0.062,
0.256,0.292,0.373,-0.075,
0.368,0.396,0.484,0.051,
0.243,0.276,0.339,0.046,
0.248,0.271,0.331,0.095,
0.293,0.35,0.388,-0.092,
0.386,0.422,0.501,0.005,
0.254,0.288,0.322,-0.064,
0.222,0.24,0.301,0.075,
0.267,0.293,0.335,0.106,
0.261,0.297,0.405,-0.075,
0.403,0.458,0.483,0.012,
0.405,0.452,0.48,0.027,
0.265,0.31,0.35,-0.04,
0.208,0.229,0.285,-0.063,
0.384,0.434,0.454,-0.02,
0.271,0.3,0.344,0.071,
0.204,0.217,0.284,0.04,
0.404,0.462,0.486,0.025,
0.424,0.473,0.494,0.046,
0.269,0.285,0.327,0.094,
0.237,0.271,0.306,-0.047,
0.262,0.299,0.332,-0.044,
0.281,0.303,0.362,0.065,
0.402,0.439,0.498,0.055,
0.375,0.422,0.482,-0.019,
0.391,0.418,0.48,0.069,
0.297,0.322,0.388,0.023,
0.295,0.331,0.369,-0.054,
0.415,0.457,0.502,0.012,
0.262,0.263,0.367,0.008,
0.265,0.295,0.392,-0.068,
0.408,0.445,0.499,0.026,
0.371,0.43,0.451,0.008,
0.248,0.251,0.341,0.103,
0.294,0.336,0.359,-0.046,
0.408,0.454,0.505,0.005,
0.409,0.448,0.508,0.006,
0.29,0.297,0.375,0.074,
0.246,0.28,0.328,0.038,
0.259,0.296,0.352,-0.047,
0.257,0.283,0.367,-0.046,
0.293,0.32,0.4,0.044,
0.249,0.265,0.331,0.073,
0.28,0.324,0.367,-0.093,
0.299,0.329,0.394,-0.027,
0.383,0.422,0.482,0.017,
0.283,0.309,0.374,0.07,
0.268,0.312,0.354,-0.107,
0.374,0.416,0.447,0.047,
0.374,0.416,0.459,-0.002,
0.261,0.315,0.354,-0.02,
0.266,0.306,0.404,-0.06,
0.292,0.337,0.419,-0.072,
0.282,0.317,0.354,0.063,
0.419,0.459,0.496,0.045,
0.394,0.433,0.495,0.029,
0.266,0.276,0.382,0.028,
0.268,0.296,0.348,-0.058,
0.384,0.431,0.523,-0.008,
0.279,0.308,0.366,0.001,
0.256,0.271,0.346,0.106,
0.264,0.304,0.333,-0.026,
0.394,0.429,0.499,0.06,
0.404,0.443,0.498,0.045,
0.287,0.296,0.393,0.103,
0.297,0.333,0.372,-0.047,
0.4,0.434,0.49,0.024,
0.248,0.239,0.342,0.074,
0.28,0.298,0.403,-0.039,
0.289,0.328,0.389,-0.068,


0.095,0.127,0.142,-0.041,
0.12,0.155,0.177,-0.063,
-0.111,-0.115,0.018,-0.186,
0.045,0.053,0.138,-0.037,
0.064,0.081,0.102,-0.032,
-0.052,-0.049,0.002,-0.103,
-0.004,-0.011,0.08,-0.095,
0.041,0.063,0.091,-0.082,
0.031,0.04,0.146,-0.084,
-0.036,-0.034,0,-0.095,
-0.154,-0.157,-0.005,-0.253,
-0.037,-0.021,0.008,-0.123,
0.083,0.086,0.148,0.029,
0.038,0.043,0.102,-0.049,
0.071,0.096,0.098,-0.082,
0.007,-0.005,0.148,-0.073,
0.085,0.08,0.178,0.038,
0.08,0.097,0.136,-0.044,
0.03,0.004,0.16,-0.053,
-0.049,-0.052,0.024,-0.091,
0.05,0.057,0.128,-0.022,
0.093,0.127,0.128,-0.046,
-0.05,-0.04,0.024,-0.184,
0.003,0.006,0.154,-0.116,
0.107,0.121,0.152,-0.045,
0.018,0.014,0.132,-0.04,
-0.004,0,0.09,-0.062,
0.127,0.153,0.208,-0.066,
-0.079,-0.092,0.028,-0.102,
0.042,0.043,0.164,-0.018,
0.041,0.042,0.123,0,
0.196,0.212,0.263,0.002,
-0.092,-0.091,0.015,-0.23,
0.032,0.046,0.181,-0.051,
0.044,0.058,0.101,-0.056,
0.011,0.019,0.076,-0.153,
-0.056,-0.046,0.015,-0.13,
0.124,0.125,0.151,0.088,
0.106,0.104,0.178,-0.012,
0.053,0.052,0.118,-0.071,
-0.136,-0.145,-0.013,-0.19,
-0.023,-0.008,0.028,-0.154,
-0.056,-0.054,0.044,-0.12,
0.043,0.035,0.17,-0.017,
0.049,0.053,0.087,-0.054,
-0.022,-0.027,0.032,-0.051,
0.031,0.029,0.134,-0.02,
0.131,0.14,0.15,0.092,
-0.092,-0.099,0.023,-0.139,
-0.031,-0.024,0.008,-0.085,
-0.035,-0.041,0.158,-0.125,
0.092,0.126,0.14,-0.051,
-0.039,-0.041,0.032,-0.13,
0.052,0.06,0.116,-0.057,
0.069,0.095,0.134,-0.07,
0.104,0.12,0.155,0.019,
0.079,0.111,0.16,-0.096,
0.062,0.04,0.139,-0.031,
0.114,0.119,0.168,-0.016,
-0.059,-0.072,0.121,-0.142,
0.037,0.058,0.145,-0.059,
0.179,0.204,0.225,-0.022,
0.103,0.126,0.14,-0.051,
-0.057,-0.045,0,-0.157,
0.002,-0.01,0.16,-0.066,
0.054,0.054,0.139,-0.084,
-0.084,-0.084,0.002,-0.182,
-0.128,-0.125,-0.005,-0.227,
0.138,0.159,0.225,-0.082,
-0.067,-0.08,-0.013,-0.106,
0.068,0.081,0.136,-0.039,
0.06,0.074,0.163,-0.031,
0.059,0.076,0.093,-0.01,
0.071,0.081,0.137,-0.015,
0.074,0.095,0.114,0.003,
-0.061,-0.057,0.026,-0.152,
0.012,-0.011,0.156,-0.07,
0.051,0.05,0.193,-0.031,
0.104,0.12,0.168,-0.041,
-0.079,-0.077,0.019,-0.163,
-0.121,-0.133,0.032,-0.189,
0.086,0.104,0.147,-0.066,
0.069,0.072,0.124,-0.003,
-0.09,-0.119,0.04,-0.162,
-0.052,-0.073,0.16,-0.144,
0.052,0.034,0.143,-0.041,
0.063,0.052,0.14,-0.027,
-0.067,-0.073,0.015,-0.131,
0.001,0.006,0.059,-0.089,
0.09,0.122,0.147,-0.038,
0.086,0.092,0.143,0.018,
-0.021,-0.03,0.145,-0.136,
0.123,0.144,0.163,-0.06,
-0.059,-0.058,0.015,-0.118,
0.021,0.025,0.136,-0.041,
0.075,0.105,0.144,-0.038,
-0.017,-0.034,0.069,-0.034,
0.058,0.095,0.102,-0.055,
-0.001,-0.007,0.139,-0.065,
0.009,0.002,0.133,-0.113,
0.115,0.135,0.192,-0.053,
-0.03,-0.023,0.016,-0.09,
0.024,0.025,0.171,-0.069,
0.115,0.141,0.184,-0.024,
0.103,0.091,0.172,0.072,
-0.068,-0.08,0.07,-0.214,
-0.007,0.003,0.025,-0.072,
-0.028,-0.002,0.023,-0.127,
0.042,0.049,0.14,-0.05,
0.034,0.033,0.083,-0.043,
-0.037,-0.031,0.01,-0.113,
0.086,0.091,0.132,0.051,
0.144,0.206,0.22,-0.065,
-0.016,-0.011,0.038,-0.089,
0.076,0.078,0.156,0.003,
0.053,0.057,0.127,-0.02,
0.091,0.106,0.143,0.005,
-0.055,-0.041,0.001,-0.155,
-0.067,-0.077,0.004,-0.112,
0.045,0.052,0.164,-0.111,
0.003,0.003,0.162,-0.111,
0.074,0.072,0.134,0.02,
0.038,0.029,0.135,0,
0.119,0.148,0.173,-0.054,
0.095,0.115,0.117,0.031,
0.077,0.081,0.145,0.024,
-0.043,-0.066,0.052,-0.088,
0.082,0.093,0.158,-0.039,
-0.059,-0.072,0.042,-0.13,
-0.029,-0.046,0.165,-0.147,
0.04,0.036,0.111,-0.035,
-0.103,-0.104,-0.02,-0.187,
0.051,0.04,0.171,-0.018,
0.017,0.034,0.097,-0.083,
0.112,0.125,0.177,-0.054,
0.074,0.095,0.111,-0.068,
-0.038,-0.019,0.002,-0.132,
-0.104,-0.113,0.036,-0.17,
0.058,0.042,0.152,0.009,
0.101,0.114,0.149,0.006,
-0.071,-0.071,0.018,-0.131,
0.009,0.002,0.164,-0.066,
0.015,0.003,0.144,-0.07,
0.114,0.141,0.17,-0.031,
-0.029,-0.011,0.028,-0.101,
0.033,0.032,0.067,-0.033,
0.001,-0.006,0.171,-0.095,
0.106,0.123,0.16,-0.015,
-0.019,-0.01,0.044,-0.119,
0.049,0.036,0.157,0.027,
0.137,0.153,0.182,0.015,
0.136,0.175,0.182,-0.004,
0.125,0.149,0.17,-0.036,
0.111,0.132,0.205,-0.032,
0.108,0.13,0.15,-0.023,
-0.104,-0.098,-0.027,-0.213,
0.019,0.021,0.146,-0.095,
-0.058,-0.06,0.032,-0.097,
-0.019,-0.001,0.032,-0.115,
-0.09,-0.089,0.006,-0.218,
0.063,0.085,0.113,-0.056,
0.111,0.133,0.168,-0.072,
-0.06,-0.049,0.014,-0.121,
0.082,0.09,0.106,0.035,
0.095,0.1,0.157,0.001,
-0.103,-0.11,0.023,-0.206,
-0.061,-0.062,0.029,-0.124,
0.037,0.047,0.105,-0.097,
0.058,0.049,0.108,0.04,
0.048,0.059,0.139,-0.022,
-0.079,-0.077,0.029,-0.137,
-0.054,-0.041,-0.007,-0.145,
-0.019,-0.017,0.119,-0.148,
0.094,0.111,0.169,-0.05,
0.103,0.128,0.149,-0.056,
0.045,0.044,0.139,-0.03,
0.061,0.066,0.157,-0.023,
0.038,0.023,0.15,0.006,
0.12,0.166,0.19,-0.079,
-0.019,-0.011,0.032,-0.094,
0.065,0.081,0.156,-0.036,
0.104,0.116,0.16,-0.015,
0.005,0.014,0.047,-0.077,
0.031,0.036,0.143,-0.057,
0.114,0.141,0.159,-0.048,
-0.085,-0.077,-0.007,-0.158,
0.067,0.069,0.122,-0.003,
0.074,0.082,0.115,-0.032,
-0.027,-0.025,0.026,-0.088,
0.021,0.014,0.096,-0.064,
0.043,0.029,0.166,0.015,
0.074,0.072,0.138,0.002,
0.036,0.045,0.086,-0.067,
0.025,0.012,0.151,-0.043,
-0.004,-0.031,0.139,-0.057,
0.075,0.101,0.118,-0.025,
-0.105,-0.101,-0.016,-0.22,
-0.113,-0.107,-0.012,-0.165,
-0.009,-0.017,0.161,-0.136,
0.094,0.115,0.155,-0.025,
0.013,0.006,0.119,-0.076,
-0.08,-0.095,0.026,-0.129,
-0.051,-0.044,0.055,-0.113,
0.1,0.089,0.154,0.087,
0.139,0.163,0.204,-0.053,
-0.009,0.015,0.039,-0.087,
0.049,0.04,0.163,-0.061,
0.034,0.019,0.138,-0.012,
0.079,0.092,0.132,-0.055,
-0.088,-0.103,0.016,-0.144,
-0.031,-0.017,0.011,-0.092,
0.073,0.095,0.122,-0.098,
0.088,0.101,0.153,-0.048,
-0.035,-0.022,0.031,-0.171,
-0.035,-0.049,0.144,-0.131,
-0.008,0.018,0.127,-0.111,
0.046,0.046,0.129,0.002,
0.116,0.143,0.168,-0.06,
0.136,0.147,0.194,-0.028,
0.083,0.091,0.135,-0.051,
0.027,0.035,0.071,-0.056,
-0.042,-0.047,0.101,-0.119,
0.037,0.048,0.086,-0.077,
0.001,0.009,0.023,-0.026,
0.038,0.038,0.151,-0.014,
0.147,0.162,0.183,-0.007,
-0.076,-0.06,0.012,-0.174,
-0.039,-0.041,0.036,-0.102,
0.071,0.075,0.096,0.035,
0.093,0.094,0.158,-0.009,
0.106,0.119,0.179,-0.016,
0.019,0.025,0.036,-0.01,
-0.121,-0.141,0.022,-0.206,
0.02,0.003,0.139,-0.041,
0.061,0.058,0.182,0.009,
-0.054,-0.043,-0.001,-0.118,
-0.051,-0.027,-0.002,-0.122,
0.008,-0.009,0.12,-0.037,
-0.02,-0.038,0.175,-0.121,
0.054,0.066,0.132,-0.059,
0.003,0.013,0.023,-0.047,
0.04,0.048,0.155,-0.057,
0.05,0.07,0.118,-0.077,
0.104,0.119,0.156,-0.085,
0.058,0.036,0.157,0.034,
0.041,0.05,0.158,-0.063,
0.104,0.097,0.18,0.063,
-0.075,-0.082,0.02,-0.113,
-0.03,-0.035,0.06,-0.079,
0.074,0.086,0.151,-0.065,
0.078,0.079,0.167,-0.033,
0.027,0.021,0.144,-0.051,
0.065,0.079,0.134,-0.064,
-0.066,-0.049,0.044,-0.161,
-0.06,-0.066,0.028,-0.124,
0.033,0.028,0.18,-0.079,
0.143,0.193,0.233,-0.053,
0.113,0.132,0.15,-0.024,
0.008,0.022,0.05,-0.096,
-0.03,-0.05,0.156,-0.094,
0.124,0.137,0.165,-0.027,
-0.041,-0.048,0.013,-0.096,
0.07,0.079,0.12,0.002,
0.079,0.099,0.152,-0.03,
0.012,0.005,0.128,-0.029,
0.149,0.174,0.19,-0.035,
-0.041,-0.034,0.019,-0.155,
-0.029,-0.015,0.028,-0.104,
0.016,0.013,0.147,-0.078,
-0.027,-0.019,0,-0.094,
-0.019,-0.025,0.064,-0.083,
0.048,0.047,0.156,-0.034,
0.113,0.132,0.153,-0.044,
0.03,0.034,0.104,-0.046,
-0.072,-0.066,-0.007,-0.163,
-0.019,-0.008,0.046,-0.103,
0.005,-0.005,0.1,-0.053,
0.141,0.158,0.171,0.052,
-0.025,-0.023,0.006,-0.097,
0.058,0.052,0.18,-0.017,
-0.062,-0.074,0.018,-0.125,
0.019,0.026,0.141,-0.112,
0.13,0.143,0.216,-0.04,
0.141,0.163,0.166,-0.021,
-0.033,-0.03,0.003,-0.085,
0.067,0.05,0.158,0.033,
-0.009,0.007,0.148,-0.178,
0.066,0.078,0.102,-0.034,
-0.013,-0.018,0.042,-0.098,
-0.06,-0.035,-0.013,-0.207,
0.122,0.129,0.186,0.045,
0.165,0.189,0.206,-0.038,
-0.075,-0.079,0.039,-0.207,
0.069,0.061,0.173,0.015,
0.123,0.155,0.165,-0.009,
-0.03,-0.03,0.002,-0.067,
0.011,0.02,0.062,-0.038,
-0.079,-0.088,0.018,-0.111,
0.068,0.079,0.134,-0.094,
0.078,0.098,0.179,-0.052,
0.035,0.052,0.078,-0.103,
-0.137,-0.135,-0.023,-0.23,
0.073,0.072,0.144,0.039,
0.109,0.129,0.177,-0.03,
-0.039,-0.035,0.039,-0.1,
-0.074,-0.056,0.021,-0.158,
0.066,0.074,0.139,0.014,
0.05,0.054,0.119,-0.038,
0.095,0.108,0.146,-0.058,
-0.037,-0.035,0.025,-0.091,
-0.011,-0.011,0.138,-0.095,
0.067,0.068,0.148,-0.014,
0.053,0.046,0.135,0.02,
0.059,0.064,0.116,-0.025,
0.043,0.049,0.076,-0.026,
-0.028,-0.018,0.025,-0.111,
0.05,0.05,0.151,-0.011,
0.061,0.074,0.139,-0.052,
-0.011,-0.002,0.025,-0.104,
-0.035,-0.028,0.024,-0.115,
0.093,0.081,0.142,0.061,
0.127,0.172,0.181,-0.034,
0.117,0.164,0.172,-0.023,
0.067,0.079,0.166,-0.009,
0.037,0.043,0.106,-0.025,
-0.065,-0.06,-0.005,-0.116,
-0.042,-0.032,0.017,-0.115,
-0.032,-0.034,0.028,-0.098,
0.031,0.028,0.163,-0.039,
0.075,0.085,0.099,0.034,
0.052,0.043,0.103,0.012,
0.088,0.083,0.183,-0.033,
-0.023,-0.021,-0.003,-0.044,
0.104,0.133,0.146,-0.008,
0.074,0.069,0.131,-0.036,
0.094,0.105,0.139,-0.05,
0.028,0.02,0.174,-0.118,
0.074,0.084,0.162,0.011,
0.092,0.122,0.146,-0.032,
-0.069,-0.077,0.042,-0.159,
0.041,0.032,0.183,-0.017,
0.058,0.059,0.128,-0.009,
0.053,0.072,0.076,-0.023,
-0.108,-0.111,0.008,-0.157,
0.141,0.136,0.183,0.034,
-0.045,-0.045,0.022,-0.097,
-0.023,-0.022,0.047,-0.107,
0.086,0.097,0.177,-0.065,
0.092,0.108,0.141,-0.069,
0.02,0.02,0.067,-0.04,
-0.019,-0.01,-0.005,-0.051,
-0.018,-0.022,0.155,-0.114,
0.049,0.04,0.155,-0.046,
-0.09,-0.098,0.003,-0.132,
0.094,0.084,0.209,0.069,
0.129,0.148,0.183,-0.065,
-0.104,-0.114,0.004,-0.168,
-0.054,-0.064,0.024,-0.141,
-0.159,-0.19,0.026,-0.221,
0.085,0.088,0.168,-0.057,
-0.009,-0.028,0.181,-0.104,
0.025,0.025,0.07,-0.023,
-0.123,-0.128,0.016,-0.194,
0.003,0.002,0.148,-0.092,
0.167,0.193,0.234,0.003,
0.043,0.051,0.08,-0.021,
-0.128,-0.131,0.039,-0.227,
0.03,0.017,0.185,-0.061,
0.028,0.03,0.142,-0.058,
-0.059,-0.062,0.048,-0.136,
-0.004,0.02,0.069,-0.096,
0.016,0.021,0.114,-0.074,
0.143,0.181,0.183,-0.032,
0.102,0.117,0.149,0.006,
0.113,0.127,0.137,0.044,
0.078,0.079,0.151,0.03,
-0.094,-0.096,-0.014,-0.19,
0.049,0.05,0.131,-0.022,
0.046,0.064,0.112,-0.029,
0.125,0.165,0.187,-0.016,
-0.021,0.001,0.03,-0.112,
0.019,0.021,0.116,-0.036,
0.082,0.095,0.128,-0.042,
-0.04,-0.041,0.012,-0.1,
0.078,0.076,0.127,0.032,
0.014,0.019,0.152,-0.105,
0.11,0.142,0.176,-0.078,
0.159,0.172,0.222,-0.055,
-0.004,0.033,0.046,-0.105,
0.019,-0.003,0.139,-0.029,
0.103,0.113,0.158,-0.024,
-0.046,-0.038,0.036,-0.167,
-0.032,-0.033,0.05,-0.13,
0.051,0.052,0.131,0.003,
0.04,0.041,0.14,-0.048,
0.013,0,0.124,-0.072,
-0.094,-0.085,0.026,-0.215,
-0.086,-0.087,-0.002,-0.181,
0.002,-0.009,0.129,-0.084,
0.161,0.177,0.209,-0.03,
-0.024,-0.043,0.037,-0.077,
0.088,0.083,0.173,0.063,
0.043,0.05,0.095,-0.036,
0.094,0.116,0.156,-0.032,
-0.162,-0.186,0.008,-0.216,
0.005,-0.007,0.134,-0.091,
0.137,0.145,0.175,0.078,
0.045,0.046,0.122,-0.033,
0.048,0.051,0.149,-0.059,
0.136,0.157,0.214,-0.029,
0.059,0.079,0.094,-0.012,
0.024,0.038,0.062,-0.034,
-0.007,0.019,0.111,-0.131,
0.099,0.108,0.162,-0.048,
-0.016,-0.012,0.02,-0.073,
0.046,0.053,0.14,-0.017,
0.108,0.128,0.139,0.009,
-0.059,-0.06,0.018,-0.114,
0.02,0.024,0.061,-0.066,
-0.049,-0.032,0.008,-0.182,
-0.012,-0.016,0.142,-0.094,
0.04,0.042,0.13,-0.102,
-0.01,-0.011,0.044,-0.079,
0.002,0.017,0.126,-0.15,
0.011,0.009,0.162,-0.063,
0.044,0.077,0.094,-0.061,
0.097,0.105,0.15,-0.027,
-0.08,-0.085,0.058,-0.18,
0.067,0.087,0.121,-0.016,
0.048,0.057,0.133,-0.061,
0.003,0.011,0.075,-0.079,
-0.079,-0.076,0.028,-0.149,
0.058,0.066,0.115,-0.005,
0.037,0.029,0.126,-0.047,
-0.08,-0.079,-0.012,-0.141,
-0.069,-0.06,0.014,-0.125,
0.028,0.024,0.081,-0.029,
0.113,0.14,0.159,-0.052,
0.082,0.113,0.139,-0.02,
-0.121,-0.129,0.02,-0.209,
0.009,0.009,0.063,-0.07,
-0.055,-0.037,-0.003,-0.125,
-0.057,-0.07,0.033,-0.135,
0.122,0.151,0.17,-0.009,
0.135,0.15,0.175,-0.007,
-0.021,-0.04,0.143,-0.07,
0.049,0.042,0.144,-0.025,
0.147,0.178,0.187,-0.014,
-0.087,-0.069,-0.005,-0.228,
-0.003,0.006,0.054,-0.09,
0.039,0.046,0.156,-0.068,
0.111,0.14,0.153,-0.062,
-0.072,-0.075,-0.005,-0.132,
0.034,0.04,0.111,-0.063,
-0.005,-0.012,0.141,-0.082,
0.159,0.168,0.265,-0.091,
0.114,0.142,0.149,-0.055,
0.084,0.104,0.144,-0.044,
0.034,0.046,0.178,-0.09,
0.018,0.019,0.138,-0.053,
0.099,0.121,0.134,-0.046,
-0.12,-0.126,0.025,-0.198,
0.005,-0.003,0.075,-0.031,
0.055,0.057,0.134,-0.011,
0.124,0.143,0.198,-0.026,
0.037,0.066,0.113,-0.074,
0.088,0.081,0.161,0.051,
0.046,0.055,0.141,-0.032,
0.064,0.102,0.159,-0.085,
-0.118,-0.118,0.033,-0.216,
0.006,0.012,0.159,-0.159,
0.138,0.16,0.192,-0.036,
-0.063,-0.059,0.024,-0.159,
-0.008,-0,0.134,-0.108,
0.089,0.098,0.165,-0.062,
-0.112,-0.11,0.006,-0.187,
0.008,-0.009,0.161,-0.029,
0.049,0.052,0.11,-0.045,
0.15,0.177,0.188,-0.011,
-0.06,-0.069,-0.018,-0.136,
-0.055,-0.042,0.024,-0.128,
0.097,0.108,0.129,-0.006,
0.101,0.126,0.157,-0.091,
-0.038,-0.029,0.02,-0.123,
0.087,0.089,0.15,0.026,
0.049,0.058,0.211,-0.097,
-0.05,-0.037,0.02,-0.129,
0.003,0.004,0.045,-0.028,
-0.037,-0.032,0.035,-0.104,
0.037,0.024,0.149,-0.003,
0.005,-0.009,0.143,-0.123,
0.119,0.15,0.173,-0.057,
0.034,0.045,0.071,-0.037,
0.003,0.025,0.131,-0.127,
0.048,0.055,0.102,-0.025,
0.099,0.11,0.157,0.003,
-0.075,-0.084,0.05,-0.136,
0.072,0.067,0.139,0.032,
0.081,0.085,0.113,0.029,
-0.017,-0.028,0.034,-0.064,
-0.027,-0.033,0.024,-0.082,
0.133,0.138,0.225,-0.028,
0.072,0.084,0.165,-0.036,
0.088,0.102,0.154,-0.026,
-0.026,-0.03,0.04,-0.082,
-0.049,-0.042,0.037,-0.116,
-0.143,-0.155,0.047,-0.245,
-0.021,-0.025,0.039,-0.057,
0.131,0.15,0.195,-0.046,
0.068,0.061,0.127,-0.003,
-0.101,-0.107,-0.037,-0.141,
0.047,0.046,0.155,-0.037,
0.102,0.106,0.182,-0.083,
0.015,0,0.13,-0.037,
0.055,0.056,0.121,0.002,
0.028,0.024,0.198,-0.104,
0.081,0.085,0.161,-0.032,
-0.082,-0.08,0.005,-0.147,
-0.087,-0.086,0.016,-0.156,
0.049,0.064,0.145,-0.07,
0.065,0.071,0.12,0.022,
0.084,0.124,0.132,-0.031,
0.072,0.083,0.129,-0.008,
0.039,0.042,0.161,-0.028,
0.05,0.055,0.14,-0.034,
0.076,0.079,0.164,-0.017,
0.065,0.072,0.136,-0.04,
-0.063,-0.065,0.006,-0.128,
0.032,0.04,0.13,-0.024,
0.094,0.104,0.136,-0.021,
0.004,0.011,0.048,-0.062,
0.047,0.058,0.139,-0.06,
0.067,0.102,0.166,-0.036,
0.076,0.092,0.112,-0.02,
-0.043,-0.038,0.016,-0.098,
0.108,0.093,0.198,0.047,
-0.055,-0.056,0.031,-0.123,
-0.069,-0.062,0.025,-0.173,
0.113,0.15,0.185,-0.082,
0.129,0.173,0.176,-0.072,
-0.078,-0.096,0.053,-0.141,
0.067,0.07,0.178,-0.03,
-0.03,-0.03,0.157,-0.129,
0.012,0.02,0.052,-0.053,
-0.006,-0.016,0.144,-0.055,
0.019,0.007,0.16,-0.036,
0.048,0.051,0.113,0.006,
0.117,0.133,0.175,-0.027,
0.007,0.017,0.025,-0.047,
-0.037,-0.04,0.154,-0.102,
0.09,0.119,0.131,-0.058,
-0.025,-0.004,0.037,-0.133,
0.074,0.098,0.143,-0.033,
0.036,0.052,0.143,-0.082,
0.097,0.11,0.287,-0.028,
0.064,0.073,0.155,-0.021,
0.126,0.154,0.154,-0.056,
-0.118,-0.119,0.009,-0.224,
0.034,0.037,0.129,-0.052,
0.104,0.128,0.133,-0.057,
0.009,0.02,0.028,-0.027,
-0.035,-0.042,0.036,-0.065,
0.066,0.075,0.127,0.02,
0.133,0.153,0.201,-0.016,
0.152,0.19,0.219,-0.044,
0.027,0.036,0.136,-0.096,
0.015,0.026,0.142,-0.056,
0.127,0.153,0.196,-0.045,
0.039,0.032,0.177,-0.003,
0.116,0.141,0.15,-0.006,
0.043,0.067,0.069,-0.034,
-0.05,-0.038,0.023,-0.141,
-0.001,-0.002,0.153,-0.085,
0.048,0.059,0.088,-0.017,
-0.044,-0.045,-0.003,-0.065,
-0.038,-0.033,0.002,-0.064,
0.045,0.051,0.123,-0.015,
0.127,0.162,0.187,-0.056,
-0.091,-0.094,0.017,-0.151,
0.086,0.067,0.195,0.038,
0.104,0.137,0.138,-0.037,
0.103,0.128,0.131,-0.03,
-0.065,-0.053,-0.018,-0.122,
-0.015,-0.004,0.015,-0.088,
0.04,0.034,0.174,-0.027,
0.043,0.04,0.147,-0.003,
0.089,0.118,0.123,-0.025,
-0.039,-0.031,0.035,-0.134,
0.04,0.038,0.136,-0.031,
0.115,0.142,0.167,-0.077,
0.107,0.134,0.137,-0.041,
0.133,0.161,0.175,-0.074,
0.061,0.06,0.11,0.025,
0.018,0.026,0.167,-0.089,
0.095,0.135,0.146,0.003,
-0.006,-0.02,0.075,-0.034,
-0.014,-0.027,0.121,-0.074,
0.112,0.137,0.152,-0.014,
-0.144,-0.14,-0.002,-0.235,
-0.052,-0.057,0.028,-0.114,
0.145,0.174,0.178,-0.039,
-0.072,-0.061,0.001,-0.148,
0.068,0.075,0.157,-0.012,
0.147,0.172,0.196,-0.03,
0.028,0.048,0.077,-0.153,
-0.046,-0.026,0.01,-0.128,
-0.1,-0.093,-0.009,-0.171,
0.071,0.086,0.107,0.028,
0.173,0.203,0.206,-0.007,
0.095,0.093,0.192,0.046,
0.04,0.026,0.15,-0.007,
0.054,0.049,0.151,0.016,
-0.02,-0.005,0.035,-0.133,
-0.085,-0.071,0.008,-0.189,
0.028,0.037,0.15,-0.056,
0.147,0.189,0.194,-0.077,
0.005,0.021,0.179,-0.165,
0.118,0.142,0.161,-0.041,
-0.099,-0.102,0.004,-0.157,
0.083,0.092,0.138,-0.027,
0.066,0.067,0.139,-0.076,
0.061,0.075,0.118,-0.053,
-0.038,-0.045,0.133,-0.139,
0.064,0.077,0.112,-0.013,
0.087,0.117,0.127,-0.029,
-0.089,-0.114,0.093,-0.159,
0.011,0.011,0.023,-0.008,
-0.04,-0.037,0.118,-0.235,
0.08,0.103,0.145,-0.06,
-0.059,-0.058,0.028,-0.115,
0.013,0.016,0.044,-0.039,
0.004,0.005,0.169,-0.098,
-0.051,-0.043,-0.004,-0.102,
0.046,0.054,0.163,-0.055,
0.014,0.037,0.044,-0.054,
0.09,0.101,0.153,-0.037,
-0.034,-0.038,0.007,-0.089,
0.026,0.02,0.143,-0.022,
0.103,0.121,0.163,-0.04,
-0.082,-0.08,-0.001,-0.137,
0.026,0.025,0.155,-0.036,
0.039,0.041,0.116,0.005,
0.036,0.045,0.089,-0.024,
-0.065,-0.06,-0.023,-0.118,
-0.051,-0.056,0.027,-0.133,
0.065,0.075,0.129,-0.054,
0.124,0.143,0.205,-0.025,
0.022,0.02,0.037,0,
0,0.011,0.043,-0.057,
-0.007,0.013,0.123,-0.143,
0.052,0.068,0.127,-0.106,
0.045,0.032,0.118,-0.024,
0.141,0.181,0.196,-0.084,
0.009,-0.014,0.148,-0.071,
0.046,0.049,0.116,-0.012,
0.07,0.081,0.18,-0.049,
-0.015,0.017,0.019,-0.122,
0.035,0.041,0.112,-0.03,
0.13,0.144,0.16,0.008,
0.128,0.14,0.161,-0.015,
-0.046,-0.06,0.039,-0.085,
-0.03,-0.035,0.106,-0.118,
0.017,0.007,0.161,-0.024,
-0.099,-0.107,0.046,-0.153,
0.031,0.031,0.129,-0.047,
0.041,0.053,0.081,-0.021,
-0.024,-0.022,0.033,-0.076,
-0.06,-0.054,-0.016,-0.133,
0.011,0.007,0.163,-0.063,
0.11,0.14,0.161,-0.028,
-0.079,-0.071,0.047,-0.183,
0.053,0.056,0.165,-0.047,
0.102,0.125,0.147,-0.048,
0.128,0.157,0.159,-0.049,
-0.039,-0.037,0.029,-0.086,
0.03,0.022,0.143,-0.07,
0.038,0.054,0.136,-0.104,
-0.018,-0.007,0.017,-0.067,
-0.018,-0.037,0.1,-0.069,
-0.033,-0.047,0.136,-0.067,
0.069,0.069,0.16,0.01,
0.114,0.144,0.154,-0.019,
0.086,0.073,0.196,-0.039,
-0.05,-0.04,0.018,-0.179,
0.004,0.009,0.098,-0.114,
0.116,0.141,0.168,-0.027,
0.09,0.108,0.122,-0.038,
-0.052,-0.052,-0.017,-0.095,
0.091,0.097,0.151,0.01,
0.007,0.009,0.078,-0.114,
-0.029,-0.01,0.021,-0.111,
-0.08,-0.078,-0.02,-0.175,
0.052,0.062,0.117,-0.057,
0.11,0.139,0.165,-0.083,
0.118,0.142,0.157,-0.044,
-0.011,-0.013,0.1,-0.084,
-0.057,-0.045,-0.004,-0.141,
-0.026,-0.02,0.052,-0.105,
0.032,0.033,0.16,-0.079,
0.115,0.136,0.173,-0.013,
-0.089,-0.093,0.031,-0.167,
0.065,0.073,0.178,-0.056,
0.091,0.097,0.151,0.037,
-0.012,-0.018,0.11,-0.085,
-0.05,-0.038,0.032,-0.12,
-0.057,-0.052,0.003,-0.122,
0.066,0.062,0.16,0.003,
0.15,0.179,0.189,-0.044,
-0.085,-0.087,0.013,-0.134,
0.018,0.017,0.146,-0.059,
0.141,0.167,0.216,-0.113,
0.123,0.151,0.151,-0.065,
0.076,0.099,0.128,-0.046,
0.066,0.075,0.157,-0.072,
0.048,0.052,0.139,0,
0.088,0.076,0.139,0.075,
0.038,0.053,0.07,-0.082,
0.011,0.029,0.04,-0.06,
0.067,0.083,0.152,-0.059,
0.08,0.09,0.116,0.004,
0.004,0.011,0.062,-0.129,
-0.049,-0.046,0.018,-0.103,
-0.105,-0.095,0.043,-0.205,
0.075,0.045,0.224,-0.052,
0.077,0.091,0.101,-0.005,
-0.066,-0.064,0.041,-0.121,
0.022,0.019,0.178,-0.073,
0.102,0.131,0.148,-0.055,
-0.018,-0.009,0.018,-0.094,
-0.044,-0.053,0.13,-0.136,
0.066,0.083,0.155,-0.054,
-0.062,-0.06,-0.015,-0.115,
0.072,0.058,0.261,-0.029,
0.015,0.018,0.154,-0.086,
-0.034,-0.027,0.012,-0.136,
-0.095,-0.103,0.019,-0.167,
0.088,0.087,0.127,0.069,
0.107,0.123,0.159,-0.004,
0.131,0.151,0.204,-0.057,
-0.093,-0.086,-0.001,-0.174,
0.082,0.076,0.172,0.056,
0.103,0.113,0.133,-0.033,
0.093,0.117,0.117,-0.007,
-0.03,-0.02,0.025,-0.12,
-0.054,-0.059,0.071,-0.122,
-0.008,-0.019,0.16,-0.084,
0.051,0.027,0.159,-0.028,
0.065,0.095,0.105,-0.04,
-0.063,-0.042,-0.002,-0.242,
0.074,0.075,0.147,0.02,
0.102,0.143,0.187,-0.034,
0.11,0.133,0.149,-0.053,
-0.041,-0.035,0.022,-0.103,
-0.04,-0.042,0.14,-0.163,
0.038,0.05,0.107,-0.06,
-0.103,-0.078,0.03,-0.214,
0.048,0.055,0.136,-0.032,
0.048,0.043,0.147,0,
0.03,0.03,0.071,-0.03,
0.077,0.097,0.141,-0.067,
0.115,0.13,0.15,0.011,
-0.011,-0.019,0.103,-0.144,
-0.082,-0.096,0.011,-0.136,
0.066,0.065,0.137,-0.033,
0.036,0.03,0.129,-0.04,
0.013,0.009,0.1,-0.085,
-0.058,-0.053,0.01,-0.143,
-0.003,0.001,0.163,-0.214,
0.186,0.21,0.231,-0.025,
-0.008,0.003,0.008,-0.095,
0.028,0.024,0.146,-0.028,
-0.013,-0.015,0.091,-0.094,
0.083,0.102,0.117,-0.04,
-0.078,-0.081,0.036,-0.198,
-0.042,-0.032,0.018,-0.094,
0.075,0.085,0.126,-0.036,
0.076,0.092,0.152,0.003,
0.097,0.123,0.135,-0.051,
-0.07,-0.074,0.043,-0.141,
0.054,0.051,0.152,-0.016,
0.079,0.1,0.143,-0.013,
0.109,0.13,0.133,-0.046,
0.074,0.064,0.15,-0.052,
0.033,0.022,0.155,0.003,
0.011,-0.003,0.133,-0.056,
-0.052,-0.03,-0.017,-0.147,
-0.045,-0.048,0.034,-0.088,
-0.133,-0.163,0.04,-0.193,
0.083,0.086,0.115,0.03,
0.152,0.179,0.197,-0.038,
-0.059,-0.047,0.007,-0.184,
-0.003,-0.023,0.158,-0.093,
-0.038,-0.03,0.01,-0.113,
0,-0.001,0.121,-0.07,
0.022,0.007,0.178,-0.103,
0.131,0.152,0.198,-0.063,
-0.024,-0.027,0.023,-0.071,
0.015,0.01,0.12,-0.039,
-0.007,-0.008,0.118,-0.073,
0.112,0.133,0.158,-0.055,
-0.085,-0.09,0.039,-0.138,
0.025,0.02,0.14,-0.112,
0.088,0.095,0.157,-0.041,
0.127,0.149,0.175,-0.03,
-0.029,-0.048,0.043,-0.106,
0.031,0.041,0.11,-0.076,
0.008,0.012,0.154,-0.115,
-0.009,-0.007,0.038,-0.108,
0.047,0.067,0.076,-0.033,
-0.055,-0.059,0.005,-0.09,
0.059,0.054,0.159,0.029,
0.128,0.162,0.172,-0.022,
-0.107,-0.124,0.024,-0.147,
-0.026,-0.028,0.065,-0.106,
0.03,0.033,0.055,0,
0.115,0.159,0.177,-0.05,
0.122,0.144,0.165,-0.03,
0.056,0.061,0.109,0.006,
0.102,0.117,0.138,0.034,
0.096,0.106,0.155,-0.025,
-0.1,-0.11,0.057,-0.203,
-0.102,-0.101,0.003,-0.148,
0.057,0.044,0.164,0.003,
0.121,0.151,0.161,-0.061,
-0.011,0.003,0.153,-0.104,
0.032,0.03,0.143,-0.079,
-0.09,-0.076,-0.007,-0.153,
-0.136,-0.149,0.029,-0.207,
0.095,0.092,0.198,0.027,
0.123,0.153,0.178,-0.086,
-0.071,-0.063,-0.003,-0.152,
0.095,0.087,0.162,0.065,
0.067,0.067,0.109,0.017,
0.059,0.078,0.131,-0.105,
0.06,0.074,0.153,-0.029,
-0.05,-0.03,0.017,-0.113,
0.059,0.051,0.148,0,
0.13,0.14,0.168,-0.023,
-0.019,-0.016,0.078,-0.117,
0.061,0.079,0.138,-0.041,
-0.075,-0.079,0.031,-0.177,
0.135,0.154,0.174,-0.031,
0.105,0.131,0.163,-0.08,
0.11,0.135,0.14,-0.032,
-0.035,-0.036,0.009,-0.084,
0.011,0.031,0.16,-0.104,
0.113,0.155,0.176,-0.03,
0.035,0.038,0.068,-0.018,
0.08,0.075,0.149,-0.008,
0.152,0.125,0.235,0.08,
0.074,0.1,0.131,-0.012,
0.013,0.022,0.049,-0.072,
0.065,0.058,0.169,0.035,
0.061,0.083,0.114,-0.085,
0.061,0.072,0.153,-0.037,
-0.084,-0.081,0.018,-0.14,
-0.024,-0.014,0.022,-0.101,
-0.005,-0.009,0.045,-0.042,
-0.101,-0.103,-0.032,-0.172,
0.067,0.07,0.141,0.023,
0.096,0.132,0.145,-0.05,
-0.13,-0.148,0.053,-0.209,
0.063,0.068,0.101,0,
0.065,0.063,0.159,0.006,
0.118,0.14,0.164,-0.048,
-0.014,-0.019,0.06,-0.063,
0.047,0.04,0.143,-0.028,
0.037,0.043,0.064,-0.043,
-0.011,0,0.055,-0.077,
0.052,0.049,0.172,-0.003,
0.001,-0.011,0.14,-0.038,
-0.026,-0.037,0.119,-0.068,
0.083,0.102,0.133,-0.031,
0.009,0.005,0.113,-0.102,
-0.067,-0.054,0.014,-0.146,
0.007,0.019,0.135,-0.074,
0.08,0.099,0.117,-0.038,
-0.115,-0.106,0.011,-0.195,
0.035,0.035,0.152,-0.032,
0.003,0.011,0.059,-0.068,
0.074,0.09,0.149,-0.044,
0.083,0.11,0.126,-0.059,
-0.05,-0.037,-0.019,-0.094,
0.093,0.103,0.16,-0.006,
0.112,0.13,0.152,-0.025,
-0.008,-0.007,0.11,-0.071,
0.027,0.018,0.14,-0.009,
0.014,0.02,0.163,-0.057,
-0.116,-0.122,-0.009,-0.177,
-0.004,-0.014,0.13,-0.035,
0.078,0.104,0.12,-0.029,
-0.059,-0.056,0.01,-0.128,
-0.002,-0.005,0.113,-0.062,
0.041,0.03,0.165,0.005,
-0.022,-0.022,0.122,-0.1,
-0.029,-0,0.018,-0.18,
-0.068,-0.046,-0.024,-0.22,
0.176,0.209,0.211,-0.04,
0.13,0.159,0.167,-0.059,
-0.076,-0.069,0.002,-0.148,
0.056,0.036,0.152,-0.056,
-0.023,-0.014,0.157,-0.212,
0.155,0.176,0.2,-0.062,
-0.038,-0.028,0.041,-0.108,
0.085,0.116,0.13,-0.045,
-0.032,-0.016,0.005,-0.095,
0.018,0.029,0.155,-0.108,
0.073,0.09,0.126,0.005,
0.009,0.031,0.07,-0.101,
-0.048,-0.058,0.013,-0.082,
0.102,0.118,0.123,0.027,
0.068,0.074,0.129,-0.013,
-0.059,-0.056,0.017,-0.173,
0.087,0.094,0.123,0.031,
0.039,0.035,0.169,-0.019,
0.017,0.036,0.081,-0.085,
-0.121,-0.129,0.031,-0.236,
0.066,0.058,0.187,0.025,
0.143,0.161,0.184,-0.034,
0.115,0.134,0.164,-0.057,
0.053,0.054,0.122,0.009,
0.082,0.111,0.165,-0.091,
-0.132,-0.136,0.022,-0.216,
0.074,0.082,0.134,-0.006,
0.089,0.11,0.139,-0.011,
0.046,0.074,0.127,-0.075,
0.012,0.015,0.056,-0.06,
0.042,0.04,0.118,-0.008,
0.085,0.091,0.118,0.026,
0.045,0.046,0.08,0.003,
-0.038,-0.01,0.011,-0.121,
0.029,0.009,0.151,-0.113,
0.033,0.04,0.094,-0.071,
0.107,0.14,0.156,-0.032,
-0.099,-0.105,0.021,-0.202,
0.048,0.044,0.146,0.006,
-0.065,-0.052,0.013,-0.151,
0.098,0.124,0.155,-0.059,
0.053,0.05,0.17,-0.041,
-0.089,-0.089,0.03,-0.139,
-0.002,-0.012,0.149,-0.088,
0.005,-0.01,0.156,-0.063,
-0.01,-0.008,0.032,-0.069,
-0.033,-0.033,0.037,-0.153,
0.078,0.078,0.154,0.026,
0.089,0.112,0.132,-0.06,
0.118,0.138,0.218,-0.065,
0.071,0.069,0.144,0.006,
-0.037,-0.045,0.125,-0.116,
0.104,0.13,0.173,-0.07,
-0.069,-0.062,0.017,-0.197,
-0.073,-0.06,-0.011,-0.161,
0.102,0.114,0.162,-0.025,
0.042,0.044,0.097,0.013,
0.063,0.056,0.163,0.006,
0.04,0.053,0.101,-0.018,
0.084,0.122,0.132,-0.007,
-0.019,-0.019,0.03,-0.085,
-0.025,-0.031,0.146,-0.104,
0.113,0.126,0.179,-0.011,
-0.064,-0.074,0.025,-0.148,
0.024,0.013,0.14,-0.003,
0.092,0.084,0.191,0.046,
0.121,0.16,0.199,-0.037,
-0.103,-0.104,-0.036,-0.162,
0,-0.02,0.15,-0.047,
0.021,0.027,0.143,-0.082,
0.116,0.16,0.171,-0.074,
0.11,0.122,0.146,0.003,
0.024,0.033,0.056,-0.023,
-0.097,-0.104,0.005,-0.161,
0.045,0.052,0.095,-0.04,
0.103,0.137,0.168,-0.072,
-0.076,-0.079,0.056,-0.154,
-0.173,-0.185,-0.015,-0.264,
0.086,0.086,0.164,0.017,
0.069,0.079,0.124,-0.032,
-0.101,-0.111,0.049,-0.158,
-0.012,-0.035,0.129,-0.143,
0.061,0.072,0.144,-0.031,
-0.009,-0.003,0.041,-0.11,
-0.133,-0.144,0.002,-0.196,
-0.035,-0.057,0.052,-0.122,
0.079,0.089,0.111,-0.008,
-0.048,-0.054,0.135,-0.147,
0.07,0.07,0.131,-0.009,
0.15,0.174,0.215,-0.062,
-0.039,-0.043,0.017,-0.089,
0.021,0.033,0.15,-0.105,
0.089,0.106,0.119,0.012,
0.146,0.164,0.192,-0.036,
-0.104,-0.079,-0.007,-0.236,
0.004,0.002,0.102,-0.085,
-0.023,-0.025,0.126,-0.123,
0.095,0.128,0.156,-0.068,
-0.039,-0.025,0.006,-0.12,
0.051,0.054,0.173,0,
0.141,0.163,0.18,0.002,
-0.042,-0.028,0.003,-0.142,
-0.057,-0.053,0.042,-0.157,




Further Data analysis of all test cases 
avg med max min 
AVGs,0.308,0.283,0.434,0.187,
MEDs,0.34,0.314,0.474,0.186,
MAXs,0.396,0.374,0.545,0.25,
MINs,0.01,0.017,0.156,-0.108,


AVGs,0.027,0.037,0.196,-0.173,
MEDs,0.033,0.037,0.212,-0.19,
MAXs,0.107,0.13,0.287,-0.037,
MINs,-0.069,-0.059,0.092,-0.264,



