

Data analysis for each instance 
AVG,MED,MAX,MIN
28391,23575,26646,22419,20645,21107,18408,19086,18482,19535,
18358,15960,14769,13047,13481,14015,15072,12866,14984,15445,
22724,19589,20954,19415,17538,18783,18790,16829,19613,17240,
15967,13909,12610,12817,12950,12532,13306,12552,13729,12395,
21262,19111,17895,15309,15393,18678,16918,16206,16955,15954,
15966,15173,11971,13182,14215,12878,13518,13759,12924,14138,
15231,12625,11984,11899,11509,11580,11021,10903,10501,12699,
13710,10592,10991,10678,10856,10360,10135,10752,10761,10720,
21477,18457,17399,19011,17339,16603,17053,19042,19131,18310,
16386,12356,14143,13466,13432,12212,13827,12843,12380,13359,
15800,14581,13050,10833,13804,13250,13549,12888,12059,12423,
15690,13225,12941,11648,11430,12051,11931,12733,12160,12314,
18321,15896,16270,15995,14409,15376,13415,16594,14139,14836,
16064,12567,12635,12647,12178,11840,13573,13187,13082,12665,
13245,11053,11361,9658,10972,9970,10625,10211,11320,10832,
21380,17346,14414,19463,14739,16270,17060,17302,15265,17640,
16210,13404,14304,12477,11859,14353,13457,12630,12480,13502,
16642,14835,12581,14260,13773,14365,14441,13508,12687,13619,
14369,11546,10858,10242,9236,12547,10274,11110,11169,10120,
12393,10707,8505,10076,8784,9359,9124,9408,8971,9037,
11358,9590,8460,7974,8204,8703,7539,8756,7669,7925,
16986,14348,12501,12353,11538,10711,11122,11658,11999,12088,
12626,12222,9652,8314,9933,9666,8945,9439,9345,9472,
14150,12157,10794,10699,11130,9447,10069,10125,10342,9979,
12234,9745,9485,8999,9320,7990,8481,10089,8567,9043,
11552,9345,8258,8651,8639,7688,8288,9077,8677,8517,
12037,11146,9403,7112,8529,8367,9411,8619,9556,9289,
11404,10280,9056,9967,9203,8668,8903,8542,8396,9795,
13735,11276,10255,9829,8979,8623,9283,9026,10827,10272,
13183,10670,10235,10333,10144,10030,9845,8726,10192,9592,
13022,11763,9008,9561,8373,9118,10661,9302,10197,9795,
10063,8020,8127,7136,7081,7527,6541,6861,7047,7021,
10840,8985,7921,7506,8440,8000,8451,8318,7998,6826,
11397,9166,8690,8995,8086,7981,8033,7986,8220,7936,
15608,14510,10707,11820,12730,11360,10609,11401,12925,11029,
13039,11441,8976,8950,10936,9830,9414,9786,9054,10286,
13701,10931,8619,8952,8871,8751,8824,9234,8768,8779,
10628,9836,8497,8393,7593,7310,7616,7418,7838,7745,
22226,13370,16267,15253,16419,13381,15569,15742,13888,12157,
12418,10839,9236,8779,8781,8455,9306,9193,9072,9038,
11579,9990,8019,8527,8437,8592,8034,9821,8517,8076,
12775,9800,8987,9458,8932,8686,8978,9339,9732,8693,
14871,12740,9709,11121,12664,10405,10282,11106,10729,11742,
12482,9685,9787,8927,8729,9504,8993,9153,9926,8705,
13097,10437,10853,9209,9271,9515,10179,10540,9127,9961,
11902,10466,8517,8820,9657,8817,8198,8836,8719,8465,
12855,11166,9285,9053,10020,9816,9328,10284,8859,10237,
14717,11825,11919,10274,11542,11052,9553,11134,9932,10185,
11043,9926,8548,7795,7858,7815,7455,8527,8586,8499,
14314,10741,10070,12492,9163,9600,9386,9169,10808,9841,
12076,10502,8069,8397,9037,8851,8356,8562,9151,8943,
13281,11701,10137,9993,10151,9509,9711,9674,10601,9725,
11470,10725,8414,8309,7829,8813,8698,7443,7948,8535,
12768,11778,10275,9386,9766,9747,8347,9584,8442,8874,
10640,8310,8455,8326,7908,7647,8117,7454,7293,7618,
12628,11850,9483,9224,9226,9643,8808,9134,9191,8957,
12661,10372,10284,9682,9499,10053,9455,9712,9955,9176,
10420,8060,7260,7018,7390,7338,7340,7259,7098,7773,
11552,9300,8438,8983,8549,8410,8633,8006,9267,8171,
14458,12917,12576,11274,9930,9895,9811,11004,9868,10392,
11497,9496,9135,8714,8708,7655,8778,8276,7993,8566,
14762,12809,10318,11538,9649,9573,10396,10370,11578,10259,
13533,10858,10881,9822,11458,9617,10216,10418,10683,9154,
12915,11020,10750,9631,8919,10216,10689,8668,9243,10643,
14755,14610,10855,12249,10589,10976,11439,10553,12620,10370,
12351,9064,9598,9518,8248,9388,9092,8251,9119,8293,
12445,10854,8377,9071,8994,9495,8726,8900,9900,8518,
14248,8664,8240,9354,7769,8738,12006,8374,12451,7143,
10341,8451,7436,6921,6890,7644,7534,7542,7163,8025,
13718,11227,10436,10027,11309,9530,9396,11935,9774,10037,
19991,15734,17226,15280,15134,12510,12158,17643,13044,15042,
15162,13111,10667,11408,11566,12033,11179,12203,10326,11536,
11242,8988,9590,7692,8843,7704,7916,7625,8366,7541,
12789,10673,9096,9908,8770,9041,9365,9211,9083,9273,
13467,11059,11486,9005,10264,8657,10296,10109,9875,8711,
17841,12053,13474,12491,13981,14059,11165,12127,13737,9322,
12506,11482,9021,9240,8853,8401,8563,9368,9657,8400,
10823,8693,7614,7342,7363,8184,7301,7650,7631,7774,
12644,10091,9662,9185,8625,9424,8210,8228,8248,8353,
12248,10762,9678,9004,8676,9176,7948,9082,8520,8192,
12190,10702,9623,9690,8835,8521,8986,8995,8725,7918,
11345,9759,9332,8015,9275,7969,7912,9188,8414,8208,
14656,12099,9324,9875,11864,9433,9879,9154,10937,10666,
11295,9654,8322,8626,7488,8504,8149,8906,8073,7771,
17616,15440,12721,12317,10621,11741,14381,12249,14400,12410,
17978,15188,11664,10422,14021,14152,11391,12225,11611,15524,
13111,12345,8972,9748,9384,8216,9218,8667,9807,9512,
14244,13393,10528,10419,9382,10471,10185,10771,10047,9276,
10362,8729,8084,7636,7684,7242,7303,7821,7414,6825,
12675,10694,11018,9667,8793,9264,9486,8928,9976,8947,
12255,9700,10011,8936,8816,9688,9072,8367,9229,9499,
21407,20323,15815,16538,12153,11245,17781,15985,15150,16406,
10534,9366,8229,7741,7707,7472,7640,7461,7269,7563,
12865,10197,9858,9233,10120,9118,10316,9408,9309,9280,
19743,14371,12707,11901,13350,14117,14013,15988,10593,14185,
14711,11747,12519,10767,11330,10494,10805,11416,10174,11674,
12573,9561,10245,9312,8102,8863,9169,9932,8906,8916,
10960,8574,8701,8931,8150,7798,7769,7900,7527,8104,
14916,12965,10327,11813,11054,10250,10918,9703,12323,10364,
11293,8268,8705,8020,8824,8303,7837,8280,8156,8534,
14537,13729,11406,9726,13112,10457,10592,10508,11262,10561,
12143,10156,9059,9050,8708,7965,8755,8612,8704,9144,
13268,12874,9993,10171,9808,10057,10207,10445,9648,9618,
11612,10349,8647,8372,8941,8648,8399,8631,9054,7797,
18307,14750,13232,12294,13951,12061,15308,12278,13397,12796,
13055,11052,10767,9404,9631,8678,10271,10648,8339,9889,
20548,16637,14446,14673,13318,15561,14048,16952,14637,15762,
12665,9433,9037,8428,8375,9064,9939,8593,8158,10306,
14793,11723,9634,11395,9659,9448,11707,10839,11101,10118,
11016,8119,8609,7749,8060,7772,7701,8259,7872,7854,
12731,10701,9468,9098,9171,8392,8622,9712,8507,9221,
12408,10000,9741,8584,9186,8832,9295,9368,8622,9879,
11748,9862,8623,8457,7949,8032,8590,8439,8375,8062,
18656,15807,13800,15230,14064,14079,13005,14113,11143,14836,
15390,12509,11233,10398,11524,11271,10852,11690,10744,10749,
12142,9355,8432,8253,9673,9169,7368,8921,8204,7844,
13274,11526,8485,10447,10036,10336,8657,9510,7949,8132,
12919,11702,10428,9327,10462,9530,8252,9953,8783,9495,
13528,10582,9568,9960,9266,9894,10405,9956,10308,9251,
11610,10321,9338,8456,8731,8819,9843,8831,8615,8761,
12618,11010,9963,9632,8832,7920,9667,9595,9566,9284,
11096,8503,8830,8177,7772,8402,8112,8464,8026,8247,
11093,9235,8072,8413,8006,7852,7489,7316,7389,8114,
13702,12983,10842,11049,10946,9601,9578,10155,9881,9015,
11515,9736,7941,7744,8593,7781,8287,8036,8269,8272,
12654,10993,9816,9825,9099,9126,9050,9727,9244,10090,
10422,9263,7840,7734,8296,7370,7245,7697,6998,8229,
13716,11176,9189,9517,9926,11421,8891,9786,8057,8892,
12805,10608,9469,8001,9433,9221,9398,10088,8198,9103,
12613,11326,10205,11429,9642,9988,9511,9552,10001,10570,
12662,9354,11108,9365,8602,8633,10061,9254,9296,8367,
13341,10799,10933,10451,9306,9712,10510,9093,9583,9212,
23812,22269,16555,14332,17486,15548,12475,15829,20839,15614,
14645,11669,9863,10228,9822,10265,11047,9851,10215,10404,
13470,12357,10340,10349,8651,10105,9738,9014,9706,9021,
17146,15461,12685,11492,10162,10361,12063,14253,12453,12153,
11935,10220,9206,8839,9504,8228,9375,8633,8868,8679,
12510,10558,9738,10212,9494,9401,8410,9213,9161,8485,
12675,10412,10434,9435,9946,9002,10020,8349,10354,7908,
11313,9118,9016,7808,8324,7933,7875,7816,7728,7850,
23543,17761,13916,17831,17639,14301,19784,13442,17832,14774,
15773,14773,13397,11261,11347,10376,12051,10855,11089,10331,
11209,9563,8756,7802,8461,7774,8006,8337,8935,7649,
13498,11911,9477,8438,10009,9604,9463,10312,10227,10033,
15756,14116,10906,11065,10801,10575,11040,12105,9358,11587,
12776,10361,10004,9136,8931,9768,9982,9149,9823,9969,
12853,11225,10650,9279,8790,9818,9373,8513,10089,10578,
13533,11122,10362,9600,9405,10464,9985,8816,9998,9998,
24745,18122,16490,18762,12560,20787,18731,16377,14868,17136,
10378,8403,7868,7352,7547,7291,7948,6977,7386,7429,
11473,9019,9016,8879,8499,8538,9316,8117,8896,8181,
15229,13241,11398,10671,11601,10330,10628,10584,11738,11263,
10700,8936,8002,7229,8434,7645,8277,7648,8100,7857,
16973,13149,11943,11458,9764,12092,11080,13376,11828,12265,
14230,10916,10804,11305,10643,10872,10251,9566,10074,10602,
11998,9161,8511,8514,8725,8386,8489,9259,8342,7810,
10198,8341,7523,8025,7905,7776,7165,7609,7182,7195,
11492,9738,8459,8219,8591,8200,8757,8492,8055,8364,
10629,7847,8734,7916,7670,7309,7425,8142,8194,7755,
10771,8722,7234,7504,6847,6433,8101,7662,7518,7344,
13414,10140,9828,8394,10192,9162,8369,7635,8183,7817,
12863,11455,9224,8298,9634,7815,9400,9325,9276,9146,
16771,12371,13185,12970,11181,13106,10287,10050,13963,12176,
13429,10557,10821,9015,9161,10618,9686,9949,9358,9506,
12717,12168,9042,9478,9453,8682,8618,9296,9130,9511,
17296,12443,11246,13864,11209,11830,12933,12474,9873,10153,
12859,10158,9596,9569,9285,8429,8933,8128,9466,9526,
13806,11295,9993,9627,10158,8639,10109,9952,10836,9145,
13862,11072,10968,9653,10299,10035,10321,10636,10754,10834,
10411,8913,7503,7369,6960,7090,7503,7704,7087,7743,
11695,10866,8473,8252,9117,8570,8850,8382,8030,8650,
13483,12450,9898,9522,10252,11716,10240,9742,9648,9931,
12073,9649,8418,8235,9303,8517,7920,9616,8857,8747,
14665,11913,12203,10939,11474,11452,11412,10178,10761,10244,
14861,10935,11668,9858,9291,9414,10369,11407,9715,10395,
10864,8820,8297,7277,7900,7662,7223,7182,7312,8007,
10448,8380,7717,7988,8020,7444,8060,8067,7131,6973,
15567,12404,10795,11940,10727,12847,10703,10880,11133,11760,
11872,9902,9419,8695,8791,8190,9074,8917,8641,9072,
13692,10441,10164,9980,9766,9131,8173,11749,8985,8708,
15026,14038,11582,10774,11440,8685,11210,10481,11441,11889,
12606,10505,10035,9906,9454,10041,8442,9378,9432,9332,
14908,12114,10331,11516,10455,10505,10306,9998,9402,10394,
10990,9737,8222,7894,7960,8012,7978,8210,8476,7854,
13436,10627,9473,9914,10210,10119,10513,9863,8701,9925,
12761,10086,9201,10132,9113,8608,9718,8815,9839,9225,
15888,14118,11442,12074,12586,11426,11715,11283,12449,12214,
13208,9999,9898,9941,9390,9360,8769,9101,10039,9585,
11522,9671,9030,8336,9126,8011,8353,8241,7355,10207,
13198,10826,10291,10213,10182,9861,10554,9217,9804,9289,
12957,10631,9383,8787,8716,9255,10007,10471,8869,8167,
14704,12663,9762,10327,10638,10561,10640,10451,10246,10774,
12082,9783,9492,8444,8620,7724,8619,8176,9504,8094,
13330,10926,10251,9364,9436,8915,11660,8780,10385,9150,
14049,13098,10494,10889,11098,9800,9950,9120,8577,11357,
12390,11163,9814,8770,9067,9274,9460,8405,9011,9819,
12774,11430,10093,8837,9071,9036,10341,10049,9510,9138,
13944,11697,10489,9519,11109,9570,10358,9705,10357,10004,
14428,14428,10574,10088,11313,9128,10730,9449,11067,11675,
14615,10368,11567,11005,11156,10761,10110,10744,10331,11449,
10736,8586,7949,7343,8125,8045,8157,8187,7235,7001,
14341,11186,11671,10716,10632,10292,10465,10859,10187,9795,
11286,9437,8343,7970,7948,8716,7642,8457,8341,7877,
12903,10729,9548,9471,9737,9478,8883,9183,10350,8819,
11520,9267,7723,8269,8948,8605,8453,8222,7884,7982,
10511,8617,7926,8119,7579,7782,7313,7860,7890,8297,
12598,11082,9150,9868,8946,9638,8820,8961,8965,9539,
14868,13211,11840,13535,9514,9531,10842,11630,9021,11819,
15511,12670,11772,10278,9939,11146,11323,11823,10660,11175,
11302,9297,8452,8091,8490,8128,7502,9037,7867,8063,
17695,15429,14341,14618,15649,13794,15678,14242,14321,15158,
17516,14455,12630,12665,14189,14341,13263,14658,13156,12371,
21077,16093,15940,15098,16471,17532,17173,16000,17629,16534,
20393,17375,16619,17844,13796,16091,17780,16731,14829,16469,
16406,13996,12489,10723,12776,13005,12196,12163,12308,13809,
13710,11356,11095,11123,10100,11114,10477,11250,10177,10571,
21256,18605,17996,18119,18294,14378,16088,18828,17037,18212,
14479,12502,12058,11496,11382,11337,11671,11443,11285,11103,
15523,12507,12016,12490,12098,12136,11332,12748,12922,13078,
15441,14257,11897,12508,12959,13236,12639,12788,11531,13207,
19582,16276,17639,16854,16594,15451,16277,16588,14775,16263,
16522,14999,12586,14690,12329,15812,13784,14447,12016,14606,
15451,13758,12021,12007,11952,12566,11460,11640,11372,13417,
18223,14542,13852,15654,14950,12865,13875,15097,14102,14528,
22537,15725,16301,17940,15016,15853,15215,16126,17431,20485,
22440,14947,17298,17867,17656,14471,18494,15762,18630,18443,
10435,9192,7418,7740,7798,7522,7718,7654,6791,6858,
17359,15019,13986,13387,13934,14477,13567,13819,13735,14644,
12154,9722,9044,9559,8299,9669,8628,10231,9477,9387,
11262,9658,8756,8064,8215,7577,8454,8587,8135,8026,
10778,8517,8872,7778,7867,7742,7465,7874,7852,7833,
12348,10743,9981,8587,9943,9620,8484,9056,10277,9108,
12397,9580,9887,8649,8984,8254,8732,9973,8677,8424,
13646,11424,9971,10042,8914,9248,10874,9108,10025,9726,
14030,11307,11408,11787,10965,11714,11467,11142,11573,11468,
18168,14970,14470,15224,14857,15939,14617,16457,15004,16419,
15452,13250,13316,12870,14359,11686,13037,13537,13544,11598,
25113,23894,19012,21948,22367,20501,18833,21068,19938,21797,
18536,16256,15910,15493,15084,16288,14857,14786,14320,13482,
17584,14956,14369,14144,14246,13789,12366,12741,13872,13958,
17788,15207,14947,13675,13586,14354,12297,12501,11746,11115,
18625,14202,13178,14534,15996,16716,15369,15414,13776,13275,
11778,9579,8861,8834,9879,8262,8496,9476,8594,8680,
15597,10845,12511,11462,11138,13317,11786,9675,11165,10969,
12850,9917,9850,8608,10692,8485,9372,9402,9328,9474,
13374,12208,10504,9352,10175,10032,10208,9038,9134,9920,
11832,10093,8461,8355,7602,8960,8126,8149,8535,7942,
20047,17551,16074,12489,14485,15945,13949,15293,14462,13871,
14110,11308,11345,10152,10616,10736,9739,9292,10529,9245,
12514,9855,9647,9138,8372,8893,9766,9323,8906,8881,
13343,11175,9603,10697,9628,8853,8987,10655,8959,9198,
12645,9713,9446,8903,8706,8663,8468,8440,9955,9715,
12555,10862,9344,8862,7885,8266,8810,7432,8443,9008,
10559,8443,8570,7950,7660,7922,8512,7486,7842,8204,
12568,10205,9554,8851,9520,8396,9565,8418,9119,9530,
11864,8835,9048,8814,9549,8001,8906,8236,9688,8340,
13001,10607,9046,8653,10533,9181,9049,9207,9282,9670,
11569,9989,9377,7880,8727,8753,8917,8089,9396,8263,
14207,11787,11150,9507,9900,10724,10744,10301,10022,10307,
15202,13138,12204,11759,10714,10024,12106,11215,9344,12094,
15002,12080,11554,10916,12632,11228,11396,10301,11927,11675,
10909,8937,9067,8198,8189,7695,7775,7552,8100,8605,
12719,12173,9701,9667,8446,9628,9136,10389,10245,8645,
13528,12154,9544,10191,9073,10419,10076,9533,10698,8944,
13177,10224,10628,9297,10265,10500,9018,9567,9752,10079,
11595,9829,9053,8496,8568,9863,8020,8607,9841,9792,
12060,9844,9170,8128,8060,8472,8747,9147,8934,8696,
13763,13044,10710,10354,11884,9884,10193,11453,9044,10382,
16210,15246,11557,11369,12127,11363,10314,12536,11973,11637,
15020,12581,12434,10369,11059,11676,10835,10473,10597,10259,
13835,10538,9222,8959,10206,9318,9251,10601,9873,9344,
13282,13282,10473,10667,9991,10755,10331,10126,8905,9442,
10550,7881,7904,8344,7877,7807,7646,7547,7881,8760,
12244,10591,8139,9067,9750,8367,8926,8059,7524,8451,
69080,69080,69080,69080,69080,69080,69080,69080,69080,69080,
47720,47720,47720,47720,47720,47720,47720,47720,47720,47720,
48184,48184,48184,48184,48184,48184,48184,48184,48184,48184,
49059,49059,48982,49059,49059,49059,49059,49059,49059,48982,
43195,43195,43195,43195,43195,43195,43195,43195,43195,43195,
72235,72235,72235,72235,72235,72235,72235,72235,72235,72235,
54805,54805,54805,54805,54805,54805,54805,54805,54805,54805,
42642,42642,42642,42642,42642,42642,42642,42642,42642,42642,
46575,46575,46575,46575,46575,46575,46575,46575,46575,46575,
57503,57503,57503,57503,57503,57503,57503,57503,57503,57503,
53567,53567,53567,53567,53567,53567,53567,53567,53567,53567,
53356,53356,53356,53356,53356,53356,53356,53356,53356,53356,
49332,49332,49332,49332,49332,49332,49332,49332,49332,49332,
77951,77951,77059,70685,77951,77951,77951,70751,77951,77951,
38261,38261,38261,38261,38261,38261,38261,38261,38261,38261,
46089,46089,46089,46089,46089,46089,46089,46089,46089,46089,
60290,60290,60290,60290,60290,60290,60290,60290,60290,60290,
50674,50674,50674,50674,50674,50674,50674,50674,50674,50674,
47086,47086,47086,47086,47086,47086,47086,47086,47086,47086,
53764,53764,53764,53764,53764,53764,53764,53764,53764,53764,
47252,47252,47252,47252,47252,47252,47252,47252,47252,47252,
47374,47374,47374,47374,47374,47374,47374,47374,47374,47374,
47364,47364,47364,47364,47364,47364,47364,47364,47364,47364,
54455,54455,54455,54455,54455,54455,54455,54455,54455,54455,
50667,50667,50667,50667,50667,50667,50667,50667,50667,50667,
46910,46910,46910,46910,46910,46910,46910,46910,46910,46910,
43787,43787,43787,43787,43787,43787,43787,43787,43787,43787,
52788,52788,52788,52788,52788,52788,52788,52788,52788,52788,
47655,47655,47655,47655,47655,47655,47655,47655,47655,47655,
63800,63800,63800,63800,63800,63800,63800,63800,63800,63800,
44488,44488,44488,44488,44488,44488,44488,44488,44488,44488,
52740,52740,52740,52740,52740,52740,52740,52740,52740,52740,
80131,80131,80131,80131,80131,80131,80131,80131,80131,80131,
50463,50463,50463,50463,50463,50463,50463,50463,50463,50463,
54612,54612,54612,54612,54612,54612,54612,54612,54612,54612,
59616,59616,59616,59616,59616,59616,59616,59616,59616,59616,
43827,43827,43827,43827,43826,43826,43827,43826,43826,43827,
55082,55082,55082,55082,55082,55082,55082,55082,55082,55082,
47943,47943,47943,47943,47943,47943,47943,47943,47943,47943,
48153,48153,48153,48153,48153,48153,48153,48153,48153,48153,
42006,42006,42006,42006,42006,42006,42006,42006,42006,42006,
47258,47258,47258,47258,47258,47258,47258,47258,47258,47258,
51939,51939,51939,51939,51939,51939,51939,51939,51939,51939,
51562,51562,51562,51562,51562,51562,51562,51562,51562,51562,
62849,62849,62849,62849,62849,62849,62849,62849,62849,62849,
49696,49696,49696,49696,49696,49696,49696,49696,49696,49696,
46854,46854,46854,46854,46854,46854,46854,46854,46854,46854,
42635,42635,42635,42635,42635,42635,42635,42635,42635,42635,
45794,45794,45794,45794,45794,45794,45794,45794,45794,45794,
48231,48231,48231,48231,48231,48231,48231,48231,48231,48231,
52200,52200,52200,52200,52200,52200,52200,52200,52200,52200,
61964,61964,61964,61964,61964,61964,61964,61964,61964,61964,
50398,50398,50398,50398,50398,50398,50398,50398,50398,50398,
49523,49523,49523,49523,49523,49523,49523,49523,49523,49523,
45708,45708,45708,45708,45708,45708,45708,45708,45708,45708,
55186,55186,55186,55186,55186,55186,55186,55186,55186,55186,
50183,50183,50183,50183,50183,50183,50183,50183,50183,50183,
46534,46534,46534,46534,46534,46534,46534,46534,46534,46534,
57539,57539,57539,57539,57539,57539,57539,57539,57539,57539,
89615,89615,89615,89615,89615,89615,89615,89615,89615,89615,
69796,69796,69796,69796,69796,69796,69796,69796,69796,69796,
48805,48805,48805,48805,48805,48805,48805,48805,48805,48805,
46145,46145,46145,46145,46145,46145,46145,46145,46145,46145,
62568,62568,62568,62568,62568,62568,62568,62568,62568,62568,
61410,61410,61410,61410,61410,61410,61410,61410,61410,61410,
43411,43411,43411,43411,43411,43411,43411,43411,43411,43411,
46288,46288,46288,46288,46288,46288,46288,46288,46288,46288,
55376,55376,55376,55376,55376,55376,55376,55376,55376,55376,
44133,44133,44133,44133,44133,44133,44133,44133,44133,44133,
45306,45306,45306,45306,45306,45306,45306,45306,45306,45306,
48568,48568,48568,48568,48568,48568,48568,48568,48568,48568,
54494,54494,54494,54494,54494,54494,54494,54494,54494,54494,
47029,47029,47029,47029,47029,47029,47029,47029,47029,47029,
53274,53274,53274,53274,53274,53274,53274,53274,53274,53274,
53774,53774,53774,53774,53774,53774,53774,53774,53774,53774,
41297,41297,41297,41297,41297,41297,41297,41297,41297,41297,
57288,57288,57288,57288,57288,57288,57288,57288,57288,57288,
55741,55741,55741,55741,55741,55741,55741,55741,55741,55741,
61645,61645,61645,61645,61645,61645,61645,61645,61645,61645,
48299,48299,48299,48299,48299,48299,48299,48299,48299,48299,
49272,49272,49272,49272,49272,49272,49272,49272,49272,49272,
51982,51982,51982,51982,51982,51982,51982,51982,51982,51982,
63455,63455,63455,63455,63455,63455,63455,63455,63455,63455,
49452,49452,49452,49452,49452,49452,49452,49452,49452,49452,
52501,52501,52049,52049,52501,52049,52049,52501,52049,52049,
54709,54709,54709,54709,54709,54709,54709,54709,54709,54709,
48957,48957,48957,48957,48957,48957,48957,48957,48957,48957,
41753,41753,41753,41753,41753,41753,41753,41753,41753,41753,
58312,58312,58312,58312,58312,58312,58312,58312,58312,58312,
41785,41785,41785,41785,41785,41785,41785,41785,41785,41785,
101256,101256,101256,101256,101256,101256,101256,101187,101256,101256,
67689,67689,67874,67689,67689,67689,67874,67874,67874,67689,
55183,55183,55183,55183,55183,55183,55183,55183,55183,55183,
52131,52131,52131,52131,52131,52131,52131,52131,52131,52131,
42230,42230,42230,42230,41226,41226,42230,42230,41226,41226,
45789,45789,45789,45789,45789,45789,45789,45789,45789,45789,
56630,56630,56630,56630,56630,56630,56630,56630,56630,56630,
47681,47681,47681,47681,47681,47681,47681,47681,47681,47681,
61168,61168,61168,61168,61168,61168,61168,61168,61168,61168,
49122,49122,49122,49122,49122,49122,49122,49122,49122,49122,
49603,49603,49603,49603,49603,49603,49603,49603,49603,49603,
45493,45493,45493,45493,45493,45493,45493,45493,45493,45493,
42933,42933,42933,42933,42933,42933,42933,42933,42933,42933,
45511,45511,45511,45511,45511,45511,45511,45511,45511,45511,
61984,61984,61984,61984,61984,61984,61984,61984,61984,61984,
80408,80127,80408,80127,80408,80408,80127,80408,80408,80408,
44912,44912,44912,44912,44912,44912,44912,44912,44912,44912,
55018,55018,55018,55018,55018,55018,55018,55018,55018,55018,
43810,43810,43810,43810,43810,43810,43810,43810,43810,43810,
44862,44862,44862,44862,44862,44862,44862,44862,44862,44862,
41037,41037,41037,41037,41037,41037,41037,41037,41037,41037,
51584,51584,51584,51584,51584,51584,51584,51584,51584,51584,
51955,51955,51955,51955,51955,51955,51955,51955,51955,51955,
52659,52659,52659,52659,52659,52659,52659,52659,52659,52659,
44623,44623,44623,44623,44623,44623,44623,44623,44623,44623,
56479,56479,56479,56479,56479,56479,56479,56479,56479,56479,
45609,45609,45609,45609,45609,45609,45609,45609,45609,45609,
54456,54456,54456,54456,54456,54456,54456,54456,54456,54456,
51896,51896,51896,51896,51896,51896,51896,51896,51896,51896,
55117,55117,55117,55117,55117,55117,55117,55117,55117,55117,
51397,51397,51397,51397,51397,51397,51397,51397,51397,51397,
44147,44147,44147,44147,44147,44147,44147,44147,44147,44147,
54396,54396,54396,54396,54396,54396,54396,54396,54396,54396,
54568,54568,54568,54568,54568,54568,54568,54568,54568,54568,
63260,63260,63260,63260,63260,63260,63260,63260,63260,63260,
55076,55076,55076,55076,55076,55076,55076,55076,55076,55076,
48204,48204,48204,48204,48204,48204,48204,48204,48204,48204,
46043,46043,46043,46043,46043,46043,46043,46043,46043,46043,
61177,61177,61177,61177,61177,61177,61177,61177,61177,61177,
46261,46261,46261,46261,46261,46261,46261,46261,46261,46261,
41977,41977,41977,41977,41977,41977,41977,41977,41977,41977,
41686,41686,41333,41686,41686,41686,41333,41333,41333,41333,
58079,58079,58079,58079,58079,58079,58079,58079,58079,58079,
61147,61147,61147,61147,61147,61147,61147,61147,61147,61147,
58242,58242,58242,58242,58242,58242,58242,58242,58242,58242,
53542,53542,53542,53542,53542,53542,53542,53542,53542,53542,
46816,46816,46816,46816,46816,46816,46816,46816,46816,46816,
49746,49746,49746,49746,49746,49746,49746,49746,49746,49746,
53592,53592,53592,53592,53592,53592,53592,53592,53592,53592,
58864,58864,58864,58864,58864,58864,58864,58864,58864,58864,
52563,52563,52563,52563,52563,52563,52563,52563,52563,52563,
45559,45559,45559,45559,45559,45559,45559,45559,45559,45559,
51765,51765,51765,51765,51765,51765,51765,51765,51765,51765,
54328,54328,54328,54328,54328,54328,54328,54328,54328,54328,
46288,46349,46288,46349,46349,46349,46349,46349,46349,46288,
44438,44439,44439,44438,44439,44439,44438,44438,44438,44438,
43888,43888,43888,43888,43888,43888,43888,43888,43888,43888,
79337,79337,79337,79337,79337,79337,79337,79337,79337,79337,
65017,65017,65017,65017,65017,65017,65017,65017,65017,65017,
45470,45470,45470,45470,45470,45470,45470,45470,45470,45470,
49027,49027,49027,49027,49027,49027,49027,49027,49027,49027,
48340,48340,48340,48340,48340,48340,48340,48340,46833,48340,
46693,46693,46693,46693,46693,46693,46693,46693,46693,46693,
57732,57732,57732,57732,57732,57732,57732,57732,57732,57732,
44882,44882,44882,44882,44882,44882,44882,44882,44882,44882,
44193,44193,44193,44193,44193,44193,44193,44193,44193,44193,
48487,48487,48487,48487,48487,48487,48487,48487,48487,48487,
43005,43005,43005,43005,43005,43005,43005,43005,43005,43005,
48548,48548,48548,48548,48548,48548,48548,48548,48548,48548,
79183,79183,79183,79183,79183,79183,79183,79183,79183,79183,
48626,48626,48625,48626,48626,48626,48626,48625,48625,48626,
47358,47358,47358,47358,47358,47358,47358,47358,47358,47358,
48995,48995,48995,48995,48995,48995,48995,48995,48995,48995,
58519,58519,58519,58519,58519,58519,58519,58519,58519,58519,
45323,45323,45323,45323,45323,45323,45323,45323,45323,45323,
47794,47794,47794,47794,47794,47794,47794,47794,47794,47794,
42588,42588,42588,42588,42588,42588,42588,42588,42588,42588,
62883,62883,62883,62883,62883,62883,62883,62883,62883,62883,
55532,55532,55532,55532,55532,55532,55532,55532,55532,55532,
48253,48253,48253,48253,48253,48253,48253,48253,48253,48253,
65542,65542,65542,65542,65542,65542,65542,65542,65542,65542,
62218,62218,62218,62218,62218,62218,62218,62218,62218,62218,
43217,43217,43217,43217,43217,43217,43217,43217,43217,43217,
48982,48982,48982,48982,48982,48982,48982,48982,48982,48982,
48501,48501,48501,48501,48501,48501,48501,48501,48501,48501,
78968,78968,78968,78968,78968,78968,78968,78968,78968,78968,
53700,53700,53700,53700,53700,53700,53700,53700,53700,53700,
52542,52542,52542,52542,52542,52542,52542,52542,52542,52542,
42490,42490,42490,42490,42490,42490,42490,42490,42490,42490,
54684,54684,54684,54684,54684,54684,54684,54684,54684,54684,
46969,46969,46969,46969,46969,46969,46969,46969,46969,46969,
52263,52263,52263,52263,52263,52263,52263,52263,52263,52263,
77706,77706,77706,77706,77706,77706,77706,77706,77706,77706,
52091,52091,52091,52091,52091,52091,52091,52091,52091,52091,
52642,52642,52642,52642,52642,52642,52642,52642,52642,52642,
46948,46948,46948,46948,46948,46948,46948,46948,46948,46948,
50925,49315,49315,50925,49315,50925,50925,49315,50925,49315,
62512,62512,62512,62512,62512,62512,62512,62512,62512,62512,
51965,51965,51965,51965,51965,51965,51965,51965,51965,51965,
58559,58559,58559,58559,58559,58559,58559,58559,58559,58559,
66565,66565,66565,66565,66565,66565,66565,66565,66565,66565,
57148,57148,57148,57148,57148,57148,57148,57148,57148,57148,
57905,57905,57905,57905,57905,57905,57905,57905,57905,57905,
50731,50731,50731,50731,50731,50731,50731,50731,50731,50731,
52896,52896,52896,52896,52896,52896,52896,52896,52896,52896,
47864,47230,47864,47230,47230,47230,47864,47230,47230,47864,
61873,61873,61873,61873,61873,61873,61873,61873,61873,61873,
51662,51662,51662,51662,51662,51662,51662,51662,51662,51662,
46269,46269,46269,46269,46269,46269,46269,46269,46269,46269,
44711,44711,44711,44711,44711,44711,44711,44711,44711,44711,
53251,53251,53251,53251,53251,53251,53251,53251,53251,53251,
40848,40848,40848,40848,40848,40848,40848,40848,40848,40848,
50823,50823,50823,50823,50823,50823,50823,50823,50823,50823,
53765,53765,53765,53765,53765,53765,53765,53765,53765,53765,
45007,45007,45007,45007,45007,45007,45007,45007,45007,45007,
53698,53698,53698,53698,53698,53698,53698,53698,53698,53698,
70259,70259,70259,70259,70259,70259,70259,70259,70259,70259,
51124,51124,51124,51124,51124,51124,51124,51124,51124,51124,
44294,44294,44294,44457,44457,44457,44457,44457,44457,44457,
42453,42453,42453,42453,42453,42453,42453,42453,42453,42453,
45869,45869,45869,45869,45869,45869,45869,45869,45869,45869,
46870,46870,46870,46870,46870,46870,46870,46870,46870,46870,
47464,47464,47464,47464,47464,47464,47464,47464,47464,47464,
47721,47721,47721,47721,47721,47721,47721,47721,47721,47721,
67043,67043,67043,67043,67043,67043,67043,67043,67043,67043,
49588,49588,49588,49588,49588,49588,49588,49588,49588,49588,
51477,51477,51477,51477,51477,51477,51477,51477,52180,51477,
61454,61454,61454,61454,61454,61454,61454,61454,61454,61454,
44538,44538,44538,44538,44538,44538,44538,44538,44538,44538,
51387,51387,51387,51387,51387,51387,51387,51387,51387,51387,
52434,52434,52434,52434,52434,52434,52434,52434,52434,52434,
53550,53550,53550,53550,53550,53550,53550,53550,53550,53550,
60419,60419,60419,60419,60419,60419,60419,60419,60419,60419,
42690,42690,42690,42690,42690,42690,42690,42690,42690,42690,
53275,53275,53275,53275,53275,53275,53275,53275,53275,53275,
68823,68823,68823,68823,68823,68823,68823,68823,68823,68823,


28391,15164,12325,11867,11757,11746,11743,11745,11743,11745,
17444,10885,9300,10037,7863,9497,9036,8862,8739,8231,
22489,10989,11201,9260,9166,10973,11738,10694,11574,10082,
15720,11558,10213,9651,9640,8966,9689,9887,10174,9407,
22071,13559,9886,10078,9707,9643,10036,9834,12858,10141,
15679,11819,10043,9100,9358,9037,9843,9337,10251,9267,
14366,9141,9459,9874,9350,9009,10571,8868,9885,9144,
14008,10425,8818,7727,7652,8031,7524,6833,7184,7417,
21227,12502,10209,8913,9119,9101,9656,9371,9013,8478,
16500,11912,10691,9743,9753,9270,9844,9999,9866,9864,
15830,11082,10300,9112,9112,9826,9382,9114,10033,10351,
15606,11445,9220,8798,8560,9201,8729,10212,8934,9512,
17967,13134,12225,11715,11492,10985,11284,10847,10710,11138,
15933,10830,9639,9329,9449,9583,9857,9172,9114,10279,
16717,11379,8294,9689,9772,10261,8866,9412,8508,8841,
18609,12452,11201,9593,9241,12512,11210,10635,10570,10826,
15491,11757,9457,9914,9785,9466,9275,8940,10086,9808,
16784,10619,10209,10246,10010,10187,10362,9548,9855,10198,
14236,6973,6188,7149,6487,6438,6192,6231,6451,6059,
12905,7577,7419,6270,5855,6888,6683,7145,6634,5725,
11581,7441,6946,7187,6816,6511,6196,6605,6251,6683,
17397,7936,6971,6237,6081,6403,6112,6075,6098,6074,
11572,7647,6697,5902,6284,6080,6052,6219,6675,5946,
14389,7666,7297,6815,6954,6649,6611,6999,6312,7715,
12788,7592,6647,6376,6132,5668,5870,6941,5652,6443,
11848,6947,5712,5479,6179,5381,5429,6197,5665,6436,
11862,7777,6457,6015,5980,5438,6091,6813,6491,5847,
11747,7502,6555,5893,5537,5433,6002,5339,5838,5751,
14397,7090,6962,6421,7556,6882,6945,6317,5821,6540,
12989,7445,7720,6975,6552,7019,7267,6566,6816,6708,
13488,6938,7256,6683,6134,5893,5755,6033,5919,5954,
10202,6599,6467,5375,5331,5645,5385,6397,5620,5459,
11043,6958,5521,5208,6372,7106,5897,6266,5925,4663,
11349,7468,6503,6317,6260,6228,6497,6451,6013,6400,
14632,7915,7444,7229,6470,7208,6688,6489,6150,7831,
12822,8800,7966,6523,6436,6186,6459,7181,5794,6485,
12536,8133,7394,6416,6872,5742,6791,6767,6296,5892,
10388,5533,5690,5151,5427,4994,5372,5593,4406,5262,
18807,9589,9147,7933,6940,7294,6927,6888,6847,6922,
12369,7154,6503,6647,6148,6140,6559,6898,6821,6098,
12138,6444,6319,5238,5790,5317,5703,5728,6120,5379,
12542,6657,7052,6266,6041,6232,5972,6059,5968,5829,
14376,6855,7101,5951,7386,6017,6158,6704,6122,6529,
12136,7085,6906,6472,6405,5636,6157,6517,6979,6372,
13153,7441,7003,6462,6380,5962,5622,6444,6162,5880,
12279,7774,7200,6915,6269,6145,6990,7191,6823,6273,
13638,7988,7122,6617,6346,6898,5851,6796,6439,6263,
13858,7014,7312,6792,6261,6771,5888,5667,5773,5695,
10725,7512,7395,6646,6835,6229,6499,6403,6415,6500,
14024,8470,6765,7294,6845,6672,6872,6869,7258,7127,
12379,7529,7006,7005,6614,6768,6412,6230,6865,6801,
13542,7673,7718,7059,6699,6432,6888,6892,6849,6457,
11788,7150,6020,6229,6335,6098,6712,6208,6250,5624,
12559,6740,6278,5910,6705,5754,6068,6143,6217,5990,
10270,6583,5584,5812,6473,5965,6193,5930,6334,5661,
12547,7236,6992,5912,6323,6926,7187,6911,6657,6195,
12457,6218,6397,6064,6592,6415,6040,6508,6817,6279,
9645,6652,5807,6845,6031,5691,5463,5983,6068,6105,
12728,7599,6965,6424,6067,6219,6357,6462,6161,5905,
13743,7010,8060,6541,6536,8575,6712,5579,6498,6056,
12665,7084,6681,6904,6663,6383,7365,6627,6410,6525,
14896,7784,7161,7984,7315,7296,7166,6775,7136,7457,
13732,7289,5849,6240,5665,5699,6672,5880,5982,5679,
13060,7446,6607,6733,6566,5928,7284,5995,6404,6124,
13408,6946,6695,7003,6989,6613,6799,5915,6483,6790,
11820,7345,7424,6461,6688,6669,6821,5908,6260,6182,
12295,6783,5370,6224,6289,6484,7089,6555,6443,6549,
14248,5135,4739,4734,4734,4734,4734,4734,4734,4734,
10111,6659,6360,5542,5861,5791,5355,5395,5803,5571,
15669,8485,7721,6522,6060,6346,6348,6262,6072,5830,
19991,9119,7180,7014,7003,6996,6952,6948,7007,6953,
15415,7707,7539,6713,6025,7762,6639,6570,6200,7114,
10991,7034,6268,6415,6243,6203,6019,5768,6499,6303,
12057,7200,6933,6546,6355,6420,7081,5793,6135,6638,
13234,7413,6660,5974,6920,6836,6332,6170,7277,5955,
17082,8088,7567,6033,6709,6885,8811,6888,7443,6317,
12774,7219,6981,6370,6229,5781,6320,6061,6976,6555,
10487,7341,6037,6445,6394,6100,6172,5508,5725,6533,
11398,6583,6609,6596,6691,5989,6405,5391,5843,6006,
12090,6874,6420,6569,6770,6702,6574,6868,6155,6336,
12695,6655,7062,7170,5987,5744,6904,7340,6558,6086,
13045,7246,6526,5743,5273,5871,6439,5845,6499,5910,
14329,6358,6418,6955,7983,6785,6411,6468,7232,6745,
11993,5709,5428,6580,6157,5717,5834,5345,5848,5176,
17187,8148,6535,6702,6194,5976,7810,6181,6072,6027,
16863,6898,6142,7183,8666,7760,6495,6276,6393,6395,
12678,8585,7769,7270,7188,6968,6082,6477,7546,6816,
13657,8834,7591,7040,5967,6444,6451,6236,6442,7096,
9871,6535,6784,6398,5762,6562,6303,6376,6126,6529,
12896,8019,8035,6467,6790,6571,8019,6911,6851,6448,
12673,8201,6925,7579,6949,7187,6811,6787,7134,6697,
21068,7820,8121,7045,6974,6973,6973,6973,6973,6973,
10423,6634,6632,6501,5778,5851,6005,5892,5844,5198,
13271,7031,7628,6215,7631,7219,5993,6458,6763,6882,
19090,9144,6604,6578,6569,6569,6569,6569,6569,6569,
14906,7660,6369,6374,6374,6563,6224,6486,6641,6479,
12235,6977,6223,6482,6649,5858,5947,6910,6574,6718,
10760,7639,6717,6871,5913,6251,6348,6000,5959,7040,
14722,7105,6099,6719,6163,5806,6487,5766,6507,6440,
11039,6645,6681,7022,6354,6429,5887,6180,6503,5534,
13650,6922,6374,6825,6749,6107,5268,6181,6399,6174,
11441,7455,6104,5593,6112,5371,5171,5505,5698,5167,
15247,7852,8172,7169,6954,8202,7360,6868,7167,7338,
13240,7572,7122,6474,6378,5907,6769,6542,7238,6114,
16174,7486,7548,6446,7222,7110,7058,7784,7774,6854,
13086,6857,6457,7345,6530,6534,7049,6372,7297,6682,
21491,8238,8787,8443,8117,8353,9632,8894,8946,8484,
11828,6869,6878,5718,6389,5915,5800,5906,5820,5819,
13134,7356,6742,6642,6857,6648,7273,7322,6391,6663,
11222,7523,5994,5536,6121,6263,5621,5919,6240,6044,
11979,8000,6533,6627,6363,6364,6089,6608,6899,5957,
11894,7792,6187,6712,6778,6300,6111,7048,6759,6833,
11646,7547,6493,6926,6348,6812,6418,6370,6202,7165,
19387,8414,8783,10234,8225,7716,7729,7433,7392,6959,
15368,8274,7687,6932,7373,7086,7503,6938,7888,7024,
11190,7925,6466,5593,5442,6211,6370,6682,6579,5880,
13060,7820,5867,5276,5496,6424,6032,5707,5940,5370,
13244,7159,6319,6585,6180,6159,6185,6153,6186,6535,
13110,6985,6902,7101,7559,6341,7026,6446,7213,6855,
12395,7022,6956,6660,6219,6252,6054,6149,6228,6649,
13117,8200,6414,6680,6550,5945,6450,7467,6652,6254,
10957,7004,5906,6084,5776,5429,5603,5133,6108,6372,
10972,7495,6627,6686,6461,7484,6904,6542,6359,6703,
13439,6876,7059,7309,6493,6237,6921,6100,6633,6348,
10931,7016,6250,6852,6082,6499,6951,6228,6119,6274,
12911,7654,7456,7020,7055,6611,5736,6953,6413,6413,
11207,6919,6883,6369,5520,5579,6004,5604,5995,6220,
13602,7495,6013,5582,5512,6110,5446,5723,5009,4983,
12405,7703,6867,7403,6173,6335,6439,6139,6599,6633,
13121,7349,6944,5832,6392,5608,7219,6042,6227,6440,
11793,7776,6741,6770,6138,6117,5936,5603,6387,5955,
13123,7247,6422,6719,6956,7495,6628,6607,6896,6864,
23812,9038,8157,8120,8119,8119,8119,8119,8119,8119,
13776,7744,7328,7191,6554,6720,7169,6218,7153,6400,
13470,7690,7357,6918,6618,6745,6815,6754,6599,5840,
16208,8083,7561,7927,8466,7738,7103,6808,7392,6765,
11857,6582,6826,6343,6322,6604,6008,6015,5762,5696,
11875,7130,6273,7197,7186,6401,6677,6686,6027,6543,
14401,7269,7245,6330,6113,6106,5704,5846,6445,6402,
11411,7460,6238,6042,6832,5960,6387,6284,6083,6120,
23543,8227,7629,7600,7599,7599,7599,7599,7599,7599,
15773,6777,6627,6181,6055,8101,8045,6102,9110,7510,
11142,7601,6414,6340,6937,7056,6766,6403,6516,6392,
14117,7694,7069,7405,5848,7078,6377,6778,6621,6042,
15373,7383,8026,7986,6948,6553,7961,7415,6512,6992,
12776,7594,7077,6987,6921,6159,6064,6694,6263,5633,
12096,7211,7269,6398,6067,7141,5934,7014,6176,6859,
14015,7353,7716,6485,7204,7169,6937,6990,6471,6264,
24745,10085,8472,8200,8188,8187,8187,8187,8187,8187,
10067,7276,6741,6339,6075,6652,6133,5981,6744,7243,
11020,7020,6611,5998,6482,6210,5956,5955,6343,5941,
14979,6772,6819,6270,5880,5467,5715,5436,5712,5436,
10609,6948,6350,6206,5870,5918,5376,6201,6967,6104,
18082,8587,7720,7773,7900,7332,7494,8953,7672,7326,
14147,7708,7648,7720,7031,6785,6596,6261,6146,6630,
11647,7671,7900,5945,6314,6167,6124,5985,5671,6492,
10334,6584,5988,6505,6241,6023,5699,5822,5952,6502,
10986,6844,6792,6217,6604,6300,6154,6336,6366,6490,
10228,6858,6333,5787,6256,6260,6085,5864,5771,6488,
9977,6913,7794,6534,6424,6590,6129,5716,6437,6352,
12560,7342,5366,5502,5063,5882,5225,5875,6679,4930,
13873,7557,6630,6660,5414,7053,6721,6352,6660,6721,
15630,7646,6141,6246,5555,5553,5553,5553,5553,5553,
13645,8161,7707,7202,7343,6796,6921,6867,6915,6389,
12521,7963,7332,7343,6678,7421,6915,6616,6746,7112,
18961,8024,8299,7228,10011,8132,8104,8006,7418,8926,
12888,6635,5724,5561,7156,5518,6009,5576,6518,6055,
12625,8658,6519,6772,6145,6271,6992,5831,6372,6307,
13373,7521,6984,7323,6586,6294,6536,6431,5981,6748,
10303,7282,5944,5991,5710,5932,5609,5959,6420,6193,
11519,7197,6913,5847,6229,6557,7066,6894,6896,6374,
14108,7904,7334,6529,5987,7253,6052,5922,6356,6200,
11561,7630,6928,6840,6748,6577,6165,6580,6624,6094,
13894,7324,8066,6695,6250,6231,6899,7029,6317,7909,
15549,8927,8197,6899,8048,7089,6057,6352,6688,7118,
10308,6687,6417,5821,5805,6327,6137,5305,5972,5295,
10830,6791,5812,5494,6483,5655,6243,6022,5883,5258,
15349,7166,6557,6438,6566,6254,6420,6111,6610,6850,
11813,7877,7544,7471,6083,6098,6153,5799,6632,6949,
13366,6384,6815,6550,5950,5535,6098,4982,5833,5961,
14670,8520,7072,6906,6103,7675,7092,6696,7283,6901,
11915,7772,6587,6795,6754,6602,6310,6463,6661,6144,
12823,7329,5662,6874,7887,6516,5592,5653,5716,5879,
10426,6955,7185,7093,6000,6517,6457,5758,6385,6346,
13913,6836,6149,7540,6735,6370,6904,7258,5689,7183,
13828,8510,7926,7096,7461,7388,7150,7513,7606,7088,
15925,8859,7231,6566,6769,7926,7382,7376,6809,7431,
13123,7847,7555,7283,6634,6749,6763,6348,6369,6027,
11381,6943,5952,6653,6102,5546,6031,5852,5618,6325,
13035,7989,7591,6974,5942,7233,6851,6153,7004,6171,
11749,7640,7312,6513,6627,6326,6759,6566,7002,6975,
15139,7889,7714,7274,6720,6274,6119,7084,7097,6719,
11683,6447,6280,6026,6754,6284,6203,6095,6165,5775,
13098,7595,6510,6740,7218,6062,6614,7305,6246,7313,
14534,7617,6004,7498,6839,5989,5966,5907,7149,5904,
12323,7087,6733,6430,6448,5721,6526,6247,6792,6031,
13264,7134,7284,6025,6158,7255,6442,6136,6127,7152,
13348,8008,6828,7899,6710,6853,7229,6990,6541,6666,
16208,8147,6196,6493,6395,6297,7890,5928,6133,5912,
17102,9530,8119,8451,7599,7249,7516,7564,7115,7582,
10255,6718,6387,6379,5905,5729,6060,5800,5761,6018,
14926,7868,6744,6518,7682,5943,7123,6236,7056,6500,
10602,6909,6379,6049,5925,6138,5811,7204,6808,5792,
12290,6992,6452,5688,6247,6599,6539,7258,5881,6292,
10131,7407,7115,6599,6230,5991,6084,5401,5462,6126,
10530,6225,5212,4893,5349,4945,5623,5166,5069,5006,
12119,7402,7646,6985,6437,6740,6705,6801,7090,6463,
13704,9475,6299,6827,6805,5353,8161,6118,6473,7068,
15787,8466,7501,7528,6750,7825,7544,6831,6402,6939,
11221,7971,6894,6726,7259,6594,6121,6586,6764,6084,
17528,11750,11322,10925,9529,9917,10836,10084,9718,10967,
16698,10848,8878,9392,8367,7947,8406,9085,8340,9432,
21496,12249,10793,10201,10300,10620,9584,9626,10132,10212,
18610,10558,10363,9261,9460,10035,9643,10310,9604,9854,
15104,11492,10117,9424,8950,10236,8224,7467,7849,10009,
14466,11103,9301,9380,8364,8202,8050,8554,8729,8500,
21208,9985,9609,11380,8811,9460,8661,8802,10236,9561,
13770,10611,10059,9246,10032,9658,10572,8971,9421,9794,
16455,11734,10095,9229,9684,9716,9253,9729,9354,9477,
15790,11624,10169,10305,8990,9817,8847,8026,9059,10096,
20146,12991,11243,11701,10917,10267,10643,9967,9949,10089,
16416,10903,8705,9559,7692,9344,8836,9473,8317,8863,
14765,10383,9489,9471,9251,8731,9036,9202,9249,9779,
17920,11805,11201,10423,10556,9772,10865,10353,11102,10214,
22537,10362,8882,12064,9849,9578,8974,8876,9189,8581,
21625,12503,12831,11063,11330,11477,10027,9884,9602,10094,
10011,5188,5368,5089,5289,4799,5899,5881,5062,4753,
17641,10428,9883,8722,8762,9211,9089,9618,9624,9283,
12300,7006,6055,5551,5539,5055,5034,5219,5991,5843,
11175,7394,6734,6755,6435,5722,6666,6677,6279,6562,
10528,7160,7733,6379,6838,6662,6587,6259,5961,5898,
12964,6730,6650,7133,6468,6763,6020,6897,6504,5980,
11790,7075,6657,6638,6271,5761,5956,6471,6489,6339,
12315,7966,6741,6825,6126,6605,6577,6053,5969,5873,
14416,11721,10607,9809,9285,9376,9936,9795,9811,10601,
18454,12335,9917,9888,8760,8942,9362,9434,8943,8495,
16243,12043,9888,10074,9879,10671,10506,9728,8463,10339,
23787,9895,8632,8463,8632,8587,9867,8614,8502,8692,
19970,12058,9714,10003,11987,9540,9955,9591,10577,9822,
17069,12180,11014,10609,10386,11235,11146,9703,10743,10001,
18312,11201,9641,9462,9294,9544,10102,10780,9653,8920,
17962,11375,10495,9478,9846,8530,9456,9408,9779,9542,
11722,7035,6217,6175,6296,6584,6567,6305,6607,6186,
15402,6611,6392,7318,8060,6476,6458,6711,6040,6274,
12440,7531,6823,6575,6741,6753,6579,5979,6347,6485,
12841,6790,7678,7680,6473,6291,6887,7401,6602,7560,
11318,6516,6776,5734,6406,6729,6756,6040,6029,6679,
19727,9258,8202,8669,7442,8037,7625,7789,7441,7563,
14520,6891,7182,6749,6202,5860,6179,6165,6666,6879,
13322,7698,7047,7116,5875,6201,6339,6740,6455,6599,
13712,7470,7247,6817,6692,6402,6308,6160,5683,5948,
13669,7819,6884,7100,6109,6158,6097,6319,6827,6144,
11145,7018,5263,4940,5133,6076,5670,4628,5562,4925,
10519,7193,6707,6400,6525,6478,6366,6479,5850,6143,
12204,7755,7359,6852,7158,7313,6991,6766,6251,6244,
11942,6962,7312,6597,6916,6012,6285,6125,5793,5969,
13413,7176,6718,6024,6966,5959,6482,6937,6552,6005,
12145,6874,6819,6779,6289,6376,5684,6246,6065,6193,
14803,7439,6331,6885,7004,7397,6628,6960,6116,7011,
14272,8722,6384,7006,6016,6231,7467,7417,7239,7195,
15002,8833,6927,6450,5202,5082,5074,5072,5072,5072,
10909,6672,6665,6009,6846,6563,6550,6624,6461,6358,
13221,7423,6300,5988,6379,6014,7170,6346,5813,5773,
13284,7962,7467,7831,6803,7214,7277,7459,6513,7210,
13310,8363,6501,7035,7182,7647,7877,7066,6683,6357,
12105,7216,6397,5244,5236,4663,6218,6361,6000,5512,
11488,8030,6649,6006,6822,6928,6883,6845,6986,6780,
13793,7292,6493,5704,5359,5184,4880,4834,4831,4831,
15955,7831,5830,7939,5961,5592,5589,5582,6869,6804,
14731,8478,8070,7012,7365,7283,7335,7067,7137,7577,
14815,8270,7911,6804,7221,7004,6452,7343,6405,6452,
14066,7137,7740,6975,7715,6734,7713,7121,7931,6549,
10339,6522,5963,5548,5751,5986,4995,5170,5247,5707,
12433,7567,5954,7047,5949,5998,6927,6113,5323,6117,
69080,57687,69080,68452,59733,62066,64155,68707,68293,69080,
45644,45644,45644,45644,45644,45644,45644,45644,45644,45644,
46929,46929,46929,46929,46929,46929,46929,46929,46929,46929,
45974,45974,45974,45974,45974,45974,45974,45974,45974,45974,
37310,37310,37310,37310,37310,37310,37310,37310,37310,37310,
72926,71429,72926,72350,72350,71429,72926,71429,72926,72926,
52579,52579,52579,52579,52579,52579,52579,52579,52579,52579,
43283,43283,43283,43283,43283,43283,43283,43283,43283,43283,
54656,54656,54656,54656,54656,54656,54656,54656,54656,54656,
59341,59341,59341,59341,59341,59341,59341,59341,59341,59341,
56073,56073,56073,56073,56073,56073,56073,56073,56073,56073,
52784,52784,52784,52784,52784,52784,52784,52784,52784,52784,
47528,47528,47528,47528,47528,47528,47528,47528,47528,47528,
77951,68485,65180,68331,66037,73630,71226,74469,55250,73965,
38602,38602,38602,38602,38602,38602,38602,38602,38602,38602,
49310,49310,49310,49310,49310,49310,49310,49310,49310,49310,
53428,53428,53428,53428,53428,53428,53428,53428,53428,53428,
51972,51972,51972,51972,51972,51972,51972,51972,51972,51972,
44975,44975,44975,44975,44975,44975,44975,44975,44975,44975,
52529,52529,52529,52529,52529,52529,52529,52529,52529,52529,
48759,48759,48759,48759,48759,48759,48759,48759,48759,48759,
43767,43767,43767,43767,43767,43767,43767,43767,43767,43767,
50115,50115,50115,50115,50115,50115,50115,50115,50115,50115,
57582,57582,57582,57582,57582,57582,57582,57582,57582,57582,
51109,51109,51109,51109,51109,51109,51109,51109,51109,51109,
47785,47785,47785,47785,47785,47785,47785,47785,47785,47785,
43377,43377,43377,43377,43377,43377,43377,43377,43377,43377,
49076,49076,49076,49076,49076,49076,49076,49076,49076,49076,
49688,49688,49688,49688,49688,49688,49688,49688,49688,49688,
57724,49776,53073,50433,50433,49932,50433,50433,50203,50433,
43600,43600,43600,43600,43600,43600,43600,43600,43600,43600,
55166,55166,55166,55166,55166,55166,55166,55166,55166,55166,
78011,77749,78011,78011,78011,78011,78011,78011,78011,78011,
48276,48276,48276,48276,48276,48276,48276,48276,48276,48276,
51959,51959,51959,51959,51959,51959,51959,51959,51959,51959,
57024,57024,57024,57024,57024,57024,57024,57024,56776,57024,
43560,43560,43560,43560,43560,43560,43560,43560,43560,43560,
56754,56754,56754,56754,56754,56754,56754,56754,56754,56754,
48631,48631,48631,48631,48631,48631,48631,48631,48631,48631,
50707,50707,50707,50707,50707,50707,50707,50707,50707,50707,
40009,40009,40009,40009,40009,40009,40009,40009,40009,40009,
44147,44147,44147,44147,44147,44147,44147,44147,44147,44147,
52452,52452,52452,52452,52452,52452,52452,52452,52452,52452,
63888,61001,60612,56167,60550,58037,61001,58917,59639,57485,
62094,62094,62094,62094,62089,62094,62094,62094,62094,62094,
48101,48101,48101,48101,48101,48101,48101,48101,48101,48101,
45686,45686,45686,45686,45686,45686,45686,45686,45686,45686,
43788,43788,43788,43788,43788,43788,43788,43788,43788,43788,
49863,49863,49863,49863,49863,49863,49863,49863,49863,49863,
48229,48229,48229,48229,48229,48229,48229,48229,48229,48229,
55266,55266,55266,55266,55266,55266,55266,55266,55266,55266,
60530,60530,60530,60530,60530,60530,60530,60530,60530,60530,
48188,48188,48188,48188,48188,48188,48188,48188,48188,48188,
53447,53447,53447,53447,53447,53447,53447,53447,53447,53447,
42887,42887,42887,42887,42887,42887,42887,42887,42887,42887,
57500,57500,57500,57500,57500,57500,57500,57500,57500,57500,
49895,49895,49895,49895,49895,49895,49895,49895,49895,49895,
44624,44624,44624,44624,44624,44624,44624,44624,44624,44624,
55104,55104,55104,55104,55104,55104,55104,55104,55104,55104,
75294,73935,75230,75294,75294,75294,74521,74898,75294,75294,
65280,62498,62770,63399,62681,63399,63399,62001,62964,63399,
49493,49493,49493,49493,49493,49493,49493,49493,49493,49493,
46604,46604,46604,46604,46604,46604,46604,46604,46604,46604,
55682,55682,55682,58120,55682,55682,55682,55682,55682,55537,
61224,61218,61224,61224,61224,61224,61224,61224,61224,61224,
42640,42640,42640,42640,42640,42640,42640,42640,42640,42640,
48753,48753,48753,48753,48753,48753,48753,48753,48753,48753,
52901,52901,52901,52901,52901,52901,52901,52901,52901,52901,
44835,44835,44835,44835,44835,44835,44835,44835,44835,44835,
49284,49284,49284,49284,49284,49284,49284,49284,49284,49284,
48222,48222,48222,48222,48222,48222,48222,48222,48222,48222,
56473,56473,56473,56473,56473,56473,56473,56473,56473,56473,
46372,46372,46372,46372,46372,46372,46372,46372,46372,46372,
54150,54150,54150,54150,54150,54150,54150,54150,54150,54150,
54781,54781,54781,54781,54781,54781,54781,54781,54781,54781,
40341,40341,40341,40341,40341,40341,40341,40341,40341,40341,
56766,55722,56766,53229,55722,55722,56766,55722,56766,55199,
50239,50239,50239,50239,50239,50239,50239,50239,50239,50239,
66543,66543,66543,66254,66543,66543,66543,66543,66543,66543,
55116,55116,55116,55116,55116,55116,55116,55116,55116,55116,
49844,49844,49844,49844,49844,49844,49844,49844,49844,49844,
49914,49914,49914,49914,49914,49914,49914,49914,49914,49914,
54335,54335,54335,54335,54335,54335,54208,54335,54335,54160,
55013,55013,55013,55013,55013,55013,55013,55013,55013,55013,
50920,50920,50920,50920,50920,50920,50920,50920,50920,50920,
54791,54791,54791,54791,54791,54791,54791,54791,54791,54791,
51552,51552,51552,51552,51552,51552,51552,51552,51552,51552,
42259,42259,42259,42259,42259,42259,42259,42259,42259,42259,
58781,58781,58781,58781,58781,58781,58781,58781,58781,58781,
39944,39944,39944,39944,39944,39944,39944,39944,39944,39944,
96865,88664,88806,86409,86330,86936,87685,86128,87803,87388,
66491,66491,66491,66476,66491,66491,66491,66491,66491,66491,
51495,51495,51495,51495,51495,51495,51495,51495,51495,51495,
49416,49416,49416,49416,49416,49416,49416,49416,49416,49416,
43456,43456,43456,43456,43456,43456,43456,43456,43456,43456,
43697,43697,43697,43697,43697,43697,43697,43697,43697,43697,
54565,54565,54565,54565,54565,54565,54565,54565,54565,54565,
46016,46016,46016,46016,46016,46016,46016,46016,46016,46016,
61922,60420,60233,58919,60983,58920,60608,60342,60795,60983,
49675,49675,49675,49675,49675,49675,49675,49675,49675,49675,
47463,47463,47463,47463,47463,47463,47463,47463,47463,47463,
42337,42337,42337,42337,42337,42337,42337,42337,42337,42337,
41488,41488,41488,41488,41488,41488,41488,41488,41488,41488,
43380,43380,43380,43380,43380,43380,43380,43380,43380,43380,
66663,66663,66663,66663,66663,66663,66663,66663,66663,66663,
80408,64306,67733,80408,67823,77861,80408,68184,80127,66382,
46768,46768,46768,46768,46768,46768,46768,46768,46768,46768,
54470,54470,54470,54470,54470,54470,54470,54470,54470,54470,
46917,46917,46917,46917,46917,46917,46917,46917,46917,46917,
43656,43656,43656,43656,43656,43656,43656,43656,43656,43656,
42896,42896,42896,42896,42896,42896,42896,42896,42896,42896,
55667,53506,55667,53506,55667,53704,55667,53449,55667,55667,
51640,51640,51640,51640,51640,51640,51640,51640,51640,51640,
50953,50953,50953,50953,50953,50953,50953,50953,50953,50953,
46474,46474,46474,46474,46474,46474,46474,46474,46474,46474,
55614,55614,55614,55614,55614,55614,55614,55614,55614,55614,
42928,42928,42928,42928,42928,42928,42928,42928,42928,42928,
60751,60751,60751,60751,60751,61219,60751,60751,60751,60751,
59119,59119,59119,59119,59119,59119,59119,59119,59119,59119,
52158,52158,52158,52158,52158,52158,52158,52158,52158,52158,
51252,51252,51252,51252,51252,51252,51252,51252,51252,51252,
41773,41773,41773,41773,41773,41773,41773,41773,41773,41773,
49793,49793,49793,49793,49793,49793,49793,49793,49793,49793,
55438,55438,55438,55438,55438,55438,55438,55438,55438,55438,
65776,65776,65776,65776,65776,65776,65776,65637,65776,65776,
49312,49312,49312,49312,49312,49312,49312,49312,49312,49312,
47906,47906,47906,47906,47906,47906,47906,47906,47906,47906,
45980,45980,45980,45980,45980,45980,45980,45980,45980,45980,
57264,57264,57264,57264,57264,57264,57264,57264,57264,57264,
45652,45652,45652,45652,45652,45652,45652,45652,45652,45652,
40315,40315,40315,40315,40315,40315,40315,40315,40315,40315,
41863,41863,41863,41863,41863,41863,41863,41863,41863,41863,
64111,64278,64111,64111,64111,64111,64111,64111,64111,64111,
56283,56283,56283,56283,56283,56283,56283,56283,56283,56283,
55660,55660,55660,55660,55660,55660,55660,55660,55660,55660,
52869,52734,52734,52667,52734,52734,52734,52734,52734,52734,
43472,43472,43472,43472,43472,43472,43472,43472,43472,43472,
45968,45968,45968,45968,45968,45968,45968,44708,45968,45968,
53731,53731,53731,53731,53731,53731,53731,53731,53731,53731,
60621,60621,60621,60621,60621,60621,60621,60621,60621,60621,
51967,51967,51967,51967,51967,51967,51967,51967,51967,51967,
43853,43853,43853,43853,43853,43853,43853,43853,43853,43853,
50048,50048,50048,50048,50048,50048,50048,50048,50048,50048,
53719,53719,53719,53719,53719,53719,53719,53719,53719,53719,
46223,46223,46223,46223,46223,46223,46223,46223,46223,46223,
48427,48427,48427,48427,48427,48427,48427,48427,48427,48427,
46151,46151,46151,46151,46151,46151,46151,46151,46151,46151,
72510,70111,69270,69737,69169,69016,70111,71217,69374,70111,
64439,64439,64584,64584,64439,64439,64005,64439,64439,64411,
43524,43524,43524,43524,43524,43524,43524,43524,43524,43524,
48487,48487,48487,48487,48487,48487,48487,48487,48487,48487,
47713,47713,47713,47713,47713,47713,47713,47713,47713,47713,
47549,47549,47377,47206,46693,47361,47549,47377,47549,47377,
54745,54745,54745,54745,54745,54745,54745,54745,54745,54745,
42442,42442,42442,42442,42442,42442,42442,42442,42442,42442,
41490,41490,41490,41490,41490,41490,41490,41490,41490,41490,
45055,45055,45055,45055,45055,45055,45055,45055,45055,45055,
39822,39822,39822,39822,39822,39822,39822,39822,39822,39822,
49103,49103,49103,49103,49103,49103,49103,49103,49103,49103,
79183,79183,73680,64404,78579,69134,73752,66576,69325,74536,
49359,49359,49359,49359,49359,49359,49359,49359,49359,49359,
45259,45259,45259,45259,45259,45259,45259,45259,45259,45259,
48134,48134,48134,48134,48134,48134,48134,48134,48134,48134,
60860,59409,59522,60860,59409,59409,59409,59522,60860,59032,
43791,43791,43791,43791,43791,43791,43791,43791,43791,43791,
48362,48362,48362,48362,48362,48362,48362,48362,48362,48362,
42460,40692,40692,42460,42460,42460,42460,42460,42460,40692,
62105,62265,62105,62105,61523,62105,62105,62105,62265,62105,
57993,57993,57993,57993,57993,57993,57993,57863,57993,57993,
45440,45440,45440,45440,45440,45440,45440,45440,45440,45440,
62140,60666,60666,60853,61233,60893,61233,60666,60051,62140,
63532,63532,63532,63532,63532,63532,63532,63532,63532,63532,
44620,44620,44620,44620,44620,44620,44620,44620,44620,44620,
46375,46375,46375,46375,46375,46375,46375,46375,46375,46375,
53721,53721,53721,53721,53721,53721,53721,53721,53721,53721,
78968,69875,78968,77811,78968,78968,78968,78754,77963,78968,
56926,55636,55397,55636,56764,55636,55474,56603,55636,54829,
54251,54251,54251,54251,54251,54251,54251,54251,54251,54251,
39962,39962,39962,39962,39962,39962,39962,39962,39962,39962,
56627,56627,56627,56627,56627,56627,56627,56627,56627,56627,
47693,47693,47693,47693,47693,47693,47693,47693,47693,47693,
49492,49492,49492,49492,49492,49492,49492,49492,49492,49492,
77705,77705,77705,77705,77681,77705,75665,77360,77705,77052,
49536,49536,49536,49536,49536,49536,49536,49536,49536,49536,
51490,51490,51490,51490,51490,51490,51490,51490,51490,51490,
46766,46766,46766,46766,46766,46766,46766,46766,46766,46766,
47282,47282,47282,47282,47282,47282,47282,47282,47282,47282,
70822,70822,70822,70822,70694,70822,70822,70822,70822,70822,
52090,52090,52090,52090,52090,52090,52090,52090,52090,52090,
59237,59510,59237,59237,59237,59237,59510,59237,59237,59237,
64455,64454,64434,64455,64455,64455,64455,64455,64455,64455,
53508,53508,53508,53508,53508,53508,53508,53508,53508,53508,
55983,55983,55983,55983,55983,55983,55983,55983,55983,55983,
51775,51775,51775,51775,51775,51775,51775,51775,51775,51775,
58700,58700,58700,58629,58700,58700,58700,58700,58700,58700,
44807,44807,44807,44807,44807,44807,44807,44807,44807,44807,
56460,55222,56460,55140,55531,55531,55222,55531,55140,55298,
46138,46138,46138,46138,46138,46138,46138,46138,46138,46138,
49741,49741,49741,49741,49741,49741,49741,49741,49741,49741,
43604,43604,43604,43604,43604,43604,43604,43604,43604,43604,
56079,56079,56079,56079,56079,56079,56079,56079,56079,56079,
38843,38843,38843,38843,38843,38843,38843,38843,38843,38843,
49738,49738,49738,49738,49738,49738,49738,49738,49738,49738,
48828,48828,48828,48828,48828,48828,48828,48828,48828,48828,
43178,43178,43178,43178,43178,43178,43178,43178,43178,43178,
53956,53956,53956,53956,53956,53956,53956,53956,53956,53956,
72982,67034,66642,66837,66475,66989,66675,66836,66950,66989,
56731,56731,56731,56682,56731,56731,56731,56636,56731,56731,
45112,45112,45112,45112,45112,45112,45112,45112,45112,45112,
42390,42390,42390,42390,42390,42390,42390,42390,42390,42390,
48173,48173,48173,48173,48173,48173,48173,48173,48173,48173,
46190,46190,46190,46190,46190,46190,46190,46190,46190,46190,
45719,45719,45719,45719,45719,45719,45719,45719,45719,45719,
49267,49267,49267,49267,49267,49267,49267,49267,49267,49267,
63253,63253,63253,63253,63253,63253,63253,63253,63253,63253,
48511,48511,48511,48511,48511,48511,48511,48511,48511,48511,
50704,50704,50704,50704,50704,50704,50704,50704,50704,50704,
62216,62216,62216,62216,62216,62084,62216,62216,62216,62216,
41968,41968,41968,41968,41968,41968,41968,41968,41968,41968,
50315,50315,50315,50315,50315,50315,50315,50315,50315,50315,
54062,54062,54062,54062,54062,54062,54062,54062,54062,54062,
58587,58587,58587,58587,58587,58587,58587,58587,58587,58587,
60419,60419,56826,49849,59464,55139,60419,60419,58072,60419,
41865,41865,41865,41865,41865,41865,41865,41865,41865,41865,
50735,50735,50735,50735,50735,50735,50735,50735,50735,50735,
62027,60634,62027,62027,60634,60813,61505,62027,62027,62027,


28391,12912,12179,10235,10224,10069,10171,10149,10089,10012,
17444,8489,7254,7814,8275,8042,7766,7229,8069,7703,
22489,10800,8521,8586,10660,9030,9052,8533,8845,8432,
15720,9928,7727,6882,6729,7471,7610,7634,7544,7324,
22071,10364,11054,8978,7969,9696,10454,9755,9938,8886,
15679,8799,7567,7369,7773,7091,7724,7430,7009,7861,
14366,8515,6443,6436,5865,6106,6681,6663,7536,7388,
14008,8158,6732,6112,6342,6502,6661,7725,7032,7342,
21227,9695,8576,8705,8524,7967,7750,7723,7810,7982,
16500,11434,8657,8399,8176,8111,8072,9145,8229,7711,
15830,11128,8511,6694,7653,8273,7023,7292,6976,8109,
15606,8180,7074,6446,6798,6284,6084,6058,6050,6048,
17967,11088,8662,8909,7456,7462,8371,8141,8988,8531,
15933,10196,8041,7212,7743,7334,7652,6854,6657,6969,
16717,8273,6872,6668,7557,7219,6730,6520,6498,6494,
18609,11216,8682,9236,9188,8253,8603,7791,8061,8268,
15491,9535,8487,8520,8077,7090,7374,7847,8603,7214,
16784,9208,7126,7318,6931,6866,6644,6513,6378,6723,
14236,6323,5624,5507,5103,5375,5638,5174,5155,5155,
12905,6008,5414,4687,4721,4643,4657,4639,4639,4639,
11581,5588,4869,4630,4980,4676,4567,4970,4965,5147,
17397,6642,6243,6175,6166,6182,6175,6171,6166,6182,
11572,5291,5140,4717,4677,5044,4912,5661,4978,4878,
14389,6549,6075,5638,6087,5830,5791,5752,5858,5855,
12788,5805,6439,4838,4820,4346,4295,4275,5353,4615,
11848,5319,4558,4502,4588,4218,4463,5263,4462,4311,
11862,4967,4416,4637,5021,4508,4573,4254,4211,4402,
11747,4925,4972,4951,4940,4792,4523,4412,4421,4977,
14397,5891,5081,5054,5054,5054,5054,5054,5054,5054,
12989,6546,5425,6605,5673,5936,5404,5820,5867,5316,
13488,5405,4690,5067,4517,5271,5174,5887,5445,5752,
10202,4976,4802,4831,4430,4584,5064,4367,3854,4104,
11043,5499,4709,3933,3909,3909,3909,3909,3909,3897,
11349,5201,5054,4845,4965,5555,4794,4941,4538,5404,
14632,5567,5056,5038,5038,5038,5038,5038,5038,5038,
12822,5547,4635,4971,5165,5088,4633,4635,5178,4873,
12536,5717,4944,5307,4797,4906,4615,5295,5241,5137,
10388,5038,4172,4156,3759,4230,4054,3767,3742,3732,
18807,7405,8206,7472,7237,8009,6358,7194,7016,7002,
12369,5390,4504,4849,5006,4801,4605,4725,4622,4988,
12138,4920,4362,4552,4792,4952,4842,4563,5025,4393,
12542,5489,4979,4847,5416,4896,5165,4669,4789,4936,
14376,6005,5721,6011,6072,5808,5565,5323,5513,4922,
12136,5393,5560,5005,5480,5535,5457,5475,5337,5158,
13153,5850,4775,4698,4689,4687,4687,5030,4936,4700,
12279,5231,4525,4569,5185,5353,5269,5838,5228,5160,
13638,5937,4951,4957,5085,5215,5218,4771,5232,5196,
13858,5401,4824,4801,4800,4800,4800,4800,4800,4800,
10725,5516,5352,4599,5634,5006,4912,4461,4832,4567,
14024,6259,5436,5148,5491,5932,5771,5906,5481,5760,
12379,5865,5070,5216,5107,5023,4904,5343,5001,5502,
13542,6350,5416,5432,5222,5262,4991,4961,5486,5236,
11788,5702,5027,4673,4313,4786,4314,4586,4530,4526,
12559,6252,5589,5076,5285,5100,5022,4774,5267,4974,
10270,4842,4199,4053,4259,4149,4383,4180,4614,4033,
12547,5482,5042,5237,5349,5222,5135,5112,4984,5763,
12457,5466,4905,5250,5223,6147,5339,5334,5736,5214,
9645,4693,4313,4736,4744,4231,3667,3807,4090,3691,
12728,5419,5011,4990,4675,5009,4950,4922,5046,5004,
13743,5325,4797,4776,4775,4775,4775,4775,4775,4775,
12665,5164,5615,4863,4398,4594,5076,4888,5075,4944,
14896,6399,5193,5472,5218,5165,5161,5160,5160,5160,
13732,6727,5579,5020,4775,4767,4767,4767,4767,4767,
13060,5637,5492,5162,5834,5215,5625,5235,5056,4543,
13408,6320,5861,6191,5529,6799,6207,5720,5695,5124,
11820,5328,5247,4977,5302,4664,4967,4747,5053,4291,
12295,6604,5145,5719,5251,5488,5438,5489,4899,5390,
14248,5442,4826,4732,5810,4734,4734,4734,4734,4734,
10111,5087,4324,3867,4204,4888,4200,4505,4530,4250,
15669,6233,5559,5525,5524,5524,5524,5524,5525,5524,
19991,9267,8286,7105,7261,6814,7196,6866,6849,6848,
15415,6896,6618,5524,6538,5551,5952,5796,6309,5926,
10991,5056,5047,5287,4998,4981,4789,4668,4824,5077,
12057,4976,4350,4766,4735,4804,5463,4790,5495,5315,
13234,6687,5284,5063,7400,6139,5822,5826,5699,5383,
17082,6726,6943,6096,6080,6079,6079,6079,6079,6077,
12774,5601,4948,4991,4800,5140,5791,5229,5807,5266,
10487,5312,4767,4324,4099,4885,4719,4740,4882,4786,
11398,5349,4522,4868,5477,6850,5143,5437,4798,4803,
12090,5309,4883,4400,4792,5745,4936,4708,4812,5091,
12695,6274,5671,5571,5818,5767,5550,6494,6689,5099,
13045,6036,5735,5178,5139,4656,5175,4693,4761,5263,
14329,6667,5543,5836,5640,6261,5893,5690,6629,5397,
11993,4929,4915,4290,4772,4578,4578,4397,4172,5097,
17187,6733,6585,6609,6126,6077,6250,6182,6181,6181,
16863,6542,5914,7573,7072,5727,5824,5822,5749,5700,
12678,6231,4770,5154,5490,5058,5582,5244,5759,6104,
13657,6384,5929,5840,5744,6389,5704,5743,6434,5205,
9871,4730,4631,3996,3759,4270,4031,3986,4255,4468,
12896,7431,5790,4960,4934,4878,4517,4419,4986,5236,
12673,6102,5072,5194,5070,4930,5374,5365,5556,5077,
21068,7725,7096,7088,7088,7088,7088,7088,7088,7088,
10423,4916,4517,4143,4347,4244,4311,3951,4215,4704,
13271,6440,5417,5441,5837,5406,4918,4907,4875,4900,
19090,7171,6506,7280,6480,6768,6812,7070,6947,6788,
14906,6565,5529,5769,5757,5429,5373,5707,5367,5285,
12235,5135,4995,4916,5161,4902,5036,4884,5191,4762,
10760,5565,4659,4934,5069,4825,4577,4388,4584,5491,
14722,6472,6439,5913,5643,5841,5500,5506,5486,5484,
11039,4611,3972,3932,3931,3931,3931,3931,3931,3931,
13650,6694,5137,4791,4747,4745,4745,4745,4745,4745,
11441,4924,4154,4116,4113,4112,4113,4112,4113,4112,
15247,6281,5707,5586,5379,5197,5668,5639,5669,5022,
13240,5732,5094,5081,4545,5064,4874,4826,5044,5534,
16174,6972,6694,6470,6368,6311,6178,6612,8072,6820,
13086,5580,5274,5435,5075,5054,4944,5078,5109,4975,
21491,8203,8699,7526,7851,8128,8640,8078,7613,7846,
11828,5135,4868,5120,4597,4997,4728,5589,4451,4979,
13134,7517,6309,5816,5735,7097,5750,6118,5885,5707,
11222,4691,4780,5099,4521,5465,4555,4444,4130,4756,
11979,5552,5038,4878,4534,4537,4802,4440,4565,4358,
11894,5665,4893,4755,4658,5230,5193,5189,5254,4993,
11646,5865,5116,5643,5114,5182,5331,4755,4946,4796,
19387,7704,8785,8026,6951,7579,7535,7496,7492,7257,
15368,6504,5801,5949,5944,5620,5507,5555,5524,5508,
11190,5737,4880,4557,4079,4811,4457,4495,4351,4762,
13060,5385,5172,5524,5277,6223,5383,4900,5779,5978,
13244,5302,5092,5146,4998,4752,5188,5033,4993,5123,
13110,5958,5105,5769,5764,5227,5231,5467,5565,4905,
12395,5728,4734,4939,4653,4904,5416,5053,4634,4786,
13117,5738,4875,4690,4861,4791,4681,4906,4796,4683,
10957,5266,4458,4436,4479,4430,4512,4241,4872,4729,
10972,5108,4622,4645,4978,5519,5132,4966,5137,5455,
13439,6054,5931,5877,5323,5169,5558,5092,5370,5537,
10931,5932,4807,5421,5516,4982,4710,4594,5330,5031,
12911,5204,4598,4564,4563,4563,4563,4563,4563,4563,
11207,5881,4918,5032,4607,4318,4291,4126,4079,4087,
13602,5484,4854,4907,5085,5357,5035,4739,5658,5438,
12405,6225,4961,4697,5305,5005,5345,4319,4289,5052,
13121,5586,5441,4952,4797,4762,4760,4760,4760,4760,
11793,5324,5471,5427,5107,5113,5207,4772,5386,5023,
13123,6302,6311,5225,5168,4875,4857,4852,4851,4851,
23812,9390,8209,8165,8164,8164,8164,8164,8164,8164,
13776,5876,5441,5845,5973,6157,5448,5872,5939,5611,
13470,6288,6129,6483,5757,5264,5746,5452,5051,5338,
16208,6901,6107,6030,6018,6017,6017,6017,6017,6017,
11857,6127,4882,5092,5165,5049,4552,5563,5356,4534,
11875,6020,4765,6213,4819,5469,5214,5078,5142,4907,
14401,6381,5415,5400,5178,5244,5735,5376,5827,5287,
11411,5234,5279,4558,5349,4509,4764,4465,4409,4174,
23543,9115,8274,8010,8003,8003,8003,8003,8003,8003,
15773,6590,6343,5634,5724,5707,5640,5680,6871,6583,
11142,5117,4767,5053,4735,5067,5323,5007,5115,4949,
14117,6065,5237,6058,5466,5327,5044,5370,4889,5566,
15373,6980,5628,6221,5627,5866,5551,5430,5395,5395,
12776,6181,5193,6084,5589,5550,5697,5242,5080,5405,
12096,5541,5159,5327,4951,5051,4876,4968,5019,6018,
14015,6341,5562,5698,5153,5430,5626,5349,5714,5248,
24745,9076,8218,8207,8207,8207,8207,8207,8207,8207,
10067,5098,4415,4248,4374,4523,5235,4785,4735,5196,
11020,5154,4595,4766,4882,4647,4413,4897,4487,4894,
14979,6842,5789,5611,5596,5593,5593,5593,5593,5593,
10609,4925,4923,4400,4731,4045,4038,4038,4283,3956,
18082,7120,6528,6449,6439,6441,6440,6438,6438,6438,
14147,5881,5499,5026,5498,5113,5709,6435,5666,6300,
11647,5710,4926,5013,4996,4942,4869,5431,5154,5078,
10334,5523,4304,4470,4697,4364,4005,4116,4458,4125,
10986,5272,4764,4501,4478,4848,4934,4779,4866,4778,
10228,4863,4357,4419,4373,4165,4069,3934,4809,4107,
9977,4672,4464,3975,4531,4528,5595,5061,4640,4147,
12560,6482,5516,5540,4874,5222,4789,5497,5198,5406,
13873,5721,5665,5221,4960,4939,4939,4939,4939,4939,
15630,6174,5549,5519,5518,5518,5518,5518,5518,5518,
13645,6746,5647,5153,5173,5638,5920,5605,5630,5381,
12521,5934,5557,4908,5953,6200,5478,5888,4928,4934,
18961,8496,6992,6632,7342,6123,6266,6195,6671,6700,
12888,5287,4674,4639,4636,4636,4636,4636,4636,4636,
12625,5079,4518,4489,4488,4487,4487,5543,5038,4539,
13373,6368,6274,5525,5296,5422,5816,5226,4891,5091,
10303,5035,4551,4200,4336,4547,4121,4731,4253,3908,
11519,6169,5203,6065,5136,5183,5187,5187,5159,5297,
14108,6014,5564,5389,5808,5577,5166,5164,5506,5917,
11561,5550,4744,4887,5437,5190,4969,5257,4878,4793,
13894,6218,5267,5159,5150,5150,5146,5146,5146,5146,
15549,6126,5459,5584,5421,5420,5420,5420,5420,5438,
10308,5409,4303,4587,4325,4228,4661,4558,4588,4396,
10830,4598,5175,5212,4583,5442,5781,5014,4548,4916,
15349,6452,5507,6266,5796,5673,6594,5440,5641,5458,
11813,5852,4826,5001,4847,5387,5186,5986,5164,4648,
13366,5588,4877,4839,4838,4838,4838,4838,4838,4838,
14670,5909,6140,5203,5215,5752,6679,6587,5585,6132,
11915,5942,5227,5074,4868,4639,4963,5007,4915,4584,
12823,5103,4469,4452,4450,4450,4450,4450,4450,4450,
10426,5167,4605,4729,4373,4442,4807,4834,4624,4561,
13913,5719,5219,4884,5125,6507,5611,5171,5017,5095,
13828,6417,5608,5146,5267,5203,5139,5220,5605,6928,
15925,6942,6602,6541,6838,6486,6241,6069,5885,6380,
13123,5591,5258,5003,4979,4900,5385,5187,5408,5062,
11381,5279,5096,4927,4372,4091,4072,4051,4035,4044,
13035,7341,5536,5889,5377,5195,5721,5672,4982,4951,
11749,5499,4972,5342,5109,5559,5342,5404,5462,6001,
15139,6674,6153,5534,5447,5842,5622,6014,6037,5863,
11683,6052,4548,4810,4508,5053,4553,4198,4304,4610,
13098,5528,5402,5586,5516,5259,6000,5097,6148,5617,
14534,6159,5281,5190,5186,5186,5185,5190,5189,5189,
12323,5072,4488,4834,4451,4454,4451,4451,4451,4393,
13264,6183,5944,5154,5220,5179,5431,5057,5682,5597,
13348,6758,5749,5439,5103,5289,4861,5506,5757,5226,
16208,6509,5754,5752,5726,5725,5725,5725,5725,5725,
17102,6954,6202,6162,6149,6160,6151,6160,6149,6159,
10255,4853,4960,4471,4207,4658,5736,4577,5083,5189,
14926,8030,6093,5799,5290,5687,5468,5487,5464,5484,
10602,5245,4973,4827,5062,4342,4748,4572,5703,4740,
12290,6379,5360,5418,5638,5787,5309,5629,5347,5406,
10131,4330,4585,4255,4307,4083,4223,4386,4584,4723,
10586,5001,4458,4615,4134,4130,4383,4923,4453,3921,
12119,6314,5257,5825,5581,5129,5221,5005,5093,6078,
13704,6567,5153,4942,5739,4910,5856,4946,5670,5198,
15787,6855,5909,6156,5733,5828,5628,5626,5626,5626,
11221,6072,4974,4371,4449,4999,4994,4754,4538,5006,
17528,11560,8966,7452,7458,7561,8030,7938,8053,8380,
16698,10666,8373,7097,7435,8278,7996,8411,7889,7712,
21496,9618,9348,9896,8727,8459,8479,8451,9719,11113,
18610,10527,9829,9116,7656,7427,7297,8321,8649,8311,
15104,9064,7692,7532,7059,5829,5674,6674,5587,6985,
14466,7702,7412,6440,7059,7173,6776,7495,6832,6427,
21208,13600,10492,10029,8537,8337,8683,8286,8254,8254,
13770,8971,7377,6599,7291,7228,7209,7011,6946,6674,
16455,9776,7352,7756,7177,7558,7210,7479,7422,7341,
15790,10698,7859,7146,7653,7359,7816,7046,6603,7131,
20146,10596,8980,9875,8753,9386,8306,7668,9096,9348,
16416,9050,7853,6616,7208,6037,6245,5951,7041,9112,
14765,9495,7881,7870,6930,7495,6977,7176,7281,6820,
17920,10458,8598,8473,8715,9194,8741,8037,8328,8052,
22537,10445,8638,9729,8961,8852,8735,8111,8836,9854,
21625,12428,9781,8993,10311,9665,10664,8862,10965,9101,
10011,4114,3584,3557,3554,3554,3554,3554,3554,3554,
17641,8548,7440,8092,7483,7038,7449,7924,7866,6827,
12300,5942,5214,5480,5169,5817,5291,5477,5670,5834,
11175,5152,4978,5153,5909,5047,5201,5449,5073,5114,
10528,4777,4637,4485,4029,4365,4277,4135,4152,4828,
12964,5521,5804,4929,5359,5363,5075,5528,5341,5306,
11790,5960,4613,4421,4410,4410,4411,4411,4411,4789,
12315,5056,4400,4358,4357,4355,4355,4355,4355,4355,
14416,8934,7218,7329,6914,6513,6926,6882,6688,6567,
18454,10676,9680,8947,8803,8088,9020,9654,9081,8945,
16243,10011,8458,8097,8675,7678,7446,8421,7951,8532,
23787,9605,8621,8663,8619,8607,8606,8606,8603,8533,
19970,10584,9119,9447,8933,9328,8337,8021,8607,9602,
17069,11012,8345,8295,8323,8598,8375,8093,8434,8078,
18312,8474,8354,8229,8024,7268,8059,8018,8380,7721,
17962,10169,8721,8375,8946,8689,9244,8327,8992,9092,
11722,5465,4642,4929,4413,4277,4421,4963,4709,4467,
15402,5845,5349,5995,6102,6362,6259,5609,5589,5593,
12440,6251,6080,5259,4933,4689,5097,5039,5259,5279,
12841,5979,5739,6606,4991,5044,5515,5978,5157,5156,
11318,5426,4598,4528,4441,4235,4229,4229,4229,4540,
19727,7568,7298,6815,7014,6807,7012,6807,7012,6807,
14520,6055,5252,5176,5169,5169,5351,5358,5316,5211,
13322,5610,5086,5115,5219,5719,5606,5836,6210,5908,
13712,5783,5711,5420,5105,5407,5623,5117,5290,5168,
13669,5487,5713,4985,4884,4890,4875,4880,4877,4876,
11145,4572,5718,4377,5010,4145,4397,4115,4330,4120,
10519,4833,4308,4231,4695,4605,4521,4695,5036,4647,
12204,6087,5658,5530,5351,5381,5470,5138,5264,5184,
11942,5608,5399,5076,5280,5310,5423,4978,5474,5115,
13413,5846,5631,4848,5168,4790,4668,4667,4667,4667,
12145,5607,5251,4914,5428,5124,5357,5065,5148,5112,
14803,6166,5811,5377,5530,5537,5396,5767,5699,5958,
14272,6691,5495,5299,5268,5265,5265,5265,5265,5265,
15002,6479,5621,5445,5434,5434,5434,5434,5434,5434,
10909,5429,4661,4428,4859,4848,4890,5003,4816,4486,
13221,7296,5907,5567,6659,6155,5856,5811,5744,7113,
13284,6266,5337,5172,5375,5409,5096,6205,5047,5457,
13310,6648,5982,5599,5909,5703,5246,5130,5453,6183,
12105,5349,4727,5153,5283,4572,5348,5243,4974,4660,
11488,5025,4506,4198,4271,4191,4155,4154,4154,4154,
13793,5523,4864,4826,4824,4824,4824,4824,4824,4824,
15955,7596,6326,5944,5943,5773,5781,5834,5739,5738,
14731,5960,5340,5221,5334,5393,5644,5724,5892,5616,
14815,5853,5041,5060,5073,5174,5111,5124,5795,5056,
14066,6188,5267,5460,5581,5182,5479,5882,5544,5738,
10339,5641,4800,4793,4535,4565,4502,4825,4519,4507,
12433,7033,4597,5035,4504,4420,4369,4723,7171,5148,
69080,69080,58028,69080,69080,69080,59590,69080,69080,67675,
45644,43144,44933,43270,46276,45620,45022,45735,46747,46280,
46929,47334,47682,47133,47421,47278,48180,47025,47307,47649,
45974,46204,46746,46204,45896,46822,45512,48443,45369,46900,
37310,37310,37310,37310,37310,37310,37310,37310,37310,37310,
72926,73272,72926,73522,72613,70967,71050,73427,71313,72536,
52579,53025,51135,49763,52357,51247,52357,50803,49467,52357,
43283,42834,42252,42631,43284,42546,43029,43587,43350,42222,
54656,48157,45991,47157,45407,54573,45991,48469,45075,54240,
59341,60065,56457,58655,57910,58275,57947,56332,58470,54405,
56073,55350,55511,54820,50716,56441,53985,55963,54951,55737,
52784,50548,55111,50005,57863,52274,54595,55262,55160,55470,
47528,46787,48100,46132,47938,47541,48018,47528,46131,48182,
77951,66598,77951,64526,69653,79517,73437,66440,71139,64003,
38602,38602,38602,38602,38602,38602,38602,38602,38602,37868,
49310,49760,44787,49418,50404,47910,50250,44625,50674,44514,
53428,53428,53428,53428,53428,54835,53428,53428,53428,53428,
51972,52685,50914,55007,51832,51970,51806,51159,50636,51089,
44975,44043,44975,50226,48651,44975,44323,43511,44975,47491,
52529,51208,52529,52529,51121,52705,52705,52529,52529,52705,
48759,48759,46653,47478,46653,46499,46185,45557,48759,48759,
43767,43767,43767,43767,43767,43767,43767,43767,43767,43767,
50115,55630,45701,55990,52561,60442,47862,57292,46785,57552,
57582,59914,55475,56811,55681,55294,54793,54695,56171,55138,
51109,47700,48385,51407,47782,51495,48038,48569,48337,47398,
47785,48607,48565,48021,48081,47299,48075,48022,48972,48043,
43377,43434,43377,43025,43377,41383,42380,43377,42198,42380,
49076,48441,51974,48500,51974,48532,51974,48441,51974,48532,
49688,51655,49688,52742,50226,49824,49688,49688,49387,49959,
57724,53167,58909,50433,54352,50261,53055,58910,54079,50737,
43600,43600,43600,47199,43228,43600,43600,43600,43600,43600,
55166,57121,54229,56486,53812,54781,54583,51267,55214,51755,
78011,72604,72373,73025,72501,75210,72644,74561,75537,77616,
48276,49713,48276,47777,49713,47216,49651,47777,49650,48464,
51959,51849,51959,54683,51692,51602,51959,51862,51745,54683,
57024,56953,57600,56059,57456,55752,60624,56110,56489,58205,
43560,44040,43613,43560,43613,43560,43613,43560,43718,43987,
56754,56649,55081,58246,58757,54906,57518,57270,57365,52532,
48631,49193,48445,49193,48173,49193,47967,49880,48515,48303,
50707,46412,48938,46387,47205,46689,50413,46038,50412,45639,
40009,40009,40009,40009,40009,40009,40009,40009,40009,40009,
44147,42980,44121,49983,43952,43468,46677,43272,49884,48337,
52452,51540,52168,51540,52168,51540,52168,52452,52901,51597,
63888,54794,51357,62551,60474,51564,59255,51157,64094,47473,
62094,63300,62094,62094,62094,62094,62094,62094,62094,62094,
48101,48101,49606,48101,48753,48101,48753,48827,48536,48101,
45686,48185,45686,48185,45853,48185,46851,45601,45855,48185,
43788,40861,43788,43479,43788,43787,41861,43864,41861,41094,
49863,50564,49863,50332,49786,50284,49603,47970,49136,49232,
48229,48641,48229,48641,48229,47410,48229,47411,47410,47411,
55266,54662,56273,55622,55831,56719,54380,55538,55633,55387,
60530,57988,58521,64474,57806,59526,59921,60669,58521,61248,
48188,48525,47820,47748,47484,48062,47955,49943,48440,50348,
53447,52588,51743,50412,50603,55846,49338,54620,51368,54072,
42887,43766,44828,42949,42887,43319,44580,42479,42887,43326,
57500,53924,56974,57500,57606,57394,56763,57594,57394,57816,
49895,52314,49894,52902,47596,50664,48383,48654,47973,51144,
44624,44624,44624,48389,44624,48389,44624,45637,44624,44624,
55104,53113,55104,55105,55104,54994,55420,54929,55484,54582,
75294,82419,74761,78094,65212,78751,79054,62825,80387,74180,
65280,68290,48464,65147,51065,65774,52680,66545,63375,57755,
49493,46051,50039,46511,48318,47269,48053,48781,47975,47575,
46604,47736,46882,46594,46061,47038,44820,46789,46206,46765,
55682,59801,52953,65295,53384,57180,57563,53625,56953,57044,
61224,61217,60216,62282,60473,61652,61859,60855,61220,60727,
42640,42640,42640,43398,41306,43665,43257,43665,42075,43666,
48753,45408,46551,50161,46391,48772,45135,48153,45136,48762,
52901,52901,52901,52901,52901,52901,52901,52901,52901,52901,
44835,44835,44835,44835,44912,45459,44835,44604,42887,44368,
49284,45662,45125,46670,45117,46670,45121,46375,45125,46670,
48222,44982,45017,46997,45360,47727,48740,48215,47528,48480,
56473,53127,55568,54764,54313,54188,54894,52595,55705,53103,
46372,47949,47308,48374,45857,48635,45306,49247,46261,48490,
54150,51085,50750,51337,51632,50939,53399,52326,49231,50632,
54781,50507,52658,54589,51756,50411,51290,51892,53202,55431,
40341,44774,39426,44333,40723,43118,39007,43727,39191,40941,
56766,52587,55466,50674,55164,53535,60423,55722,50498,54987,
50239,50239,49680,47047,50239,50629,50240,49680,47047,50239,
66543,66673,59732,65637,65412,64795,60141,67030,62174,66801,
55116,55260,52741,54455,53681,57522,53267,55628,52907,56946,
49844,50398,49657,49556,50270,48301,48873,47146,48290,49433,
49914,49914,49914,52170,50102,51794,49914,49914,52264,51794,
54335,54148,53610,55556,54539,54473,54905,56388,53575,56146,
55013,53044,53472,54233,53653,54175,54689,52237,50635,49114,
50920,50597,50921,50468,50920,51484,50468,51484,50920,51147,
54791,55032,55985,56025,55547,52794,56338,54776,54377,55372,
51552,46745,48515,46231,51637,48437,51378,46968,47918,47312,
42259,42259,42259,42259,42259,42259,42259,42259,42259,42259,
58781,56069,55680,54959,58147,54681,56598,55798,57414,58500,
39944,40866,40297,39944,40866,40263,39944,41357,40653,40009,
96865,87114,81626,82549,84466,87645,86688,89067,80906,90373,
66491,66119,67890,66029,67320,62889,66856,64550,66029,65827,
51495,51495,51495,51495,51495,51495,51495,51495,51495,51495,
49416,53411,48439,51096,48439,51370,47169,50595,48258,51358,
43456,41052,41183,41181,43456,41009,43456,41052,43456,43062,
43697,46135,45352,43614,43502,46240,43517,43317,45774,43224,
54565,55118,54807,54988,55445,54414,56401,54565,56024,54685,
46016,46016,47227,46016,46016,46016,46016,46016,46016,46016,
61922,59655,59830,58814,60280,57085,53169,56964,60308,57605,
49675,50105,49913,50326,49472,49674,48900,50328,48467,49925,
47463,47463,47463,47463,47463,47463,47463,47463,47463,47463,
42337,45600,42623,45810,42650,43599,46591,46516,46863,45051,
41488,41488,42044,41931,41932,43043,42929,42154,41931,41931,
43380,43380,43380,43380,43380,43091,43526,43380,42121,43380,
66663,58982,62621,59394,62471,59539,65812,59539,62091,65281,
80408,75447,81248,67768,79440,65960,77765,80637,80099,72641,
46768,46582,46400,48402,45563,46922,46812,46527,47560,47310,
54470,52940,53392,54250,54142,53312,53622,54897,53592,53265,
46917,43568,43657,46918,44811,46997,46608,44355,47229,46840,
43656,49891,43656,50576,44431,49045,44855,49831,44075,48855,
42896,40151,39440,40303,39616,42009,42868,41565,39639,39687,
55667,49779,55400,50999,56415,51933,56018,55317,51436,54329,
51640,52687,50376,55415,50946,54795,50270,55433,48667,49681,
50953,51013,49887,51274,50739,52658,51805,52450,50670,50519,
46474,46476,50550,46414,47032,48634,46907,46432,47032,46359,
55614,52958,55215,54591,55481,53473,55082,55719,53194,53223,
42928,45549,42928,42928,44390,45364,42928,42928,45549,43168,
60751,55154,60402,59203,61218,60285,58331,60285,58536,54222,
59119,56211,56851,53931,58125,56506,57116,56666,58100,52880,
52158,52966,52413,52666,53891,53970,55309,53597,54103,53763,
51252,51325,51252,51252,51252,51252,51252,51252,51252,51252,
41773,42431,42686,42736,41994,41847,41998,45247,41254,41700,
49793,47956,49793,47700,48783,47700,50630,47700,49788,47700,
55438,54044,55361,55013,54806,54518,55438,55123,55280,55678,
65776,63852,64164,66376,63417,67065,63719,66279,63984,66177,
49312,49152,49312,49152,49312,49232,48673,49072,48832,49233,
47906,45936,47707,47906,45315,47940,47580,46637,48206,47906,
45980,45980,45980,45980,45980,45980,45980,45980,45980,45980,
57264,63359,54813,59351,57609,60289,55029,61177,54843,61177,
45652,43351,45168,43350,45123,45833,43835,44986,43713,44966,
40315,40807,40254,40315,41177,40314,40807,40314,40807,40314,
41863,43795,41959,43963,42329,40456,42154,40744,42338,44087,
64111,60938,61843,59378,64063,61467,63949,58624,63591,64534,
56283,60674,56283,59768,56283,60606,58979,56805,56283,56195,
55660,55964,53233,57331,54219,57307,55888,56642,55888,53708,
52869,51254,53003,52331,51659,55398,52595,53945,52063,52735,
43472,43824,43032,43472,43472,43032,45320,42856,43120,42856,
45968,45968,44205,45214,45968,46347,45214,45883,45968,45968,
53731,54739,53844,54524,54005,55020,54282,55115,54061,54837,
60621,58029,60713,56075,60557,58241,57659,59916,56826,56179,
51967,50480,51730,53304,52354,52476,52919,52920,53988,52804,
43853,45841,44990,44139,43475,45560,43475,45560,43475,45180,
50048,49926,50293,49249,49707,55322,54586,52128,49222,53186,
53719,53619,52707,58557,53416,59395,53246,56991,54630,54358,
46223,46223,46223,46223,46223,46223,46223,46223,46223,46223,
48427,46189,49708,43331,50628,44125,49816,47151,42395,43132,
46151,47997,45317,45023,45615,44483,45554,44901,44959,44602,
72510,75586,69143,73817,70652,76283,69838,76271,70850,72046,
64439,59693,60444,58484,56781,59749,55855,57929,58047,60385,
43524,42218,43524,42036,43524,42040,43524,42018,43524,42064,
48487,46410,48757,46395,48217,46402,48344,46863,48757,46863,
47713,47211,47713,46834,47211,47713,47211,47713,47211,47713,
47549,48232,52016,52166,45347,51323,46693,51572,46315,50555,
54745,58419,54599,59793,53997,58642,56115,57125,55587,58524,
42442,42719,44742,43687,41748,42071,42497,42372,43559,41816,
41490,41868,41490,41743,44380,41490,41743,44380,41490,41743,
45055,46138,49503,45940,50339,46032,49832,44784,46862,45957,
39822,39822,39822,39822,39822,39822,39822,39822,39822,39822,
49103,49107,50452,49416,49834,49653,48374,48950,49924,50242,
79183,79183,79120,79183,65873,78328,74172,69197,79183,76234,
49359,46363,46432,46630,46898,46825,46631,47428,46763,51155,
45259,46113,46391,47493,47516,45233,44896,45415,46123,47514,
48134,49683,52748,48875,54381,49044,48565,48737,51234,48995,
60860,61964,59662,60542,60412,61528,61304,60469,61473,61720,
43791,42387,43363,42771,42643,46069,42694,44391,42707,42244,
48362,47722,48362,45594,48078,46235,49286,46375,45099,48078,
42460,40501,42714,40627,42460,40692,40246,42713,40499,41704,
62105,63131,62265,62105,62379,62883,62883,62105,62105,62265,
57993,57993,55404,57863,57993,57993,57993,55534,57993,57993,
45440,44992,49338,45441,45504,45504,44994,45026,45823,45823,
62140,64469,60600,60324,61460,61450,59176,59582,58057,59872,
63532,63824,63824,62802,63824,64263,61926,62835,63532,66746,
44620,42233,42234,44620,42233,42234,44620,42233,42234,44620,
46375,46790,46375,46375,46375,46515,46375,46375,46375,46375,
53721,49690,50095,48154,48654,49688,48369,52737,49360,52461,
78968,77203,78968,78968,77312,78808,78968,78968,78968,78458,
56926,53163,55152,56002,58380,54507,54508,55242,57523,56750,
54251,53957,53826,52607,54311,52977,55103,53111,54627,53309,
39962,39480,40022,39477,39301,39476,39541,39722,39541,39473,
56627,56938,56734,56586,56287,56194,57366,55107,56134,55331,
47693,43627,49143,43787,47693,45377,48326,45367,48201,43205,
49492,49925,52768,50316,52937,50200,52516,50161,52516,50789,
77705,75626,77529,75005,77706,77705,76016,77706,77638,77705,
49536,47095,47239,48229,48766,46983,46983,45447,47890,46918,
51490,52091,50728,51875,50820,56885,51453,54067,50747,54558,
46766,47125,47070,48107,47801,48203,46871,47680,47630,47793,
47282,50575,49604,52015,46722,51158,46538,51518,49163,48044,
70822,62390,64871,61742,64174,62402,69653,60244,68009,63608,
52090,51226,52090,52090,52090,52090,52090,52090,52090,52090,
59237,60190,64710,58828,64961,59515,64804,58454,63498,58736,
64455,64510,63681,66564,66660,60848,62182,65062,62493,63480,
53508,51639,52598,55154,53690,51327,51216,55237,53162,50960,
55983,56479,55111,56137,55983,56465,54068,55801,55195,56142,
51775,54189,48868,53078,49425,52952,48903,50833,49381,52045,
58700,55342,57552,60701,57022,54971,58151,54866,58809,59965,
44807,45435,45558,44806,45383,44807,45961,45037,44807,45498,
56460,54239,54112,54166,54758,53442,54252,51792,54424,55067,
46138,46138,46138,46138,45119,46138,46138,46138,46138,46138,
49741,47207,51027,49741,46834,52006,48708,47207,51337,45623,
43604,45909,46860,45632,43918,45927,45572,43850,46296,43715,
56079,58169,54778,57899,56586,49069,57770,49069,56661,57678,
38843,39874,40104,40161,40503,40102,40503,40102,40045,40103,
49738,50203,49970,48658,49528,50112,49931,49654,50120,48961,
48828,50273,49375,50258,50907,49777,49222,50661,50380,49974,
43178,43323,43786,42930,43178,43332,43786,43262,43786,43233,
53956,58388,59222,57151,58964,56835,58777,53497,53184,52645,
72982,74117,64103,75511,65990,71565,67024,69114,68264,67267,
56731,52034,54104,50108,54555,56255,54565,57099,54725,55057,
45112,46368,46479,46860,44325,46585,44293,44985,45935,43741,
42390,42390,42390,42390,42390,42390,42390,42390,42390,42390,
48173,47484,45333,48173,50933,44918,48173,49392,44721,48173,
46190,46870,45918,46190,48164,48301,46190,47892,46600,48028,
45719,45437,48752,44991,49434,46025,46402,45585,49890,44545,
49267,50961,47267,49828,49453,50239,49286,49984,49104,49592,
63253,63253,63253,63253,63253,63253,63253,63253,63253,63253,
48511,49922,47970,47170,47569,46493,47133,48511,47234,47032,
50704,51018,50704,49162,50564,48952,50704,50914,49092,51055,
62216,64243,64623,61761,62142,62691,64370,64371,64370,62216,
41968,40867,41968,41028,42458,40743,40134,40743,40134,40743,
50315,52220,49236,51713,50043,48566,49417,48833,50043,48967,
54062,53087,53280,54778,53933,54707,53712,54711,53633,54715,
58587,59648,54955,60171,54063,56029,54222,55751,55236,60204,
60419,58072,60419,58647,60419,59218,60309,59277,60317,60419,
41865,40604,41865,40604,41865,40604,41865,40603,41865,40604,
50735,51392,49876,51017,50515,53465,49200,52807,49611,53362,
62027,59319,60818,60530,55329,63784,57583,61005,55408,65316,




Further Data analysis of all test cases 
INSTANCEID avg med max min 
INSTANCE1 31471.044, 18447, 101256, 10063, 
INSTANCE2 30197.552, 15434.5, 101256, 7847, 
INSTANCE3 29626.236, 14391.5, 101256, 7234, 
INSTANCE4 29470.64, 14645.5, 101256, 6921, 
INSTANCE5 29461.428, 14230.5, 101256, 6847, 
INSTANCE6 29396.738, 14353.5, 101256, 6433, 
INSTANCE7 29433.212, 14214.5, 101256, 6541, 
INSTANCE8 29447.786, 14941.5, 101187, 6861, 
INSTANCE9 29415.034, 14120.5, 101256, 6791, 
INSTANCE10 29428.388, 14709, 101256, 6825, 


INSTANCE1 31239.136, 18531.5, 96865, 9645, 
INSTANCE2 27840.516, 11377, 88664, 5135, 
INSTANCE3 27485.396, 9902.5, 88806, 4739, 
INSTANCE4 27329.616, 9622, 86409, 4734, 
INSTANCE5 27264.216, 9354, 86330, 4734, 
INSTANCE6 27246.832, 9518.5, 86936, 4663, 
INSTANCE7 27313.656, 9637.5, 87685, 4734, 
INSTANCE8 27215.266, 9423, 86128, 4628, 
INSTANCE9 27245.794, 9603, 87803, 4406, 
INSTANCE10 27233.666, 9670, 87388, 4663, 


INSTANCE1 31239.248, 18531.5, 96865, 9645, 
INSTANCE2 26974.988, 9735.5, 87114, 4114, 
INSTANCE3 26455.536, 8415.5, 81626, 3584, 
INSTANCE4 26557.724, 8094.5, 82549, 3557, 
INSTANCE5 26392.526, 7910, 84466, 3554, 
INSTANCE6 26530.174, 7985, 87645, 3554, 
INSTANCE7 26390.708, 7906, 86688, 3554, 
INSTANCE8 26392.226, 7931, 89067, 3554, 
INSTANCE9 26389.992, 8057, 80906, 3554, 
INSTANCE10 26437.71, 7992.5, 90373, 3554, 



