

Data analysis for each instance 
AVG,MED,MAX,MIN
16716,9967,7698,8255,7173,7953,7469,7259,7489,7686,
14156,8562,6822,6219,6262,5896,6738,6384,6451,6992,
19600,12646,8816,7789,7837,8058,8048,7583,8508,7812,
13566,8547,7250,6282,6880,6599,6312,6483,6306,6062,
14136,8629,6693,7158,6004,6609,6886,7061,6990,6853,
13989,8307,7129,6660,6579,6096,6156,6410,6135,6014,
13875,8582,6676,6232,6594,6713,6310,6200,6350,6658,
16884,10108,9347,8990,8542,10178,8825,8288,7953,7157,
12980,8844,6978,6426,6745,6303,6312,6316,5989,6320,
15789,9672,7348,6822,6908,7388,7652,6753,7502,6557,
13214,7921,6793,6484,6522,5969,6114,6112,6264,6221,
14058,9748,7292,7144,7915,8494,7365,6493,7849,7012,
16993,9710,8149,7520,7381,7673,7392,7667,7596,7440,
13835,8679,6749,6424,6466,6089,5812,6167,5937,6026,
15060,9120,7039,6730,7390,6594,6659,6484,6705,6665,
16870,9263,8440,7070,6712,6897,6481,6694,7263,6537,
15876,8826,7509,7508,7663,7290,7828,7332,7868,8029,
13007,8071,6924,6879,6584,5967,6344,5493,5483,5485,
14374,9101,7764,6713,6193,6570,6933,6930,6665,6784,
14812,8350,7997,7559,6580,7894,6474,6728,6362,6717,
19939,9775,9284,8026,8266,9213,8670,8395,7797,8020,
16367,9456,8063,7347,7383,7209,7311,7709,7046,7300,
15020,9414,6743,6980,7677,7164,7088,7182,6972,7186,
14879,10383,7377,7268,6501,6089,6468,6021,6031,6089,
15066,8942,7551,7158,6788,7408,6986,6499,6821,7443,
15356,9096,7965,7023,7525,7522,7613,6786,6426,7038,
14534,9554,7473,7384,7202,7020,6739,7927,7397,6490,
15689,8744,8332,6828,7073,6786,6434,6930,7231,7697,
14860,8442,7090,7060,7052,7294,6885,7209,6716,6905,
15570,9524,7007,6525,7320,6603,6671,6431,7476,6313,
13225,9051,7305,6436,6294,6223,6456,5823,6315,6068,
13512,8209,7474,5809,6199,6165,6250,7351,6147,6364,
13831,8063,7177,6586,6344,6099,6335,6365,6190,6130,
16204,10883,8174,8012,7713,7262,7504,7803,8073,8286,
15750,9851,8118,8173,6973,7678,6916,7515,7027,6844,
14788,8856,7650,8530,6859,6853,6749,6433,7803,6704,
15213,10141,7212,7387,7466,7271,7070,6607,7027,7427,
17849,10240,7970,7642,7494,7395,7821,7960,7783,7724,
13290,8045,6637,7025,6360,6360,6470,6797,6643,6730,
15066,7547,6795,6265,6300,6483,7121,6476,6380,7028,
15587,9575,8714,8293,7591,7501,7264,7858,7801,7752,
14951,9664,6414,6745,7133,6606,6348,6439,7991,6483,
14760,8875,7563,7469,7386,6500,7258,7049,6772,6905,
15106,8428,7869,7067,7594,7360,7158,6635,7766,7507,
18223,10292,9721,8843,8755,7840,7259,7001,6947,7283,
13470,8082,6570,6406,6102,6421,6566,6339,6471,6551,
20854,12432,10689,8224,7808,7516,8714,7987,7534,8712,
14384,8682,6602,6102,6432,6672,6336,6280,5911,6166,
16906,9775,8896,7263,6953,7766,7725,7421,7513,7825,
15078,8730,7577,7155,7151,6819,6909,6677,6582,7106,
14990,8607,7700,7044,6800,6772,7312,7170,7252,6929,
13828,8722,7573,6691,7295,7079,7143,7841,7328,7613,
13134,7800,5757,5980,6300,5662,5867,5747,5751,5708,
14240,8074,6518,6732,7238,5994,6757,6779,6517,6522,
17747,11602,8213,8733,9071,8509,9064,7897,8118,7799,
13614,7458,6787,6666,6732,6609,6272,5908,6964,6821,
14327,9822,6921,7439,7223,6612,6003,6466,6558,6764,
13169,8186,6089,5881,5982,6283,6341,6245,6466,5939,
14070,8662,7308,6862,6433,6673,6381,6463,6724,6496,
16816,9230,7371,6814,6846,6682,7138,6559,6796,7173,
14097,9043,7194,6733,6749,7662,6610,6469,6220,6265,
18172,10079,8264,8000,7939,8166,8156,7993,8087,7730,
14866,10060,7819,6860,7158,7383,6622,7024,6602,7080,
16290,9528,7687,7914,7032,7241,7620,6745,7267,6266,
16146,8688,6707,6665,6561,6552,6586,6574,7612,6963,
14993,9091,7531,6939,7783,7137,6903,7543,7161,6863,
13428,7719,6361,6463,6490,6386,6549,6077,6368,6122,
14674,9591,7287,6922,6660,6742,6312,7913,6911,6520,
16819,9482,7680,7016,6088,6288,6512,6457,6671,6367,
14386,8553,7167,6051,6384,6526,6643,6147,6547,6769,
14304,8856,7800,6944,7193,7937,7802,7347,7500,6204,
14686,8317,6708,6789,6872,6674,6693,6257,7192,6629,
12976,8400,6960,6161,6539,6142,6374,6509,7596,5970,
18047,9974,9599,8616,8208,9409,7893,9333,7750,7841,
16453,9366,7696,6997,7211,7546,7350,7439,6792,7365,
15526,9740,7727,7929,7785,7859,8189,7520,8057,8005,
15117,7760,7093,7810,6617,6642,7060,6857,6750,7200,
13567,8187,6820,6276,6447,6505,7258,6368,6473,6351,
15191,9523,7502,7313,7091,7190,7781,6867,7213,7020,
16562,9784,7582,6696,7321,7125,7425,6451,6731,6931,
17954,8994,7633,6711,6603,6576,6573,6573,7354,7825,
13561,7668,5985,5579,5683,5671,5883,5517,6123,6022,
15308,9656,7445,7465,6858,7234,7439,6969,7066,7249,
15152,8898,6974,7270,7153,6914,6932,6739,6668,6641,
15694,9886,8030,7267,7153,7764,7498,7544,7198,7420,
13950,8706,7074,6453,6437,6485,6100,6645,5997,6490,
15307,9276,7553,7300,7734,6784,7299,7058,6829,7227,
16558,10689,9309,8883,7626,7502,8494,7340,8617,7572,
16349,9354,7771,6951,7111,6824,7144,7162,6541,7421,
15207,8916,6766,6691,7837,7661,6746,7246,7164,7613,
13178,8427,6817,6496,6188,6255,5897,6314,6235,6355,
13656,8423,6532,6551,6512,6422,7129,6833,6453,6463,
16017,8676,7578,6981,7180,6797,7460,8254,7619,7342,
14564,9312,7273,6946,6573,7150,6923,6837,6838,6668,
13473,8654,6557,6313,6517,6095,6717,5832,6226,6360,
15430,10191,7598,6933,7039,7098,6999,7494,7063,7262,
16149,9722,8941,8545,7366,8702,7421,7717,6882,6747,
14475,8741,7193,6918,6609,6657,6541,6188,7094,6813,
18410,10218,8899,9834,8210,7544,7256,8134,7615,9771,
13825,8768,6592,6619,6637,6571,6625,6253,6653,6389,
15597,9099,7263,7188,6586,7370,6880,6366,6130,6679,
15401,8611,7722,8071,7106,6982,7178,6727,7545,7174,
13962,8940,6699,6460,7996,7264,5962,6211,6089,6561,
13930,8638,6827,6405,6348,6502,6363,6408,6818,6694,
16659,8713,7034,6780,8655,7579,6868,6678,6299,6231,
18597,10881,8898,9259,8445,9229,7727,8105,7866,8231,
14276,8355,6647,7280,6469,6605,6736,6431,6514,6214,
13371,8487,6373,6564,6215,6362,6130,5597,6313,6701,
13006,8215,6326,6566,6167,5680,5845,6192,5924,5998,
15435,8170,7656,6893,6560,6302,7023,7616,6932,6786,
14411,9921,8137,7485,6957,6955,6982,7646,6530,6704,
15105,9464,8478,7233,6842,6640,7519,7644,6639,7132,
14941,9477,7484,7093,7361,6915,7509,6650,7222,6900,
14284,8831,6901,6423,6476,6331,6310,5935,6336,6282,
14249,8340,6349,6097,6245,6290,6066,6067,6872,6638,
13467,7387,5951,7859,6374,6695,5924,6512,6012,5675,
14138,8104,6357,6376,6888,7223,6613,6401,6520,6616,
13629,9224,7407,7000,6512,6205,6313,6374,6402,6601,
16506,10170,8148,7512,8871,9157,8164,8679,8239,8654,
14072,9175,7470,7023,6944,6603,6871,6723,6932,7365,
13511,7985,6681,6658,6465,6537,6282,6022,6445,6956,
16948,9405,8114,7812,7832,7620,8084,8413,7681,7437,
13658,8064,6683,6072,6316,6440,6190,6490,6356,6841,
15221,8610,8207,7283,7020,8251,7264,7578,7552,6998,
16557,10387,7424,7296,8343,7558,7354,7455,7977,6520,
14772,8896,6696,6343,7644,7187,7165,7728,6709,6586,
20970,11617,8993,8294,8081,7831,7791,7788,7788,7788,
13700,8438,6604,6324,6368,6031,6264,6312,6302,6394,
19610,11450,9524,9223,8859,8176,8754,9231,8623,8220,
15133,9567,7684,6637,7576,7812,7052,7421,6741,7178,
15145,9007,6582,7062,7279,7524,7226,7516,7387,7409,
13837,8908,6356,6383,6733,6405,6550,6246,6362,6398,
14385,8356,7162,6315,6936,6509,7089,6769,6651,6460,
14160,8289,6993,6289,7339,7192,7698,6581,6614,6398,
14372,8658,6813,7588,6745,7223,6716,6701,6751,6518,
14117,8701,7196,6494,6877,7201,6743,7178,6121,6789,
13725,8223,7364,6680,6464,6474,6544,5874,6444,6926,
14067,9710,7653,6727,6769,6674,6436,7246,7729,7003,
14232,8552,6874,6705,6697,6661,6665,6804,7094,6561,
15180,8609,6751,7313,6625,6831,6454,6545,6410,6778,
13362,7182,6891,6010,5950,6156,5977,6051,5657,5969,
14795,8984,6539,6558,6863,6472,6809,6821,6321,6346,
13783,8702,6844,6478,6171,5651,5871,6141,6364,5975,
13653,8020,6982,6147,5518,5721,6905,5814,5914,5655,
15773,9303,7298,6793,7271,6925,7559,6884,7779,7688,
14074,8682,6703,6651,6349,6703,6404,6461,6532,6111,
14502,8718,6825,6160,6672,6596,6503,8131,6927,7064,
14200,8816,6576,6262,6026,6978,6787,6659,6957,7191,
14682,10835,8035,6216,6631,7069,6261,5980,6369,6249,
13470,8133,6640,7029,6419,6193,6251,6727,6128,6196,
17932,9726,7114,6627,6619,6651,6553,6653,6729,6671,
13369,8195,6758,6327,6527,6566,6146,6142,5975,6113,
13822,8097,6266,6852,6847,6801,6380,6216,6790,6651,
15387,9362,7225,6849,7228,7129,7470,7081,7223,7012,
16736,8924,6970,6672,6660,6849,6625,6660,6312,6795,
13304,8178,6705,6459,6182,6830,7136,6658,6198,6551,
13483,7802,6216,5745,6352,5967,5794,5928,5948,5982,
17777,8023,7223,7320,7240,6643,7313,7143,6813,6756,
14936,8564,7308,6898,7235,6891,6315,6445,7514,7326,
14770,9648,7691,7164,6711,8045,7247,7279,7651,7727,
14226,9040,7292,6856,6295,6258,6403,6355,6444,6404,
16050,9284,8604,8032,7262,6138,6665,6731,6522,6830,
13803,8477,7598,7526,7029,7148,6473,6862,6775,6502,
18703,8684,7767,7831,8023,7801,7464,7159,7340,7310,
14124,8041,6517,6543,6168,5707,5724,5683,6441,6237,
14762,8939,6984,6597,6640,6749,6978,6943,7075,6771,
13111,8287,6584,6090,6611,5941,6612,6223,6220,6299,
13191,8228,7016,5733,6004,6001,5706,5989,6126,5833,
14291,8414,6799,6461,6101,6280,6529,6458,6419,6165,
15502,8711,8210,7689,8514,7856,7195,7210,7313,6489,
13962,8681,6740,6748,6814,6806,6543,6314,6241,6614,
15876,9309,7304,7619,6808,7622,6941,6838,6799,6788,
17866,9460,7757,7810,7084,7489,7569,7544,7371,7612,
14293,8400,6465,6603,6154,6272,6162,5961,6134,6575,
17868,10369,7713,9265,7800,8429,8141,7902,8568,7958,
18735,12709,8908,8483,8236,8622,7597,9479,8667,7713,
13989,6566,5412,5328,5322,5321,5321,5321,5321,5321,
14999,9157,7177,7144,6922,6660,6835,6121,6811,6109,
15792,10364,8581,8128,8072,7780,7933,7863,7550,7363,
15197,9230,7175,7120,7197,6322,6796,7055,6931,6451,
14955,9187,7439,7612,6949,7134,6892,6929,6330,7105,
17600,10048,8469,8134,8076,7607,7569,7172,7059,6999,
13948,9197,6437,5932,6152,6516,6929,6969,6882,6403,
13796,9243,6928,7327,6419,7019,6787,6218,6189,7099,
13870,8916,6574,7614,6915,6284,6735,7636,6642,6941,
15846,8881,7246,7555,6608,6152,6510,7280,6467,7177,
15053,8345,6666,6577,6434,6669,7204,6485,6308,6394,
14376,9064,7215,6625,6166,6631,6661,6169,5999,6264,
15238,9408,7309,7251,6508,6691,6818,6651,7349,6824,
31210,20273,13605,11797,11676,11666,11666,11666,11666,11666,
14217,8006,6790,6096,6008,6164,7270,7797,6615,6538,
13847,7800,6482,6592,6164,6280,5878,6543,5521,5375,
18758,10650,8685,8055,8261,8246,7864,8459,8192,8977,
14449,8936,7074,5845,5666,5581,5582,5580,5542,5580,
15946,9478,7306,7074,7369,7119,7095,7183,7389,7291,
15634,10065,8881,8573,7552,7204,7536,7696,7787,8543,
15325,9186,7595,6661,6882,7815,7271,7932,6671,6954,
13259,7608,6248,7075,7369,6762,6651,5996,6762,6186,
13838,8858,6762,6323,6361,7056,6672,6373,6169,5939,
13633,8562,6679,6316,6335,6217,5779,6187,6249,6069,
16658,9476,8084,7846,7205,7532,7293,7343,7270,7770,
14695,9374,7022,6038,6754,7279,6107,6497,6628,6416,
15928,9875,7630,6965,7206,7139,7676,6792,6983,7931,
13915,8384,6839,6000,6697,6321,6473,7099,7623,6884,
14899,8952,6798,6557,6561,6995,6618,6584,7307,6865,
14547,8777,7020,7790,7412,6919,7071,7056,6798,7046,
18785,11196,8884,7604,7831,8542,9001,8006,7730,8382,
15971,10774,7583,8592,8186,7037,7924,7605,7505,7918,
17976,11192,9790,8132,8459,8155,8019,9901,7353,7023,
16757,9791,8010,7690,7682,7822,7764,7143,7362,7416,
13142,7737,6512,6350,5965,6367,6169,6019,5962,5948,
13851,8800,6507,6003,5975,5997,5597,5942,6580,6496,
15669,9791,7685,7413,7428,7221,7320,7609,7362,6649,
13483,7813,6134,6620,6125,6044,6599,6112,6202,5972,
14667,8972,6432,6433,6971,6352,5597,5823,5641,5959,
25868,12008,9400,9148,9124,9123,9123,9123,9123,9123,
13182,8313,6463,6373,6191,5903,5873,6663,6259,6040,
16154,9570,7597,7796,7576,7523,7042,6561,7691,7884,
13942,8525,6661,6442,6547,6449,6329,6437,6518,5941,
13919,9543,6648,6886,6327,6561,6089,6983,6622,6353,
13896,8928,6941,7177,6722,6680,7568,6378,7119,7002,
14490,8603,7086,6843,7019,7467,7464,7344,7508,6743,
18233,8831,7070,6954,6946,6946,6946,6946,6946,6946,
15346,9570,7376,6932,7505,6942,7097,7281,8049,6754,
13052,8510,7331,6798,6082,6189,6781,6056,6122,5846,
14044,8429,7478,7353,7172,7865,6676,6852,6864,6763,
14753,10185,9341,8435,7348,7315,7540,7391,7290,7403,
14680,9567,6751,8001,7145,6654,8187,7180,7279,7549,
13512,8856,7330,6775,6902,6864,6968,7356,6812,6716,
13002,8371,6329,6452,5993,6130,5951,5724,5813,5701,
13571,8858,6584,6443,6555,6137,6547,6152,7322,6200,
13908,8546,7732,6746,6746,6564,6397,6952,6721,7641,
14129,8525,7055,7035,6229,6195,6651,7150,7044,6224,
15281,9525,7800,7333,7058,6658,6911,6532,7001,7174,
14212,8768,7753,6687,8361,6577,6132,7521,6385,6401,
14985,8445,7164,6832,6637,6277,6963,6695,6465,6578,
15163,9204,7404,7085,6791,6818,6735,6387,6572,6370,
13919,8390,6753,5906,6227,7283,6420,6786,6517,6540,
14748,9666,7415,7288,7559,7581,7132,7811,7344,7357,
23378,13620,10994,9946,11013,9695,9559,9640,10765,10068,
14981,8484,7712,7969,7123,6746,7554,6860,6720,6487,
15377,9342,8524,7908,7410,7496,6618,7245,7379,6917,
15137,8445,7030,7301,7399,6725,7052,6875,6491,7552,
16877,9587,7592,7278,7436,7704,6661,6731,8142,9041,
16076,9438,7603,7350,7083,7173,7241,6798,7004,6519,
14346,8418,6933,7796,7014,6745,7368,6923,7010,6698,
14291,9390,7362,6774,6425,6288,7188,6574,6327,6105,
14943,8699,6532,6486,7104,7004,6695,8027,7535,6385,
12794,7947,6319,6092,6972,6154,5939,6410,6517,6905,
15416,9099,6942,6975,7901,6981,6955,7615,7204,6681,
14640,8631,6895,6993,6628,6454,6171,6089,6602,5857,
22248,11915,11077,8881,8985,8262,8235,8399,8690,10458,
20469,10470,8561,8336,7601,7620,7598,7651,7644,7649,
14487,8870,6824,6529,6667,7901,6436,6546,6761,7406,
25689,10548,9126,9043,9037,9037,9037,9037,9037,9037,
12755,8202,6419,6845,6918,6373,5721,6346,5505,5862,
19156,11411,8848,8555,7674,8286,7455,7362,9253,8046,
15031,9990,7742,7464,7996,7566,6765,7037,6552,7223,
14000,8625,8382,7317,6959,7477,6737,7434,6264,6788,
14098,9527,7279,6771,6822,6850,6165,6239,6257,7227,
17315,11256,8074,7930,7207,7627,7747,7502,7138,7374,
13454,8850,6270,6021,5763,6128,7023,6352,6301,6215,
13637,8841,6545,6519,6029,6222,6490,5835,5854,5828,
15981,10022,8777,7221,7402,7017,6542,8103,6953,7117,
13545,8275,6489,6922,5850,6286,5786,6242,6299,6691,
15636,9714,7916,7356,7152,6732,7308,7521,6653,7249,
14118,8104,6465,6096,6270,6221,6327,6054,6022,7375,
14270,9272,7583,6567,7814,7370,7521,6871,7149,6908,
9858,5001,4514,4515,5003,4477,4516,4276,4194,4391,
11742,5822,5127,4519,4943,4764,4957,4595,4620,4450,
11078,5426,4143,3988,3969,3966,3965,3965,3965,3965,
11588,5419,4690,5365,4791,4493,4492,4502,4623,4814,
12462,5857,5080,5138,4734,4913,4472,4759,5625,4913,
10092,5064,5045,4516,4236,4677,4244,4296,4612,4591,
10154,4671,4549,4139,4114,4105,4336,4339,4117,4395,
10352,4786,4456,4108,4209,3755,4573,4239,4304,4093,
12002,6141,4576,4252,5006,4066,4068,4067,4067,4067,
10249,5131,4913,4766,4426,5016,4718,4507,4990,4778,
13279,6095,5329,5934,5664,4768,4915,4664,4664,5208,
14564,5789,5877,5764,5368,5996,5597,5344,5195,5909,
10173,4695,4344,4429,4381,4225,4103,4394,4490,4319,
10409,4655,4345,4276,5009,4294,4615,4392,4479,4762,
12090,5221,4771,4816,4536,4577,4907,4554,4477,4735,
10870,4849,4923,4832,5307,4501,4736,4605,4757,4939,
12482,5536,4631,4532,4525,4527,4526,4731,4879,4720,
10006,4565,4781,3881,4135,3859,4232,4111,4214,4560,
11521,5197,4628,4876,4276,4751,4756,4234,4269,4381,
10149,5342,4208,4346,4263,4745,4757,4357,4507,4903,
11456,5480,4546,4270,4207,4521,4198,4577,4496,4481,
10689,5233,4825,4660,5963,5011,4959,4736,4799,4630,
13292,5799,5246,5149,5050,5841,5432,5504,5233,5829,
10972,4539,3985,4422,4207,4528,6650,5088,5065,4814,
10948,5337,4562,4347,4554,4346,4390,4465,4455,4456,
11185,5141,4988,4381,4558,4452,4536,4363,4483,4667,
11245,5496,4790,4469,4591,5312,4495,4365,4263,4738,
11209,5337,4709,4925,5494,4830,4676,4734,4688,4861,
10797,5431,4595,4986,5308,5251,4676,4976,4810,5340,
11744,5320,4241,4470,4189,4302,4197,4187,4191,4439,
10585,4663,4566,4307,4094,4200,4130,4141,4353,4133,
12035,5242,5341,5188,5331,5014,5918,5111,5850,5573,
10237,4595,4184,4306,4487,4416,4735,4166,4505,4487,
10975,4887,5023,5245,4651,4661,5220,5543,4689,4812,
11387,5033,4645,4738,4694,4506,4476,4491,4771,4251,
12709,5344,5002,5774,4609,5134,5793,4527,4480,4471,
10963,5521,4346,4271,4584,4649,4338,4554,5659,4453,
11258,5097,4603,4599,4213,4467,4507,4380,4593,4317,
10443,5151,4470,4527,4765,4602,4223,4410,4318,4472,
11715,5938,4802,4855,4665,4667,5204,4839,5010,5331,
10682,4675,4252,3829,3825,3820,3819,3819,3819,3819,
10910,4678,4402,4076,4368,4156,4364,4403,4328,4399,
11321,6281,5093,4718,5356,5486,5305,4271,4672,5126,
11259,5689,5654,4811,4305,4419,4752,4693,4689,4737,
11942,5260,4624,4711,4437,4922,5300,5533,5016,5904,
12217,6153,4987,4864,4776,4836,5033,4586,4740,4971,
10816,5118,4222,4196,4906,4445,4762,4293,4294,4368,
11091,5294,4786,4619,5282,4399,4527,5199,5423,4741,
12322,5323,4150,4350,4271,5111,4444,4896,4608,4601,
12621,5702,5496,5322,5418,4944,5356,5217,5195,5022,
12576,6066,4892,4796,4959,5140,4852,5367,4900,5357,
12811,5568,4524,4498,4496,5553,4568,5466,5723,5130,
10263,4865,4534,4644,4489,4663,4314,4459,4294,4516,
12718,5599,4836,5323,5047,5714,4925,5123,5237,5814,
14039,6024,5188,5367,5204,5090,5338,5265,5458,5183,
13316,5757,5967,5322,5145,5030,5300,5205,4920,5841,
10084,4946,4676,3960,4234,3706,3899,4015,4686,4415,
11046,5060,5439,4552,4674,4906,4832,5378,5122,4827,
13280,5438,4764,5795,5569,4979,4958,4760,5680,4997,
10758,5366,4473,4520,4430,4300,4513,4852,4314,4137,
11851,6515,5186,4611,5210,5008,4571,4647,4775,4733,
14010,5815,5025,4979,4978,4978,4978,4978,4978,4978,
10782,5051,4659,4586,5014,5051,4831,5083,4754,4306,
11951,5425,5217,4768,5287,4826,4674,4434,4527,4628,
10239,5186,4674,4354,4278,4547,4347,4573,4627,4284,
9761,4625,4433,4230,4075,4176,4154,4076,4108,4563,
10765,4878,4376,4230,4402,4921,4266,4228,4312,4006,
11783,6376,6138,4947,4862,4833,4683,4442,4688,4990,
11280,5210,4404,4439,4216,4578,4353,4235,4108,4807,
11749,5388,4589,4558,4570,5126,5347,5103,4875,4761,
10618,5298,4595,4620,4548,4500,4432,4629,4540,4491,
14929,6349,5446,5601,5089,4948,5043,5705,5247,5049,
19256,7335,7047,6641,7021,7269,6600,6475,6424,6435,
11100,4710,4437,4344,4253,4521,4607,4660,4519,5017,
12817,6173,4971,4767,4783,4562,4585,4701,4463,4605,
11695,5356,4637,4455,4434,4111,4256,4102,4194,4101,
12485,6399,5565,4947,5468,4896,5176,4640,5069,5356,
13552,5620,4694,5587,4741,5031,5466,4810,4805,5263,
10739,5155,4615,4484,4380,4484,4712,4722,5342,4898,
11027,4991,4423,5027,4425,4977,4659,4380,4491,4514,
11337,5107,4781,5443,5211,4838,4882,5164,4982,4629,
10149,4818,4558,4155,4383,4487,4332,4721,4204,4693,
10975,4613,4229,4353,4275,4328,4140,4363,4096,4557,
9904,4665,3944,4211,4087,4223,4077,4578,4594,4363,
13514,6345,5612,5706,6272,5197,5565,5567,5216,5479,
10885,4749,4350,4516,4219,5047,5035,4290,4376,4722,
11016,4972,4254,4130,4793,4578,4342,4438,5090,4484,
10299,4549,3982,4222,4194,4229,4119,4124,4776,4885,
10315,5301,4280,4367,4800,4004,4191,4267,4133,4299,
10393,5031,4456,4333,4269,4171,4573,4671,4224,4559,
16844,6892,6204,6328,6144,6030,6545,6379,6346,6353,
10019,4748,4477,4571,4211,4298,4206,4158,4411,4370,
11325,5094,4676,4802,4441,5102,5395,4724,4646,5772,
10883,5221,4783,4700,5689,5240,5473,5539,4751,4957,
11272,5155,4200,4328,4717,4781,4231,4418,4485,5119,
10179,5680,4490,4266,4168,4505,4168,4551,4280,4392,
10935,4875,4457,4413,4487,4338,4146,4265,4498,4303,
11589,5534,5067,4865,4841,4643,4457,4850,4653,4626,
11263,5123,4612,4687,4968,4719,4387,4651,4636,4690,
10899,5085,4683,4465,4194,4155,4422,4495,4252,4311,
13575,6271,5599,5910,5783,5366,5996,5297,5519,5534,
15303,6786,5818,5882,5921,5432,6260,5288,5634,5844,
10466,4776,4054,4009,4035,3907,4395,4085,3976,4235,
10412,4835,4731,4649,4958,4233,5151,4435,5209,4111,
10257,4706,4194,4288,4191,4595,4221,4332,4479,4210,
9661,4493,4210,4077,4029,4051,3930,3914,3962,4003,
10997,4703,5018,4645,4353,4436,4680,4315,4577,4413,
12364,5594,4740,5230,4679,4488,4414,4412,4412,4647,
13353,6330,5046,5422,5596,5091,5043,5234,5307,5621,
11449,5091,4480,5131,4522,4238,4936,4392,4521,4083,
10869,5205,4494,4165,4434,4406,4104,4320,4842,4784,
11833,5090,4333,4068,4066,4065,4064,4064,4863,5433,
10095,4018,3554,3531,3531,3531,3531,3531,3531,3531,
11197,4805,4043,4064,4003,3999,4149,3997,4006,3999,
11112,4960,4211,5061,4495,4976,4774,5021,4495,5162,
11795,5137,5250,4914,4533,4927,4410,4480,4328,4684,
11867,5547,5878,4762,4764,5502,5325,5154,4809,4861,
9901,4903,4235,4413,4121,4443,4132,4081,4054,4176,
11630,5439,4628,4759,4357,5741,4645,5204,4922,5409,
10355,5334,4297,4506,4124,4299,4500,4148,4382,4642,
11259,5161,4500,4355,5091,4409,4377,4380,4259,4446,
12960,5989,5579,4936,4848,5976,6476,5462,5108,4726,
19435,8017,7007,6889,6880,6878,6878,6878,6878,6878,
13465,6327,5281,5005,4822,4827,4828,4825,4828,4825,
11242,4906,4637,4650,4388,4308,4563,4697,4636,5191,
10343,4610,3735,3687,3683,3683,3683,3683,3683,3683,
11164,5001,4537,4372,4351,4740,4095,4156,4702,4358,
9600,4729,4475,3924,4251,4608,4230,4323,4161,4324,
11060,5111,4797,4469,4476,4541,4766,4399,4438,4476,
10850,5174,4589,4615,4379,4763,4192,4616,5006,4671,
9477,4081,3477,3418,3416,3416,3416,3416,3416,3416,
10455,4748,4884,4169,4200,4379,4694,4236,4169,4599,
10491,4892,5115,4510,4186,4416,4316,4660,4490,4143,
10424,4588,4080,3822,3778,4199,4721,4391,4129,4124,
12013,5645,4882,4906,4401,4780,4538,4778,4858,4749,
10990,5211,5387,4777,4812,4775,4826,4654,5206,5058,
13404,6142,5135,5564,4861,5533,4909,4782,4832,4817,
11141,5509,4606,4459,4727,4580,4554,5120,4738,5251,
10574,5144,4431,4419,4670,5291,4342,5640,4364,4562,
12277,5789,4870,4746,4377,4292,4282,4282,4282,4282,
11358,5487,4335,4936,5197,4689,4647,4797,4435,4381,
10900,5415,4658,5118,4841,4739,4637,4549,4943,5004,
13067,6376,5697,5322,5593,5121,5029,5000,5184,5737,
10253,5229,4790,4663,4285,4456,4507,4318,4224,4390,
10852,5927,4758,4547,4439,4739,4578,4596,4415,4234,
12346,5077,4817,4548,4564,4615,4401,4540,4572,5047,
10857,4813,4070,3962,4113,4139,3988,4076,4598,3971,
11790,5775,4888,4768,5842,5079,4507,4567,5304,4877,
12098,4675,4277,4225,5019,4735,4782,4749,4896,4877,
12710,5687,5154,4979,5142,5636,4968,5141,5832,5222,
10127,4652,4032,4204,4477,4271,4205,4276,3996,3799,
10636,5647,4856,4401,4519,4423,4305,5160,4696,4658,
10239,4941,4370,4347,4562,4056,4245,4651,4164,4798,
12101,4678,4415,4170,4035,4336,4128,4741,4170,4664,
12229,5607,5267,5091,4973,4948,5343,5025,5028,5095,
9898,5451,3949,4282,4611,4762,4224,3939,3887,3995,
10787,5086,4552,4835,4774,5263,4596,4883,4730,4441,
12981,7015,4851,5172,5003,4803,5813,5455,4974,4847,
10602,4435,4262,4312,4074,4067,4381,4746,4480,4497,
11919,5155,4468,5672,4251,4632,5234,6130,4669,4429,
16944,6720,6072,5892,6297,6186,5881,6009,5879,5971,
10882,5021,4593,4882,4677,4507,4708,4829,4782,4973,
10857,5023,4222,4537,4588,4195,5486,4328,4656,4167,
11257,5382,4610,4525,4176,4235,4091,4075,4774,4338,
11935,6100,5179,4323,4530,4672,4636,4693,4563,4472,
10735,5534,4543,4704,4498,4757,4393,4519,5090,4574,
11787,5130,4680,4471,4804,5007,4529,4618,4826,4471,
10822,4406,4221,4702,4776,4717,4669,5002,5069,4298,
13470,5570,4933,5045,4887,4887,4884,4923,4883,4883,
12580,5567,5685,4734,4627,4503,4574,4501,4475,4501,
11216,6299,5625,5692,5223,4204,3964,3956,3956,3956,
12050,5764,4791,4768,5509,4943,5885,5282,5035,5421,
12849,5611,5298,5270,4867,5119,5002,4591,6246,4839,
11107,5608,4735,4472,4615,4769,4619,4547,4806,5114,
13967,5753,5440,5393,5824,5489,5405,5237,5664,5491,
10893,5322,4753,5001,4583,4793,5235,4770,4977,4804,
11104,4924,4872,5180,4312,4485,4191,4400,5111,4806,
11028,4575,3946,3903,3901,3901,3901,3901,3901,3901,
10156,4796,4412,4150,4379,4387,4403,4435,4458,4130,
12587,5522,4623,4968,4613,4506,4740,4624,4485,4469,
10701,4736,4343,4535,4878,4541,4733,4233,4379,5160,
10162,4780,4759,4253,4484,4283,4723,4664,4331,3970,
10098,4568,4227,4276,4108,4337,4137,4407,4411,4296,
11951,4817,4743,4707,4882,6277,4819,5144,4586,4963,
11817,5389,4602,4604,4746,4672,5230,4922,5015,4798,
11044,5370,4315,4490,4549,4555,4617,4527,4672,4898,
12493,6212,5212,4824,6127,4955,4758,4972,4724,4891,
15444,6979,5457,6246,5610,6535,6009,6070,6134,6152,
12084,5639,5015,4467,5763,5177,5181,5352,4939,4859,
11393,5371,4872,5133,4934,4774,4515,4761,5062,5516,
10249,4927,4302,4589,4354,4594,4717,4495,4366,4497,
11736,5850,5356,5405,4899,5143,4635,5178,5218,4900,
13911,8775,6896,6668,6213,6037,6269,6362,6656,6698,
16283,9661,8191,7154,8030,6947,6864,6818,8201,7251,
13957,8468,6361,6229,5717,5855,5616,5441,5244,5223,
15476,9958,8425,7267,7412,7332,7930,7471,7044,7075,
14409,8614,6707,6742,6900,6522,6984,7195,7101,7054,
12951,8301,6196,6173,6356,5730,5799,6185,6173,6106,
13707,8595,6310,6040,6059,6398,6239,6357,5746,6514,
16446,10397,7815,7830,8081,8016,7915,7501,7891,7757,
14184,8824,7014,7417,7514,7821,7099,6865,7503,7079,
13768,8907,7935,6709,6961,6669,6290,6182,6250,5713,
14337,9982,7751,7281,6809,6786,6248,6345,7633,7658,
21226,10049,8707,8849,8368,8095,8211,8330,8187,7760,
14127,8594,7105,7277,7086,7299,7734,6569,6595,7536,
15458,9195,7946,6884,6723,7487,6901,7315,7911,6871,
15268,8336,7016,6933,6899,6863,6537,6444,6369,6314,
14205,9523,7307,6779,6475,7031,6645,6262,6392,6177,
11798,5122,4287,4239,4237,4236,4236,4236,4236,4236,
13641,8380,7024,6676,6320,6162,6216,6101,6649,6312,
11777,5210,4470,4886,4965,5064,5238,4786,5240,5255,
10251,5310,4932,4786,4330,3999,4102,4079,4190,4669,
11343,4728,4101,4059,4058,4058,4058,4058,4058,4058,
11033,4980,4294,4478,4476,4577,4930,5323,4918,4891,
12147,5637,5058,5280,5023,4810,5237,5440,5303,4899,
10922,5517,4690,4718,4694,4441,4823,4631,4589,4449,
16736,10128,8048,7999,8014,9292,7963,8206,8558,8015,
14827,8636,7829,7520,7086,6607,8375,7389,8300,6804,
15678,9063,7388,7620,7650,7381,7182,7172,7698,7155,
14276,8897,7202,6799,7098,6926,7279,6941,6307,6514,
14709,9672,7345,6901,6835,6877,7417,6548,7282,6795,
14664,8590,7180,6743,6371,6557,6922,6435,6569,6600,
17048,9258,8496,7727,8093,8070,7843,7291,6818,7993,
13560,8117,6768,6651,7039,6503,6445,6061,6124,6245,
10815,5542,4848,4677,5024,4654,4675,4244,4054,3904,
10459,4966,4689,5341,4937,5280,4616,4787,4884,4534,
11018,5145,4391,4524,4428,4587,4680,4843,4387,4913,
15905,6959,5565,5519,5508,5506,5506,5506,5506,5506,
10058,4843,4770,4349,4424,4407,4108,4433,4174,3942,
11854,4864,4248,4213,4211,4211,4211,4211,4211,4211,
10771,5223,4668,4392,4942,4434,4921,4585,4481,4542,
10320,5507,4064,4432,4458,4350,4177,4289,4069,4451,


16716,9512,7576,9003,7172,8943,8312,7667,7223,7705,
14156,8864,7472,6524,7119,6668,6598,7185,6354,6213,
19600,11212,8100,7984,8500,9085,8115,9815,7862,7650,
13566,8815,7444,6572,6217,6853,6100,6806,7069,6946,
14136,8783,7169,7722,6768,7503,6654,6340,5757,6395,
13989,9200,7725,6914,6629,6346,5815,7320,6625,7585,
13875,8749,6611,6456,6380,6250,6367,6627,6362,6686,
16884,9823,7501,7251,6667,6618,6413,6364,6342,6339,
12980,8521,7343,6365,6834,6401,6261,6288,6216,6650,
15789,9698,7748,7010,7242,7204,7134,7521,6994,6933,
13214,8002,6482,6281,6378,6485,6767,6234,6784,6891,
14058,9367,7228,8160,7594,6936,6721,7509,6388,6956,
16993,8812,8088,7306,7323,7287,7516,7460,7600,7304,
13835,8560,6704,8005,6613,7925,6348,6129,5926,6125,
15060,9042,7496,7621,7100,6867,6452,6836,6070,6936,
16870,9278,7102,7324,6567,6776,7620,7924,7287,6627,
15876,8825,7510,7746,7859,7736,7583,8208,7676,7978,
13007,7871,6995,5853,6690,5870,5968,6606,6209,6318,
14374,8654,7027,6972,6399,7048,6488,6533,7240,7030,
14812,8536,6714,6709,7380,7105,6735,7439,6393,6030,
19939,8715,9112,8587,8594,7873,8182,8459,8349,7736,
16367,9123,8077,7700,8111,6453,7174,7494,7702,7723,
15020,9170,7981,7409,6345,6725,6694,6775,6552,6943,
14879,9500,7773,8322,7419,7645,7672,7946,6821,6002,
15066,9397,7467,7107,7273,7501,7092,7074,7274,6816,
15356,10394,8084,7464,7221,7883,7664,6892,7006,6626,
14534,9321,7528,7845,7216,6934,7382,8532,7588,7585,
15689,9698,7336,7319,6956,6981,6561,6725,6969,7617,
14860,8991,6995,6737,7093,6980,6659,6769,5997,6766,
15570,8871,8109,7265,6894,6797,7044,7496,7507,7370,
13225,8390,6458,6459,6701,6791,6359,6449,6720,6126,
13512,8465,6789,6133,5847,5838,5450,5753,5962,6097,
13831,8292,6824,6157,6324,6164,6668,6049,6277,6713,
16204,9652,7926,7741,9684,8647,8786,7847,7324,7913,
15750,11198,8023,7716,7894,8258,7573,7432,8172,7444,
14788,7926,8070,6923,8416,7895,7739,7537,6811,6835,
15213,9713,7418,7723,7789,7275,6680,7059,6648,7243,
17849,9592,7618,7782,7400,7431,7519,7735,7237,7379,
13290,8671,6694,6304,6447,6043,6466,6319,6764,6536,
15066,7547,6996,6264,6277,7666,6594,8362,7341,7929,
15587,10703,7651,9447,9025,9316,8053,7883,7561,8346,
14951,10045,7318,7527,6442,6437,6629,7487,7077,7310,
14760,9196,7113,7509,7397,6520,6825,7280,6476,7077,
15106,8461,7851,7904,8340,7768,6639,7822,7583,8962,
18223,10292,8739,7352,6952,6847,6840,6840,6840,6840,
13470,8082,6858,6356,6226,6517,7062,6209,6085,6300,
20854,9810,9318,8954,9865,9101,10458,9993,9520,8720,
14384,8699,6558,6705,6370,6812,6696,6439,6633,6319,
16906,10137,7731,7443,7837,7610,7586,7701,7251,8613,
15078,8858,7549,7169,7223,7197,6352,7306,6452,6340,
14990,8074,7433,6682,6225,5918,6723,6753,6243,6412,
13828,8673,7077,8846,7519,7897,7116,7215,7927,7546,
13134,8250,6407,6109,6042,6097,5789,6305,5880,5955,
14240,7432,6758,6280,6620,6911,6192,6385,6126,6492,
17747,11341,9562,8691,9312,10170,9258,8880,8160,9105,
13614,7500,6755,5881,5940,5616,5945,5971,6182,6534,
14327,10157,7290,6982,6765,7084,5983,6271,6606,6169,
13169,7931,6927,6727,6145,6092,6014,6176,5914,5901,
14070,8553,6813,6947,7679,6325,6328,6621,6730,6731,
16816,9083,7811,7178,6596,7040,6773,7442,7038,7851,
14097,8540,6889,7183,7035,7371,7537,7224,7841,6862,
18172,10984,9457,8253,9513,7855,7837,7527,7352,7346,
14866,9606,7373,7057,6626,6237,6671,6919,6403,6300,
16290,9357,7449,7075,6943,7222,6693,7174,6984,6465,
16146,9806,7764,7700,7343,6564,6898,6540,7095,6510,
14993,8485,8269,7291,7484,6669,8344,7142,6625,7908,
13428,7973,6579,6203,6448,6425,6422,6624,6666,6199,
14674,7505,6329,6157,6719,8080,7262,6468,7324,6728,
16819,9250,7783,6701,6386,6259,6054,6030,6025,6024,
14386,8559,6934,6816,6492,6244,6264,6262,6701,6195,
14304,8927,7479,7011,7653,6648,6880,6922,6847,7250,
14686,8387,6677,6105,7113,6964,6941,6543,6480,6587,
12976,8581,6768,6218,6957,6112,6820,6814,6336,5967,
18047,10431,8944,9052,8733,8064,8717,8698,8752,7854,
16453,8823,7269,7023,7207,7079,6954,7347,7034,6568,
15526,9068,7034,7152,7621,8009,7185,8384,7002,7457,
15117,8128,6731,7245,6459,6995,6624,7043,6653,6511,
13567,7959,6209,5970,5851,6177,6047,6124,6136,6330,
15191,10476,6939,7488,7179,6719,6586,6447,6522,6866,
16562,9762,7853,7480,7197,6610,6898,7226,6859,6631,
17954,9562,8142,8574,7353,8529,7103,7973,8153,8587,
13561,7810,6118,6118,6177,6730,6240,6014,5829,5712,
15308,9593,8953,7643,7611,7859,7597,7106,7411,8215,
15152,8382,7030,7163,7009,6695,6186,6768,7594,6548,
15694,9718,7620,6867,8058,7108,8785,8037,7441,8835,
13950,8352,6812,6648,6313,5836,6050,7038,6332,6422,
15307,9516,7774,7060,7038,7800,7399,6971,7496,7470,
16558,9860,8336,7328,7630,7711,7007,6737,7195,6899,
16349,8661,6971,7376,7367,8037,7727,7257,6979,7116,
15207,9711,6947,7900,6941,6996,7178,7528,7613,7098,
13178,8006,6405,6291,6932,6377,6973,7125,6908,6395,
13656,7998,7232,6639,6223,6650,6847,6450,6632,6389,
16017,9162,7985,8114,7783,6687,7220,7188,7413,7675,
14564,9526,7463,6930,6957,7315,6549,6450,6862,6722,
13473,8792,6587,6635,6154,6316,6200,5930,6271,6014,
15430,9676,7366,9072,7584,7393,7515,7175,8898,7538,
16149,9653,7796,7180,6461,6768,6937,7658,8034,7931,
14475,9298,7811,7123,6616,6687,7014,7169,6967,7693,
18410,10280,8715,9206,8394,7820,8501,8124,8867,7425,
13825,8580,6599,7312,6479,7162,6509,6459,6515,6879,
15597,8979,6856,7131,6675,6624,6484,6398,6094,6261,
15401,9355,7930,6987,7299,6767,6980,7104,7325,6685,
13962,7891,6900,6208,6600,6238,5962,5835,6021,5750,
13930,8499,6721,6402,6579,6626,6966,6796,6447,6678,
16659,10356,8549,7110,6130,5887,6531,6658,6702,6187,
18597,11004,8609,8138,7349,7281,7287,7441,7255,7275,
14276,8564,6726,6639,6341,7529,6717,6755,7013,7227,
13371,8677,6911,6628,7040,7423,6608,6434,6106,6387,
13006,7793,6002,5576,5912,5675,6107,5718,6391,5670,
15435,8176,6707,6856,7216,6762,7930,7116,6769,6264,
14411,9126,7742,7248,6514,7228,7688,6666,7682,6753,
15105,9603,7155,6969,6912,6715,7122,6794,7221,6545,
14941,9987,7286,6989,6964,6650,6471,6793,7609,7563,
14284,8947,7798,6889,6834,6815,7426,6298,7436,6643,
14249,8238,7010,6742,6638,6475,6689,6392,6050,6317,
13467,7228,6440,5822,7559,7079,6863,6245,6030,7690,
14138,8731,6451,6801,6534,7317,6970,6851,6740,6333,
13629,9069,7061,6745,6670,6553,6715,7195,6444,6157,
16506,9896,8914,8599,8816,7386,9006,9250,8557,8438,
14072,9029,7786,7736,8055,7136,7395,7639,7060,7497,
13511,9144,7338,6691,6845,6228,6155,6995,7286,6783,
16948,9843,7853,7194,6992,7703,7048,6938,7919,6689,
13658,8042,6333,6244,6581,6048,6013,6128,6235,6282,
15221,8739,7696,6830,6351,5888,6474,7013,6281,6583,
16557,10791,7926,7787,7667,6968,6308,8068,7392,7413,
14772,8941,7551,6910,7003,7071,6201,7169,6975,7368,
20970,11668,9434,10072,8741,8496,8026,7932,7921,7921,
13700,9459,6826,6634,6345,6073,6271,6031,6576,7144,
19610,11695,9322,8818,8535,8831,8858,7815,8934,9959,
15133,9900,7528,6996,6950,7067,7525,6802,7067,6880,
15145,9452,7736,6815,6562,7326,7527,7134,6421,6601,
13837,8908,6356,6934,6477,6213,6594,6773,6509,6442,
14385,9066,8165,7104,7412,6809,6896,7340,6666,7688,
14160,8289,6747,7061,7830,7038,7431,6834,6299,7258,
14372,8717,7470,6825,7467,6671,6775,7095,7763,6986,
14117,8589,7850,7055,6687,6515,6815,6198,5894,6682,
13725,8964,6568,6579,6489,7124,7573,6797,6684,6334,
14067,9392,6869,6515,7379,6732,7193,7912,6869,6346,
14232,8764,6768,7163,6934,6642,6381,6851,6496,6826,
15180,9993,7566,7378,6894,6721,6853,6571,6353,7034,
13362,7140,6187,6220,7196,5698,6047,6693,6434,6113,
14795,8513,6816,6548,6938,7127,7168,6499,6665,8423,
13783,8313,6490,6731,6457,6611,6540,6045,6168,6535,
13653,7827,6635,6555,6704,6847,6209,6027,6015,5667,
15773,10167,7233,7930,7642,7652,7374,7281,7435,7626,
14074,8890,6760,7401,6814,6973,6171,6667,6505,6467,
14502,8808,6882,7005,6610,6761,7053,6452,6958,6530,
14200,9009,6886,6412,6234,6047,6194,6139,7308,7338,
14682,9313,7496,6821,6259,7863,6593,6473,7462,6648,
13470,7889,7028,6705,6396,5933,6340,6046,6211,5951,
17932,9365,6917,6749,6623,6654,6553,6607,6662,6555,
13369,8334,6575,6329,5971,5807,6683,6629,6278,6468,
13822,8444,6671,6661,6287,6316,6519,7359,6691,6209,
15387,8997,7294,7926,7270,7291,7884,7060,7253,7096,
16736,9784,6867,7314,6394,6690,6410,5835,6592,6324,
13304,8416,6968,6820,6499,6275,6373,7021,6681,6256,
13483,8058,6565,6010,5889,5987,5995,6487,6681,6358,
17777,8023,7409,6952,6541,6656,6660,6646,6658,6647,
14936,8450,7613,6793,6255,7640,6997,6556,6001,6966,
14770,9460,7439,7431,7676,8207,8557,6985,7163,7954,
14226,8548,7174,7477,6380,6524,6850,6502,6353,6276,
16050,8917,8464,6703,6623,7083,6423,6189,6251,6632,
13803,8806,7289,6433,7066,7573,6803,6921,6684,6519,
18703,8830,7715,7813,7626,7638,7314,7601,8952,8069,
14124,7858,6882,5800,6593,6686,6967,6478,6460,5893,
14762,8617,7067,6738,7401,7141,6993,7152,6745,7422,
13111,8236,6104,6485,6405,5981,6245,5917,5943,5774,
13191,8435,6419,5836,5894,5671,5959,5706,5410,5742,
14291,8785,6869,6208,6474,6231,6383,6662,6599,6273,
15502,9062,7302,7129,7004,7701,8286,7150,7194,7051,
13962,8838,7360,6543,6950,7200,7407,6939,7352,7251,
15876,9248,8208,7626,6636,7359,7250,6682,6564,7697,
17866,9448,7712,8633,7573,8063,8008,8415,8681,8114,
14293,8715,6854,6674,6704,7108,7732,6919,6667,6402,
17868,8784,7930,7760,6973,7082,7573,7628,9057,6918,
18735,11174,8526,8432,8911,10642,7955,8498,8708,9343,
13989,6566,5412,5328,5322,5321,5321,5321,5321,5321,
14999,9068,7534,6853,6874,6497,7310,6226,6640,6398,
15792,9932,8601,8060,7911,7590,7878,8104,7760,7592,
15197,8928,6901,7128,7558,6451,6410,7218,5931,6018,
14955,9190,7479,7225,6990,7096,6566,6802,6308,6543,
17600,9446,8113,7159,7685,7546,8067,7385,7808,8402,
13948,8596,7056,7153,6542,6814,6958,7162,6420,7026,
13796,8547,6328,6139,5992,5996,5928,5965,6533,6310,
13870,8728,7291,6795,6890,6634,7358,8134,7266,7056,
15846,9399,8398,8098,7701,6223,9495,8813,7675,7166,
15053,9119,6491,6633,6428,6455,6492,5855,6292,6533,
14376,9523,7183,7145,7176,6521,6466,6894,6804,7490,
15238,9970,7885,7155,7697,6917,7240,7461,7234,7513,
31210,20273,13605,11797,11676,11666,11666,11666,11666,11666,
14217,7895,6559,6297,6475,5785,5980,5885,6631,5984,
13847,7754,6665,6072,6395,5749,5765,5917,6350,5541,
18758,10056,9300,8270,8515,8619,9484,9000,8660,8726,
14449,8936,7074,5845,5666,5581,5582,5580,5542,5580,
15946,10750,7753,7247,7972,7350,7586,7817,7808,8016,
15634,10173,7365,7088,7927,6857,7228,6768,7181,7633,
15325,8968,8240,6827,6931,7081,7283,7467,7193,7609,
13259,8639,7477,6718,6992,6568,6492,6140,6876,6211,
13838,8748,7116,6686,7063,6388,6858,6177,6991,6396,
13633,8589,6841,6052,5928,5746,6127,5605,5580,5482,
16658,9086,8556,7362,7566,6646,7579,7552,6635,7209,
14695,8349,6279,6019,6522,6904,6470,6744,6634,6206,
15928,9517,8531,7615,8131,7577,7317,7325,7754,7122,
13915,8239,7124,6665,6629,6730,6510,6314,6710,6657,
14899,8214,7461,7622,7026,7295,6968,7107,6731,7146,
14547,9810,7550,6985,6793,7078,7350,7793,6922,7161,
18785,11600,8563,8843,8823,9215,8473,8213,8163,8650,
15971,10029,7478,7512,7114,7490,7139,7902,7774,7934,
17976,10129,7480,8052,8017,8062,7540,7419,6632,7418,
16757,10133,7911,7103,7138,7495,8721,7474,7512,7259,
13142,7575,7100,6358,6237,6172,6569,6392,6432,6064,
13851,9093,6749,6026,6277,6715,6482,6187,6229,6032,
15669,9751,8269,8143,7206,7928,7781,7427,7165,8207,
13483,8058,5902,6486,6480,7008,6727,6874,6568,6209,
14667,8668,7052,7140,6298,7160,6425,7101,6401,5915,
25868,12398,9383,9146,9124,9123,9123,9123,9123,9123,
13182,8567,6824,6959,6978,6886,6317,6745,6593,6110,
16154,9570,7745,7436,7401,7060,6756,7401,7871,6794,
13942,8709,6578,7236,6355,6169,7278,6799,6985,6427,
13919,8331,6958,7129,7074,6762,6468,6681,7528,6494,
13896,9047,7462,7179,6921,6666,7158,6979,6809,6529,
14490,8761,6876,6274,7174,6932,6239,6208,6875,6776,
18233,8943,7205,6952,6944,6944,6944,6944,6944,6944,
15346,9679,7592,7496,7107,6918,6478,6263,7571,7325,
13052,8061,6967,6190,5698,6291,6471,5788,6663,6455,
14044,9370,6841,6359,7683,6509,6809,6381,6802,7161,
14753,9330,7939,7630,7152,7291,7021,7626,7741,8535,
14680,9922,7046,7591,7234,7838,6665,7121,6816,7211,
13512,8598,7605,6537,7873,6535,6761,6992,6738,6328,
13002,8512,6011,6163,5974,5982,5549,5327,5606,5698,
13571,9224,6646,6158,6211,6102,6108,6261,5610,5929,
13908,8497,7885,6820,6762,6851,6033,6317,7068,7092,
14129,8483,7451,7188,7190,8117,7363,7492,7605,6507,
15281,9651,7364,7296,7062,7520,7153,7419,7335,6692,
14212,9799,6630,6339,6428,6258,6717,6408,7203,7033,
14985,8158,7619,6830,6283,5909,6700,6815,6659,6122,
15163,9108,7107,7904,6965,6645,7125,6517,6183,6510,
13919,8511,6721,6923,6573,6792,6645,6599,6862,7050,
14748,9625,7258,8033,7466,6577,7204,7702,8072,7171,
23378,11942,10464,11908,9733,10210,10214,11734,9996,11667,
14981,9779,7253,6807,6255,7058,6119,6740,7835,6448,
15377,9427,8111,8068,8759,8417,8081,7645,6883,7222,
15137,8695,7821,6801,7261,6793,7196,6913,6831,7238,
16877,8749,6627,6701,8827,7343,8124,8055,8577,8149,
16076,9474,7527,7268,7009,6933,6562,7257,8017,6995,
14346,8818,7448,6960,6960,7167,6988,6727,7318,6601,
14291,8723,6843,6424,6133,6463,6982,6644,6482,6367,
14943,8534,7221,7078,7549,7102,7762,6985,7009,6505,
12794,8617,6759,6581,6382,6592,6944,6729,7441,7418,
15416,9544,8236,7378,7076,6897,6832,7374,7102,7388,
14640,8473,6622,6169,5971,6188,5988,7291,6230,6140,
22248,11069,9436,9602,8946,8434,8689,10005,8448,9535,
20469,9556,8079,7620,7611,7593,7582,7930,7945,7768,
14487,9949,6881,6931,6494,6461,6502,6306,6235,7028,
25689,10548,9126,9043,9037,9037,9037,9037,9037,9037,
12755,9249,6775,7323,6179,5251,5534,5600,5514,5043,
19156,12293,8525,8852,8479,9056,7666,9388,7653,8847,
15031,11062,7407,7570,8535,7390,7145,7833,7037,7490,
14000,7514,7067,6964,7054,6916,6390,6830,7722,6966,
14098,8685,6810,6208,6285,6071,6234,6829,7295,6888,
17315,10568,8116,8806,8661,8077,7793,7533,7664,7183,
13454,8866,6455,7368,8127,6595,7283,6762,6342,6312,
13637,8172,6703,6660,6430,6387,6135,5936,6998,6305,
15981,9680,6980,7890,8344,7442,6889,6780,6780,6476,
13545,7846,6029,6342,5645,5908,5481,5392,5380,5489,
15636,8239,6803,6933,7689,6767,6640,6644,6354,7005,
14118,8120,6266,6364,5998,6891,7063,7000,6380,7509,
14270,9012,7173,7238,6584,6659,7273,6833,6903,7307,
9858,4889,4615,4214,4310,4227,4032,4466,4220,4194,
11742,5558,4547,4686,4979,4390,4716,4988,5714,4943,
11078,5426,4143,4037,3991,3976,3972,4357,4049,4823,
11588,5419,4690,5412,4798,4569,4889,4853,4684,5213,
12462,5336,5756,4972,5184,4704,4803,4921,4956,4782,
10092,5041,4562,4266,4656,4606,4420,4585,4271,4727,
10154,5148,4281,4102,4355,4528,4649,4121,4097,4469,
10352,4786,4486,3937,4513,4706,4960,5133,4126,4743,
12002,6180,4205,4361,4760,4592,5616,5092,4540,4798,
10249,5047,4961,4864,5150,5031,5013,4700,4972,4543,
13279,6988,6160,6060,5052,5190,6411,6856,6824,5879,
14564,5820,5200,5466,5520,5617,6137,5571,5438,6094,
10173,4695,5014,4096,4193,4121,4032,3874,4018,4155,
10409,4655,4665,4753,5072,5184,4738,4756,4780,5087,
12090,5916,4772,4420,4599,4628,4787,4604,5108,4731,
10870,5441,5007,5050,4533,5429,5207,4836,4592,4506,
12482,5513,4626,4532,4525,4527,4526,4852,4802,4622,
10006,4565,4781,3881,4456,5172,4352,4077,4242,4863,
11521,5271,5305,4599,4923,4378,4273,4629,4338,4336,
10149,4997,4423,4133,4391,4399,4466,4963,4816,5017,
11456,5635,4337,4471,4531,4285,4212,4270,4758,4596,
10689,5232,5567,4760,4613,5034,5814,5075,4894,4571,
13292,6194,6140,4735,6064,5784,4988,6192,6215,5008,
10972,4807,3999,3953,4308,3915,4092,4333,4334,4188,
10948,5568,4859,4629,4764,4429,4246,4562,4315,4523,
11185,5141,4989,5891,6018,4953,5569,4963,5874,5329,
11245,5244,4740,4431,4640,4593,4515,4782,4850,4539,
11209,5954,5074,5109,5029,4977,4834,4718,4705,5363,
10797,5431,4595,4757,4863,4577,4844,4740,4721,5365,
11744,5320,5620,5640,5742,5807,5484,5756,5860,5371,
10585,4863,4241,4400,4444,4696,5988,4650,4769,4534,
12035,5992,6134,5970,6216,5482,5049,4658,5014,6438,
10237,4341,3753,3711,3709,4327,3881,5043,5073,3980,
10975,5234,4520,4251,4524,5687,5022,4838,4964,4758,
11387,5034,4657,5257,4796,5218,4684,4935,4913,4986,
12709,5344,5002,5774,4609,5134,5793,5114,4480,4525,
10963,5555,4877,4440,4625,4193,4633,4699,4703,4294,
11258,5097,4821,4939,4738,5022,4495,4923,4474,4744,
10443,5151,4470,4527,4186,3942,4720,4017,4039,3964,
11715,5714,5338,4923,6106,5931,4903,5477,5456,4865,
10682,5871,4336,4605,5012,4811,4454,4570,4551,4875,
10910,5271,4655,4685,4650,4492,4311,4467,4493,4396,
11321,6281,4529,6033,6042,4801,4941,5158,5158,5046,
11259,5710,5638,4662,5664,4755,5076,4758,5253,4755,
11942,5260,4926,4449,4641,4678,4600,4638,4405,4648,
12217,5896,5794,5175,5760,5003,5138,5724,5565,5738,
10816,5169,4498,4607,4816,5164,4728,4651,5316,5212,
11091,5764,4765,5297,5009,4689,5424,5180,5053,5223,
12322,5341,4701,4802,4791,5185,4439,4690,4385,4103,
12621,5702,5496,5322,5418,4944,5355,5208,5048,4945,
12576,5858,5954,5960,5208,5782,5190,5262,5574,5703,
12811,6283,4577,4506,4497,4496,4496,4496,5002,7166,
10263,4865,4571,4311,4413,4324,4501,4629,5408,4687,
12718,5599,4839,5560,6652,5551,4817,5044,5158,4781,
14039,6029,5177,5451,4950,5468,5687,5378,5380,5332,
13316,5757,5569,5051,5594,5262,6170,5239,5382,5723,
10084,4946,5113,4707,4291,4534,4730,4566,4354,3902,
11046,5860,4605,5145,5146,4866,5016,4801,5562,5635,
13280,5438,4764,6305,5753,5638,5399,5306,5152,5217,
10758,5366,4471,4528,4376,4505,4520,4528,4492,5143,
11851,7223,5077,5333,4773,5103,4710,5009,5405,4850,
14010,5815,5026,4980,4979,5795,6810,6407,6169,5928,
10782,4882,4580,4875,4359,4056,4519,4284,4201,5308,
11951,5414,5006,5084,5275,5109,5032,4625,4937,5866,
10239,5421,4434,4661,4673,4775,4517,4523,4664,4476,
9761,4821,4521,3945,4749,4045,4210,4662,4355,4359,
10765,4878,4959,4220,4293,4435,4561,4403,4421,4903,
11783,6243,4743,4634,4667,5108,4502,5107,4475,4877,
11280,5210,5128,5409,5047,5131,4475,4551,4997,4921,
11749,5396,4717,5767,4761,4491,4871,4777,4689,4969,
10618,5559,4684,4703,5093,4765,4530,4696,5043,4412,
14929,6371,5776,5530,5141,5488,5689,5106,5301,5110,
19256,7488,6768,7472,7098,6726,6584,6622,6410,6407,
11100,4710,4101,3971,4197,4204,4225,4463,4724,4827,
12817,6173,4971,4767,4783,4562,4585,4701,4463,4605,
11695,4664,4981,4268,5197,5392,4172,4754,4731,4799,
12485,6605,6080,5453,5744,5424,5650,5314,6314,5782,
13552,5620,4694,5566,5098,6565,5714,7529,6550,6599,
10739,4950,4911,5038,4808,4767,4527,4754,4908,5181,
11027,5032,4675,4448,4448,4196,4705,4773,4630,4711,
11337,5254,4377,4336,4878,5147,4743,4803,5127,5015,
10149,4856,4583,4540,4684,4561,4782,4710,4204,4529,
10975,4613,4229,4353,4295,4176,4303,4494,5467,5054,
9904,4665,3944,4646,4222,4153,3897,3857,4403,4527,
13514,6345,5302,5243,4981,5407,5516,5664,5142,5784,
10885,5008,4397,4212,4458,4371,4562,4674,4213,4433,
11016,5171,4684,4575,4658,4592,4888,4496,4435,4585,
10299,4974,4424,4773,5185,4832,4402,4336,4503,4531,
10315,5301,5573,4301,4757,4219,4915,5139,4646,4942,
10393,4967,4768,4485,4834,4325,4654,4415,4584,4424,
16844,6871,6075,6013,6012,6012,6012,6005,6005,6005,
10019,4654,4797,4607,4581,4252,4574,4503,4307,4180,
11325,5093,4832,4462,4272,4549,4518,4213,4457,4859,
10883,5415,4997,5228,4820,4775,5060,5066,4800,5584,
11272,5155,4200,4536,4646,5036,4477,4410,4414,4385,
10179,5379,4341,4373,4747,4287,4694,4687,4479,4521,
10935,5250,4244,4186,4252,4125,4078,4001,4292,3911,
11589,5388,4882,4854,4801,5818,4927,5177,4964,4538,
11263,5126,4399,4903,3995,4363,3988,4949,4501,5090,
10899,5085,4683,4755,4596,4778,4548,4448,4455,4514,
13575,6171,5567,5347,4855,5347,4997,5449,5249,6152,
15303,7482,6407,6546,6303,6306,6018,5730,6704,6000,
10466,5052,4912,4319,4163,4063,3942,4037,4193,3951,
10412,4835,5349,4764,4427,4718,4344,4695,4364,5191,
10257,5135,4505,4555,4399,4291,4626,4315,4557,4468,
9661,4493,4053,4440,3924,3998,3772,4438,4656,4386,
10997,4703,5469,4935,4937,4967,5024,4685,4613,5038,
12364,5353,5151,4863,4660,4467,4977,4708,4493,4469,
13353,6348,5502,5495,5559,5299,4900,5232,5823,4878,
11449,5091,4407,4531,4701,4512,4475,4272,4174,4294,
10869,5205,4494,4165,4670,4908,4606,4187,4378,4301,
11833,5090,4333,4068,4066,4065,4064,4064,4863,5433,
10095,4018,3554,3531,3531,3531,3531,3531,3531,3531,
11197,4805,4043,4064,4003,3999,4149,4250,4070,4014,
11112,4960,4211,5628,4649,5616,5078,5179,5160,4944,
11795,5137,5122,4827,4765,4839,5109,4450,4551,4538,
11867,5547,5225,4773,4430,5685,5257,4808,4693,4541,
9901,4903,4235,4413,4603,4379,4880,4294,4547,4397,
11630,5793,4897,5560,5582,4875,4805,5375,4895,5040,
10355,4931,4436,4437,4199,4130,4281,4028,4270,4169,
11259,5161,4735,4938,4359,4529,4362,4601,4436,4495,
12960,7061,7081,5506,5280,5723,6144,4767,6727,6264,
19435,8017,7007,6889,6880,6878,6878,6878,6878,6878,
13465,6327,5281,5005,4822,4827,4828,4825,4828,4825,
11242,4936,5309,4770,4895,4872,5280,4667,5304,4862,
10343,4610,3735,3687,3683,3683,3683,3683,3683,3683,
11164,5001,4544,5518,5102,4642,5234,4631,4691,4720,
9600,4674,4456,4712,4787,4459,4904,4423,4175,4492,
11060,5063,4917,4460,4291,4547,4681,4939,4602,4450,
10850,5173,5112,4830,5111,5201,5046,5026,4747,4661,
9477,4085,3825,3760,3942,3670,3752,3905,3928,3837,
10455,5463,5098,4326,5166,3884,4451,4364,4742,4562,
10491,5472,4420,4605,4766,4829,4964,4749,4521,4091,
10424,4588,4080,3822,3778,4199,4721,4433,4957,4273,
12013,5353,4962,4890,5013,5056,4930,4854,4594,4828,
10990,5187,5021,4830,4967,5182,4850,4888,4595,4540,
13404,6142,5752,4866,4594,7091,6164,5730,5030,5975,
11141,5231,4587,4413,5279,5015,4754,5098,5021,5292,
10574,5034,4421,4790,5288,4980,5865,4920,4321,4482,
12277,6179,4658,4429,4585,4465,4299,4412,4510,4667,
11358,5758,5418,4597,4921,4858,4744,4647,4560,4876,
10900,5506,4801,5545,5121,5230,4591,4584,4910,4945,
13067,6376,5829,5440,5369,5039,5190,5976,5529,5348,
10253,5216,4496,4602,4811,4321,4281,4577,4969,4429,
10852,5771,4802,5560,5173,5365,4606,4405,4933,5222,
12346,5077,4939,5000,4559,4492,4483,4622,4477,4456,
10857,5799,4853,4438,4129,4491,4962,4325,4664,4741,
11790,5775,5490,5208,5372,5278,4815,4775,4743,5484,
12098,4792,4709,4767,4727,4658,4743,5284,5880,5523,
12710,6634,5171,5321,5068,5790,5380,5143,5202,4790,
10127,4543,4105,4367,4188,4487,4909,3962,5014,4395,
10636,5471,4427,4472,4591,4227,4693,4618,4763,4631,
10239,4941,4809,4745,4729,4244,4382,4428,4726,4465,
12101,4678,4415,4698,4349,4574,4712,4471,4835,5612,
12229,5607,5244,5617,5686,5270,5463,5022,5094,4792,
9898,5219,5359,4184,4006,4052,3935,4347,5077,4414,
10787,5601,5229,5396,4529,4348,4574,4544,4691,4735,
12981,7015,4851,5172,5556,5060,5452,5564,5111,5002,
10602,4785,4489,4498,4290,4479,4409,4268,4699,4509,
11919,5646,5316,5612,4952,5052,5352,4667,4620,4631,
16944,6720,6072,5892,6258,6878,6164,6327,6082,5932,
10882,5021,4695,4760,4717,4345,5342,4841,5308,4946,
10857,5022,4243,3992,4458,3980,3868,3871,3865,3866,
11257,5380,4597,4117,4770,4204,4405,5223,4644,4237,
11935,6067,5528,4519,4885,5428,4669,4835,4397,4248,
10735,6123,4799,4382,4527,4962,4788,4914,4743,5163,
11787,5130,4680,4258,4486,4649,4339,4152,4473,4565,
10822,4406,4660,4748,4981,4578,4537,4296,4864,4826,
13470,5570,4931,4913,5436,5150,4979,5184,4888,5151,
12580,5844,4919,4898,4719,4983,5124,5573,4970,4897,
11216,6299,6747,5933,5641,6313,7442,6928,7105,5850,
12050,5489,4800,4623,4590,4533,4434,4370,4700,5035,
12849,5654,5173,5304,5569,4887,4948,4648,5855,5095,
11107,5367,5171,5389,5067,5786,5048,5186,5075,4994,
13967,6497,5744,5403,5925,6568,5796,5599,5848,6220,
10893,5511,4867,4640,4779,4523,4343,4733,5042,4616,
11104,4924,4872,4654,4508,4579,4853,4232,4569,4740,
11028,4575,4129,3977,4830,4128,5034,4122,4613,4288,
10156,5180,4289,4561,4412,4209,4059,4575,4175,4109,
12587,5619,5038,4842,4836,4529,5459,4987,4695,5333,
10701,5134,4474,4702,4329,4459,4922,4328,4363,4735,
10162,4780,4865,5009,4481,4209,4056,4109,4092,4064,
10098,4693,3991,4216,4434,5027,4419,4637,4431,4416,
11951,5024,4339,5511,5918,5078,4784,4901,4639,5637,
11817,6472,4691,5646,5119,5118,4814,4678,4173,5618,
11044,5613,4695,4633,4569,4988,4549,4874,4780,5181,
12493,5967,5196,5251,4949,5275,4911,4901,5764,5462,
15444,7711,6336,5773,6808,6819,6361,6395,7685,6599,
12084,5232,5163,4644,4669,4770,4943,5879,4930,4892,
11393,5566,5085,4956,4947,4856,4643,4813,4431,5588,
10249,4928,5061,4628,5033,4559,4330,4296,4247,5087,
11736,5850,6084,5928,4788,5690,5237,4553,4667,4428,
13911,8976,6937,6640,7050,7249,6619,6656,6167,6287,
16283,9013,7022,6575,6982,7021,7000,6650,7301,6995,
13957,8468,6361,6229,5717,5855,5616,5441,5244,5223,
15476,9107,7053,6118,7194,7729,7139,7340,7975,8497,
14409,8618,7551,7089,7065,7054,6972,6754,7834,6871,
12951,8143,6550,6117,5836,6197,7159,6016,5685,6506,
13707,7951,6456,6008,6594,6085,5763,6094,6117,6011,
16446,11219,9068,8356,8453,7924,8261,7371,7756,7604,
14184,9221,8716,7734,7785,6982,6702,6773,5898,6909,
13768,8989,6178,6747,6009,5805,6360,6470,6156,6935,
14337,9570,8762,7336,7203,6726,7015,6308,6178,5899,
21226,10049,8707,8414,8217,7935,8014,9032,8885,8025,
14127,8999,7516,7123,6550,7044,6439,6896,6702,6164,
15458,10148,8641,7402,7780,6746,6831,6834,7418,6831,
15268,9540,7250,7812,6835,7319,7487,7492,7141,6943,
14205,9311,7137,6374,6851,6344,6281,6554,6867,6946,
11798,5127,6172,4868,5378,4999,5474,4871,4689,5737,
13641,8456,6670,6384,6214,6500,6096,5806,6405,5798,
11777,5210,5499,5160,6245,4992,4628,5651,5414,4350,
10251,5455,4295,5100,4559,4288,4353,4217,4396,4941,
11343,4728,5319,4989,5612,5295,5311,4719,5180,5175,
11033,4980,4719,4735,4792,4556,4389,4713,5082,5048,
12147,7015,6113,5265,5739,5118,5264,5682,5605,5980,
10922,5362,4865,5111,4737,4646,4573,4856,4579,5044,
16736,9898,7380,7575,7313,8308,7319,7564,7178,8547,
14827,8970,6621,6330,8239,6528,6811,7016,6985,6531,
15678,9407,7046,8831,7438,6944,7676,7606,7369,6823,
14276,8594,6960,6846,6573,6464,6985,7016,6479,7087,
14709,8787,6612,7503,6992,6353,6934,6385,7210,6780,
14664,8484,6688,6613,6555,7062,6314,6287,6495,6366,
17048,9782,8193,7683,7785,7796,6939,7593,7233,7971,
13560,8365,6492,6302,7511,6478,6580,5971,6950,6419,
10815,6712,5476,4934,4413,4226,4274,4126,3955,4019,
10459,4966,5089,5130,4861,4872,4372,4682,4917,4650,
11018,5145,4391,4849,5201,4668,4925,5336,4816,5354,
15905,6959,5565,5519,5508,5506,5506,5506,5506,5506,
10058,4690,4565,5050,4422,4280,4510,4588,4699,4461,
11854,4864,4248,4213,4211,4211,4211,4211,4211,4211,
10771,5695,4719,4650,4704,4651,4513,4496,4526,4251,
10320,5305,4415,4014,5138,4390,4071,4452,4683,4710,


16716,11944,10423,9871,10199,9391,9310,9413,9971,9587,
14156,9803,9496,8970,9253,8618,8814,7962,8217,8121,
19600,13376,12427,11428,10661,10915,10926,11137,11584,10854,
13566,10610,9968,9397,9087,9287,9521,9510,9465,9981,
14136,11115,9538,9180,9661,9132,9444,9261,8996,8837,
13989,10157,8977,8569,9414,9479,9880,8827,9306,8761,
13875,11397,9717,9331,9255,9369,9040,9972,9306,9633,
16884,10970,10616,8732,9542,8061,7367,7075,6704,6748,
12980,10386,9901,9166,9012,9716,8926,9421,8558,8997,
15789,12165,10374,10406,9934,10641,11148,10412,10237,9969,
13214,10830,9677,9103,8835,8751,8772,9128,9202,9057,
14058,10871,9814,10479,9575,9727,9441,9814,9457,9183,
16993,11516,10674,10683,10392,10129,10208,9649,10402,9971,
13835,10744,9878,8753,8988,9225,9262,9065,9105,9000,
15060,11176,10389,9294,9843,9216,9366,8983,9983,9308,
16870,10427,10955,10526,8267,9044,9000,9048,9327,8494,
15876,11507,10792,10565,10646,9855,8931,10715,9590,10357,
13007,10928,9603,9491,9481,9146,9106,9434,9056,9356,
14374,10496,9630,9486,8945,8794,9028,9125,9299,9805,
14812,9972,9229,10188,9860,9115,8815,8969,8979,9657,
19939,10960,11187,10520,9890,10066,10615,11413,10063,9663,
16367,11959,10744,10003,10356,10449,9714,10240,9592,9640,
15020,10200,9450,9245,9735,9569,9937,9064,9469,9578,
14879,9772,8099,7900,6828,7225,7350,7358,7509,7411,
15066,10257,10060,9821,9428,9439,10101,10168,9778,9120,
15356,11876,10915,10111,8842,9019,9444,9206,9052,8851,
14534,11137,10635,9059,9907,9124,8633,9069,9246,9005,
15689,10049,9267,9319,10215,9661,9479,9019,9651,9800,
14860,11644,9637,9265,9707,9308,9396,9187,9284,9087,
15570,11261,10098,9523,9234,9310,9212,9010,9440,8950,
13225,10282,9850,8806,8707,8799,8290,8531,8546,8606,
13512,10876,9882,9549,8780,9892,8935,8968,8609,8845,
13831,11083,9413,8956,9587,8858,9189,9142,8924,9184,
16204,11659,10403,10245,9954,10229,9959,10548,11419,10584,
15750,12438,10181,8621,9973,9415,10099,9516,10035,10413,
14788,10368,10901,8948,10006,9747,9117,9413,9899,9580,
15213,10923,11075,9935,9567,9895,9887,9796,9696,9152,
17849,12974,11229,9713,10404,10726,10733,10586,10012,11355,
13290,10504,9536,9610,9198,9506,10239,9028,9366,8858,
15066,10290,9456,9568,9578,9709,9367,9280,9257,9914,
15587,11350,10269,10829,10285,9208,9854,10038,9403,9548,
14951,11802,10880,10471,9726,9595,9971,10211,8900,9209,
14760,12065,9605,9643,9655,9467,9368,9661,9787,9924,
15106,10828,9595,10196,9650,10495,9583,9326,9858,10612,
18223,11061,10198,9211,9423,7614,8465,10327,9192,8729,
13470,10775,10063,9054,9810,9112,9245,9333,9225,8923,
20854,12235,11753,11277,10081,9695,9889,11740,10114,10588,
14384,11005,9691,9391,9906,9505,9627,9586,9124,10150,
16906,12541,10389,9858,10003,9841,9826,9928,8841,10477,
15078,11074,9561,9135,7920,8341,9017,8251,9056,8899,
14990,11418,10458,9327,9206,9374,9659,9809,9382,9558,
13828,10704,8884,9196,9431,8969,8926,9154,8660,8673,
13134,10830,9627,9363,9468,9335,9554,9415,9345,8954,
14240,10396,9629,9367,9328,9230,8876,9169,9121,9527,
17747,12196,10106,11161,10620,10224,10236,9505,10019,10587,
13614,10111,9121,8923,8371,8546,9043,8504,9434,9170,
14327,11567,9380,9480,9604,9668,8989,9107,9237,9427,
13169,11030,9645,8649,9193,8800,9704,8830,9039,8991,
14070,10725,10089,9678,9530,9249,9495,10158,9301,8996,
16816,10478,10444,10061,10219,9854,10311,10356,10195,10238,
14097,11001,9802,9761,9848,9405,10416,9649,9537,9634,
18172,11520,10725,9048,10274,9831,9339,8522,8072,9890,
14866,10871,9523,8718,8741,7893,8874,8306,8496,9077,
16290,11307,9843,9353,8516,9580,9034,9438,9107,9809,
16146,10452,9345,10179,8996,10515,8711,9243,8850,7896,
14993,10377,9859,9283,9671,9581,10153,9238,10308,9340,
13428,10359,9222,9329,9375,9458,9749,9152,9002,8896,
14674,10882,9897,9457,8407,8996,9115,9179,9021,8353,
16819,11030,9393,9262,7973,7699,8957,8327,7752,7817,
14386,11187,9635,9790,8793,8690,9414,9702,9623,9617,
14304,10106,9239,9291,8280,8639,8773,8888,8797,8802,
14686,10925,9664,9494,8888,8799,9286,9370,9663,9403,
12976,10269,9354,9032,8588,8912,8021,8894,8709,8536,
18047,10682,11051,10488,9542,10481,8692,9622,10445,9820,
16453,11698,10681,9028,9434,9389,9191,10014,10514,9417,
15526,10932,10102,10728,9217,8896,9807,11111,9229,9658,
15117,11029,9717,10105,9384,9401,8875,8627,8512,10145,
13567,9785,8489,8507,8359,8424,8102,8920,9544,8708,
15191,11772,10140,9915,10490,10347,10017,10117,10458,9943,
16562,12175,10211,9742,9844,9436,10647,9552,9415,9916,
17954,11275,9876,9392,9133,8826,9751,9479,8793,10357,
13561,10820,10079,9065,8832,9218,9377,8898,8927,9190,
15308,11319,9882,10499,10093,9468,10100,10545,9931,9746,
15152,10748,9844,10015,9979,10331,10011,9668,9352,8995,
15694,10985,10006,9405,8854,9764,9574,9766,9035,9325,
13950,10618,9395,8822,8800,8824,8081,8936,8616,8263,
15307,10948,9432,9024,9760,8794,8633,9198,8637,9070,
16558,11926,10456,9899,9383,9290,9687,10290,9726,9720,
16349,12453,9788,10513,10936,10112,10140,9450,10905,9916,
15207,11877,10394,9400,8963,9487,9249,9417,8864,8830,
13178,10910,9610,8845,9324,9185,9022,8816,9495,9368,
13656,10954,9500,9058,8703,8794,8381,8752,9111,8780,
16017,10543,10227,10062,9487,10023,9922,9853,9669,10233,
14564,11380,10113,10088,9909,9917,9747,9575,9801,9632,
13473,11803,9189,9417,9290,9514,9671,9677,8973,9987,
15430,11321,10239,10552,10285,10137,9816,10719,9418,10727,
16149,10374,10014,10342,10223,9328,10078,9549,9866,9035,
14475,11375,10829,9710,9110,9887,10232,8759,9696,9094,
18410,12786,11536,10738,9947,11407,10604,10347,10542,10161,
13825,10445,9962,9539,9952,9429,9592,9015,10006,9718,
15597,11128,9735,9722,9680,9101,9154,9922,9577,10026,
15401,10617,8663,9533,9087,9376,8482,9463,9323,9390,
13962,11008,10000,8669,8721,8534,8271,9029,8585,9217,
13930,10786,9580,9932,9592,9899,9554,9442,9156,9579,
16659,12040,10095,10087,8821,9186,9518,9700,8972,8925,
18597,11224,10140,9015,9186,10068,9838,10769,11575,10244,
14276,11558,10227,9562,9729,9185,9774,9347,9690,9185,
13371,10779,9528,9131,8966,9345,9018,9574,9630,9166,
13006,10207,9952,9762,9617,8896,9259,8857,9052,9595,
15435,10663,8232,8763,8639,8357,9176,7917,9769,9352,
14411,12055,11333,9550,10131,9871,10025,9344,9390,9934,
15105,10600,9952,9153,9789,9808,9177,8119,8512,9553,
14941,11628,10191,9765,9647,9842,9214,9758,9940,9630,
14284,11198,9247,9568,9141,9094,8739,9052,9431,9283,
14249,11244,9585,9715,9303,9418,9616,9259,9525,9865,
13467,10648,8853,8583,9484,9483,8037,8308,7955,9808,
14138,10078,10204,9854,8683,8432,8800,8627,9437,9189,
13629,11203,9794,9627,8759,9091,9621,9426,9968,9482,
16506,11827,10156,9674,10325,10443,10039,10570,9973,10666,
14072,11329,9911,9244,8373,9246,8176,8178,8878,8257,
13511,10608,10215,9340,9759,9502,9766,9606,9651,9764,
16948,11825,10272,9820,10666,9855,9186,11448,10193,10147,
13658,11047,9543,9552,9490,8846,9296,9166,9323,10049,
15221,11079,10455,10036,10134,9966,10413,10378,9490,10049,
16557,11284,10404,9251,9791,9975,9291,10312,10059,10060,
14772,11571,10614,9763,10731,9569,9811,9812,9573,8863,
20970,11082,10439,11133,9883,9287,11805,10872,8145,9602,
13700,10333,9889,9197,8721,8929,8859,9295,8854,10073,
19610,11425,11201,10462,9782,9919,10079,9656,9100,9918,
15133,11704,10450,9669,9344,9889,10021,9915,9509,9506,
15145,11864,9817,9726,9752,8482,9536,10414,9014,10215,
13837,11047,9335,9570,9407,9426,9495,9202,9277,9494,
14385,10815,9864,9185,9448,9324,8625,9314,9574,9676,
14160,10547,9550,9445,8875,9320,9183,8724,8279,9145,
14372,11410,10686,9432,8743,8693,8901,8860,9301,9798,
14117,11608,9101,9118,9084,9263,9169,9540,8877,8850,
13725,10303,10228,8703,8762,8208,9885,8497,9888,8485,
14067,11059,10134,9554,9516,9638,9400,9753,9355,10384,
14232,10620,9546,9666,9171,9607,9516,9356,9769,9395,
15180,11253,10267,9851,9410,9626,9361,9773,9654,9599,
13362,10875,10373,9506,8538,9404,8415,9006,9006,8752,
14795,10692,9680,9151,10530,11022,9425,10567,9409,9919,
13783,10843,9331,9594,8625,8564,9197,9791,9404,9906,
13653,11069,9124,9679,8840,8773,8372,8554,9050,9457,
15773,11745,10521,10430,10422,9487,9903,9980,10399,11109,
14074,11089,9817,9555,9214,9369,9282,8965,9277,8892,
14502,11184,10089,9553,9201,9720,9728,9816,10152,9629,
14200,11144,11431,10401,9723,9140,8822,8892,9678,8934,
14682,8592,7438,8651,7225,7680,8052,9096,8994,8071,
13470,10826,9820,8791,9213,9488,8968,9528,9096,8662,
17932,12545,9491,9627,8573,7772,8679,8716,8596,11433,
13369,10653,9033,9085,8820,8856,9303,8603,8989,9397,
13822,11810,10101,9715,9812,9775,9954,9474,9591,9618,
15387,12318,10585,10294,9755,9604,9783,9696,9759,9515,
16736,12459,10485,10525,9956,9041,10156,8646,9650,8592,
13304,10871,9130,8960,8852,8811,9537,9444,9312,9746,
13483,10709,9215,8953,9264,10011,9058,8876,9353,9182,
17777,10941,9061,8892,8606,9171,9424,10131,8941,8559,
14936,10111,9322,9246,8709,9007,8363,8655,9035,9162,
14770,10626,9155,10183,9668,9415,9689,9459,8905,10561,
14226,11517,10336,9661,9750,9295,9758,9730,9557,9749,
16050,11421,10105,8275,9142,9640,9695,9280,9547,9505,
13803,11008,10410,9468,9871,10033,9133,9657,9357,9516,
18703,10920,9702,10175,10779,9722,10736,9707,10428,10655,
14124,10526,9213,9392,9278,9746,9165,8960,9102,9074,
14762,11942,11161,9487,9724,9487,10259,9798,9764,10210,
13111,10507,9375,9161,9127,9271,9511,8915,9192,9557,
13191,10197,9221,8706,9236,9458,9133,8616,8910,9059,
14291,11067,10165,9019,9152,8937,9036,8995,8728,9374,
15502,11197,10525,9649,9370,9040,9982,10179,9678,9932,
13962,10837,10107,9291,9622,9633,8985,9439,10006,9515,
15876,12205,10692,10707,9859,10011,9682,10478,9348,9692,
17866,12745,11287,10669,9463,9816,9751,9137,10299,10992,
14293,12066,10678,9299,10154,10131,9395,10148,9458,9641,
17868,10880,9955,8594,8507,9449,9266,9149,9876,7832,
18735,12102,12133,11322,10759,9976,11745,10070,9965,10252,
13989,9722,8979,8718,8535,8622,8590,8265,9413,8325,
14999,11160,10555,9419,9275,9308,8845,9191,9567,9501,
15792,12536,11087,10065,9864,9667,11031,10198,10179,9845,
15197,11758,10301,9192,9659,9410,9259,9656,9088,9411,
14955,12032,10143,9710,9600,9158,9065,9363,8842,9136,
17600,10892,10632,10321,10448,10094,10276,9828,10103,10551,
13948,11528,9154,9279,9206,9323,9158,8962,9677,8106,
13796,10876,9995,9548,9464,9042,8767,8970,9075,9556,
13870,10762,9922,9723,8928,9099,9286,9050,9169,9422,
15846,9202,9417,8363,9462,9186,8618,8748,7895,9144,
15053,10811,10626,9095,9503,8683,10007,8456,9260,9682,
14376,11000,9764,9598,9080,9112,9447,9483,9517,9299,
15238,11788,10091,10078,10279,9265,9407,10183,10650,10385,
31210,12032,10409,10366,10365,10365,10365,10365,10365,10365,
14217,11023,9075,9800,8282,8573,8277,8214,8839,8290,
13847,11118,9886,8483,8846,8985,9064,8199,8726,9288,
18758,11569,10775,10917,10594,11565,10195,11220,10647,10399,
14449,11073,9140,10466,7891,9272,9068,8183,7163,7153,
15946,11183,10347,10031,9822,10625,10022,10019,9900,9108,
15634,11476,11151,9763,9663,10281,10315,10068,10347,9780,
15325,10546,9416,9628,8748,9934,10072,9555,9147,10275,
13259,10623,9754,10015,9176,9240,8956,8583,9193,8645,
13838,11459,10710,9334,9959,9944,9309,9800,9594,8791,
13633,10063,7784,8534,7477,8362,7987,8740,8254,8479,
16658,11629,10743,10267,9603,10013,9785,9506,9807,10226,
14695,10622,9882,9101,8483,8843,8970,8421,8438,9220,
15928,11877,10340,10008,11074,9829,11280,10054,10340,10144,
13915,9781,10306,9748,8724,9123,8747,9933,9295,8742,
14899,12018,10466,9671,9013,8804,9966,9345,9882,9854,
14547,10691,10259,9051,9549,9530,9814,9814,9219,8479,
18785,12207,11107,10241,10021,9351,10446,9923,11348,10372,
15971,12026,9868,10689,9949,9123,8778,9119,10117,9898,
17976,10000,9801,10765,9144,10104,9582,9064,10035,9288,
16757,11968,10530,9891,9998,10189,10283,9818,10002,11212,
13142,11025,9767,9484,9150,9296,8955,9440,9137,8905,
13851,10696,9917,9617,9089,9960,9828,9782,9744,9646,
15669,12250,10432,9948,9977,10535,9952,9776,10630,10307,
13483,11630,8960,8945,9100,10095,9158,9892,10091,9524,
14667,10516,9724,8236,9204,9579,8883,8965,8641,8627,
25868,13549,9467,9104,9083,9083,9083,9083,9083,9083,
13182,10515,9360,8923,9059,9053,8791,9746,9083,8784,
16154,10604,9201,9189,9054,9190,9184,8789,8202,8553,
13942,10080,9539,8692,9228,9132,9653,8431,9163,8807,
13919,12058,10272,9369,9774,9785,9037,8614,9105,9026,
13896,10708,9614,9318,9686,9815,8898,8865,9659,9520,
14490,11515,10645,10354,9892,9755,10380,9740,10312,10019,
18233,11915,10771,10014,10428,10497,10911,10278,9574,10620,
15346,11340,9942,9382,9264,9626,9569,9011,9329,9925,
13052,11266,9924,10180,9361,9845,9226,9285,9307,10023,
14044,11213,9860,9539,9023,9234,9392,8857,8877,8802,
14753,11752,10383,10030,9173,10181,9905,10024,9918,9689,
14680,10274,9668,9268,9632,9930,10003,10078,9581,9560,
13512,10885,9873,9681,10010,8970,8904,9531,10098,8923,
13002,10882,9470,10164,9615,9697,9521,9403,9237,9328,
13571,11050,9573,9534,8884,9017,8318,8257,8525,8924,
13908,11675,10106,9286,9234,8950,9710,9035,9150,9568,
14129,11183,10090,10564,9732,9005,9868,9167,8489,9397,
15281,12085,10999,10047,9998,9945,9728,10062,10175,9957,
14212,11338,9639,8743,8835,9087,8505,8632,8559,9251,
14985,10963,9707,9264,8878,9334,8792,8782,9126,9662,
15163,11639,9720,10146,9693,9050,9651,9346,9529,9297,
13919,10929,9751,10288,9485,8965,9501,9249,9877,8601,
14748,11280,9715,9498,8551,8795,9663,9386,10905,9396,
23378,14593,10810,12541,10783,11002,11332,11280,13489,10898,
14981,10470,9491,8835,9131,9178,8936,9245,9221,8350,
15377,11497,10541,9044,8680,10078,10487,10139,9929,11387,
15137,11390,10561,10616,9156,8772,9366,9960,9367,9513,
16877,12198,9323,9413,10006,9821,9848,10430,10800,10071,
16076,11658,9903,10206,9904,9719,9811,10005,9884,9646,
14346,11169,10060,9944,9768,9591,10180,9485,10022,9523,
14291,10671,9324,10090,10011,9598,9748,9923,8125,8846,
14943,11489,9635,9749,10272,9737,8840,9532,9403,9604,
12794,10620,9724,8655,8468,9031,8946,8476,8627,9183,
15416,11059,10681,10505,9977,9779,9871,9750,9143,9009,
14640,11595,9766,9854,9593,8927,8472,8686,8765,8845,
22248,11378,11117,12299,10953,10640,10480,12976,11754,11198,
20469,13092,12324,11632,10986,10685,10823,11199,10217,10460,
14487,11175,10033,9021,9111,9475,10180,9678,9856,9568,
25689,10447,10593,11037,10196,9533,9663,9743,9594,9625,
12755,11085,9182,9424,7723,7389,8194,8332,8213,7967,
19156,12479,9766,9297,8792,8578,9393,10027,9507,10407,
15031,9882,9954,9999,9824,9430,10270,9543,9926,9647,
14000,11136,10068,9093,10034,9704,10465,10174,9320,9819,
14098,11541,10067,9277,10011,9700,9128,9952,10026,9506,
17315,11692,10388,10343,9616,9026,10014,9460,8486,10427,
13454,9840,9320,8324,7762,8643,8717,9055,8442,9302,
13637,10972,9280,9172,8688,8571,8616,8388,8532,8613,
15981,11408,11153,10274,9812,10571,10659,9760,9755,10123,
13545,10174,8812,9610,9784,9051,8885,8664,8982,8877,
15636,10379,9786,9750,9670,9439,9846,10160,10272,9925,
14118,11149,9925,10065,10473,9248,9079,10430,9208,10447,
14270,10872,9935,9320,8461,8434,9516,9398,8566,9557,
9858,7237,6100,6244,6164,6084,6050,6030,6351,6064,
11742,7697,7020,7179,6124,6433,6418,6638,6719,6357,
11078,6013,4918,4448,5124,4928,4619,4615,5021,4124,
11588,7474,7230,6866,6589,6890,6345,6545,6214,6152,
12462,8030,7131,6993,6986,6814,6529,6743,6248,7127,
10092,7319,7080,6382,6572,6109,6516,6097,5988,6352,
10154,7174,6371,6488,6021,6666,5856,5728,6095,6114,
10352,6491,6471,6219,5918,6834,6529,6062,5921,5966,
12002,7609,6596,6609,5706,5722,5442,6029,5932,5694,
10249,7228,6494,6561,6637,6325,6436,6146,6097,6572,
13279,9286,7888,6530,6651,6616,6504,7397,6497,5757,
14564,8300,6481,6585,6644,6825,6900,6523,6612,7056,
10173,7010,6918,6491,6310,5833,6286,6428,6340,6208,
10409,6756,6530,6519,6541,6331,5869,6253,6005,6043,
12090,8182,7057,6912,6321,6937,6398,6854,7035,6364,
10870,7592,7190,6913,6751,7021,6896,6614,6652,6422,
12482,7087,7598,7365,6344,6742,7113,6599,7357,6785,
10006,6471,5638,5566,4841,6030,5564,5989,5797,5533,
11521,7779,6617,6794,6131,6341,6082,5976,6272,6017,
10149,7018,6035,5972,6136,5765,5583,5545,5937,5837,
11415,6451,7191,6757,6382,6505,6235,6169,5997,6458,
10689,6804,6256,6519,5914,6257,6440,6195,5841,6309,
13292,8322,7235,6725,5759,7181,7158,6848,6958,6942,
10972,6593,6786,6400,6585,6106,5870,6570,5736,6023,
10948,6966,6699,6622,6207,6365,6167,6349,6160,6487,
11185,8121,7260,6366,6233,6729,6928,6737,5344,6137,
11245,6932,6811,6715,6892,6822,6775,6888,6450,6701,
11209,7417,6764,6515,6740,6578,6561,6770,6163,6265,
10797,7099,6759,6167,6359,5873,5714,5963,5701,6219,
11744,8042,7537,7099,7090,7188,7765,6777,6733,7240,
10585,7083,6546,6304,6067,5802,6307,6192,6201,6090,
12035,7198,7321,6494,5915,6693,6928,6363,6454,6820,
10237,6127,6110,6543,5947,5385,6328,5439,5678,5893,
10975,7483,7619,7077,6298,6463,6151,6573,6301,6569,
11387,7289,6984,6046,5985,5979,5957,5858,5664,6363,
12709,7557,6837,5670,6276,5205,6400,5162,5109,5143,
10963,7044,6169,6213,6011,6458,5512,6101,5914,5661,
11258,7817,7164,6508,6576,6783,6319,6655,6799,6468,
10443,7447,6574,5876,6194,6234,6139,5845,6467,6026,
11715,7430,7678,6848,6869,6563,6612,7308,6597,6752,
10682,7153,7156,6885,6785,6259,6705,5805,6592,6105,
10910,7391,6609,6992,6433,6349,7246,6274,6319,6399,
11321,6791,6161,6989,6237,5813,5935,5256,5980,6291,
11259,7219,6798,7084,6691,6665,5975,6552,5683,5826,
11942,7888,7141,6021,7047,6575,6812,6681,5549,6439,
12217,7885,8064,6727,6850,7534,7222,6829,7439,6796,
10816,7506,6710,6160,5899,5610,6350,5597,5847,5426,
11091,6373,6559,6385,5959,6153,5886,5884,6427,6069,
12322,6962,6503,5940,6684,6106,6276,5559,6004,6899,
12621,7616,7511,6829,7196,6196,6225,6392,6654,6505,
12576,7319,7284,6494,6986,6433,6137,6553,6043,6850,
12811,9061,6525,7674,6706,6081,4569,4632,5537,4467,
10263,7564,6800,6932,6342,5813,5876,6229,5924,5926,
12718,7212,5996,6720,5690,5334,6119,5668,5938,5522,
14039,7338,7088,7668,6749,7025,7241,7105,6560,6297,
13316,8012,7832,7623,6736,7289,6793,7098,7366,7193,
10084,6843,6608,5987,5849,5315,5527,5802,5197,5448,
11046,6301,6125,5930,5438,5700,6087,5275,5806,5456,
13280,8145,7698,6600,5936,6763,5935,6288,6267,6766,
10758,6764,6094,6168,6126,5995,6575,6117,6233,6033,
11851,7906,6418,6849,5987,5574,6901,6873,6213,6349,
14010,7866,7003,7060,7116,6520,6125,5436,6478,7368,
10782,7421,6604,6820,6647,6869,6778,6248,6767,6395,
11951,7373,7544,6357,6484,6586,6393,6063,6169,6330,
10239,7595,6860,6392,6333,6623,6307,6065,5793,6594,
9761,6765,6821,6505,5878,6326,6066,6144,6041,6223,
10765,6954,6055,6091,5893,6525,6386,6562,6010,5851,
11783,6520,6962,6550,5861,6527,6263,5418,5541,6882,
11280,7563,6759,6627,6317,6032,5840,5516,5208,5405,
11749,7870,6798,7253,6471,5909,6283,6404,6482,6343,
10618,7161,6382,6580,6453,6707,6800,6393,6634,6455,
14929,8760,7860,7290,7597,6927,7495,7297,7375,6596,
19256,9886,7537,7078,6922,9352,7572,7274,6843,7042,
11100,7302,6583,6568,6330,6118,6108,5939,5969,6302,
12817,7596,7082,6275,5916,6220,5946,6353,6464,6637,
11695,8102,7308,6779,6874,5541,5164,7178,6319,5874,
12485,8167,7238,7536,6863,7559,6446,7378,7181,7060,
13552,6156,6959,6391,5221,6154,5835,5672,4924,6344,
10739,7193,7001,6539,6024,6214,6179,6133,6538,6620,
11027,7351,6678,6527,6799,6043,6532,6203,6386,6260,
11337,7683,7163,6988,6362,6186,6079,6361,6654,6344,
10149,7097,6573,5975,5861,6772,6061,6259,5995,5914,
10975,8246,6661,6547,6099,6085,5873,5587,5191,5664,
9904,6473,6928,6277,6534,6216,6159,6570,6092,5903,
13514,6958,6703,7281,6421,6367,6327,6628,7135,6348,
10885,7424,6490,6501,6670,6855,6420,6606,6766,6715,
11016,7224,6791,6564,6266,6409,6673,6690,6440,6166,
10299,6504,6671,6105,6281,5808,6154,6144,5543,6216,
10315,6775,6128,6007,5487,5943,5624,5749,5850,5522,
10393,6965,7222,6355,6395,6566,6517,6743,6564,6628,
16844,8887,8650,7387,6932,7829,7753,8052,6792,7571,
10019,7098,6398,6458,6159,6334,6464,6542,6079,6265,
11325,7478,7097,6152,6687,6341,5949,6266,6583,6710,
10883,7671,7085,6643,7090,6707,6241,6601,6380,6267,
11272,8061,6826,6469,6400,6409,6382,6263,6495,6233,
10179,7393,6773,6242,6378,6323,6116,6363,6093,6438,
10935,6820,6411,6048,6127,6075,6589,6008,5952,5455,
11589,7184,6755,6321,6725,6163,7046,7131,6620,6306,
11263,6328,6270,6698,5831,6111,5859,5885,6114,5805,
10899,8115,6701,6205,6375,6099,6218,6374,6333,6105,
13575,7772,7812,7274,6395,7075,6814,7338,6700,7273,
15303,7432,6212,7547,6116,7141,6878,7350,6786,6444,
10466,7342,7285,6600,6347,6380,6069,5982,6301,5928,
10412,7327,7184,6280,6612,6119,5833,6671,6488,6425,
10257,7037,6434,6233,6006,6174,5939,6431,6479,6426,
9661,7180,6165,6492,5817,5780,5985,6117,5922,6264,
10997,6992,6494,5674,6467,6225,6534,5988,6717,6060,
12364,7567,6201,5651,6196,5501,5826,6083,5658,5657,
13353,6795,6765,6667,7115,6773,6224,7103,7059,6339,
11449,6858,6863,6273,6157,6476,6216,6482,6157,6410,
10869,7488,7162,6437,6403,6691,6809,6290,6411,6504,
11833,7539,6444,6261,6059,6130,6121,5887,5648,6540,
10095,6556,5762,6302,5401,4638,5534,6022,5086,5075,
11197,5843,5977,5783,5884,5897,4909,4783,4964,4658,
11112,7396,6479,6078,6257,6534,5900,6054,6156,5869,
11795,7041,7891,6373,6702,6752,6532,6349,6433,5835,
11867,7787,6849,6822,5974,5647,5703,5702,5486,5929,
9901,7340,6587,6211,6420,5776,6175,6117,6356,6569,
11630,7627,7177,6437,6040,6260,6783,7133,6861,6657,
10355,6985,6949,6576,6718,6610,6212,6243,6652,6207,
11259,7505,6674,6701,6531,6817,7166,6576,6771,6561,
12960,7666,7284,6221,6989,6757,6131,6620,5669,6182,
19435,10424,8667,8437,7137,6899,8638,7095,6822,7098,
13465,7924,7348,7559,7184,6734,7670,7189,6677,6468,
11242,7717,6706,6849,6655,6058,6464,6799,6190,6630,
10343,6067,5309,5874,5673,5390,5317,5462,5188,5624,
11164,7482,6976,7481,6739,6558,6121,6569,5763,5844,
9600,7017,6367,6160,5716,5492,5995,6009,5831,5934,
11060,7732,6922,6747,6671,6730,6740,6247,6465,6649,
10850,6756,6874,6522,5809,6440,6057,6285,5994,5677,
9477,7547,5966,5927,5395,5485,5423,5200,5028,5158,
10455,6904,6226,6210,5207,5709,5874,5634,5427,5757,
10491,7334,7184,6649,6408,6325,6126,6236,6574,6457,
10424,7145,5774,5966,5380,5420,6266,5312,5325,5919,
12013,7780,7004,6812,6658,6512,6791,7116,6490,6850,
10990,7434,7058,6495,7038,6143,6522,6352,6502,6481,
13404,7846,5728,7024,5760,4713,5594,4985,4674,5555,
11141,7293,6676,6731,6079,6640,5697,5874,6969,6637,
10574,7034,5796,5137,5701,5581,5240,5991,5200,5084,
12277,7958,6763,7076,6332,5982,6629,6524,6261,6758,
11358,7440,7088,6532,6251,6657,6859,6687,6700,6400,
10900,7111,6314,6567,6063,5543,5759,5930,6241,5397,
13067,8045,7706,7004,6283,6699,6934,6308,7039,7100,
10253,7919,7259,6692,6201,6690,6339,6223,6350,6838,
10852,7590,6873,6911,6464,6526,6742,6577,6637,6675,
12346,7437,6968,6640,6207,5914,6461,6865,5933,7282,
10857,6034,6259,5814,5753,5630,6538,6455,6699,6448,
11790,7860,6692,6481,6324,6273,6423,6673,6644,6526,
12098,8335,6512,6800,6357,6163,6090,5966,6397,5762,
12710,8298,7384,7027,6679,6159,6230,6504,6874,6426,
10127,7055,6460,6962,6061,6427,6591,6217,6116,5853,
10636,6721,6545,6078,6239,6351,6036,6345,6207,6041,
10239,7283,6443,6281,6114,6305,5881,6337,6522,6111,
12101,7314,6276,5954,5521,6321,5623,5723,6341,6741,
12229,6401,6513,7190,6678,6746,6464,5928,6588,6756,
9898,7349,6266,6575,6140,5849,6165,5914,6648,6368,
10787,7119,6836,6989,6355,6642,6234,6155,6054,6559,
12981,7923,7758,6650,6634,7396,6473,6620,7090,7225,
10602,7809,6422,6309,6869,6386,5956,6630,6060,6785,
11919,7462,6891,6685,6796,6490,6689,6926,6467,5996,
16944,7516,6827,6811,6160,6658,6112,6889,6492,6297,
10882,7598,6708,6591,6354,6422,5872,6627,6538,5791,
10857,7902,6860,6568,6210,6396,6062,6143,5757,6232,
11257,7481,6119,6237,5386,6058,5826,5677,5871,5833,
11935,7816,7043,6022,6767,6138,5654,6223,6297,6290,
10735,7402,6489,5868,6292,5870,6108,5350,6336,5721,
11787,6687,5767,5138,6044,5561,6237,6414,6600,6853,
10822,7262,6275,5982,5995,5827,5748,5957,5884,6302,
13470,7301,6711,6720,7008,7150,7240,6964,6459,7406,
12580,6975,7692,6618,6518,6652,6799,6714,6550,7053,
11216,7229,6187,8210,6866,6709,6720,6021,6081,6322,
12050,7628,7018,6834,6371,6022,6633,6304,6611,5838,
12849,7685,7038,6925,6614,6560,6333,6467,6163,6447,
11107,7884,6564,6355,5928,6335,6205,6494,6276,6457,
13967,8402,8104,6661,6832,6755,6981,7666,6364,7123,
10893,7566,6712,7202,6887,6497,6353,6315,6335,6260,
11104,6784,6412,5879,5604,5802,6086,5729,5701,5503,
11028,6945,6479,6264,5504,5824,6285,6317,6052,6213,
10156,7223,6387,6265,6369,6583,6205,6663,6253,6546,
12587,8622,6934,7434,6404,7067,6493,6955,7428,6327,
10701,7413,6547,6068,7194,6149,6147,6318,6451,6216,
10162,6003,5830,5103,4883,5039,5300,4776,5029,5137,
10098,7143,6594,6331,6390,6150,6100,6288,5969,6106,
11951,6742,6992,6079,6473,6549,7093,6297,6246,6819,
11817,6433,7128,6530,6617,6051,5822,5895,5492,5465,
11044,7553,7324,6803,6565,6672,6775,6491,5890,6534,
12493,7866,6164,6131,7088,6894,6272,6574,7026,7220,
15444,7777,7796,7026,6601,6878,6294,6425,6187,7641,
12084,7705,6917,6517,6412,6901,6259,6449,6222,6389,
11393,7243,6730,6554,6744,5985,6269,6528,6451,6269,
10249,7900,7051,6276,6842,6600,6362,6144,6564,6432,
11736,7628,7670,7055,6493,6557,6986,6603,6937,6290,
13911,11765,10304,9820,9682,9650,9746,9452,9360,9960,
16283,11233,9430,9837,9802,10045,10016,9919,10072,8840,
13957,8063,8136,7630,8418,6788,8265,7968,7025,7840,
15476,10316,9905,9159,9542,9636,10342,9693,9738,9726,
14409,10399,8734,9018,9135,8604,8430,8792,8122,8936,
12951,11135,10239,9393,9454,9335,9829,9325,8899,9173,
13707,10862,9845,9543,9244,8827,8940,9082,8555,9669,
16446,11740,11262,10560,10177,9618,9900,10105,9680,9298,
14184,10766,10656,10074,9435,8718,8503,9132,9581,9121,
13768,10426,8962,9054,8295,8554,8089,8884,8673,8965,
14337,10267,9247,8903,8699,9400,8833,9319,8460,8441,
21226,13101,12341,10738,12093,9629,13054,10650,13103,11742,
14127,10009,9377,8805,9286,8837,8523,8697,9266,9654,
15458,12114,9771,9716,9386,8899,9485,9127,10141,9328,
15268,11978,10269,9515,9725,9592,9912,9826,9346,9316,
14205,11557,9580,9390,9911,9673,9561,9637,10159,9729,
11798,8227,7164,6920,6259,6106,6657,6716,6741,6464,
13641,11270,9572,9212,9015,9282,8786,9311,9660,9327,
11777,6705,6487,6073,6500,5630,5960,5523,6078,5277,
10251,6982,6421,5867,5980,5182,5757,5983,5623,5661,
11343,6938,6673,7822,6608,7356,6685,5713,6737,6861,
11033,7602,6970,6588,6582,5916,6085,6290,6389,6610,
12147,8065,7253,6963,6656,7053,6367,6617,6777,7064,
10922,7469,6992,6592,6896,6619,6553,6969,6532,6758,
16736,11499,9517,10278,9662,8788,8705,10230,9788,9231,
14827,10901,10994,9447,8189,9343,10065,10168,9947,9931,
15678,11200,9892,10072,10092,9654,9669,10267,9191,9535,
14276,11709,10068,9610,9566,9834,9291,10225,9696,9989,
14709,11315,11181,9380,10008,9672,9719,10001,9938,9680,
14664,11374,10635,9533,9718,9068,9258,9357,9197,10203,
17048,10764,11119,10385,10116,10581,9889,9615,10426,10109,
13560,10947,10127,9086,9263,9584,8869,9226,9391,9526,
10815,7294,5703,5568,4957,5342,4960,4877,5862,5397,
10459,7030,7264,6557,6070,6107,6319,5679,5818,6075,
11018,7591,6912,6280,6294,6527,5724,6814,6189,6647,
15905,7378,6059,6592,6117,6600,5755,6468,6892,5667,
10058,7165,6576,6499,6279,6150,6489,5985,6128,6168,
11854,6652,6469,7215,6075,6325,6373,6210,6070,5926,
10771,7266,6379,6469,6267,6200,6555,6808,6429,6689,
10320,7198,6083,5853,6176,5738,5611,6207,6030,5663,




Further Data analysis of all test cases 
INSTANCEID avg med max min 
INSTANCE1 13705.872, 13799.5, 31210, 9477, 
INSTANCE2 7570.974, 8281, 20273, 4018, 
INSTANCE3 6302.392, 6588, 13605, 3477, 
INSTANCE4 6100.554, 6361.5, 11797, 3418, 
INSTANCE5 6057.8, 6300, 11676, 3416, 
INSTANCE6 6040.264, 6256.5, 11666, 3416, 
INSTANCE7 6011.012, 6270.5, 11666, 3416, 
INSTANCE8 5986.958, 6187.5, 11666, 3416, 
INSTANCE9 6003.13, 6243.5, 11666, 3416, 
INSTANCE10 5996.086, 6198, 11666, 3416, 


INSTANCE1 13705.872, 13799.5, 31210, 9477, 
INSTANCE2 7600.788, 8238.5, 20273, 4018, 
INSTANCE3 6352.564, 6655.5, 13605, 3554, 
INSTANCE4 6195.166, 6334.5, 11908, 3531, 
INSTANCE5 6167.218, 6345, 11676, 3531, 
INSTANCE6 6111.12, 6267, 11666, 3531, 
INSTANCE7 6095.866, 6276, 11666, 3531, 
INSTANCE8 6105.388, 6279, 11734, 3531, 
INSTANCE9 6100.216, 6279.5, 11666, 3531, 
INSTANCE10 6105.922, 6238, 11667, 3531, 


INSTANCE1 13705.79, 13799.5, 31210, 9477, 
INSTANCE2 9585.2, 10426.5, 14593, 5843, 
INSTANCE3 8660.392, 9333, 12427, 4918, 
INSTANCE4 8345.166, 9016.5, 12541, 4448, 
INSTANCE5 8150.112, 8745.5, 12093, 4841, 
INSTANCE6 8123.142, 8802, 11565, 4638, 
INSTANCE7 8138.796, 8775.5, 13054, 4569, 
INSTANCE8 8144.152, 8750, 12976, 4615, 
INSTANCE9 8107.202, 8746.5, 13489, 4674, 
INSTANCE10 8146.64, 8804.5, 11742, 4124, 



