5287,8207,6348,10908,10584
15421,14221,16518,38583,36132
59095,80915,70485,105924,195059
75115,94959,104464,107999,127399
71447,84398,87517,92151,142627
6843,6289,10541,9248,12436
28304,33722,35088,27017,57129
43275,50659,64455,72420,66964
20867,20040,21872,36731,43632
42773,50237,41172,63716,91509
14284,22112,26902,31144,40996
31880,38713,37556,71610,76385
24892,15958,22529,28331,37656
19953,35599,31912,40088,59181
15559,13923,16744,14791,20603
78289,36621,84983,101863,152431
11672,20082,13910,20550,31019
9678,14001,18700,22716,26944
32833,51276,49813,70513,74191
17759,28588,40705,39954,31724
20582,27011,35198,41228,40690
9703,23951,28766,32770,36633
17078,27971,25909,31898,36378
14522,27376,24211,32654,49034
9896,7727,16668,19108,21881
35992,38794,53958,37097,64146
76273,24334,55951,72693,156074
18860,28995,18285,31423,38708
14942,21364,24579,19667,36742
17992,19068,13882,31857,30623
14861,34189,23889,31915,54377
28720,31979,29281,47303,58543
11088,8423,20364,19060,14647
17540,33010,31818,37092,59071
39258,68200,69373,120895,139971
20998,34752,29896,28818,45548
9201,11392,9600,14516,14672
64814,86262,138453,93618,156793
11999,14962,31695,42589,19983
11994,15323,18687,22226,32252
43375,37331,34873,52124,71382
13559,9651,16677,16847,23788
13911,29522,30536,35326,36926
42405,50272,70270,98553,118122
31079,91536,76951,68646,149362
33456,54091,70706,59677,100622
14537,15440,15201,20691,7038
8240,12720,11281,23140,20697
17098,52258,37114,37288,73924
14901,31379,43267,55821,60454
9228,17426,23400,26561,39101
7511,6293,9471,6567,12800
31824,34927,43591,38142,66596
75692,54138,71727,80484,118721
45604,83807,87591,112140,144574
25006,26784,38254,93222,52412
17058,17217,27094,30796,24662
31713,35484,54379,88592,123703
28044,25340,24399,35906,47914
13202,20252,20249,17873,33103
13377,13642,20270,37768,36885
34475,29092,40111,50069,66989
11304,15381,18504,14487,22852
3703,16420,26327,21970,30242
31963,31836,35517,45910,48453
22261,43726,56134,41898,76260
11918,27096,13475,26584,34465
14567,29736,39011,34704,49302
31903,32141,35499,45369,98236
11667,15377,21212,30045,31598
14919,44561,42709,60800,74452
11246,15765,21763,6356,19433
27555,33162,29155,35940,42283
29286,38186,22331,40959,60885
29074,26196,22576,30500,55260
18427,13549,28648,25992,41625
25191,31288,33470,32919,45343
17042,22969,37083,43458,47118
29556,51610,46374,61856,78058
11905,22250,22827,33550,36496
9632,10556,11844,14820,27274
11615,14144,20661,19369,14791
12111,7840,20513,20619,17147
10464,19977,19779,32967,35303
14346,5414,12106,13518,18880
15398,22241,20893,28342,27443
18973,25318,21989,32671,30732
15826,31428,30393,37189,44042
15599,16099,19326,23561,8429
14165,17422,27937,21665,31603
18185,19679,27628,17545,15088
19919,26602,31613,39639,45309
19623,26781,28651,12601,32333
35346,68521,71401,106640,155468
10952,11508,13560,11428,18766
31084,20207,50280,25929,51817
23736,33680,39835,27061,46451
9939,12820,17236,16040,25795
41260,30299,43347,48665,80344
46736,56983,74583,65903,62783
29150,29805,41799,31910,78843
13010,15819,14759,24122,35532
31526,34326,11548,18844,45811
9496,12435,15115,13705,12606
15348,13715,26015,10423,28528
19750,20867,29719,16211,36582
23812,39281,40032,46716,37833
14782,22641,41920,29689,53035
45837,69044,83901,136116,56653
6526,12054,13669,20278,18089
84989,83302,114838,149217,195517
13655,25787,27331,27689,32906
28676,33549,34068,42912,71836
17674,19019,18756,20697,23028
33671,20013,31837,44053,44323
15579,23165,25519,30173,33218
22123,44237,77424,54993,44275
28721,37159,62096,44192,94766
5499,5904,9837,7799,10337
37771,44153,55668,69799,82759
15630,16844,18090,36357,29140
29268,64000,60249,70970,91005
16952,4451,12961,21512,22065
29997,39129,49959,53841,73123
14899,17652,30191,23686,30810
14945,20842,22092,32027,39995
30671,42126,48987,51452,57832
9785,18785,20980,27999,40428
18300,11876,18851,17813,38373
8143,7595,8510,8281,12001
8213,19206,16607,19945,26919
27472,34293,32970,53461,58777
9935,16638,15946,16356,25420
29057,29834,19862,31550,62324
14097,16888,11187,20616,25062
28378,36427,38628,54347,38830
6003,10919,12570,12658,15628
8697,9292,21861,20949,23537
10875,10597,10369,14270,20034
19119,20909,18835,37605,31930
44481,47088,62697,55486,96477
16797,23280,17113,22664,34663
44005,79354,54796,68506,103674
7026,19583,17124,24274,35899
21378,26135,15939,22758,43599
14722,30666,26733,32098,53204
13969,18755,22558,23316,41109
11744,13932,15437,15103,23767
27011,39854,38197,47710,58616
29032,32982,47686,57174,59556
9701,16620,29157,7531,29033
15253,17021,18631,26264,34309
18281,30459,39655,46258,49290
27964,32885,21234,31886,60293
59597,27896,65854,89779,106176
9913,13614,14729,15734,20161
44448,100939,60793,58452,91567
23501,27224,23842,47232,22404
28743,38263,70675,50754,68613
11579,4009,18861,19562,9442
17782,33710,34562,48008,57377
9906,11898,16337,15617,14886
17040,22015,24711,26691,14900
58560,38622,74447,58863,89264
15144,15001,24936,27455,15030
11534,19878,29116,37965,14263
17279,32852,27829,31676,59736
94135,108220,124170,31216,210862
56656,66089,67487,125279,168200
14547,13095,9920,17745,24531
14017,19029,21658,17702,27377
13505,18189,29638,33370,43585
21758,43768,41397,36924,46044
16322,31976,46826,40519,57451
8700,9147,8710,10126,12147
12838,19093,12943,22980,28181
9336,17126,10404,23276,31389
19915,16434,28739,28638,34471
4956,20885,20188,29583,37397
55231,41031,86050,111221,160550
10289,17768,20915,19527,27510
18169,37352,19186,23045,62898
14839,31953,42445,55470,53281
17226,28390,26855,44103,40412
15913,16482,22967,36508,39734
17819,19146,22047,27927,24231
7256,13077,22444,11681,34409
28963,36976,38177,40961,38590
28387,38508,45007,41450,30884
32873,63447,48542,85341,73692
77200,135740,193632,191560,315662
9653,18805,29211,23383,36465
28563,22731,28512,23444,37150
70505,73353,84590,134389,88113
15860,22588,34146,20685,38750
6578,11809,10233,18950,20811
19679,22202,7571,26158,16291
14944,23967,55178,43485,63039
26250,61275,74729,18267,98583
44717,33021,55177,55428,55988
16540,17123,19187,24089,25409
12487,14440,9231,13543,26283
35862,52514,51967,55969,93231
15848,36172,33948,34603,30423
23603,30612,30694,36203,53321
13444,18648,16385,28015,12490
36901,49231,28453,58600,43132
19870,23439,23586,33886,54176
7725,10212,9103,5017,13398
40102,57183,74376,94220,123069
27751,34133,32806,40799,44441
26157,47159,55579,95667,113545
16985,11036,15893,14943,19935
14331,29547,40612,56409,59127
11975,19358,22450,28437,33835
24020,30035,24148,37990,35373
15422,33021,41632,47654,64098
9687,13406,12727,11974,13981
34992,47702,41997,65688,68302
30647,32984,43777,58080,81349
14843,17381,19634,17782,25412
9956,23669,27671,22699,36494
25880,32212,50343,49330,77715
17112,29685,37681,47224,64332
13386,16993,13590,24930,28302
22797,27779,27092,46342,47002
14084,15499,6775,24632,23563
44595,60894,69373,102292,100469
22452,18720,24818,32276,53245
10410,8343,23426,17873,24698
13790,16888,20425,18375,25417
15014,58259,62503,64790,112028
17868,14643,29627,22432,20273
32903,27318,24794,32381,36580
19453,24498,21564,27583,17152
19786,42056,56482,38820,37396
42588,40701,52800,89646,105470
14551,19656,12703,25190,29566
19491,28523,37331,34678,56539
44070,46918,75861,65061,83801
12374,11048,10533,19946,16560
11818,5576,18542,12159,21112
28506,29416,38308,48028,54492
14471,14976,11460,22613,21247
24610,36389,41383,55909,63895
11639,15251,17218,23607,21846
21689,17101,35092,36326,61082
18153,15826,17262,19541,25261
34692,95450,118311,123418,78052
14985,14555,17596,19501,21226
37679,32748,30316,55370,80680
15556,17336,21859,17825,23977
14389,16239,10103,20938,28273
13918,17465,18019,22263,28720
38477,44478,65519,76097,159629
8871,18241,23821,17944,19955
12042,13045,23738,15411,32611
18994,29764,26566,41185,44256
29495,39292,23090,72199,58949
31543,45825,94741,105552,148771
27130,31412,47219,40845,55598
19277,26790,36684,34268,36202
15331,19931,20358,26613,31154
29783,38476,73022,40668,77319
20208,71825,73118,72837,112729
10812,12262,14494,20034,23502
19963,25259,27133,47863,31126
33348,41574,109670,80072,44413
32354,24249,47654,52030,56847
28255,35390,44032,51260,55708
39556,34351,62073,106590,90313
21617,34583,34334,42146,59738
24964,23589,28611,24540,31070
11350,16319,15979,15276,30610
34537,42477,33641,39961,67295
11501,13357,20867,24733,27864
9333,14242,20579,19417,26545
44782,44039,40944,43906,74836
9927,13402,19541,21488,29303
26564,25553,28461,16166,28214
8222,10724,16655,14405,16593
24799,26309,28462,39132,42883
17898,23480,24949,36873,50038
16635,23435,37581,21916,23293
22413,38199,38929,38122,61964
9819,9501,7953,15261,21622
15214,15419,26238,21439,27493
19728,16647,32518,31402,40844
59511,63730,34449,100160,90714
9521,13970,14405,16028,17001
41155,20349,72222,71345,94692
10396,19366,22484,24714,28697
21879,29917,27549,30145,45723
11635,11588,12121,13607,15792
9246,22175,31573,33262,63251
9237,12087,12839,24482,36735
6505,11540,12928,16516,13542
19720,29464,26236,37130,46927
35652,59700,55178,79387,87630
17543,19981,21849,9522,28474
13168,18840,29140,23424,42629
74616,109577,121360,166176,250885
40985,38213,80065,82426,56823
41467,50735,45244,78537,35020
23468,34031,39572,51846,86933
13738,11328,18885,30017,28376
8175,15107,15511,16402,19060
9756,11904,14774,18776,16938
9854,11375,18347,23934,18178
19795,27818,12097,22055,35352
11703,9823,12318,14722,20128
33590,47286,61430,80902,138827
16066,18441,26273,37689,57544
15466,25146,31301,34134,35990
58900,48891,34319,63717,74790
55910,70595,74516,116952,123036
9461,14233,14464,12829,16842
48079,76267,57810,73950,96302
23965,35443,43157,49027,52263
21424,35410,38493,32843,32342
39785,42445,44783,63766,78382
31475,73377,84297,86027,17761
18970,21960,26624,26311,41776
15816,19794,34722,39960,52009
11704,18198,29790,36832,40223
14956,28630,27919,50419,46572
10542,13691,22532,20273,24722
19529,29441,42967,30184,47026
23378,33255,45589,42335,47871
39743,46646,12224,68963,50515
10132,23940,16503,18736,41334
13783,20475,31438,33957,44178
19677,21646,19839,24794,28110
14770,15187,16971,23641,25097
20174,22844,20545,29855,35804
28648,34717,71920,95445,108987
11982,14224,22391,29343,36476
24376,45935,49779,66427,126694
29623,39050,28356,40896,82675
68712,69614,86711,101520,11205
14228,26326,14869,17849,24228
15020,29752,21227,26764,38432
28958,44286,34040,50408,55391
34384,38407,43700,48523,61640
10153,31770,30946,22672,33919
41383,40536,29655,45494,101425
13486,18038,11914,17477,21199
6464,15591,11196,18396,27859
11069,21797,7292,21417,41572
56441,76968,82219,111676,108357
27538,40335,21196,27813,74189
10717,9889,10953,13934,17937
7169,12113,9504,15717,22245
17960,21355,24710,46607,41422
14862,22859,39734,41396,63241
12897,7658,13237,10402,24281
34739,45590,51273,58557,76534
19949,28277,21871,45174,38342
31579,13646,42136,56040,79882
6611,11301,25332,14254,25804
15386,20467,29993,34853,6067
9221,10832,7665,11303,16859
19989,22710,23221,24785,45753
28986,55569,38633,81216,79282
37178,25810,51847,78734,102364
14326,15188,16276,23329,22630
9964,13350,16806,18193,24360
57188,74056,79885,86615,141499
14714,17354,32076,37896,39222
28490,47067,54426,68898,104256
15975,18515,18076,23957,28712
5375,59448,49801,60027,66936
26017,24943,18379,41356,29524
15721,18604,24070,29725,40442
14795,21758,27403,30163,41331
15602,22876,15426,34934,31230
34878,46839,51442,40190,47802
14874,32596,21869,35781,39827
29679,32646,39952,48018,48224
24835,24277,22973,31577,26170
27671,24873,33312,38006,60613
11309,22035,19557,32710,37776
26792,47932,68063,61563,78006
40014,45498,42287,55501,49340
58390,58482,75668,102851,98349
43530,51653,44816,81510,115938
10568,15505,19253,30091,28019
25822,34857,25167,32813,44480
14123,12406,11902,11341,19491
16827,18940,23716,12577,29152
68518,50221,84341,84839,146855
14572,23186,23100,30982,45889
12600,17600,22787,24893,51469
71994,87372,93285,79539,105220
19260,19669,49100,46750,59311
16824,18527,16923,5712,24602
33237,71593,68901,121755,57688
31877,9203,32666,24977,43790
30711,35994,45989,39277,61132
38806,38164,61219,75257,108813
24174,25730,29105,46883,57554
5199,8095,8978,10342,14877
3785,13043,10974,10802,23365
14759,22509,26963,27325,54468
22074,29559,57742,22643,83932
34428,38261,40746,69082,31533
27737,38687,42282,51443,67791
25209,44442,16116,44615,45791
11160,14135,9513,13911,16941
37490,40624,71072,49507,87329
2379,13762,15261,15467,25031
15853,21822,32895,22216,45127
66378,74071,116416,170691,177855
11631,13235,9763,15820,20573
15116,17222,20091,28669,35449
14776,20401,19948,28026,33320
17389,28365,24869,16313,28935
79135,70869,96652,85530,111325
51231,82428,38202,100411,182116
39158,44319,59004,52191,76591
22071,29937,24687,42666,81517
14906,18138,27698,31065,30750
17164,28674,24939,29120,35298
21158,62694,39561,56387,79328
5465,9046,7003,11282,16396
30862,52725,41624,52303,68297
2381,11136,12563,20949,15173
25266,24911,12112,18604,29955
10570,14852,22902,18455,24080
28411,35225,30074,37579,26931
21929,26629,37298,16126,49719
9923,11830,17790,14571,22770
12887,18630,17635,21843,24810
18286,18016,41527,41415,73194
43317,42775,51105,69271,115295
23140,10039,23481,32743,37229
10912,12488,16962,19423,20122
16533,38960,65780,62286,77763
57767,88268,80370,78297,115949
17197,18449,18790,19015,28392
9762,15752,12025,20028,26293
41494,59403,55440,88643,130138
23088,22753,30530,35913,44244
27586,79802,92670,130008,148897
44273,59708,29704,40355,90372
57647,14305,57520,33234,102674
28901,29530,26133,48821,58899
22087,40728,30002,45832,65070
23457,32663,30804,46988,46632
23774,41205,46187,66976,68483
7670,20212,34308,31080,43414
10554,25997,28850,48362,53485
40283,66021,85094,89255,126322
17274,24377,21950,24163,36540
15022,16526,20114,22925,29087
8914,14578,12137,17426,26646
56571,44318,56760,75626,93676
11820,10931,33214,47681,48995
29612,37774,39746,48332,39965
16717,30590,33401,41923,64372
28986,27569,18212,33530,49557
14713,29926,38097,31632,52041
31670,39968,57396,70522,90343
10744,16722,18510,19642,30301
40103,95611,109107,111500,173779
9727,11180,18509,25287,8915
11190,18877,15608,21478,20664
11868,14567,23048,19372,29127
13386,28590,20908,36163,50128
14275,29635,29948,38975,65792
38602,39358,61989,92415,111956
79976,29867,67241,81032,101345
11984,17415,19125,21631,21459
13903,12694,11673,20154,14717
13674,6783,11597,18569,14157
38635,44185,42543,91980,92733
44476,55625,76431,60207,99473
44697,57240,59163,118404,100636
71576,111397,98766,106923,125106
28782,20533,26408,39546,9547
17073,33965,31688,43715,65568
9602,14471,10739,18060,8448
44700,86436,138432,171098,148607
9438,9356,8955,15864,14620
10312,11352,4101,18298,17886
17812,23846,17716,37016,54691
35842,32517,44699,34979,87242
22139,37562,30070,39077,41561
17878,18644,19079,19885,33460
9731,13679,21577,14467,28733
48301,78743,128100,174213,45327
18991,16782,19525,38991,32898
16940,24817,25979,52988,53478
39380,39124,48614,45628,73996
9850,12580,8315,14862,18938
14472,19211,30222,33829,43083
14541,19510,16433,17530,28348
14641,17647,29523,26002,60704
19578,43075,40133,44046,82182
15753,15387,21069,22616,26079
79745,114475,117419,125524,128616
37857,44826,39359,80573,88196
15201,13182,21212,22784,26875
19774,17727,22099,26088,21216
45700,109221,113858,123589,203199
15368,18573,27072,36573,28615
9520,22922,9453,33092,21045
18944,29325,35630,23681,47650
14936,17706,24666,35367,40755
30864,27415,33741,36898,60279
31082,14834,39975,49421,61013
46742,38839,73162,69647,91310
17036,20598,26961,37367,36616
16321,16513,29895,17057,26185
59245,61730,75100,78991,95063
19289,14634,21887,20305,30247
90929,93298,136051,132566,196377
15662,23253,20661,30035,25511
12093,10925,12687,5618,20556
44476,60037,70947,93931,48528
17517,13815,22962,20806,30850
15749,19879,36937,31720,55852
14100,20935,18359,28750,37563
110885,136078,68464,149095,218989
10507,10671,14050,16036,29985
16646,19762,34791,29533,32964
18435,36168,30596,56699,55561
29766,36851,30514,50295,60045
11441,20366,18315,22269,26258
10856,12120,16842,17859,19356
17319,9593,32074,15768,21190
14936,26064,29913,44961,23590
24821,23170,29939,52670,40007
17739,8675,18455,18589,28598
94053,120282,116581,167041,221759
9610,10645,12903,12887,15753
12508,26602,29671,28551,42987
43256,54159,58065,64702,55765
26998,29704,38878,31182,51123
28692,21569,23996,41018,39169
12525,11813,11441,14093,16036
14730,16019,18942,35908,31306
9451,14174,12172,16032,24421
19993,42818,49178,51037,69048
51414,52734,81888,90119,155194
14859,14814,23613,26143,38369
16563,26582,27131,40715,56019
15082,18303,25959,27401,43866
14963,15310,31306,32317,43921
18624,38015,18474,39335,53661
13067,15217,8991,21338,17290
9930,19054,22213,25274,35854
9129,5419,5318,6865,8702
27144,42587,38533,61867,69981
15430,17270,21051,28504,34350
10872,14353,12020,16498,22412
17508,35602,37702,45046,53981
57787,61656,74607,71172,110458
16797,31636,44224,46339,63107
12900,14467,15957,32496,36302
27350,39699,50715,63388,93934
16115,26677,45113,44787,59803
30700,38273,66150,71174,82883
21095,43975,38568,53428,63427
7922,9431,10815,16471,11134
43730,47750,44237,80334,99546
27621,31324,31325,36986,43725
18654,10892,22134,17072,29325
10915,15969,20623,13264,22143
16172,21686,20150,37096,40699
21444,23064,29775,41545,62294
11204,12214,13669,12852,20785
14226,11062,18615,24423,9609
91364,106843,105066,111609,208060
27872,26422,34792,49283,61890
63832,62601,104985,82143,94309
17467,17455,23824,21928,27095
29232,40191,66010,87963,103178
15842,19438,18375,21660,33477
40534,67477,66009,83665,101356
10931,9790,14576,14784,20308
19755,16290,16946,30110,28045
9920,25659,18381,40949,44247
14911,20455,21665,25275,51704
55185,61363,116031,97208,100116
28470,33748,26801,41056,58786
83502,98949,71230,156406,164508
20581,25498,26619,24736,29017
9986,15486,13159,25919,21552
15015,47299,30438,39316,66385
18010,21879,20166,21120,25689
18507,23692,22335,26605,41304
20076,26445,25697,41528,39144
15111,18724,25016,32449,34980
13362,14856,23066,24286,37421
15018,24218,26052,25920,34781
28504,42663,34831,55795,72496
10529,23619,22307,28056,33789
15923,17737,16702,27838,27867
3667,12105,17726,21609,20907
28708,30722,40429,41019,25137
31957,40311,56617,59492,95629
120417,137388,165877,172218,356995
22193,31504,59613,56821,69947
17979,18981,21404,28003,44288
14978,26841,18013,36874,37394
12712,18506,18531,19939,23614
29697,31960,36828,36986,62264
16297,30227,32356,31990,42300
43904,78181,80331,46878,141738
14214,29292,33213,58657,56415
38997,50345,52463,56548,64221
22157,39637,42659,71284,95106
14761,19327,16336,18987,21552
27582,25932,30929,47652,57690
7135,3669,8697,9892,12749
17435,22499,13938,19228,36454
13928,11402,16870,31931,29202
9384,11474,12029,17318,11702
6426,6427,10013,8284,13552
8020,21595,21632,22640,31492
15813,34496,25501,36922,63916
9942,19412,31958,39672,19255
9190,10732,13486,10772,15889
9094,21655,16160,17331,31873
21870,39748,48032,55015,78040
57683,87545,67455,114478,112413
41525,61216,74914,77658,77525
39545,52636,44958,60852,84552
13135,25131,22159,36023,35067
7359,8669,11980,13698,16350
38699,41576,33326,31056,77045
26267,31067,37966,47250,46391
89146,80993,50388,123533,113809
19816,26486,26466,31217,45537
26370,30678,40721,32381,53021
25796,49903,49651,53844,72001
47516,67556,37723,127259,120734
21727,49120,32198,85479,60276
15323,41869,54087,49252,63815
21100,27491,28001,40514,51130
9166,14048,14950,8635,14299
28581,31679,26270,47780,48756
9836,23206,27140,20853,29079
23177,17813,43770,61816,44506
5829,12359,23593,38603,61906
7068,6700,12286,18598,25709
13553,35820,40699,49635,55606
36888,47741,68080,55498,93190
80364,103036,111242,137189,134898
23955,29693,29522,26930,37818
31469,56052,22040,54205,92865
40273,24830,44711,49162,17527
159905,224333,168892,163869,300558
19819,20813,17535,44851,28562
34311,35152,24646,59133,56469
19923,28433,22174,12996,30663
15805,19665,26665,27329,30831
35967,43679,42840,72724,30977
14704,18845,16027,23062,25377
91020,183850,244843,223652,357280
27635,63310,51044,59558,69626
57063,54183,75266,100729,96998
33923,26084,41338,47468,54543
14929,23688,31889,47753,24449
15817,24300,5780,27160,46567
15976,28512,35029,42366,59285
27768,36681,33340,47312,64365
80298,83515,89805,82110,136391
28827,44857,40762,61624,60521
41456,54894,25184,72389,120290
7084,5778,8738,8702,13472
23916,18410,27040,38296,41299
14859,30398,19926,43903,39470
41335,38951,44597,61322,94867
8393,14594,18993,14740,22188
9680,17623,10870,15017,25505
11763,14051,11359,19981,18927
9922,11542,9340,13410,17701
9523,13152,19850,9137,18134
15696,13315,11796,19821,21090
35770,70874,97084,80082,132493
9773,30908,30851,29178,39419
12816,19496,23239,37339,48649
13316,50196,53346,69032,60041
38457,59220,46600,60046,59655
19392,18633,21798,26598,35006
17508,16983,8792,14227,25092
18940,51716,49569,50468,87102
6758,8091,15013,17354,18692
17752,27052,38348,57753,50241
11653,13761,19301,13563,23817
9862,26833,26725,27229,39057
46693,52415,41231,105682,97736
15921,34219,33587,39886,26085
11241,16775,18156,16882,40061
15891,19956,35170,31867,8098
46318,88605,92932,94510,136763
9940,10659,9909,17593,10698
11627,15808,16040,19876,27419
6235,13486,17741,24541,22655
27599,36930,48803,57254,70885
15053,19600,15119,23394,29843
14901,33759,23436,40076,42478
28071,15856,30564,19365,24256
22837,43881,36918,46594,17825
24291,17113,28212,43558,44371
8681,21522,11061,14957,19113
15727,8866,28384,14319,44448
16734,20401,17357,13574,37535
13438,17591,19535,23237,22700
7707,8068,7771,13545,14930
14182,17859,16250,18890,15728
6046,13343,16405,26490,9108
17977,23687,26507,22739,44479
16375,17244,20077,18992,26498
13879,15972,20947,31790,19836
15243,18997,33671,23013,38230
17377,23147,33053,36529,14693
9694,10845,10967,19335,23047
25770,27158,18683,41282,41632
14422,14563,18974,15749,26040
8442,11344,11111,15356,14349
15692,31178,30979,34538,42202
28657,43077,49261,64672,46133
35142,25840,29902,57274,55666
18368,29047,28635,38654,43045
16790,23692,29634,49325,43740
16231,19953,18941,22824,29375
40534,45911,76781,50528,72683
33562,63973,78937,83615,130618
9181,15222,19009,23596,22506
45837,35700,60494,61758,123416
8673,10164,7349,13960,14378
34773,30765,42980,50139,33472
34437,71887,72006,99307,85857
26425,33364,30592,38072,70525
9836,23837,14431,13698,27607
12051,24156,35285,29243,41001
31923,16122,57274,47509,60659
20708,26570,22348,30714,42688
21399,33438,28157,53434,43579
17698,23291,36387,45786,64214
10324,13399,19027,14810,26243
29185,42021,25657,37516,67186
11166,19680,28803,38984,40739
19578,27943,20547,29643,38504
27337,40569,27856,41907,33838
39834,52008,76830,66512,86053
11396,2616,18011,20221,28220
20546,35895,24660,30027,25485
11297,17981,17680,14284,26081
6296,6879,8314,11143,11077
16959,17563,30233,27874,43258
18780,21733,18631,23294,34782
35665,43065,53489,87279,101724
42712,60243,81914,99160,154487
60276,85544,47186,90738,135057
12045,8377,12154,15444,18303
29939,29637,32525,36579,42360
18030,22401,26928,22605,41011
14309,15041,7203,18504,22415
8604,23720,28583,31028,42852
19700,21305,15282,23848,34454
38218,83037,75863,138287,24926
14134,9662,15108,23068,21273
14366,29444,30489,37939,46700
14435,8478,17889,16755,21671
14453,18493,18102,17336,24540
26074,23072,35358,54805,39463
19629,20810,35997,29371,56778
17262,26092,21849,23205,42662
38026,33726,44127,47629,59734
23085,25877,72284,56496,130077
9861,13448,12875,9718,27639
22252,34173,24678,56155,56676
29956,64447,71135,84937,97122
14154,6632,24447,18410,24598
9875,11786,16816,15306,18751
26719,29952,20734,43576,42924
29745,31623,44720,70083,66016
9057,7948,9058,6573,14757
33601,47462,53999,37393,86756
15878,30403,41017,36986,13541
9897,7830,12709,12848,16807
12307,16234,19985,23785,13124
62193,108102,99479,232423,168134
30013,38738,44468,56038,78554
11298,13657,15483,12842,10939
67761,57523,78281,128966,139562
24072,58009,103203,44214,96162
17390,25386,30469,29541,54184
13227,15348,16388,6545,19559
9769,13239,13214,17482,19971
9781,11970,12487,19186,30383
9822,29748,23458,26950,39028
19763,20606,18365,31225,19886
27915,31880,60611,27259,55419
11456,17101,19622,19819,32124
31265,34043,28244,55057,53331
37842,37136,58001,73814,87724
15728,15925,25652,36609,62955
13465,19416,23359,28611,15772
10778,15847,20132,23774,10892
23264,30696,31498,40856,70012
12713,13983,15516,26323,22127
11364,4478,22500,19124,39621
11680,15980,22454,31344,20147
5658,7373,5415,11299,9813
30237,66733,47040,78067,97071
28129,24148,29722,42887,35960
29515,38118,30557,41001,51219
34482,49224,43544,57128,52868
9952,10285,10016,13492,16893
14525,26365,32777,37614,48483
14518,11991,21935,48630,20095
17719,13028,53643,33799,50359
17664,18555,23452,37322,42086
19411,45456,18494,26416,59566
15174,22904,37617,32331,49286
13217,18703,26702,27746,59463
10402,25362,32698,38511,13660
9930,8612,10044,9283,17641
11690,15796,19342,25662,35511
19504,45562,27774,39913,67601
13766,17761,17705,29635,34340
32384,37786,62440,63358,52803
34387,66396,38569,61790,107541
72029,98461,109794,143888,152690
15068,25240,22795,26809,41885
11569,30307,14092,31001,51486
11185,20995,24068,39854,56342
41081,62543,56954,59364,80538
31340,15515,31880,36959,42400
11577,11723,15506,25409,20744
10453,14989,20495,19392,22640
17586,32384,36581,36257,46340
19599,28767,19796,41561,22634
14750,15740,24471,32003,24177
14986,24666,21109,36562,27384
9714,14068,21698,24537,6301
16565,13919,7376,23400,21967
37856,44958,47888,46308,50954
31672,42869,43549,55359,84487
10431,15720,19438,27462,21949
28959,27563,26624,46948,52867
15619,29976,22680,34359,67396
44908,78232,130458,145561,151697
16167,30476,35444,51996,61163
9331,15163,16897,21489,16970
16662,19177,18421,20350,28728
15288,22308,18814,28031,33889
5913,20223,17408,24669,14642
14100,18668,17167,23761,32820
11740,14003,21198,23284,28619
32940,41875,34078,66967,53518
10063,17248,10625,18204,15031
11345,26477,30500,29281,37080
50701,66250,36498,104645,137576
30487,12446,20823,47805,38861
17980,19538,21363,21270,29364
9244,16950,10038,16723,25055
12919,14532,17208,12388,28451
40178,61276,80054,64684,124898
17910,36034,40386,45098,69284
21510,53490,55005,41562,83066
17391,24923,17093,32484,42091
22290,22297,21554,34603,15265
14711,17637,14812,29981,37761
29797,36944,47629,50964,70535
13981,13233,17322,25015,24689
9511,7411,6397,28130,11383
9732,16988,19057,13165,21924
15361,28279,17138,31206,35499
32113,30419,45033,61574,46248
44836,36425,36145,58833,67513
16821,23752,43542,47605,69887
14794,13984,17135,21630,23632
33151,24930,67503,45484,59680
11461,13328,14257,12906,16579
7595,16285,18039,21766,24803
12000,17169,22446,34451,42234
9349,19411,35540,41320,34035
14305,15990,12192,15389,26798
16467,29779,34034,28636,46713
31225,47553,66182,47709,75880
35205,47436,77064,114783,120847
11099,15346,13491,6951,24470
50027,51659,56607,93099,85989
45479,81157,90413,129295,117516
11769,28635,23196,30604,35312
10926,10592,17568,21101,23725
13192,15279,20409,28818,22522
14889,7707,12988,15863,21389
17940,35933,34391,58997,70361
14316,17734,24307,36255,37072
30065,40880,28172,75983,77626
22628,27211,29896,40461,50309
9597,6339,11846,11149,15211
57559,54131,46640,55790,100337
13926,16322,13675,24266,30340
34046,38485,52168,47945,68514
19372,46342,46152,62860,92115
35730,82960,77027,117543,147853
11511,14113,12332,19518,27090
27242,37742,42773,49994,30725
17504,19520,21255,27466,37289
23112,42299,21020,48532,57632
20517,17074,38980,48444,48813
32798,39641,62211,83823,124958
10224,10554,12489,17161,16527
23361,26611,28031,41439,54496
44697,29407,59604,72842,67092
15700,21974,24930,33519,37319
35043,52777,51455,98958,67877
27776,38349,31230,57149,46483
14753,14791,19909,24052,38009
29166,31574,52952,64476,86846
8519,12178,14934,17255,20841
9993,21377,14096,29696,33686
52295,78214,117483,112603,189711
9826,14807,16360,23898,11885
36902,39695,48759,34204,76128
22550,26609,38047,32484,45703
9732,12322,15311,23403,29638
42005,56545,65656,45533,65509
11902,16818,17931,25687,28983
17691,10084,17138,24273,20878
43997,115825,100892,130237,203468
17900,12077,9785,27474,28704
32217,55670,69138,67241,119109
26655,24267,34585,38679,51846
11751,12923,22596,26678,36881
43148,48093,84274,125684,129376
20940,43860,42293,74529,66401
13247,23070,38878,51234,61368
59562,91920,119799,224815,249787
14550,13078,13477,18077,29871
9765,15656,12604,19434,21953
10615,8347,9373,10621,17334
14956,14139,14373,16688,26897
39304,45269,44147,78730,85488
21725,34778,21698,43066,45779
31285,35671,30318,44708,60713
34786,21895,38818,48599,30175
14545,18183,20522,40765,58238
9427,10325,16158,18003,21939
15818,19585,29110,30319,39330
7179,15206,21131,30030,23060
30227,28746,34292,35957,39740
18223,22895,30207,25484,44664
22555,29131,29354,19712,35574
76010,102099,138786,106523,217344
67185,75600,158729,164757,205769
20093,33738,31367,63554,40074
14584,26019,27370,33145,51030
11685,23530,11735,17218,27350
12081,9102,20956,21907,20292
15904,30574,30401,37453,57169
18203,22984,28016,31268,51347
10732,11793,12434,17450,21569
12201,15550,20196,23481,26918
11198,11025,14852,14781,18868
30701,30433,37435,24117,50702
40445,45265,64946,95689,15729
28398,21714,20921,25918,35681
15675,23392,39036,21393,52397
9910,11336,14632,21327,25897
12749,15814,17774,23709,24933
24726,36884,46211,53701,65620
38108,22051,43207,45545,107388
23171,27282,15538,44039,33067
34079,33353,29069,46369,48771
38673,45777,55017,71391,57312
23751,38467,36804,29548,64531
7519,10966,13681,21768,20569
4895,5054,6873,9597,12047
26991,44246,70497,44528,94867
30072,23491,28987,33734,41091
22619,27181,28907,34811,66176
11704,14259,18979,22445,26183
23698,30649,37851,50232,40070
46582,28883,41989,93952,64276
22202,54137,64641,86362,110238
34220,31856,28820,40969,41550
17655,12163,22348,24408,30030
11164,16708,25285,14583,31611
12758,16216,18182,11520,13757
13279,11694,7388,15855,19053
13403,27721,20898,29712,26720
14734,15680,20232,29782,24362
27300,40745,35920,53090,91900
14872,19870,26238,32593,37398
6807,10620,10038,13010,14810
26679,43758,76380,40925,72326
31236,40935,20965,55424,74654
35974,74751,44638,36399,109481
45982,45028,68089,69571,109954
35063,21529,31395,56271,25695
21555,31931,27399,27760,39967
30705,30670,36291,47395,60518
23422,38090,26552,45870,51676
44330,24635,40091,53700,63960
43993,36943,83163,56969,77461
66181,74853,61609,117843,131610
35948,46697,64715,95694,133460
47006,13797,34958,50608,70731
8551,14102,22758,39651,40705
19360,24378,21671,31396,31531
9561,9599,1862,11082,15109
9815,10041,8837,15343,24644
27184,35196,26002,33946,38697
14802,15975,16451,18217,26539
14901,17937,23446,34443,35785
13818,40766,59712,60866,72827
14790,31878,24404,24075,47266
11909,17099,15316,21289,31942
9803,13459,10987,17899,21112

