

Data analysis for each instance 
AVG,MED,MAX,MIN
0,0,0,0,0,0,0,0,0,0,
0,0.044,0.048,0.048,-0.007,-0.006,0.086,-0.025,0.073,0.036,
0,0,0.053,-0.082,-0.019,-0.127,-0.024,0.038,0.022,-0.01,
0,-0.02,-0.013,-0.009,-0.061,-0.011,-0.009,0.114,-0.056,-0.045,
0,-0.012,-0.002,-0.082,-0.008,0.084,0.044,-0.043,-0.084,-0.093,
0,0,-0.01,0.024,0.021,0.058,0.04,0.026,0.025,0.036,
0,-0.013,-0.047,0.073,0.041,0.035,-0.081,-0.005,0.002,0.063,
0,0,0,0,0,0,0,0,0,-0.004,
0,-0.037,0.035,0.038,-0.01,-0.036,0.061,-0.043,-0.024,-0.019,
0,0,-0.012,-0.041,-0.077,-0.126,-0.062,0.012,0.042,-0.016,
0,-0.026,0.043,-0.065,0.04,0.005,0.022,0.027,0.034,-0.039,
0,0.053,-0.011,0.06,0.06,0.073,0.065,-0.09,0.02,-0.048,
0,0,-0.021,0.037,-0.059,-0.024,-0.079,-0.061,0.027,-0.006,
0,-0.006,-0.005,0.014,0.021,-0.06,0.065,-0.035,-0.011,-0.085,
0,0.014,-0.009,0.023,0.041,-0.002,0.011,0.042,0.076,0.038,
0,0.006,0.008,-0.017,0.005,-0.116,-0.012,-0.002,0.023,-0.043,
0,-0.01,-0.042,0.112,0.023,-0.059,-0.081,0.07,-0.036,-0.036,
0,-0.001,0.024,-0.034,0.007,0.06,-0.02,-0.061,-0.012,0,
0,-0.005,0.003,0.018,-0.024,0.091,-0.007,-0.039,-0.088,-0.092,
0,0,0,0,0,-0.055,-0.027,0.029,-0.05,-0.113,
0,0,0,0,-0.042,0.021,-0.026,0.02,-0.026,-0.073,
0,-0.005,-0.027,0.015,0.084,-0.01,-0.018,0.096,0.036,-0.006,
0,0,0,0,-0.035,0.075,0.037,-0.032,0.027,-0.023,
0,0,-0.024,-0.008,-0.025,-0.01,-0.007,-0.009,-0.035,-0.024,
0,0,0.014,0.004,0.032,-0.025,0.009,-0.048,-0.043,-0.043,
0,-0.024,-0.058,0.068,-0.055,-0.098,-0.032,-0.062,0.006,0.085,
0,-0.046,-0.076,-0.021,0,-0.076,-0.046,-0.018,-0.018,0.012,
0,0.004,-0.078,0.016,-0.04,-0.042,0.027,-0.016,-0.009,0.018,
0,-0.029,-0.056,0.014,0.014,0,0.073,0.012,-0.017,0,
0,0,0,0,-0.034,0.019,-0.002,0.002,0.037,0.054,
0,-0.017,-0.031,-0.009,0.061,0.088,0.06,-0.007,0.038,0.052,
0,0.005,-0.061,0.058,0.01,-0.043,0.034,0.097,0.061,-0.016,
0,-0.003,-0.052,0.009,-0.041,-0.055,0.08,0.041,-0.038,0.002,
0,-0.007,0.055,0.068,0.008,0.042,-0.006,0.042,-0.066,-0.061,
0,-0.027,-0.015,-0.033,0.008,-0.049,-0.094,0.048,-0.046,0.026,
0,0.025,-0.012,-0.035,0.041,-0.046,0.081,-0.02,0.008,-0.018,
0,-0.024,0.003,-0.081,0.026,-0.017,-0.046,0.014,-0.035,-0.02,
0,0.016,-0.013,-0.047,-0.009,-0.031,0.036,0.04,0.086,-0.064,
0,-0.006,-0.032,0.007,-0.052,-0.057,-0.05,0.045,-0.043,-0.02,
0,-0.012,-0.007,-0.009,0.004,-0.004,-0.051,-0.08,-0.008,0.049,
0,0,0,0,0,0,0.002,0.038,0.039,-0.017,
0,-0.014,-0.07,0.067,-0.09,0.039,-0.004,0.034,0.04,-0.077,
0,-0.009,-0.008,-0.041,-0.019,0.018,0.011,0.066,0,-0.028,
0,0,0,-0.019,0.026,0.021,-0.045,-0.078,0.091,-0.006,
0,0,0.005,-0.043,-0.034,-0.094,-0.049,-0.083,-0.128,-0.066,
0,-0.046,-0.071,-0.046,-0.012,0.002,0.04,-0.049,-0.05,0.061,
0,0,0,0,0,0,0,0,0,0,
0,0,0,0,0,-0.017,0.009,-0.067,-0.048,-0.004,
0,-0.011,0.012,-0.037,-0.125,-0.007,-0.025,-0.062,0.031,0.017,
0,-0.03,-0.039,-0.066,-0.077,-0.047,-0.018,-0.06,-0.089,-0.078,
0,0.036,-0.081,-0.042,-0.082,-0.044,-0.052,-0.107,0.006,-0.07,
0,0,-0.025,-0.019,0.016,-0.055,0.022,-0.083,0.026,-0.048,
0,0.017,0.009,0.011,-0.02,-0.081,0.022,0.037,-0.087,-0.006,
0,0.009,-0.042,-0.075,-0.098,0.021,0.023,0.03,-0.002,-0.052,
0,0.023,-0.033,-0.008,-0.066,-0.05,0.058,0.109,-0.056,-0.056,
0,0.002,0.018,0.066,0.022,0.026,0.022,0.011,0.016,-0.009,
0,0.012,-0.049,0.048,-0.031,-0.083,-0.05,0.093,0,0.047,
0,-0.025,-0.04,-0.044,0,-0.052,-0.026,0.038,0.025,0.002,
0,0.004,-0.045,-0.047,0.022,0.016,-0.04,0.024,-0.047,0.042,
0,0,-0.024,-0.01,0.052,0.044,0.01,-0.005,-0.025,0.025,
0,-0.035,-0.084,-0.106,-0.057,0.033,0.052,0.014,-0.026,0.063,
0,0,0,0.012,-0.023,0.009,-0.116,-0.027,0.039,-0.085,
0,0.03,-0.008,-0.016,0.022,-0.009,-0.031,-0.027,0.003,-0.025,
0,0.024,-0.017,-0.039,-0.005,-0.06,-0.011,0.002,0.04,-0.002,
0,-0.13,-0.066,0.071,-0.154,-0.116,0.124,0.09,-0.173,0.023,
0,0,0,0,0,0,0,0,0,-0.002,
0,-0.023,-0.055,-0.136,0.01,-0.042,0.092,0.108,-0.062,0.047,
0,-0.009,0.031,0.028,-0.073,0.041,-0.007,0.048,-0.02,-0.068,
0,0,0,0,0,0,0,0.021,0.107,0.031,
0,-0.032,0.033,0.039,-0.007,0.021,-0.045,-0.031,-0.078,-0.014,
0,0.008,-0.005,0.014,0.006,-0.092,0.002,0.015,0.047,-0.036,
0,-0.052,-0.073,-0.059,0,0.002,-0.071,-0.055,-0.024,-0.061,
0,0.007,-0.046,0.028,0.024,-0.022,-0.034,0.003,0.01,0.018,
0,0.006,-0.027,0.053,-0.008,0.012,0.003,0.052,0.036,0.012,
0,0,-0.028,-0.028,-0.029,0.099,-0.041,-0.035,-0.087,-0.075,
0,-0.027,0.003,0.07,0.04,-0.006,0.037,0.057,-0.013,-0.032,
0,0.046,0.004,-0.055,0.034,-0.103,0.03,-0.05,-0.08,-0.054,
0,0.025,0.009,-0.132,-0.032,-0.088,0.096,0.097,0.077,-0.125,
0,0,-0.003,-0.01,-0.01,0.02,-0.02,0.01,0.026,-0.032,
0,-0.004,0.013,-0.007,-0.025,-0.118,-0.029,0.045,-0.007,-0.136,
0,0,0.038,-0.011,-0.079,-0.02,-0.056,0.037,-0.032,-0.036,
0,-0.001,0.003,0.04,0.082,0.039,0.09,0.087,-0.086,-0.021,
0,0,0,0,0,0,0,0,0,0.008,
0,0,-0.007,0.019,0.03,0.029,0.003,-0.082,0.052,-0.037,
0,0,-0.086,-0.013,-0.008,0,0.031,-0.038,-0.017,0.057,
0,-0.02,-0.026,-0.091,0.02,-0.029,-0.07,-0.049,-0.048,-0.028,
0,-0.007,0.027,0,0.084,0.011,-0.008,-0.048,-0.11,-0.124,
0,-0.039,0.052,-0.061,-0.057,0.074,-0.004,0.023,0.021,0.116,
0,0.017,0.015,-0.035,0.06,0.09,-0.051,0.074,0,-0.011,
0,0,0,0,0,0,0,0,0,0,
0,-0.048,-0.157,-0.009,0.004,-0.034,0.009,0.004,0.01,0.002,
0,0,0,0,0.003,0.038,-0.085,-0.066,0.026,0.018,
0,0,0,0,0,0,0.004,0.013,-0.036,-0.13,
0,0.035,0.012,-0.033,-0.086,-0.015,0.031,-0.048,-0.045,0.002,
0,-0.02,-0.01,-0.054,-0.037,0.039,-0.005,-0.029,0,-0.009,
0,-0.004,-0.026,-0.066,0.026,-0.037,0.016,-0.026,-0.019,-0.007,
0,-0.142,-0.227,-0.062,-0.037,-0.268,-0.258,-0.245,0,-0.086,
0,0,-0.021,-0.057,0.023,0.014,0.03,0.032,-0.024,0.048,
0,-0.049,-0.018,-0.054,-0.078,-0.045,0.079,-0.009,0,0.028,
0,-0.006,-0.092,0.012,-0.051,-0.027,-0.061,-0.052,-0.114,-0.092,


0,0.076,-0.014,0.136,0.091,0.048,-0.059,0.105,-0.043,0.068,
0,0.083,0.07,-0.017,0.094,-0.016,0.06,0.031,-0.019,-0.004,
0,0.107,0.102,0.144,0.012,0.127,0.075,0.057,-0.02,0.067,
0,0.14,0.099,0.074,0.108,0.024,0.07,0.008,0.009,0.002,
0,0.148,0.027,0.021,-0.013,-0.016,0.004,0.019,0.041,0.086,
0,0.033,0.019,0.045,-0.028,-0.01,0.056,0.058,0.084,-0.033,
0,0.081,0.13,-0.14,-0.007,0.031,0.166,0.028,0.063,-0.095,
0,0.077,0.063,0.031,0.026,0.046,0.056,0.053,0.013,0.009,
0,0.058,0.013,0.043,-0.01,0.062,0.016,0.078,0.032,0.017,
0,0.077,0.088,0.076,0.029,0.004,-0.03,0.045,0.028,0.11,
0,0.098,-0.024,0.05,0.027,0.037,0.031,0.096,-0.012,0.081,
0,0.096,0.121,0.158,0.059,0.009,0.035,0.16,0.135,0.174,
0,0.022,0.109,-0.052,0.012,0.016,-0.028,-0.057,0.065,0.092,
0,0.117,0.127,0.095,-0.002,0.122,0.051,0.112,0.068,0.125,
0,0.096,-0.007,0.024,-0.01,0.038,0.047,0.033,-0.009,-0.009,
0,0.064,0.005,0.024,0.041,0.06,0.03,-0.02,-0.024,0.014,
0,0.201,0.117,0.022,0.096,0.036,0.116,0.083,0.122,0.038,
0,-0.001,-0.061,0.024,0.013,0.009,0.023,0.05,0.018,-0.002,
0,-0.045,0.098,-0.068,-0.025,-0.023,0.135,-0.021,0.057,0.064,
0,0.32,0.254,0.233,0.166,0.29,0.232,0.274,0.262,0.327,
0,0.04,0.002,0.083,0.069,-0.002,0.131,0.08,0.025,0.114,
0,0.045,0.06,0.046,0.04,0.094,0.129,0.084,0.057,0.088,
0,0.075,-0.049,0,-0.044,-0.077,-0.047,-0.021,-0.013,0.021,
0,0.066,0.07,0.029,0.068,0.032,0.002,0.078,0.003,0.015,
0,0.077,0.022,0.016,0.009,0.081,0.108,0.066,0.036,0.015,
0,0.13,0.118,0.056,0.109,0.128,0.117,0.076,0.096,0.043,
0,0.199,0.164,0.214,0.209,0.3,0.249,0.203,0.146,0.247,
0,0.127,0.089,0.082,0.176,0.086,-0.029,0.095,0.009,0.083,
0,0.094,0.082,0.065,0.034,0.018,-0.016,0.051,0.144,0.007,
0,0.101,-0.002,-0.024,0.018,0.021,0.028,0.037,-0.031,-0.035,
0,0.069,0.041,0.056,0.011,-0.011,-0.026,0.072,0.063,0.035,
0,0.174,0.088,0.111,0.085,0.091,0.033,0.026,-0.008,-0.008,
0,-0.023,0.024,0.122,-0.053,0.023,-0.033,-0.025,0.027,0.129,
0,0.129,0.083,0.004,0.055,0.063,-0.025,-0.026,0.006,-0.002,
0,0.124,-0.013,0.031,0.052,0.086,0.104,0.031,0.088,0.021,
0,0.133,0.21,0.128,-0.024,0.027,0.052,0.142,0.043,0.089,
0,-0.006,-0.069,0.07,-0.002,0.017,0.088,-0.063,-0.005,0.007,
0,0.059,-0.022,0,0.041,0.04,-0.028,-0.031,-0.025,0.055,
0,0.128,0.128,0.077,0.057,0.034,0.071,0.034,0.078,0.012,
0,0.136,0.066,0.054,0.027,0,0.128,0.152,0.12,0.104,
0,0.02,0.034,0.007,0.03,0.024,0.044,0.031,0.037,0.058,
0,0.148,0.106,0.072,0.09,-0.081,-0.034,-0.02,-0.07,0.018,
0,0.023,0.027,-0.035,0.024,0.038,-0.042,0.047,0.03,-0.005,
0,0.025,0.002,0.056,0.034,-0.03,0.065,0.002,0.002,0.117,
0,0.081,0.072,-0.039,0.028,0.124,-0.012,0.041,0.013,0.064,
0,0.141,0.098,0.081,0.151,0.238,0.167,-0.019,-0.027,-0.035,
0,0.053,0.142,0.146,0.1,0.192,0.143,-0.016,0.026,0.17,
0,-0.003,0.003,0.016,-0.059,-0.023,-0.004,0.067,-0.042,0.006,
0,0.065,-0.041,0.007,0.026,-0.014,0.012,-0.003,-0.052,0.047,
0,0.113,0.143,0.035,0.078,0.081,0.09,0.036,0.055,0.096,
0,0.098,0.106,0.072,0.116,0.07,0.054,0.133,0.073,0.115,
0,0.083,0.034,-0.022,0.033,0.129,0.015,0.087,0.02,0.024,
0,0.08,-0.004,0.007,0.009,0.059,0.039,0.04,0.062,-0.015,
0,0.194,0.106,0.088,0.057,0.01,0.01,0.105,0.117,0.126,
0,0.062,0.044,0.134,0.139,0.088,0.002,-0.022,0.118,0.068,
0,0.065,-0.012,-0.026,-0.011,0.053,0.035,-0.011,0.009,0.031,
0,0.047,0.102,-0.037,-0.046,0.052,0.064,-0.074,-0.006,0.018,
0,0.087,0.01,0.161,-0.005,0.072,0.146,0.11,0.064,0.064,
0,0.073,0.047,-0.003,0.033,-0.02,0.048,0.041,0.003,0.023,
0,0.025,-0.005,-0.028,-0.031,-0.044,-0.081,-0.028,0.005,-0.02,
0,0.048,0.111,0.157,0.183,0.021,0.067,0.158,0.095,0.094,
0,0.002,0.051,0.101,0.082,0.04,0.024,0.042,0.069,0.028,
0,0.024,-0.027,0.064,-0.025,-0.04,0.053,0.015,-0.01,0.005,
0,0.033,0.045,-0.024,0.041,0.106,-0.011,-0.043,0.07,0.065,
0,0.263,0.346,0.258,0.337,0.265,0.245,0.263,0.388,0.296,
0,0.028,-0.011,0.087,0.108,-0.022,0.025,0.117,-0.017,-0.039,
0,0.097,0.11,0.178,0.104,0.037,0.065,0.006,0.056,0.075,
0,0.105,0.002,-0.009,0.01,-0.031,-0.037,-0.03,0.027,0.068,
0,0.081,0.059,0.062,-0.014,-0.028,-0.034,0.036,0.024,0.018,
0,0.092,-0.082,-0.037,0.032,0.037,0.058,0.024,0.081,0.054,
0,0.083,0.069,0.023,0.05,0.071,-0.02,0.02,-0.02,0.107,
0,0.155,0.093,0.098,0.083,0.144,0.163,0.077,0.094,0.038,
0,0.036,0.016,-0.003,-0.027,0.035,0.016,0.028,0.02,0.002,
0,-0.025,0.043,0.013,-0.018,0.022,-0.068,-0.016,-0.071,-0.038,
0,-0.029,-0.01,0.021,0.005,-0.046,0.023,-0.056,0.066,0.042,
0,0.063,-0.005,-0.048,0.006,-0.006,-0.02,0.022,0.105,0.085,
0,0.029,-0.042,0.229,0.124,0.073,0.016,-0.083,0.108,0.166,
0,0.188,0.326,0.37,0.26,0.351,0.253,0.326,0.327,0.386,
0,0.033,0.076,0.02,0.075,0.027,0.031,0.005,0.025,0.077,
0,0.097,0.054,0.096,0.136,0.067,0.008,-0.042,-0.038,0.143,
0,0.101,0,0.004,0.088,-0.07,0.017,-0.026,0.059,0.081,
0,0.058,0.039,-0.043,-0.064,-0.011,-0.062,-0.068,0.081,0.019,
0,0.164,0.144,0.167,0.182,0.259,0.143,0.053,0.019,-0.03,
0,0.018,-0.057,-0.039,0.034,0.03,0.024,0.088,-0.037,0.023,
0,0.107,0.096,0.06,0.048,0,0.03,-0.07,0.006,-0.016,
0,0.109,0.018,0.102,0.086,0.031,0.068,0.064,0.134,0.093,
0,0.02,0.039,-0.038,0.06,0.032,0.049,0.101,0.042,0.068,
0,0.265,0.238,0.201,0.142,0.168,0.113,0.23,0.085,0.048,
0,0.026,0.095,0.007,0.052,-0.033,0.067,0.051,0.013,0.074,
0,0.015,0.064,0.057,0.046,-0.011,0.113,0.09,0.019,0.054,
0,0.078,0.162,0.094,0.129,0.043,0.063,0.023,0.031,0.037,
0,0.067,-0.031,-0.047,0.093,0.024,0.034,0.072,-0.072,-0.002,
0,0.031,0.007,0.01,0.035,0.023,0.034,0.013,0.013,0.081,
0,0.093,0.107,0.092,0.047,0.004,-0.078,0.118,0.023,0.055,
0,0.1,0.06,0.012,0.053,-0.025,-0.045,0.005,-0.004,0.06,
0,0.073,0.111,0.068,-0.062,0.077,-0.031,0.041,0.04,0.058,
0,0.281,0.293,0.213,0.073,0.29,0.268,0.257,0.208,0.216,
0,0.046,0.048,0.057,-0.011,0.043,-0.012,0.06,0.032,0.051,
0,0.074,0.11,-0.013,0.039,0.113,0.03,0.04,0.089,0.079,
0,0.263,0.185,0.023,0.043,0.143,0.129,0.161,0.045,0.102,




Further Data analysis of all test cases 
INSTANCEID avg med max min 
INSTANCE1 0, 0, 0, 0, 
INSTANCE2 -0.006, 0, 0.053, -0.142, 
INSTANCE3 -0.018, -0.008, 0.055, -0.227, 
INSTANCE4 -0.009, -0.004, 0.112, -0.136, 
INSTANCE5 -0.01, 0, 0.084, -0.154, 
INSTANCE6 -0.014, -0.006, 0.099, -0.268, 
INSTANCE7 -0.003, 0, 0.124, -0.258, 
INSTANCE8 -0.001, 0, 0.114, -0.245, 
INSTANCE9 -0.01, 0, 0.107, -0.173, 
INSTANCE10 -0.017, -0.013, 0.116, -0.136, 


INSTANCE1 0, 0, 0, 0, 
INSTANCE2 0.086, 0.077, 0.32, -0.045, 
INSTANCE3 0.064, 0.059, 0.346, -0.082, 
INSTANCE4 0.055, 0.045, 0.37, -0.14, 
INSTANCE5 0.051, 0.041, 0.337, -0.064, 
INSTANCE6 0.052, 0.035, 0.351, -0.081, 
INSTANCE7 0.047, 0.034, 0.268, -0.081, 
INSTANCE8 0.05, 0.041, 0.326, -0.083, 
INSTANCE9 0.044, 0.029, 0.388, -0.072, 
INSTANCE10 0.06, 0.054, 0.386, -0.095, 



