

Data analysis for each instance 
AVG,MED,MAX,MIN
0.002,-0.004,0.061,-0.026,
0.09,0.091,0.376,-0.043,
-0.004,-0.003,0.068,-0.078,
0.019,-0.005,0.154,-0.043,
0.021,0.021,0.076,-0.025,
0.001,0,0.027,-0.051,
0.064,0.088,0.176,-0.058,
0.072,0.062,0.18,-0.15,
-0,0.02,0.1,-0.116,
-0.007,0,0.07,-0.075,
-0.042,-0.041,0.083,-0.155,
0.029,0.028,0.26,-0.119,
0.026,0.028,0.049,-0.004,
0.033,0.017,0.11,-0.024,
-0,0.002,0.03,-0.039,
0.009,0.002,0.042,-0.013,
0.002,0.016,0.05,-0.074,
0.018,0.015,0.126,-0.102,
0,0,0,0,
0.054,0.054,0.109,-0.008,
0.007,0.021,0.269,-0.236,
-0.019,-0.017,0.053,-0.064,
-0.003,-0.002,0.08,-0.08,
0.007,0.006,0.064,-0.078,
-0.002,-0.002,0.029,-0.038,
0.098,0.043,0.276,-0.03,
0,0,0,0,
-0.004,0,0.065,-0.072,
0.072,0.058,0.282,-0.072,
-0.056,-0.085,0.056,-0.145,
0.007,0.01,0.041,-0.058,
0.006,0.006,0.05,-0.035,
-0.025,-0.007,0.024,-0.113,
0.004,0.006,0.029,-0.022,
0,0,0,0,
0.024,0.013,0.109,-0.033,
-0.003,0,0.025,-0.03,
0,0,0,0,
-0.002,0.007,0.033,-0.061,
0.028,0.002,0.222,-0.201,
0.007,-0.003,0.065,-0.03,
-0.013,0.009,0.081,-0.189,
0.011,0.007,0.125,-0.049,
0.034,0.014,0.165,-0.07,
0.036,0.028,0.122,-0.042,
0.03,0.038,0.084,-0.069,
0.021,0.007,0.175,-0.069,
-0.003,0,0.039,-0.058,
-0.016,0.001,0.054,-0.097,
-0.013,-0.019,0.039,-0.05,
0.041,0.036,0.09,0.012,
0.014,0.018,0.063,-0.047,
-0.001,0.009,0.115,-0.16,
0.002,0.024,0.052,-0.116,
0.057,0.051,0.178,-0.125,
-0.021,0.009,0.049,-0.157,
-0.01,-0.004,0.016,-0.048,
-0.017,0.007,0.098,-0.172,
-0.017,-0.058,0.198,-0.119,
0,0.002,0.031,-0.034,
-0.024,-0.013,0.078,-0.133,
0.023,0.011,0.077,-0.039,
-0.028,-0.03,0.009,-0.091,
0.053,0.058,0.099,-0.023,
0.001,-0.002,0.032,-0.014,
-0.011,0,0.039,-0.081,
0.005,0.017,0.043,-0.067,
0.008,0.002,0.049,-0.028,
0.021,0.02,0.09,-0.027,
0,0,0,0,
0.022,0.022,0.099,-0.026,
0.012,0.014,0.093,-0.045,
0.019,0.025,0.069,-0.026,
0,0,0,0,
0.008,0.005,0.063,-0.033,
-0.001,-0.013,0.15,-0.091,
0.02,0.019,0.063,-0.028,
-0.002,-0,0.047,-0.063,
-0.035,-0.038,0.009,-0.063,
0.06,0.076,0.195,-0.086,
0.024,0.04,0.095,-0.087,
0.001,0,0.072,-0.087,
0.002,0,0.021,0,
0.018,0.014,0.099,-0.043,
-0.012,0.01,0.04,-0.161,
-0.001,-0.005,0.041,-0.053,
0.01,0.013,0.048,-0.093,
0.014,0.006,0.081,-0.036,
0,0,0,0,
0.006,0.006,0.074,-0.113,
-0.009,-0.007,0.048,-0.08,
0.005,0.016,0.053,-0.069,
-0.035,-0.011,0.093,-0.175,
0.041,0.04,0.2,-0.151,
0.033,0.021,0.137,-0.052,
-0.043,-0.042,0.026,-0.13,
-0.002,0,0.022,-0.024,
-0.005,0.002,0.033,-0.065,
0.024,0.032,0.066,-0.044,
0.117,0.103,0.286,-0.02,
0.055,0.033,0.259,-0.032,
0.026,0.013,0.128,-0.055,
-0.005,-0.013,0.065,-0.059,
0,0,0,0,
0.026,0.021,0.075,-0.039,
0.015,0.013,0.099,-0.027,
-0.011,-0.013,0.056,-0.108,
-0.008,0.02,0.062,-0.125,
-0.014,-0.038,0.156,-0.125,
0.025,0.036,0.135,-0.08,
0.017,0.018,0.073,-0.055,
0.054,0.051,0.124,-0.02,
-0.049,-0.07,0.07,-0.139,
0.025,0.032,0.085,-0.053,
0.026,0.035,0.094,-0.052,
-0.009,-0.025,0.129,-0.103,
0.012,0.007,0.068,-0.029,
0.04,0.043,0.091,-0.03,
-0.048,-0.044,0.028,-0.136,
-0.035,-0.016,0.001,-0.143,
0.041,0.011,0.213,-0.065,
-0.006,-0.011,0.045,-0.059,
0.034,0.025,0.105,-0.023,
-0.007,-0.012,0.129,-0.111,
-0.011,-0.033,0.081,-0.066,
0.003,-0.003,0.045,-0.024,
0.021,0.015,0.126,-0.038,
-0.003,-0.001,0.047,-0.06,
0.007,0.002,0.092,-0.016,
0.015,0.011,0.058,-0.022,
0.014,0.014,0.063,-0.026,
-0.006,-0.013,0.054,-0.052,
-0.041,-0.036,0.044,-0.133,
-0.006,-0.004,0.03,-0.057,
-0.001,0.005,0.037,-0.061,
0,0,0,0,
0,0,0,0,
-0.015,-0.01,0.003,-0.04,
0.001,0.004,0.074,-0.105,
0.027,0.03,0.154,-0.12,
0.042,0.051,0.114,-0.083,
0,0,0,0,
0.004,-0.009,0.119,-0.083,
-0,-0.003,0.084,-0.037,
0.053,0.074,0.098,-0.047,
0.028,-0.003,0.268,-0.068,
0.006,-0,0.041,-0.032,
0.006,0.004,0.059,-0.062,
0.008,-0.002,0.079,-0.064,
0.005,0.003,0.045,-0.022,
-0.049,-0.012,0.077,-0.186,
-0.029,-0.024,0.044,-0.094,
0.028,0.026,0.068,-0.005,
-0.006,0,0.025,-0.055,
-0.013,-0.01,0.104,-0.099,
0.022,0.013,0.14,-0.103,
-0.019,-0.017,0.009,-0.051,
0.043,0.048,0.093,-0.042,
-0.042,-0.027,0.093,-0.159,
0.065,0.076,0.15,-0.019,
0.041,0.02,0.15,-0.057,
-0.024,-0.018,0.02,-0.125,
0.006,-0.003,0.039,-0.019,
0.012,0,0.092,-0.012,
0,0,0,0,
0.035,0.03,0.171,-0.072,
0.03,0.036,0.079,-0.028,
0.061,0.019,0.215,-0.028,
0.043,0.056,0.099,-0.112,
0.047,0.045,0.192,-0.14,
0.022,0.024,0.087,-0.02,
0.024,0.031,0.098,-0.071,
-0.003,0,0.069,-0.106,
0.018,0.013,0.096,-0.07,
0.006,0.013,0.028,-0.061,
0.075,0.085,0.124,-0.001,
-0.008,-0.005,0.057,-0.088,
-0.031,-0.004,0.012,-0.126,
-0.022,-0.013,0.069,-0.125,
-0.011,-0,0.045,-0.1,
-0.036,-0.012,0.091,-0.229,
-0.043,-0.018,0.002,-0.204,
0.062,0.083,0.142,-0.039,
-0.047,-0.018,0.025,-0.152,
-0.03,-0.041,0.034,-0.07,
0.006,0.009,0.032,-0.026,
0.095,0.074,0.285,-0.03,
0,0,0,0,
-0.004,0,0,-0.032,
0.023,0.011,0.099,-0.021,
-0.039,-0.011,0.001,-0.123,
0.006,0.002,0.086,-0.095,
-0.005,0.028,0.109,-0.29,
-0.004,0,0.002,-0.024,
-0.006,-0.004,0.086,-0.093,
-0.009,-0.006,0.027,-0.055,
0.043,0.066,0.119,-0.078,
0.012,0.041,0.212,-0.208,
0.03,0.03,0.097,-0.054,
-0,0,0,-0.003,
0.008,-0.002,0.09,-0.088,
0.01,0,0.084,-0.053,
0.023,0.011,0.091,-0.049,
-0.002,0.007,0.077,-0.085,
-0.013,-0.014,0.052,-0.079,
0.035,0.043,0.084,-0.093,
0.055,0.034,0.26,-0.125,
-0.01,0.002,0.02,-0.082,
0,0,0,0,
0.033,0.012,0.13,-0.081,
-0.005,0.015,0.051,-0.119,
0.028,0.025,0.062,-0.008,
0.023,0.024,0.052,-0.003,
0.092,0.095,0.219,-0.082,
0.018,0.013,0.095,-0.04,
0.014,0.011,0.156,-0.131,
0,0,0,0,
0,0,0,0,
0.017,0.009,0.12,-0.063,
-0.009,-0.01,0.161,-0.136,
-0.001,0,0,-0.011,
-0.076,-0.088,0.055,-0.149,
-0.032,-0.049,0.126,-0.116,
0.019,0.007,0.103,-0.049,
-0.058,-0.076,0.009,-0.104,
-0.011,-0.004,0.049,-0.078,
0.002,0,0.017,0,
0,-0.002,0.111,-0.066,
0.033,0.046,0.07,-0.027,
0.039,0.026,0.337,-0.23,
-0.03,-0.007,0.031,-0.109,
0.007,0.006,0.051,-0.045,
0.006,0.005,0.156,-0.126,
0.005,0.009,0.046,-0.059,
0.041,0.038,0.107,-0.049,
0.007,0.013,0.046,-0.058,
-0.011,0.002,0.099,-0.229,
-0.055,-0.01,0.048,-0.381,
-0.016,-0.028,0.086,-0.119,
0.035,0.046,0.123,-0.09,
-0.005,-0.023,0.108,-0.06,
0.021,0.02,0.095,-0.026,
0,0,0,0,
0.011,0.01,0.112,-0.047,
-0.051,-0.06,0.009,-0.103,
0.04,0.041,0.095,0,
0.002,0.003,0.067,-0.084,
0,0.007,0.05,-0.068,
0.004,0.009,0.076,-0.116,
0.007,0.011,0.07,-0.07,
0.001,0,0.026,-0.026,
-0.003,0.005,0.1,-0.09,
0.044,0.042,0.077,0.008,
-0.019,-0.011,0.006,-0.094,
0.003,0.026,0.123,-0.166,
0.011,0.011,0.063,-0.05,
0.012,0.018,0.053,-0.029,
0.033,0.03,0.213,-0.075,
0.01,0,0.1,-0.054,
0.005,0.011,0.079,-0.099,
0.056,0.049,0.172,-0.046,
0.033,0.035,0.13,-0.128,
-0.002,0,0.055,-0.072,
0.006,0.009,0.033,-0.028,
0.009,0.009,0.045,-0.046,
0.028,0.038,0.055,-0.036,
0.004,0.001,0.026,-0.014,
0.041,0.038,0.125,-0.08,
0.041,0.06,0.087,-0.053,
-0.023,-0.019,0.039,-0.088,
-0.024,-0.015,0.005,-0.098,
0.003,0,0.06,-0.055,
0.026,0.036,0.101,-0.116,
0.003,0.014,0.096,-0.103,
-0.002,-0.006,0.061,-0.081,
-0.008,0.009,0.03,-0.12,
-0.004,0,0.064,-0.094,
0.013,0.005,0.174,-0.102,
-0.004,0.001,0.111,-0.066,
0.004,0.011,0.073,-0.077,
0.002,0.019,0.17,-0.229,
0.003,0.009,0.021,-0.036,
-0.023,-0.014,0.048,-0.121,
-0.015,-0.004,0.047,-0.118,
0.011,0.003,0.08,-0.054,
0.018,0.002,0.113,-0.071,
-0.006,-0.003,0.077,-0.123,
-0.004,0,0.068,-0.074,
0.047,0.046,0.11,-0.023,
0.001,0,0.008,0,
0.022,0.022,0.066,-0.019,
0.019,0.012,0.095,-0.032,
0.046,0.055,0.107,-0.024,
0.019,0.009,0.097,-0.004,
0.042,0.054,0.088,-0.006,
0.011,0.015,0.059,-0.062,
0.036,0.025,0.185,-0.008,
0.011,0.013,0.042,-0.027,
0.007,-0.007,0.08,-0.042,
0.022,0.001,0.11,-0.034,
0.018,0.025,0.047,-0.056,
0.014,0.006,0.125,-0.034,
0.013,0.005,0.104,-0.032,
0,0,0,0,
-0.001,0,0.001,-0.004,
-0.08,-0.07,-0.012,-0.193,
-0.018,-0.002,0.008,-0.101,
0.036,0.01,0.222,-0.053,
0.02,0.024,0.047,-0.018,
-0.008,-0.002,0.141,-0.129,
0.005,0.019,0.078,-0.109,
0.039,0.011,0.158,-0.035,
0.006,0.019,0.07,-0.11,
0.008,0.015,0.056,-0.108,
0.035,0.047,0.222,-0.176,
-0.054,-0.039,0.021,-0.164,
0.009,0.01,0.064,-0.071,
0.019,0.008,0.149,-0.047,
0.014,0,0.074,-0.02,
-0.003,0.002,0.028,-0.073,
-0.002,0.002,0.064,-0.086,
0.03,0.029,0.121,-0.041,
0.031,0.04,0.104,-0.071,
0.026,0.034,0.085,-0.092,
0.018,0.022,0.071,-0.085,
0.021,0.019,0.095,-0.083,
0.018,-0.002,0.148,-0.055,
0,0,0.001,0,
0.009,0.009,0.071,-0.052,
-0.015,-0.02,0.069,-0.094,
-0.001,-0.005,0.044,-0.031,
-0.05,-0.057,0.028,-0.124,
0.036,0.054,0.273,-0.163,
-0.003,-0.002,0.075,-0.072,
0.012,0.015,0.053,-0.027,
-0.019,-0.026,0.072,-0.154,
0.024,0.014,0.083,-0.039,
-0.014,0.005,0.106,-0.126,
-0.011,-0.008,0.042,-0.061,
0.029,0.039,0.058,-0.028,
0.028,0.026,0.089,0,
0.006,0,0.088,-0.085,
-0.004,0.006,0.03,-0.116,
0.007,0.025,0.093,-0.146,
0.007,0.015,0.144,-0.153,
0.023,0.025,0.06,-0.01,
-0.045,-0.046,0.004,-0.113,
0.011,0.026,0.054,-0.046,
0.049,0.048,0.095,-0.029,
0.041,0.044,0.12,-0.045,
-0.027,-0.035,0.04,-0.065,
-0.005,0.001,0.012,-0.043,
0.057,0.064,0.094,0,
-0.034,-0.026,0.043,-0.123,
0.001,0.007,0.047,-0.074,
-0.012,-0.004,0.024,-0.069,
0.033,0.027,0.144,-0.02,
0.052,0.042,0.185,-0.035,
0.085,0.074,0.216,0.043,
0.074,0.059,0.257,-0.028,
0.018,0.019,0.055,-0.026,
0.008,0.007,0.058,-0.025,
0.032,0.03,0.077,-0.01,
-0.045,-0.072,0.107,-0.139,
-0.032,-0.037,0.101,-0.114,
0.003,-0.004,0.077,-0.045,
0.033,0.045,0.1,-0.066,
0.022,0.013,0.083,-0.02,
0.004,0.001,0.067,-0.07,
0.005,0.008,0.092,-0.082,
-0.01,-0.021,0.059,-0.049,
0.009,0.017,0.036,-0.053,
0.032,0.009,0.274,-0.043,
0.074,0.101,0.209,-0.142,
-0.006,-0.005,0.099,-0.116,
0.035,0.03,0.097,-0.009,
0,0,0,0,
0.022,0.031,0.06,-0.023,
-0.018,-0.015,0.031,-0.072,
0.013,0.01,0.064,-0.036,
-0.01,-0.008,0.011,-0.035,
-0.003,-0.005,0.122,-0.129,
0.037,0.035,0.058,0.018,
0.013,0.021,0.061,-0.055,
0.046,0.036,0.155,-0.034,
0.031,0.022,0.236,-0.067,
0.072,0.077,0.196,-0.036,
-0,-0.007,0.094,-0.058,
0.018,0.004,0.14,-0.044,
0.014,0.015,0.059,-0.033,
0.048,0.068,0.071,0,
0.053,0.012,0.197,-0.042,
0.088,0.101,0.115,0,
0.06,0.072,0.209,-0.066,
0.003,-0.017,0.197,-0.139,
0.014,0.005,0.131,-0.029,
-0.043,-0.04,0.004,-0.136,
-0.002,0.001,0.058,-0.081,
0.05,0.05,0.114,-0.035,
0.039,0.022,0.243,-0.064,
-0.011,0.005,0.129,-0.154,
-0.008,0.009,0.087,-0.177,
-0.009,-0.007,0.015,-0.043,
0.003,0,0.033,0,
0,0,0,0,
0.05,0.049,0.09,-0.002,
0.001,0.003,0.075,-0.036,
0,0,0,0,
0.03,0.03,0.073,-0.03,
-0.012,0.004,0.032,-0.099,
0.009,0.003,0.088,-0.051,
0,0,0,0,
0.01,0.01,0.099,-0.113,
0.031,0.03,0.092,-0.027,
0.015,0.021,0.08,-0.087,
-0.004,-0.007,0.03,-0.031,
0.013,0.026,0.063,-0.133,
0.027,0.019,0.096,-0.012,
0,0,0,0,
0.01,0.006,0.032,-0.004,
-0.012,-0.008,0.057,-0.137,
0,0,0.001,0,
0.087,0.069,0.197,0.024,
0.032,0.028,0.149,-0.094,
0.003,-0.015,0.097,-0.078,
0.041,0.052,0.153,-0.096,
0.032,0.029,0.082,-0.024,
0.025,0.026,0.078,-0.031,
0.017,0.016,0.062,-0.038,
0,0,0,0,
0.028,0.027,0.101,-0.056,
-0.039,-0.033,0.068,-0.142,
0.038,0.038,0.07,0.008,
-0.027,-0.015,0.026,-0.088,
0.061,0.066,0.093,-0.009,
-0.006,0.009,0.056,-0.136,
0.001,0,0.008,0,
0.006,0,0.037,-0.009,
0,0,0,0,
-0.014,-0.005,0.051,-0.147,
-0.024,-0.029,0.017,-0.057,
0,0,0,0,
0.01,0,0.039,-0.004,
-0.01,-0.004,0.059,-0.103,
0.067,0.079,0.104,0,
0.021,0.021,0.074,-0.037,
0.032,0.034,0.099,-0.075,
0.019,0.045,0.117,-0.252,
0.028,0,0.148,-0.056,
-0.002,0,0.001,-0.018,
-0.002,-0.002,0.07,-0.107,
0.013,-0.006,0.219,-0.046,
0.045,0.045,0.089,-0.015,
-0.01,-0.005,0.033,-0.046,
0,0,0,0,
0,0,0,0,
0.033,0.025,0.107,-0.069,
-0.031,-0.037,0.075,-0.12,
-0.054,-0.06,0.004,-0.118,
0.008,0.009,0.064,-0.058,
-0.01,-0.009,0.077,-0.152,
-0.002,0.007,0.081,-0.113,
0.002,0.009,0.067,-0.078,
0.017,-0.002,0.116,-0.045,
0.04,0.07,0.239,-0.2,
0.017,0.008,0.086,-0.022,
-0.024,-0.022,0.023,-0.096,
0.026,0.03,0.132,-0.058,
-0,-0.001,0.086,-0.048,
0.046,0.033,0.102,0.006,
0.031,0.04,0.099,-0.088,
-0.036,-0.035,0.045,-0.139,
0,0,0,0,
-0.02,-0.024,0.03,-0.06,
-0.021,-0.005,0.085,-0.155,
-0.014,-0.017,0.05,-0.065,
0.015,0.011,0.046,-0.004,
0.008,0.009,0.051,-0.037,
0,0,0,0,
-0.011,-0.004,0.136,-0.148,
0.07,0.041,0.343,-0.184,
0.042,0.026,0.218,-0.041,
0.026,0.037,0.078,-0.024,
0,0,0,0,
0.02,0.009,0.077,-0.014,
0.014,0.017,0.097,-0.066,
0.026,0.025,0.082,0,
0.001,0.007,0.068,-0.066,
0.047,0.021,0.194,-0.047,
0.03,0.052,0.196,-0.246,
0.03,0.013,0.107,-0.034,
0.009,0.005,0.059,-0.032,
0.024,0,0.107,-0.101,
0.013,0.019,0.082,-0.095,
-0.047,-0.042,0.091,-0.214,
0.001,0.004,0.013,-0.043,
-0.01,-0.004,0.015,-0.038,
-0.003,0,0.028,-0.075,
0.061,0.077,0.11,-0.021,
0.054,0.053,0.219,-0.022,
0.009,0.006,0.069,-0.038,
-0.017,-0.007,0.05,-0.079,
-0.011,0.018,0.049,-0.194,
0.013,-0.003,0.096,-0.018,
0.041,0.017,0.222,-0.196,
0.007,0.017,0.039,-0.037,
-0.034,-0.019,0.046,-0.154,
-0.006,-0.004,0.022,-0.027,
-0.008,-0.005,0.031,-0.036,
-0.007,0,0.058,-0.068,
-0.024,-0.025,0.048,-0.114,
-0.023,-0.018,0.041,-0.126,
0.01,0.006,0.107,-0.082,
0.008,0.006,0.024,-0.008,
-0.014,-0.003,0.06,-0.08,
0.105,0.119,0.21,-0.082,
0.001,0.009,0.066,-0.116,
0.005,0.013,0.048,-0.036,
0.025,0.008,0.134,-0.031,
0.007,0,0.039,-0.02,
-0.068,-0.057,0.122,-0.27,
-0.018,-0.017,0.145,-0.108,
-0.003,-0.002,0.054,-0.076,
0.01,0.012,0.033,-0.022,
0.064,0.038,0.18,-0.032,
0.04,0.046,0.08,-0.027,
0.044,0.059,0.133,-0.147,
0.002,-0.013,0.118,-0.058,
0.017,0.01,0.073,-0.011,
-0.002,0,0.017,-0.027,
-0.016,-0.022,0.055,-0.062,
0.004,0,0.099,-0.061,
0.04,0.046,0.112,-0.105,
-0.04,-0.022,0.059,-0.182,
0,0.016,0.086,-0.158,
0.037,0.026,0.092,0,
0.092,0.091,0.154,0.045,
0.015,0.015,0.046,-0.009,
0.025,0.03,0.061,-0.014,
0.02,0.015,0.108,-0.025,
0.018,0.025,0.086,-0.074,
0.011,0.01,0.029,-0.005,
-0.037,-0.021,-0.009,-0.115,
0.025,0.014,0.126,-0.019,
0.02,0.004,0.086,-0.011,
0.014,0.02,0.073,-0.112,
-0.002,0,0.02,-0.035,
0,0,0,0,
0.003,0.005,0.016,-0.021,
0.001,0.006,0.055,-0.065,
0.018,0.013,0.095,-0.029,
0.015,0.022,0.132,-0.172,
0.023,0.009,0.128,-0.014,
0,0,0,0,
-0.02,-0.019,0.027,-0.095,
0.03,0.036,0.081,-0.033,
0.016,-0.005,0.114,-0.023,
0.003,0.02,0.047,-0.134,
0.023,0.029,0.045,-0.006,
0.007,0.01,0.044,-0.057,
0.032,0.033,0.072,0,
0.006,0.009,0.036,-0.039,
0.061,0.063,0.114,-0.012,
-0.005,-0.011,0.084,-0.04,
0.038,0.051,0.073,-0.068,
0.01,0.013,0.029,-0.007,
0.021,0.024,0.08,-0.041,
0.02,0.019,0.074,-0.049,
0.041,0.041,0.103,-0.047,
0.08,0.099,0.121,-0.032,
-0.06,-0.077,0.009,-0.119,
0.044,0.052,0.08,0,
0,0,0,0,
0.027,0.04,0.074,-0.058,
0.005,0.003,0.052,-0.016,
0.047,0.04,0.088,0,
-0.017,-0.009,0.004,-0.05,
0.004,0.009,0.022,-0.022,
0.062,0.075,0.11,-0.054,
0.063,0.077,0.098,-0.017,
0.073,0.073,0.143,0,
0.041,0.046,0.086,-0.004,
0.036,0.016,0.134,-0.004,
0.055,0.046,0.122,0,
0.065,0.074,0.11,-0.011,
0,0,0,0,
0.01,0.025,0.116,-0.212,
0.026,0.02,0.083,-0.009,
0.002,0.004,0.039,-0.046,
-0.005,-0.007,0.033,-0.044,
0.079,0.082,0.101,0.058,
-0.007,-0.003,0.009,-0.057,
0.009,0.006,0.084,-0.082,
-0.006,-0.017,0.048,-0.05,
0.009,0.009,0.03,-0.012,
0.021,-0.011,0.144,-0.059,
0.073,0.07,0.153,-0.059,
0.002,0.005,0.075,-0.087,
0.013,0.01,0.104,-0.041,
0.01,0.01,0.03,-0.007,
0.009,0.017,0.034,-0.065,
0.013,0.004,0.122,-0.089,
0.002,0.02,0.091,-0.234,
0.056,0.065,0.103,-0.039,
0.03,0.036,0.136,-0.073,
0.077,0.069,0.146,-0.026,
-0.017,-0.008,0.022,-0.059,
0.097,0.104,0.171,0.005,
0.049,0.066,0.109,-0.068,
0.024,0.02,0.083,-0.017,
-0.003,-0.006,0.014,-0.015,
-0.004,0.006,0.036,-0.055,
0.034,0.031,0.091,-0.024,
-0.013,-0.024,0.055,-0.065,
0.054,0.041,0.12,0.007,
0,0,0,0,
0.038,0.032,0.124,-0.069,
-0.01,-0.003,0.024,-0.045,
0,0,0,0,
0.043,0.053,0.103,-0.073,
-0.012,-0.024,0.03,-0.043,
0.003,0.008,0.059,-0.084,
-0.025,-0.019,0.014,-0.113,
0.056,0.075,0.127,-0.116,
0.024,0.024,0.073,-0.044,
0.014,0.02,0.105,-0.045,
-0.046,-0.051,-0.002,-0.109,
0.012,-0.001,0.071,-0.039,
0.023,0.027,0.074,-0.031,
0,0,0,0,
0.024,0.019,0.085,-0.021,
0.015,-0.003,0.085,-0.065,
0.004,0.006,0.043,-0.04,
0.008,0,0.106,-0.058,
0.095,0.106,0.152,0,
0.046,0.067,0.136,-0.085,
0.007,-0,0.037,-0.04,
0.023,0.018,0.09,-0.115,
0.009,0.007,0.049,-0.031,
0,0,0,0,
-0.003,-0.008,0.055,-0.054,
-0.003,-0.028,0.115,-0.149,
0.014,0.013,0.055,-0.016,
-0.007,0.002,0.017,-0.094,
0.05,0.037,0.125,0,
-0.017,-0.011,0.032,-0.065,
0.009,0,0.042,-0.018,
0.035,0.056,0.079,-0.099,
-0.011,-0.006,0.006,-0.057,
0.031,0.019,0.114,-0.027,
0.01,0.007,0.07,-0.018,
0.011,0.008,0.037,-0.016,
0.046,0.053,0.081,-0.032,
0.002,0.003,0.003,0,
-0.003,-0.002,0.09,-0.052,
0.002,0.031,0.082,-0.149,
0.032,0.028,0.084,-0.003,
0.014,0.035,0.057,-0.093,
0.004,0.023,0.117,-0.105,
0.011,0.008,0.07,-0.089,
0.034,0.037,0.083,-0.033,
0.03,0.028,0.061,0,
0.082,0.085,0.129,0,
0.045,0.034,0.125,0.004,
0,0,0,0,
-0.015,-0.017,0.016,-0.036,
0.011,0.018,0.06,-0.091,
0.019,0.017,0.047,0,
0.049,0.05,0.111,-0.022,
0.022,0.018,0.07,0,
-0.011,-0.011,0.013,-0.052,
0.065,0.065,0.173,-0.011,
0.026,0.005,0.174,-0.067,
0.08,0.104,0.145,0,
0.039,0.048,0.069,-0.014,
0,0,0,0,
0.052,0.061,0.078,0,
-0.004,-0.007,0.068,-0.072,
0.008,0.005,0.043,-0.026,
0.069,0.066,0.16,0,
0.057,0.058,0.093,0.004,
0.044,0.043,0.102,-0.04,
0,0,0,0,
-0.001,-0.016,0.069,-0.034,
0.033,0.03,0.092,-0.051,
0.022,0.021,0.058,-0.001,
0.129,0.144,0.195,-0.088,
-0.063,-0.064,0.009,-0.137,
0,0,0,0,
0.042,0.035,0.102,-0.04,
0.025,0.03,0.057,0,
0.025,0.01,0.063,-0.006,
0.064,0.072,0.119,0,
0.05,0.058,0.097,-0.069,
0.014,0.025,0.068,-0.06,
0.024,0.029,0.139,-0.1,
0.065,0.09,0.124,-0.093,
0.065,0.049,0.171,0,
0.009,0.005,0.035,-0.005,
-0.003,0.003,0.082,-0.077,
0,0,0,0,
0.033,0.036,0.078,-0.015,
0.017,0.023,0.082,-0.07,
-0.015,-0.016,0.017,-0.052,
-0.017,-0.019,0.027,-0.055,
0.073,0.07,0.107,0.02,
0.017,0.016,0.047,-0.01,
0.019,0,0.101,-0.014,
0.026,0.03,0.049,-0.009,
0,0,0,0,
0.047,0.051,0.087,-0.017,
0.065,0.077,0.111,0,
-0.005,-0.007,0.089,-0.062,
-0.009,0.002,0.039,-0.06,
0.022,0.029,0.114,-0.091,
0.043,0.05,0.159,-0.084,
-0.004,-0.022,0.067,-0.036,
-0.068,-0.071,0.009,-0.142,
0.02,0.015,0.044,0.004,
0.008,-0,0.062,-0.022,
0.07,0.071,0.166,0.006,
-0.004,-0.015,0.058,-0.078,
0.012,0.009,0.066,-0.044,
-0.004,-0.016,0.077,-0.05,
0.014,0.011,0.066,-0.055,
0.033,0.04,0.061,0,
0,0,0,0,
-0.036,-0.036,0.013,-0.083,
0.025,0.018,0.115,-0.038,
0.025,0.033,0.062,-0.023,
-0.007,-0.001,0.077,-0.17,
0.017,0.002,0.072,-0.006,
0,-0.005,0.074,-0.033,
0.055,0.064,0.115,-0.029,
0.036,0.058,0.104,-0.216,
0.011,0.008,0.068,-0.041,
-0.021,-0.02,0.004,-0.051,
0,0,0,0,
0.006,0,0.035,-0.028,
0.03,0.034,0.061,0,
-0.006,0.002,0.066,-0.07,
-0.019,-0.02,0.005,-0.045,
-0.015,-0.015,0.09,-0.089,
0.049,0.067,0.101,-0.102,
0.037,0.035,0.086,-0.006,
-0.001,-0.001,0.073,-0.067,
0.046,0.039,0.12,-0.058,
0.025,0.02,0.112,-0.051,
0.051,0.042,0.111,0,
0.062,0.066,0.116,-0.003,
-0.012,-0.014,0.025,-0.043,
-0.007,0.004,0.057,-0.063,
0.021,0.018,0.06,-0.017,
0.048,0.038,0.138,-0.05,
0,-0.002,0.04,-0.052,
0.021,0.019,0.063,-0.034,
0.039,0.046,0.14,-0.117,
0.032,0.037,0.097,-0.058,
0.003,0.021,0.142,-0.165,
0.019,0.029,0.076,-0.122,
0.024,0.013,0.061,0,
0.058,0.066,0.114,-0.111,
-0.039,-0.039,0.019,-0.083,
-0.012,-0.015,0.034,-0.052,
0.002,0.002,0.006,0,
0.024,0.007,0.106,-0.002,
0.038,0.041,0.065,-0.007,
0.021,0.026,0.051,-0.023,
0.042,0.068,0.11,-0.161,
0.041,0.041,0.079,0.003,
-0.017,-0.007,0.029,-0.076,
0.04,0.011,0.149,-0.018,
-0.003,-0.024,0.085,-0.077,
0.046,0.066,0.099,-0.107,
-0,0,0.037,-0.038,
0.033,0.046,0.083,-0.103,
-0.039,-0.033,0.027,-0.13,
0.027,0.032,0.047,-0.015,
0,0,0,0,
-0.013,-0.015,0.02,-0.04,
0.031,0.037,0.064,-0.014,
0.048,0.05,0.109,0,
-0.001,0,0.026,-0.022,
0.01,0.013,0.074,-0.053,
0.053,0.044,0.103,0.015,
-0.002,0,0,-0.022,
0.025,0.018,0.073,-0.021,
-0.052,-0.068,0.011,-0.088,
-0.018,-0.011,0,-0.105,
0.041,0.037,0.079,0.017,
0.07,0.067,0.111,-0.015,
0.023,0.018,0.093,-0.024,
0.001,0.004,0.029,-0.036,
0,0,0,0,
0.05,0.049,0.128,-0.025,
0.022,0.019,0.077,-0.029,
0.028,0.038,0.065,-0.038,
0.035,0.054,0.074,-0.017,
0.033,0.046,0.099,-0.08,
0.05,0.044,0.119,-0.007,
0.005,0.005,0.048,-0.016,
0.043,0.009,0.138,-0.01,
-0.056,-0.067,-0.002,-0.081,
0.019,0.01,0.088,-0.072,
0.054,0.042,0.142,-0.019,
0.011,0.02,0.069,-0.063,
0.001,-0.01,0.098,-0.057,
0.024,0.042,0.066,-0.101,
0.022,0.024,0.067,-0.065,
0,0,0.001,0,
0.007,0.013,0.04,-0.033,
0.06,0.076,0.133,-0.099,
0.019,0.026,0.05,-0.054,
0.045,0.051,0.106,0,
0.027,0.028,0.068,-0.01,
0.027,0.013,0.076,-0.017,
0.023,0.027,0.075,-0.063,
-0.027,-0.034,0.015,-0.07,
0.033,0.039,0.073,-0.07,
0,0,0,0,
0,0,0,0,
0.035,0.021,0.109,-0.03,
0,0,0.002,0,
0.034,0.042,0.097,-0.069,
-0.035,-0.054,0.067,-0.087,
-0.009,0.004,0.013,-0.054,
0.004,0,0.061,-0.024,
-0.015,0.013,0.09,-0.159,
0.023,0.022,0.081,-0.022,
0.046,0.053,0.229,-0.085,
-0.02,-0.024,0.032,-0.046,
0.091,0.101,0.154,0,
-0.012,0.002,0.04,-0.092,
0.09,0.092,0.16,-0.098,
0.007,0,0.137,-0.099,
0.02,0.013,0.152,-0.085,
0.007,0.015,0.038,-0.11,
-0.011,-0.009,0.074,-0.088,
0.029,0.028,0.055,-0.006,
-0.002,-0.005,0.057,-0.06,
0.009,0.013,0.054,-0.09,
0.01,-0.003,0.078,-0.02,
0.054,0.034,0.156,-0.03,
-0.001,0.009,0.048,-0.11,
0.01,0.001,0.054,-0.017,
0.06,0.074,0.111,0,
0.007,0.011,0.055,-0.053,
0.029,0.015,0.145,-0.074,
0.012,0.006,0.039,-0.01,
0.037,0.04,0.109,-0.034,
0.01,0.001,0.069,-0.012,
0.015,0.003,0.062,-0.022,
0.038,0.042,0.079,-0.046,
0.019,0.015,0.082,-0.003,
0.048,0.06,0.095,-0.031,
0.031,0.017,0.11,-0.034,
-0.028,-0.035,0.042,-0.081,
0.043,0.047,0.106,-0.086,
0.012,0.011,0.034,-0.008,
-0.019,-0.014,0.046,-0.108,
0.08,0.086,0.116,-0.005,
-0.001,0.02,0.06,-0.178,
-0.026,-0.027,0.01,-0.083,
0.003,0,0.026,-0.014,
0.072,0.081,0.127,-0.029,
-0.046,-0.053,0.073,-0.126,
-0.019,0,0.05,-0.093,
0.006,0.004,0.078,-0.053,
0.086,0.086,0.183,-0.026,
0,0,0.002,-0.002,
0.02,0.023,0.071,-0.033,
-0.033,-0.032,0,-0.072,
0.01,0.009,0.069,-0.03,
0.067,0.083,0.123,-0.107,
-0.002,0.005,0.038,-0.094,
0.022,0.011,0.083,-0.023,
0.038,0.042,0.09,-0.021,
0.061,0.087,0.143,-0.119,
0.017,0.029,0.068,-0.085,
-0.006,-0.017,0.079,-0.079,
0.044,0.054,0.089,0,
0.048,0.038,0.123,-0.003,
0.059,0.074,0.18,-0.065,
0.041,0.042,0.065,0.016,
0.037,0.032,0.101,-0.031,
-0.008,-0.015,0.062,-0.051,
0.026,0.014,0.109,-0.031,
-0.008,-0.019,0.045,-0.052,
0,0,0,0,
0.082,0.082,0.144,-0.016,
0.002,0,0.029,-0.007,
0.046,0.04,0.141,-0.05,
0.014,0.014,0.073,-0.092,
0,0,0,0,
-0.008,0,0.034,-0.067,
-0.021,-0.025,0.006,-0.046,
0.009,0.005,0.048,-0.018,
0.011,0.025,0.034,-0.083,
0.028,0.028,0.083,-0.012,
-0.02,-0.023,0.099,-0.125,
0.076,0.088,0.108,0.001,
0.006,-0.007,0.082,-0.036,
0,0,0,0,
0.047,0.041,0.171,-0.039,
0.013,0.004,0.058,-0.018,
0,0,0,0,
-0.018,-0.01,0.008,-0.057,
0.072,0.08,0.097,0.022,
0.113,0.108,0.202,0.051,
-0,0,0.027,-0.05,
0.005,0.004,0.021,-0.008,
0.082,0.086,0.124,0.017,
0.039,0.05,0.082,-0.052,
0.029,0.03,0.083,-0.003,
-0.026,-0.004,0,-0.112,
-0.018,-0.004,0.068,-0.097,
0.045,0.029,0.149,-0.03,
0.032,0.042,0.078,-0.052,
0.039,0.014,0.139,-0.067,
-0.016,-0.007,0.027,-0.068,
0.01,0.014,0.033,-0.016,
0.019,0.016,0.057,-0.02,
0.017,0.014,0.075,-0.038,
-0.012,-0.014,0.037,-0.042,
0.115,0.116,0.179,-0.053,
0.042,0.048,0.117,-0.017,
-0.024,-0.022,0.007,-0.056,
0.005,0,0.06,-0.006,
0.014,0.018,0.065,-0.059,
-0.014,-0.028,0.104,-0.105,
0.031,0.04,0.122,-0.036,
0.027,0.038,0.07,-0.035,
-0.007,0,0.069,-0.068,
-0.068,-0.046,0,-0.182,
-0.006,-0.002,0.047,-0.09,
0.011,-0.007,0.118,-0.092,
-0.003,-0.009,0.147,-0.105,
0.002,0.006,0.067,-0.096,
0.014,0.016,0.059,-0.027,
0.027,0.05,0.114,-0.09,
-0.032,-0.038,0.087,-0.142,
0,0,0,0,
0.001,0,0.008,0,
0.089,0.118,0.246,-0.108,
0.057,0.056,0.129,0,
0.01,0.004,0.035,-0.008,
0.003,-0,0.048,-0.057,
0,0,0,0,
0.029,0.032,0.074,-0.022,
0.015,-0.025,0.242,-0.179,
0.043,0.038,0.102,-0.013,
0.018,0.031,0.083,-0.062,
0.039,0.037,0.127,-0.056,
0.004,0.004,0.032,-0.029,
-0.008,-0.008,0.034,-0.038,
0.016,0.015,0.036,0,
0.062,0.08,0.18,-0.067,
0,0,0,0,
0.088,0.076,0.175,0,
0.007,0.004,0.049,-0.05,
0.002,0.004,0.035,-0.028,
0.009,0.003,0.121,-0.076,
0.007,0.002,0.04,-0.015,
0.031,0.03,0.093,-0.003,
0.013,0.02,0.084,-0.116,
0.066,0.071,0.154,-0.011,
-0.029,-0.016,0.054,-0.205,
0.034,0.04,0.058,0,
0.018,0.015,0.067,-0.043,
-0.002,-0.003,0.031,-0.041,
0.027,0.018,0.074,-0.008,
0.026,0.018,0.103,-0.073,
-0.038,-0.016,0.135,-0.188,
-0.016,-0.009,0.029,-0.085,
0.016,0.015,0.073,-0.036,
0.015,0.014,0.044,-0.001,
-0.016,-0.013,0.026,-0.056,
0.032,0.027,0.097,0,
-0.008,-0.012,0.032,-0.054,
0.002,0.003,0.099,-0.102,
0.035,0.031,0.12,-0.12,
0.001,-0.003,0.036,-0.042,
-0.047,-0.078,0.159,-0.184,
0.009,0.006,0.062,-0.055,
0.048,0.065,0.127,-0.08,
-0.009,-0.014,0.032,-0.034,
-0.001,-0.004,0.019,-0.01,
0.005,0,0.041,-0.06,
0.039,0.036,0.092,-0.011,
0.011,0.027,0.095,-0.088,
0.032,0.021,0.106,-0.008,
-0.008,-0.006,0.135,-0.236,
0.035,0.046,0.106,-0.068,
0.033,0.044,0.153,-0.182,
0.014,0.013,0.112,-0.066,
0.014,0.004,0.085,-0.068,
0,0,0,0,
0.041,0.047,0.083,-0.027,
0.006,0.004,0.063,-0.029,
0.005,0.028,0.053,-0.119,




Further Data analysis of all test cases 
avg med max min 
AVGs,0.014,0.01,0.129,-0.08,
MEDs,0.014,0.009,0.144,-0.088,
MAXs,0.079,0.073,0.376,-0.012,
MINs,-0.058,-0.049,0.058,-0.381,



