0.0,0.0,0.0,0.0,-0.013,0.01,0.002,0.045,0.031,0.034,
0.0,0.0,0.0,0.0,0.004,0.049,-0.1,0.065,-0.06,0.096,
0.0,0.0,-0.004,0.014,0.035,-0.058,0.049,-0.024,0.022,-0.014,
0.0,0.022,0.026,0.036,0.061,0.017,0.01,-0.012,-0.015,0.017,
0.0,0.0,0.0,0.034,-0.051,0.005,-0.046,0.074,0.038,0.005,
0.0,0.044,0.017,-0.009,-0.074,0.053,0.049,0.051,-0.079,-0.102,
0.0,0.0,0.036,0.06,0.007,0.051,0.048,-0.035,0.002,0.015,
0.0,0.0,0.0,0.025,0.03,0.002,0.003,0.037,0.022,0.078,
0.0,0.0,0.0,0.0,0.0,0.0,0.0,0.0,0.0,0.0,
0.0,0.0,0.0,0.0,0.0,0.0,0.0,0.0,0.0,0.0,
0.0,-0.002,-0.011,-0.012,-0.034,-0.007,-0.05,0.034,-0.015,0.077,
0.0,0.0,0.014,0.007,0.072,0.019,-0.038,-0.002,0.077,0.034,
0.0,0.0,0.0,0.0,0.0,0.0,0.0,0.0,0.0,0.0,
0.0,-0.062,-0.046,-0.047,-0.04,-0.003,0.038,-0.016,0.003,0.021,
0.0,0.0,0.0,0.0,0.002,0.039,-0.019,-0.049,0.056,0.02,
0.0,0.0,0.0,-0.006,0.038,-0.12,-0.133,-0.032,-0.095,-0.064,
0.0,0.023,0.071,0.045,-0.033,-0.004,-0.057,-0.011,-0.031,-0.07,
0.0,0.018,-0.006,0.021,0.003,0.028,0.018,-0.028,-0.105,-0.007,
0.0,0.056,-0.005,-0.026,-0.078,-0.019,-0.056,0.053,-0.036,0.059,
0.0,0.0,0.0,-0.039,0.056,-0.004,-0.02,-0.051,0.03,-0.16,
0.0,0.0,0.0,0.029,0.079,0.045,0.069,0.026,-0.053,0.025,
0.0,0.0,0.0,0.0,0.0,0.0,0.0,0.004,-0.019,0.098,
0.0,0.0,0.0,0.0,0.0,0.0,0.0,0.0,0.0,0.0,
0.0,0.0,0.0,0.092,0.002,0.082,-0.051,-0.106,-0.116,-0.028,
0.0,-0.03,-0.014,-0.032,-0.056,0.074,-0.043,-0.004,0.016,-0.024,
0.0,0.0,0.0,0.0,0.0,0.0,0.0,0.0,0.0,0.0,
0.0,0.014,-0.018,0.094,-0.061,0.025,0.034,0.015,-0.026,-0.06,
0.0,-0.002,-0.026,-0.046,-0.012,0.09,0.053,0.15,-0.004,-0.006,
0.0,0.007,0.012,0.024,0.008,0.022,0.051,0.004,0.021,-0.035,
0.0,0.003,0.032,0.016,0.068,-0.004,0.042,0.0,0.065,0.017,
0.0,0.0,0.005,-0.016,0.005,0.004,-0.014,-0.031,0.0,-0.114,
0.0,0.0,0.0,0.0,0.0,0.0,0.0,0.0,0.0,0.0,
0.0,0.015,0.023,0.062,0.02,-0.036,-0.027,0.022,0.027,0.031,
0.0,0.0,0.0,0.0,0.0,0.0,0.0,0.0,0.0,0.034,
0.0,0.0,0.0,0.0,0.0,-0.011,-0.069,0.021,0.037,-0.045,
0.0,0.0,0.01,-0.127,0.071,0.082,-0.101,0.025,-0.167,0.03,
0.0,-0.053,-0.053,0.011,0.06,-0.025,0.066,0.068,0.083,-0.053,
0.0,0.0,0.0,0.0,0.0,0.0,0.0,0.0,0.0,0.0,
0.0,-0.037,0.041,0.062,-0.044,-0.003,-0.056,-0.072,-0.029,0.019,
0.0,0.0,0.0,0.0,0.0,0.0,0.0,0.0,0.0,0.0,
0.0,0.0,0.0,0.0,0.0,0.0,0.0,0.0,0.0,0.0,
0.0,0.0,0.0,-0.063,-0.031,0.044,-0.045,0.002,-0.028,-0.011,
0.0,-0.037,0.023,-0.007,0.035,-0.086,0.043,-0.031,-0.039,-0.077,
0.0,0.0,0.031,-0.017,0.006,0.102,-0.033,-0.119,0.049,0.113,
0.0,0.0,0.0,0.0,0.0,0.0,0.0,0.0,0.0,0.0,
0.0,0.0,-0.005,-0.005,0.031,0.04,-0.077,0.062,-0.071,0.101,
0.0,0.002,0.0,0.033,0.069,-0.016,0.014,0.005,-0.009,-0.087,
0.0,0.0,0.0,0.0,0.025,0.002,-0.041,-0.011,0.004,0.032,
0.0,0.0,0.0,0.0,0.0,0.0,-0.059,0.066,0.013,-0.002,
0.0,0.032,0.029,-0.041,-0.002,0.014,0.032,0.035,0.015,0.025,
0.0,0.0,0.0,0.0,0.0,0.0,0.0,0.0,0.0,0.0,
0.0,0.0,0.0,0.052,0.012,-0.012,-0.007,-0.065,0.043,0.019,
0.0,0.0,0.0,0.0,0.0,-0.002,0.014,-0.062,-0.061,0.018,
0.0,0.0,0.018,0.044,-0.014,-0.09,0.011,0.054,0.0,0.055,
0.0,0.076,0.02,0.142,-0.005,0.043,-0.026,0.007,-0.04,-0.089,
0.0,0.0,0.0,0.0,0.0,0.0,0.0,0.0,0.0,0.0,
0.0,-0.01,-0.042,-0.091,0.067,0.078,0.076,0.057,-0.081,0.058,
0.0,0.0,0.0,0.0,0.021,-0.069,-0.07,0.002,-0.009,0.061,
0.0,0.0,0.0,0.0,0.0,0.0,0.0,0.0,0.0,-0.042,
0.0,-0.042,0.007,0.018,0.086,-0.062,-0.058,-0.065,-0.071,-0.087,
0.0,-0.025,0.019,0.091,0.007,-0.096,0.024,-0.024,-0.009,0.027,
0.0,0.0,0.091,0.098,0.024,-0.044,-0.069,0.032,-0.013,-0.072,
0.0,0.019,-0.094,-0.025,0.031,0.024,-0.025,-0.052,0.041,0.139,
0.0,0.0,0.0,0.0,0.0,0.0,0.0,0.0,0.0,0.0,
0.0,0.0,0.0,0.0,0.0,0.0,0.0,0.0,0.0,0.0,
0.0,-0.015,-0.018,-0.005,-0.061,-0.031,-0.07,-0.051,0.065,0.07,
0.0,-0.012,-0.008,0.0,-0.035,-0.058,-0.041,-0.017,0.022,-0.014,
0.0,0.0,0.0,0.0,0.0,0.0,0.0,0.0,0.0,0.0,
0.0,0.0,0.0,0.0,0.018,-0.015,-0.002,-0.072,-0.093,0.025,
0.0,0.0,0.0,0.0,0.0,0.0,0.0,-0.02,0.046,-0.025,
0.0,0.0,0.0,0.0,0.0,0.0,-0.053,0.104,0.008,0.022,
0.0,0.032,-0.057,0.028,0.002,0.036,0.071,-0.044,-0.035,-0.025,
0.0,0.0,-0.044,0.046,-0.017,-0.141,0.018,0.034,0.07,-0.016,
0.0,0.106,-0.06,-0.043,0.059,0.009,-0.067,-0.062,0.047,0.076,
0.0,-0.007,-0.025,-0.03,-0.061,-0.033,-0.095,0.079,-0.07,-0.002,
0.0,0.0,0.0,0.0,0.0,0.0,0.0,0.0,0.0,0.0,
0.0,0.022,0.08,-0.023,-0.05,-0.004,0.032,-0.022,0.04,0.047,
0.0,0.0,0.0,0.0,-0.038,0.002,0.004,-0.054,0.017,0.037,
0.0,0.009,0.028,0.02,0.059,-0.005,0.104,0.056,0.011,0.052,
0.0,0.0,0.0,0.0,0.0,0.0,0.0,0.0,0.0,0.0,
0.0,0.0,0.0,0.0,0.0,0.0,0.0,0.0,0.0,0.0,
0.0,0.0,0.0,0.0,0.0,0.0,0.0,0.0,0.0,0.0,
0.0,0.0,0.0,0.0,0.0,0.0,0.0,0.0,0.0,0.0,
0.0,0.0,0.0,0.0,0.0,0.0,0.0,0.0,0.0,0.0,
0.0,0.023,-0.092,-0.041,-0.004,-0.002,-0.055,-0.032,-0.019,-0.039,
0.0,-0.026,-0.044,0.054,-0.045,0.051,0.011,-0.009,0.005,-0.022,
0.0,0.002,-0.047,0.079,-0.009,-0.004,0.002,-0.055,0.006,0.017,
0.0,0.0,0.0,0.0,0.0,0.0,0.0,0.002,-0.015,0.026,
0.0,0.0,-0.004,0.035,0.075,0.04,-0.04,-0.029,0.134,-0.026,
0.0,0.0,0.0,0.0,0.04,-0.035,-0.029,0.017,0.023,0.083,
0.0,0.038,-0.04,-0.005,0.003,0.002,-0.002,-0.035,-0.04,-0.032,
0.0,0.031,-0.02,-0.021,-0.024,-0.061,0.007,0.041,-0.007,-0.009,
0.0,0.0,0.0,0.0,0.0,0.0,0.0,0.0,0.0,0.0,
0.0,0.0,0.0,0.0,0.05,0.004,0.087,-0.036,0.009,0.019,
0.0,0.0,0.0,0.0,0.0,0.0,0.0,0.0,0.0,0.0,
0.0,0.104,-0.077,-0.065,0.058,-0.123,0.026,-0.115,-0.076,-0.085,
0.0,0.0,0.0,0.0,0.0,0.0,0.0,-0.002,0.027,-0.079,
0.0,0.0,0.0,0.0,0.0,0.0,0.0,0.0,0.0,0.0,
0.0,0.0,0.0,0.012,-0.021,0.032,-0.105,-0.071,0.01,0.032,
0.0,-0.042,0.04,0.028,-0.059,-0.03,0.074,-0.013,0.005,0.035,
0.0,0.006,0.018,0.035,-0.006,0.033,0.063,0.0,0.075,0.079,
0.0,0.03,-0.009,0.011,-0.057,0.0,-0.038,-0.031,0.091,0.086,
0.0,-0.011,0.06,0.069,0.072,-0.058,-0.005,0.004,0.029,-0.012,
0.0,-0.041,0.059,-0.053,0.038,0.008,0.034,-0.002,-0.036,-0.025,
0.0,0.0,0.0,0.0,0.034,-0.011,-0.048,-0.024,0.114,-0.083,
0.0,0.0,0.0,0.0,0.0,0.004,-0.111,-0.068,0.049,-0.027,
0.0,-0.092,-0.01,0.108,0.036,0.022,0.004,0.039,0.068,-0.062,
0.0,0.0,0.0,0.0,0.0,0.0,0.0,0.0,0.0,0.0,
0.0,0.0,0.0,0.011,-0.039,-0.061,-0.009,0.005,-0.044,-0.013,
0.0,0.044,-0.078,-0.085,-0.017,-0.006,0.074,0.009,-0.029,-0.018,
0.0,0.0,0.0,0.0,0.0,0.0,0.0,0.0,0.0,0.0,
0.0,0.0,0.0,0.0,0.0,0.0,0.0,0.0,0.0,0.0,
0.0,-0.002,-0.021,-0.023,0.0,-0.049,0.113,0.15,0.061,0.079,
0.0,0.0,0.0,0.019,0.004,0.024,-0.062,0.026,-0.081,-0.046,
0.0,-0.004,0.035,0.016,0.027,-0.048,0.044,0.009,0.031,0.017,
0.0,0.0,0.0,0.0,0.0,0.0,0.002,-0.048,-0.058,-0.011,
0.0,0.051,-0.018,0.0,-0.002,-0.094,-0.066,-0.01,0.085,-0.022,
0.0,0.035,0.021,-0.024,-0.003,-0.028,-0.025,0.045,0.009,0.012,
0.0,0.0,0.0,0.0,0.0,0.0,0.0,0.032,0.035,-0.013,
0.0,0.0,0.0,0.0,0.0,0.0,0.0,0.0,0.0,0.0,
0.0,0.0,0.0,0.0,0.0,0.0,0.0,0.0,0.0,0.0,
0.0,0.0,0.0,0.0,0.0,0.0,0.0,0.0,0.0,0.0,
0.0,-0.024,0.0,-0.02,0.016,-0.027,-0.02,0.013,0.059,-0.046,
0.0,0.0,0.0,0.0,0.0,0.0,0.0,-0.059,0.029,-0.004,
0.0,-0.015,0.024,0.056,-0.004,0.063,0.069,-0.025,-0.163,0.022,
0.0,0.0,0.0,0.0,0.0,0.0,0.0,0.0,0.0,0.0,
0.0,0.0,0.0,0.0,0.0,0.0,0.0,0.0,0.0,0.0,
0.0,-0.038,0.013,-0.003,0.02,-0.104,0.03,0.028,0.111,-0.022,
0.0,0.0,0.035,0.035,-0.07,0.032,0.018,0.015,0.033,0.045,
0.0,0.0,0.0,0.0,0.0,-0.009,0.02,-0.007,-0.055,0.074,
0.0,-0.003,0.042,0.085,-0.053,-0.018,-0.068,-0.007,0.041,-0.052,
0.0,-0.036,0.031,0.02,-0.01,-0.009,-0.009,-0.04,-0.065,0.002,
0.0,-0.022,0.009,-0.055,0.109,0.036,0.024,0.062,0.002,-0.079,
0.0,0.033,-0.045,0.004,0.059,0.068,-0.035,-0.091,0.032,-0.044,
0.0,-0.023,0.027,-0.03,-0.002,-0.011,0.035,-0.046,-0.059,-0.05,
0.0,0.0,0.0,0.0,0.0,0.0,0.002,-0.004,-0.029,0.055,
0.0,0.0,0.0,0.0,0.0,0.0,0.0,0.048,0.011,0.018,
0.0,0.031,0.02,0.071,0.06,0.007,0.002,0.026,-0.033,0.023,
0.0,0.052,0.01,-0.019,-0.041,-0.052,-0.068,-0.018,-0.032,-0.099,
0.0,0.0,0.0,0.0,0.0,0.0,0.0,-0.004,-0.014,-0.053,
0.0,0.0,0.0,0.017,-0.038,-0.024,0.055,-0.07,-0.067,-0.026,
0.0,0.006,-0.031,0.038,-0.051,-0.109,-0.005,-0.095,-0.037,0.019,
0.0,0.0,0.0,0.0,0.0,0.0,0.0,0.0,0.0,0.0,
0.0,-0.034,-0.027,-0.042,-0.04,-0.004,0.0,0.045,-0.011,0.021,
0.0,0.022,-0.012,0.018,-0.051,-0.014,0.012,0.002,-0.011,-0.049,
0.0,-0.016,0.009,-0.019,-0.039,0.017,-0.034,-0.077,-0.037,0.052,
0.0,0.012,-0.009,0.005,0.082,0.036,0.009,-0.014,0.037,0.023,
0.0,-0.003,0.06,-0.051,-0.073,0.077,0.026,0.112,-0.023,0.048,
0.0,0.0,0.0,0.0,-0.04,0.097,0.032,0.051,0.122,0.056,
0.0,0.015,-0.058,0.004,0.035,-0.021,-0.098,-0.02,-0.046,0.027,
0.0,0.0,0.0,0.0,0.0,0.0,0.0,0.0,0.0,-0.005,
0.0,0.0,0.0,0.0,0.0,0.0,0.0,0.0,0.0,0.0,
0.0,0.011,-0.026,-0.069,-0.011,-0.066,0.038,0.066,0.015,0.079,
0.0,0.0,0.0,0.0,0.0,0.0,-0.002,-0.101,0.011,0.013,
0.0,0.0,0.0,0.0,0.009,0.059,-0.046,-0.091,-0.046,-0.099,
0.0,0.0,-0.002,0.003,0.093,0.037,0.009,0.007,-0.034,0.023,
0.0,0.032,-0.053,-0.019,-0.042,-0.007,0.031,0.009,0.014,0.038,
0.0,0.0,0.0,0.13,-0.022,0.029,-0.034,-0.083,0.006,0.096,
0.0,0.0,0.0,0.016,-0.049,0.029,-0.028,-0.09,0.01,-0.027,
0.0,0.0,0.0,0.0,0.0,0.0,0.0,0.0,0.0,0.0,
0.0,-0.054,-0.046,0.028,0.015,-0.069,-0.023,0.005,-0.027,-0.018,
0.0,0.0,0.0,0.0,0.0,0.047,-0.072,-0.079,0.004,0.0,
0.0,-0.009,0.002,-0.023,-0.011,-0.03,-0.007,-0.02,-0.015,0.019,
0.0,0.0,0.0,-0.044,-0.074,0.047,-0.019,0.083,-0.016,-0.015,
0.0,0.0,0.0,0.0,-0.014,-0.01,-0.012,0.031,0.037,0.097,
0.0,-0.003,0.02,-0.003,-0.024,0.007,0.051,0.017,0.037,0.042,
0.0,0.0,0.0,0.0,0.0,0.0,0.0,0.0,0.0,0.0,
0.0,0.0,0.0,0.0,0.0,0.0,0.0,0.0,0.0,0.0,
0.0,-0.02,0.127,0.028,-0.007,0.018,-0.041,-0.045,-0.021,0.017,
0.0,0.0,0.0,0.0,0.0,0.0,0.0,0.0,-0.002,0.036,
0.0,0.0,0.0,0.0,0.0,0.0,0.0,-0.002,-0.09,-0.022,
0.0,-0.006,0.06,-0.003,0.036,-0.009,-0.056,0.047,0.046,0.065,
0.0,0.0,0.0,0.0,0.0,0.053,0.034,-0.074,-0.006,-0.034,
0.0,0.031,-0.005,-0.039,0.01,-0.022,-0.06,-0.068,-0.063,-0.003,
0.0,0.0,0.0,0.0,0.0,0.0,0.0,0.0,0.0,0.0,
0.0,-0.056,-0.026,-0.055,-0.068,-0.017,0.194,0.039,0.086,0.018,
0.0,0.0,0.0,0.0,0.014,-0.064,-0.029,0.09,0.116,-0.064,
0.0,-0.02,0.008,0.041,0.069,-0.051,0.011,0.026,-0.022,0.03,
0.0,0.0,0.0,0.0,0.0,0.0,0.0,0.0,0.0,0.0,
0.0,0.0,0.011,-0.054,-0.062,0.01,-0.042,0.092,0.071,-0.016,
0.0,0.025,-0.019,0.034,0.009,0.03,-0.018,-0.064,-0.095,-0.062,
0.0,0.0,0.0,0.0,0.0,0.0,0.0,0.0,0.0,0.0,
0.0,0.0,0.0,0.0,0.0,0.0,0.0,0.0,0.0,0.0,
0.0,0.0,0.0,0.0,0.0,0.0,0.0,0.0,0.067,-0.063,
0.0,0.0,0.0,0.0,0.0,0.0,0.0,0.0,0.0,0.0,
0.0,0.0,0.039,-0.082,0.029,0.023,0.032,0.031,0.049,-0.047,
0.0,0.05,0.024,-0.011,-0.045,-0.056,0.016,-0.031,-0.135,-0.04,
0.0,0.056,0.005,-0.03,0.009,-0.069,0.031,0.06,-0.056,0.033,
0.0,0.048,0.043,-0.051,0.029,0.078,-0.02,0.051,-0.018,0.048,
0.0,0.0,0.0,0.0,0.0,0.0,0.0,0.0,0.0,0.0,
0.0,-0.011,0.124,0.04,0.055,-0.013,-0.058,0.041,-0.029,-0.035,
0.0,0.09,0.08,0.031,-0.027,0.002,-0.034,0.092,0.057,-0.021,
0.0,0.0,0.0,-0.047,0.048,0.041,0.051,-0.05,0.037,0.002,
0.0,0.0,0.0,0.002,-0.008,0.194,0.157,0.031,-0.084,-0.058,
0.0,0.0,0.0,0.004,0.042,0.013,0.029,0.048,-0.004,0.043,
0.0,0.0,0.0,0.0,0.0,0.0,0.0,0.0,0.0,0.0,
0.0,0.0,0.047,0.032,-0.018,-0.011,0.01,0.057,0.019,0.006,
0.0,0.021,0.043,0.096,-0.018,0.022,0.073,0.038,0.007,-0.046,
0.0,0.0,0.0,0.0,0.0,0.0,0.0,0.018,0.025,-0.007,
0.0,0.0,-0.003,-0.016,-0.114,-0.145,-0.082,0.052,0.062,0.015,
0.0,0.0,0.0,0.0,0.0,0.0,0.0,0.0,0.0,0.0,
0.0,0.0,0.0,0.0,0.06,-0.12,-0.051,-0.013,-0.024,0.067,
0.0,-0.048,-0.032,0.023,0.042,-0.076,-0.002,0.048,0.002,-0.05,
0.0,0.0,0.0,0.0,0.0,0.0,0.012,-0.009,0.059,0.036,
0.0,0.035,0.086,-0.011,-0.043,-0.075,0.031,0.007,-0.023,0.028,
0.0,-0.017,0.053,-0.04,0.016,0.032,0.095,0.084,-0.053,-0.028,
0.0,0.0,0.0,0.0,0.039,-0.108,-0.056,0.0,-0.108,-0.033,
0.0,0.039,-0.002,0.037,0.099,0.087,-0.015,0.019,-0.023,-0.002,
0.0,0.0,0.0,0.0,0.0,0.0,0.0,0.0,0.141,0.068,
0.0,0.0,0.0,0.0,-0.002,-0.049,-0.023,-0.002,0.031,-0.019,
0.0,0.063,-0.045,0.045,-0.015,-0.05,0.031,0.023,0.053,-0.013,
0.0,0.0,0.0,0.0,0.0,0.0,0.0,0.0,0.0,0.0,
0.0,0.022,0.015,-0.009,0.053,-0.093,0.042,0.125,-0.025,0.055,
0.0,0.01,0.003,0.04,0.103,-0.039,0.059,0.041,0.053,-0.026,
0.0,-0.005,0.004,-0.052,-0.019,0.064,-0.051,0.022,-0.061,-0.037,
0.0,0.0,0.0,0.0,0.0,0.0,0.0,0.0,0.0,0.0,
0.0,-0.026,-0.047,-0.11,0.057,0.077,0.023,-0.055,-0.018,-0.039,
0.0,0.0,0.0,0.0,0.0,0.031,-0.075,0.023,0.019,0.044,
0.0,0.0,0.0,0.0,0.0,0.0,0.0,0.0,0.0,0.0,
0.0,-0.093,0.049,-0.025,-0.018,-0.045,0.0,-0.042,0.067,0.037,
0.0,-0.015,-0.112,0.085,0.062,-0.026,0.018,0.002,-0.087,-0.04,
0.0,0.0,0.0,0.0,0.0,0.0,0.0,0.0,0.016,-0.012,
0.0,0.0,0.0,0.0,0.0,0.0,0.0,0.0,0.004,-0.114,
0.0,0.0,0.0,0.0,0.0,0.0,-0.023,-0.067,0.058,-0.03,
0.0,0.022,-0.031,-0.025,-0.102,0.075,-0.096,0.048,0.014,0.018,
0.0,-0.028,0.045,0.009,0.016,-0.021,-0.04,-0.005,-0.007,-0.04,
0.0,0.0,0.021,0.07,-0.059,-0.048,-0.039,-0.028,-0.013,0.054,
0.0,0.098,-0.007,-0.027,0.002,-0.021,-0.029,-0.031,0.014,0.029,
0.0,0.016,-0.105,0.096,-0.004,0.077,0.032,0.035,-0.037,-0.074,
0.0,0.0,0.0,0.0,0.0,0.0,0.0,0.0,0.0,0.0,
0.0,0.0,0.0,0.0,0.0,0.0,-0.027,-0.006,-0.02,-0.072,
0.0,0.049,0.013,0.0,0.044,-0.119,0.014,0.023,0.018,-0.011,
0.0,0.019,0.039,-0.002,0.039,0.059,-0.046,0.027,0.017,0.061,
0.0,-0.011,0.077,-0.016,-0.051,-0.013,-0.084,-0.002,0.014,-0.081,
0.0,0.0,0.0,0.0,0.0,0.0,0.0,-0.046,-0.061,0.039,
0.0,0.0,0.0,-0.004,0.047,-0.055,0.039,0.005,0.072,-0.152,
0.0,0.0,0.0,0.0,0.0,0.0,0.0,0.0,0.0,0.0,
0.0,0.02,0.003,0.019,0.016,-0.019,0.011,0.066,-0.005,0.005,
0.0,0.0,0.06,-0.072,-0.065,0.024,-0.006,-0.056,0.087,-0.108,
0.0,0.041,0.037,-0.011,-0.016,-0.017,0.0,-0.01,-0.053,0.032,
0.0,0.025,0.038,-0.084,0.067,-0.105,-0.086,0.021,0.016,0.0,
0.0,0.0,0.0,0.0,0.0,0.0,0.0,0.0,0.0,0.0,
0.0,0.0,-0.011,0.008,-0.066,0.025,-0.043,0.031,0.008,-0.01,
0.0,0.002,-0.014,-0.122,0.128,-0.095,0.042,-0.085,0.095,0.006,
0.0,0.023,-0.044,0.032,-0.052,-0.011,0.12,0.122,0.095,-0.075,
0.0,0.039,0.007,-0.017,0.005,0.017,0.011,-0.03,-0.078,0.009,
0.0,-0.034,0.032,0.018,-0.009,-0.018,-0.108,-0.025,-0.096,0.011,
0.0,0.0,0.0,0.0,0.0,0.0,0.056,-0.053,-0.07,0.052,
0.0,0.007,0.0,-0.045,0.04,-0.009,0.065,-0.007,-0.03,0.029,
0.0,0.0,0.0,0.0,0.083,-0.062,0.017,0.048,0.015,-0.036,
0.0,0.014,0.071,0.022,0.058,0.041,-0.026,0.029,-0.005,0.052,
0.0,0.0,0.0,0.0,0.0,0.0,0.0,0.0,0.0,0.0,
0.0,0.0,0.0,0.0,0.0,0.0,0.0,0.0,0.0,0.0,
0.0,0.0,0.0,0.0,0.0,0.0,0.009,0.072,0.056,0.048,
0.0,0.0,0.0,0.0,0.0,0.0,0.0,0.0,0.0,0.0,
0.0,0.0,0.0,-0.159,-0.03,0.017,0.117,0.037,-0.023,-0.03,
0.0,0.0,0.0,0.0,0.0,0.0,0.0,0.0,0.0,0.006,
0.0,0.0,0.06,0.064,-0.002,-0.039,-0.026,0.019,0.035,-0.019,
0.0,0.013,-0.063,0.02,0.009,0.078,-0.101,0.042,-0.117,0.069,
0.0,0.0,0.0,0.0,0.0,0.0,0.0,0.0,0.0,0.0,
0.0,0.009,-0.013,0.037,0.022,-0.01,-0.006,0.024,-0.016,-0.042,
0.0,0.0,0.0,0.0,0.0,-0.002,0.079,0.135,-0.032,-0.08,
0.0,0.0,0.0,0.0,0.0,0.0,0.0,0.0,0.0,0.0,
0.0,0.0,0.0,0.0,0.0,0.0,0.0,0.0,0.0,0.0,
0.0,0.0,0.0,0.0,0.0,0.0,0.0,0.0,0.0,-0.035,
0.0,0.051,-0.018,-0.04,-0.101,0.02,-0.03,-0.044,-0.021,-0.031,
0.0,-0.011,-0.01,0.025,0.106,-0.02,-0.015,-0.062,0.101,0.014,
0.0,0.0,0.061,0.052,0.024,0.065,0.056,-0.019,0.024,0.072,
0.0,0.0,0.0,0.0,0.0,0.0,0.0,0.0,0.0,0.0,
0.0,0.0,0.0,0.0,0.0,-0.01,-0.01,-0.035,0.02,0.11,
0.0,0.0,0.0,0.0,0.0,0.0,0.0,0.0,0.0,0.0,
0.0,0.0,0.0,0.0,0.0,0.0,0.0,0.0,0.0,0.0,
0.0,0.0,-0.002,0.086,-0.037,-0.008,-0.002,0.021,0.053,0.058,
0.0,0.0,0.0,0.0,0.0,0.0,0.0,0.0,0.0,0.0,
0.0,0.008,-0.009,-0.035,-0.009,-0.012,0.002,-0.061,0.023,0.022,
0.0,0.0,0.0,0.0,0.0,0.0,0.0,0.0,0.0,0.0,
0.0,0.0,0.0,0.0,0.0,0.0,0.0,0.0,0.0,0.0,
0.0,0.0,0.0,0.017,-0.016,0.017,-0.077,0.115,-0.04,0.075,
0.0,0.0,0.0,-0.057,0.161,-0.047,-0.035,-0.013,0.0,0.091,
0.0,0.0,0.0,0.0,0.0,0.0,0.0,-0.045,-0.047,-0.002,
0.0,0.0,0.0,-0.006,0.033,-0.039,0.013,-0.011,0.018,0.01,
0.0,0.0,0.0,0.0,-0.007,-0.011,0.059,0.027,0.006,-0.008,
0.0,0.0,0.0,0.0,0.0,0.0,0.0,0.0,0.0,0.0,
0.0,0.0,0.0,0.0,0.0,0.0,-0.002,0.033,0.011,0.008,
0.0,0.0,0.0,0.0,0.0,0.0,0.0,0.014,0.038,-0.016,
0.0,0.0,0.0,0.0,0.0,0.0,0.0,0.0,0.0,0.0,
0.0,-0.011,0.087,-0.018,-0.029,0.067,-0.036,0.002,-0.034,-0.002,
0.0,0.0,0.09,0.057,0.009,-0.033,-0.03,-0.012,-0.008,-0.027,
0.0,0.0,0.0,0.031,-0.078,-0.018,-0.006,0.058,0.06,-0.045,
0.0,0.0,0.0,0.014,0.066,0.008,-0.057,-0.094,-0.074,0.01,
0.0,0.0,0.0,0.0,0.0,0.0,0.0,0.0,0.0,0.0,
0.0,0.0,0.0,0.0,0.0,0.0,0.0,0.0,0.0,-0.08,
0.0,0.0,0.0,0.035,0.031,0.004,-0.014,0.002,-0.094,0.099,
0.0,0.0,0.0,-0.004,-0.011,0.149,0.054,0.017,-0.01,-0.085,
0.0,0.0,0.0,0.005,0.038,-0.002,0.014,-0.05,0.012,0.052,
0.0,0.0,0.0,0.0,0.0,0.0,0.021,0.0,0.004,0.113,
0.0,0.0,0.0,0.002,-0.033,-0.142,0.118,-0.028,-0.039,0.022,
0.0,0.0,0.0,0.06,-0.027,-0.063,0.043,-0.017,0.086,0.002,
0.0,0.0,0.0,0.01,0.023,-0.012,-0.038,0.084,0.074,-0.018,
0.0,0.0,0.0,0.0,0.004,-0.116,-0.077,0.071,0.037,-0.024,
0.0,0.0,0.0,0.0,0.0,0.0,0.0,0.01,0.016,-0.052,
0.0,0.0,0.0,0.0,0.062,0.013,-0.006,-0.062,-0.043,0.086,
0.0,0.0,0.0,0.0,0.0,0.0,0.0,0.0,0.0,0.0,
0.0,0.0,0.0,0.0,0.0,0.0,0.0,0.0,-0.027,0.0,
0.0,0.0,0.0,0.0,-0.002,-0.028,0.077,-0.071,0.025,0.029,
0.0,0.0,0.0,0.0,0.0,0.0,0.0,0.0,0.0,0.0,
0.0,0.0,0.031,-0.006,0.019,-0.055,0.023,0.088,-0.063,-0.063,
0.0,0.0,0.0,-0.033,-0.095,-0.01,0.036,-0.012,0.024,0.052,
0.0,0.0,-0.021,0.051,-0.108,0.059,-0.036,0.036,0.021,-0.008,
0.0,0.0,0.0,-0.047,-0.004,-0.043,-0.002,0.027,-0.004,-0.017,
0.0,0.0,0.0,0.0,0.0,0.0,0.0,0.0,0.0,0.0,
0.0,0.0,0.0,0.0,0.0,0.0,0.0,0.0,0.0,-0.024,
0.0,0.0,0.0,0.0,0.012,-0.028,-0.098,-0.062,0.056,0.116,
0.0,0.0,0.0,0.068,-0.037,0.025,-0.03,0.049,0.008,-0.079,
0.0,0.0,0.0,0.0,0.0,0.0,0.0,0.0,0.0,0.0,
0.0,0.0,0.0,0.0,0.0,0.0,0.0,0.0,0.0,0.0,
0.0,0.0,0.0,0.0,0.0,0.0,0.0,0.0,0.0,0.0,
0.0,0.0,0.0,0.0,0.0,0.0,0.0,-0.008,-0.088,-0.083,
0.0,-0.051,-0.052,-0.092,-0.028,-0.009,-0.048,0.04,0.069,0.079,
0.0,0.0,0.0,0.0,0.0,0.0,0.0,0.0,0.0,0.0,
0.0,0.0,0.0,-0.002,-0.018,0.059,0.011,-0.049,-0.004,-0.029,
0.0,0.019,-0.084,-0.049,-0.147,-0.019,0.0,0.041,-0.022,0.067,
0.0,0.0,0.0,0.0,0.0,0.0,0.0,0.0,0.0,0.0,
0.0,0.0,0.0,0.0,0.0,0.0,0.0,0.0,0.0,0.0,
0.0,0.0,-0.018,0.004,0.035,0.046,0.029,-0.016,0.064,0.073,
0.0,0.0,0.0,0.025,-0.037,0.03,0.021,0.028,0.081,-0.051,
0.0,0.0,0.0,0.0,0.0,0.0,0.0,0.0,0.0,0.0,
0.0,0.0,0.0,0.0,0.053,-0.002,0.032,-0.006,-0.076,0.095,
0.0,0.0,0.0,0.0,0.0,-0.002,0.0,0.0,0.0,0.018,
0.0,0.0,0.0,0.0,0.0,0.0,0.0,0.0,0.0,0.0,
0.0,0.01,-0.093,0.084,-0.05,-0.023,0.054,0.008,0.013,-0.013,
0.0,0.0,-0.076,-0.131,0.024,-0.079,0.058,-0.024,-0.051,-0.105,
0.0,0.0,0.029,0.004,0.085,-0.058,0.038,0.037,-0.011,-0.039,
0.0,0.0,0.018,0.011,0.058,0.031,-0.069,0.054,-0.013,-0.077,
0.0,0.0,0.0,0.0,-0.006,0.051,0.045,-0.022,0.137,0.016,
0.0,0.0,0.0,0.033,0.08,-0.079,-0.013,0.046,-0.104,0.07,
0.0,0.0,0.0,0.048,-0.002,-0.023,0.102,-0.11,-0.024,-0.066,
0.0,0.0,0.0,0.0,0.0,0.0,0.0,-0.011,0.006,0.117,
0.0,0.0,0.016,-0.043,-0.029,0.03,-0.031,0.017,-0.019,0.004,
0.0,0.0,0.0,0.0,0.0,0.0,0.0,0.0,0.0,0.0,
0.0,0.0,0.0,0.0,0.0,0.0,0.0,0.0,0.0,0.0,
0.0,0.0,0.0,0.0,0.0,0.0,0.0,0.0,0.0,0.0,
0.0,0.0,0.044,-0.085,0.044,-0.13,-0.029,0.02,0.042,0.056,
0.0,0.0,0.0,0.0,0.0,0.0,0.0,0.0,0.0,0.0,
0.0,0.0,0.0,0.004,-0.04,-0.15,-0.019,0.0,0.041,-0.01,
0.0,0.0,0.0,0.0,0.0,0.0,0.0,0.0,0.0,0.0,
0.0,0.0,0.0,0.0,0.0,0.0,0.0,0.0,0.0,0.0,
0.0,0.0,0.0,0.0,0.0,0.0,0.0,0.0,0.004,-0.061,
0.0,0.0,0.0,0.0,0.0,-0.058,0.016,-0.085,-0.047,0.037,
0.0,0.0,0.009,0.013,0.032,0.046,0.081,0.028,-0.037,0.05,
0.0,0.0,0.0,0.0,0.0,0.0,0.0,0.0,0.0,0.0,
0.0,0.0,0.0,0.0,0.0,0.0,0.0,0.0,-0.026,-0.022,
0.0,0.0,0.0,0.0,0.0,-0.041,-0.039,-0.075,0.092,0.075,
0.0,0.0,0.0,0.016,0.037,0.117,-0.046,-0.072,-0.071,0.015,
0.0,0.0,0.0,0.035,0.066,-0.046,-0.012,-0.016,0.0,0.043,
0.0,0.0,0.0,0.026,-0.008,0.028,-0.045,0.028,-0.066,-0.077,
0.0,0.0,0.0,0.0,0.0,0.0,0.0,0.0,0.0,0.0,
0.0,0.0,0.0,-0.007,0.013,-0.074,0.043,0.038,0.035,0.019,
0.0,0.0,0.0,0.0,0.0,0.0,0.0,0.0,0.0,0.0,
0.0,0.0,0.0,0.0,0.0,-0.007,-0.005,0.054,0.074,-0.067,
0.0,0.0,0.0,0.0,-0.048,-0.039,-0.045,0.02,-0.059,0.044,
0.0,0.0,-0.024,0.031,0.02,0.027,0.027,-0.077,0.006,-0.043,
0.0,0.0,0.0,-0.017,-0.056,0.088,-0.016,-0.061,-0.062,0.018,
0.0,0.0,-0.019,-0.006,0.043,0.042,-0.015,0.043,0.031,0.027,
0.0,0.0,0.0,0.0,0.0,0.0,0.0,0.0,0.0,0.0,
0.0,0.0,0.0,0.0,0.0,0.0,0.0,0.0,0.0,0.0,
0.0,0.0,0.0,0.0,0.0,0.0,0.0,0.0,0.056,-0.029,
0.0,0.0,0.0,0.0,-0.065,0.014,0.068,0.071,-0.006,-0.023,
0.0,0.0,0.0,0.0,0.0,0.0,0.0,0.0,0.0,0.0,
0.0,0.0,0.0,0.0,0.0,0.0,0.0,0.008,0.0,-0.013,
0.0,0.051,0.033,-0.07,-0.054,0.053,-0.043,-0.015,0.023,0.032,
0.0,0.0,-0.031,-0.045,0.013,-0.095,-0.046,-0.07,-0.043,-0.051,
0.0,0.0,0.0,-0.027,-0.017,-0.023,-0.088,0.019,-0.002,-0.004,
0.0,0.0,-0.033,0.054,0.058,0.002,0.045,0.017,-0.006,-0.051,
0.0,0.0,0.0,0.0,0.0,0.0,0.0,0.011,0.016,0.068,
0.0,0.0,0.0,0.0,0.0,0.083,0.011,-0.009,-0.129,-0.158,
0.0,0.0,-0.085,-0.004,-0.026,-0.058,0.004,0.073,-0.063,0.028,
0.0,0.0,0.0,0.0,0.0,0.0,0.0,0.0,0.0,0.0,
0.0,0.0,0.0,0.034,-0.054,0.078,-0.097,0.033,-0.025,0.036,
0.0,0.0,0.0,0.0,0.0,0.0,0.0,0.0,0.0,0.0,
0.0,0.0,0.0,0.0,0.0,0.0,0.0,0.0,0.0,0.0,
0.0,0.0,0.0,0.019,-0.026,0.012,0.035,0.028,-0.033,0.007,
0.0,0.0,0.0,0.0,0.0,-0.016,-0.057,-0.038,-0.01,-0.082,
0.0,0.0,0.0,0.002,0.043,0.077,-0.022,0.071,-0.076,-0.078,
0.0,0.0,0.0,0.0,0.0,0.0,0.0,0.0,0.0,0.0,
0.0,0.0,0.0,0.0,0.0,0.0,0.0,-0.025,-0.031,-0.05,
0.0,0.0,0.0,0.0,0.0,0.0,0.0,0.0,0.0,0.0,
0.0,0.0,0.0,0.013,-0.031,-0.019,-0.023,0.008,0.018,-0.041,
0.0,0.0,0.0,0.0,0.0,0.0,0.0,0.0,0.0,0.0,
0.0,0.0,0.0,0.0,0.0,0.0,0.0,0.0,0.0,0.0,
0.0,0.0,0.0,0.0,0.0,0.0,0.0,0.0,0.0,0.0,
0.0,0.0,0.0,0.0,0.0,0.0,0.0,0.004,-0.014,0.016,
0.0,0.0,0.0,0.0,-0.036,-0.044,-0.11,-0.059,0.096,-0.053,
0.0,0.0,0.0,0.0,0.0,0.0,0.0,0.0,0.0,0.0,
0.0,0.0,0.0,0.0,0.0,0.026,0.012,-0.002,0.034,-0.032,
0.0,0.0,0.0,0.0,0.0,0.0,0.01,0.0,-0.012,-0.034,
0.0,0.0,0.0,0.0,0.0,-0.024,0.029,-0.008,0.002,0.006,
0.0,0.0,0.0,0.0,0.0,0.0,0.0,0.0,0.0,0.009,
0.0,0.0,0.0,0.0,0.0,0.0,0.0,0.0,0.0,0.0,
0.0,0.0,0.0,0.0,0.0,0.0,0.0,0.0,0.0,0.0,
0.0,0.0,0.0,-0.021,-0.036,-0.026,0.026,-0.015,0.021,0.109,
0.0,0.0,0.142,-0.089,-0.049,-0.026,-0.067,0.011,0.17,0.01,
0.0,0.0,0.0,0.0,0.0,0.0,0.0,0.0,0.0,0.0,
0.0,0.0,0.0,0.0,0.042,0.012,0.004,-0.002,-0.034,0.002,
0.0,0.0,0.18,0.007,-0.005,0.056,-0.074,-0.183,-0.14,-0.134,
0.0,0.007,0.002,0.033,-0.037,0.051,-0.055,0.069,-0.034,-0.013,
0.0,0.0,0.006,-0.013,0.064,-0.062,0.047,-0.023,0.049,0.071,
0.0,0.0,0.0,0.0,0.0,0.0,0.0,0.0,0.0,0.0,
0.0,0.0,0.0,0.0,0.0,0.0,0.0,0.0,0.0,0.009,
0.0,0.0,0.0,0.0,0.0,0.0,0.0,0.0,0.0,0.022,
0.0,0.0,0.0,0.0,0.0,0.0,0.0,0.0,0.0,0.0,
0.0,0.0,0.0,0.0,0.0,0.0,0.0,0.0,0.0,0.0,
0.0,0.0,0.0,0.0,0.0,0.0,0.0,0.0,0.0,0.0,
0.0,0.0,0.0,0.0,0.0,0.0,-0.034,0.038,-0.022,-0.042,
0.0,0.0,0.0,0.0,0.0,0.0,-0.024,0.012,-0.038,-0.072,
0.0,0.0,0.0,0.0,0.0,0.0,0.0,-0.032,0.065,0.018,
0.0,0.072,0.08,0.136,-0.136,0.027,-0.075,-0.047,0.094,0.098,
0.0,0.0,0.0,0.0,0.0,0.0,0.0,0.0,0.0,0.0,
0.0,0.0,0.0,-0.02,0.004,0.03,-0.032,-0.015,0.053,-0.041,
0.0,0.0,-0.039,0.016,0.008,-0.048,-0.014,0.03,-0.006,0.01,
0.0,0.0,0.0,0.0,0.0,0.0,0.0,0.0,0.0,-0.017,
0.0,0.0,0.0,0.0,0.0,0.0,0.0,0.0,0.0,0.0,
0.0,0.0,0.0,0.0,0.0,0.0,0.0,0.033,0.041,0.021,
0.0,0.0,0.0,0.0,0.0,0.0,0.0,0.0,0.0,0.0,
0.0,0.0,0.0,0.0,0.0,0.0,0.0,0.0,-0.043,-0.021,
0.0,0.0,0.0,0.0,0.0,0.0,0.0,0.0,0.0,0.0,
0.0,0.0,0.0,-0.007,0.022,0.004,-0.043,-0.07,-0.049,-0.024,
0.0,0.0,0.0,0.0,0.0,0.0,0.0,0.0,0.0,0.0,
0.0,0.0,0.0,0.0,0.0,0.0,0.0,0.0,0.0,0.0,
0.0,0.0,0.0,0.0,0.0,-0.023,0.015,-0.066,-0.08,-0.052,
0.0,0.0,0.0,0.0,0.0,0.0,0.0,0.0,0.0,0.0,
0.0,0.0,0.0,0.0,0.0,0.0,0.0,0.0,0.0,0.0,
0.0,0.0,0.0,0.0,0.0,0.0,0.0,0.0,0.0,0.0,
0.0,0.0,0.0,0.0,0.0,0.0,0.004,0.004,0.039,0.017,
0.0,0.0,0.0,0.0,0.0,0.0,-0.007,0.045,0.005,0.121,
0.0,0.0,0.026,0.091,0.067,-0.042,0.043,0.031,0.064,0.045,
0.0,0.0,0.0,0.0,0.0,0.0,0.023,0.035,-0.004,-0.002,
0.0,0.0,0.0,0.0,0.0,0.0,0.0,0.0,0.0,0.0,
0.0,0.0,-0.051,-0.155,0.052,-0.099,-0.213,-0.337,0.032,0.048,
0.0,0.0,0.0,0.002,0.02,-0.015,-0.027,0.026,-0.063,-0.039,
0.0,0.0,0.0,0.0,0.0,0.0,0.0,0.0,0.02,0.052,
0.0,0.0,0.0,0.0,0.0,0.0,0.0,0.0,0.0,0.0,
0.0,0.0,0.0,0.0,0.0,-0.023,-0.091,-0.072,0.015,0.066,
0.0,0.012,-0.013,0.004,0.006,0.015,0.025,-0.045,0.006,-0.056,
0.0,0.0,0.0,0.0,0.0,0.0,0.0,0.0,0.0,0.0,
0.0,0.0,0.0,0.0,0.0,0.0,0.0,0.0,0.0,0.0,
0.0,0.0,0.0,0.0,0.002,-0.03,-0.026,0.047,-0.006,-0.018,
0.0,0.0,0.0,0.0,0.0,0.0,0.0,0.0,0.0,0.0,
0.0,0.0,0.0,0.0,0.0,0.0,0.0,0.0,0.0,-0.035,
0.0,0.0,-0.006,-0.034,0.013,0.062,0.022,-0.004,0.083,-0.017,
0.0,-0.038,0.009,-0.031,-0.011,0.055,0.07,0.007,0.011,-0.004,
0.0,0.0,-0.002,-0.116,0.043,-0.156,0.153,0.034,0.059,-0.028,
0.0,0.0,0.0,0.0,0.0,0.0,0.0,0.0,0.0,0.0,
0.0,0.0,0.0,0.0,0.0,0.0,0.0,0.0,0.0,0.0,
0.0,0.0,0.002,-0.169,0.062,0.052,0.034,0.094,-0.041,-0.037,
0.0,0.0,0.0,0.0,0.002,0.002,-0.137,-0.076,-0.043,-0.123,
0.0,0.0,0.0,0.0,0.0,-0.027,0.002,0.045,-0.088,-0.059,
0.0,0.0,0.0,0.0,0.0,0.0,0.019,-0.059,0.018,0.025,
0.0,0.0,0.0,0.0,0.0,0.0,0.0,0.0,0.0,0.009,
0.0,0.0,0.0,0.0,0.0,0.016,0.028,-0.01,0.006,-0.036,
0.0,0.015,0.013,0.012,0.005,0.003,-0.017,0.067,-0.015,-0.014,
0.0,0.0,0.0,0.0,0.0,0.0,-0.002,-0.002,0.041,0.041,
0.0,0.0,0.0,0.0,-0.06,0.0,0.011,-0.113,-0.108,-0.04,
0.0,0.0,0.0,0.0,0.0,0.0,-0.021,-0.019,-0.031,-0.014,
0.0,-0.055,-0.026,-0.031,-0.127,0.129,-0.076,0.096,0.017,-0.042,
0.0,-0.015,0.003,-0.028,-0.077,0.02,-0.029,-0.088,-0.119,0.035,
0.0,0.045,-0.02,0.048,0.04,-0.007,-0.058,0.077,-0.048,-0.042,
0.0,0.0,0.0,0.0,0.0,0.0,0.0,0.0,0.0,0.0,
0.0,0.0,0.0,0.0,0.0,0.0,0.0,0.0,0.0,0.0,
0.0,0.0,0.0,0.0,0.0,0.0,0.0,0.0,0.0,0.0,
0.0,0.0,0.0,0.0,0.0,0.0,-0.002,-0.055,-0.069,0.002,
0.0,0.0,0.0,0.0,0.0,0.0,0.0,-0.073,0.16,0.098,
0.0,-0.002,0.053,0.03,0.05,-0.057,-0.057,-0.026,0.03,-0.079,
0.0,0.029,-0.034,-0.029,-0.022,-0.013,0.015,-0.034,0.019,-0.082,
0.0,0.0,0.0,0.0,0.0,0.0,0.0,-0.009,0.043,-0.059,
0.0,-0.019,0.012,-0.012,-0.003,-0.024,0.029,-0.007,0.022,-0.01,
0.0,0.0,0.0,0.0,0.0,-0.073,0.133,0.094,-0.066,-0.036,
0.0,0.0,0.0,0.0,0.0,0.02,0.014,0.044,0.015,-0.029,
0.0,0.0,0.0,0.0,0.0,-0.032,-0.016,-0.024,0.025,0.013,
0.0,0.0,0.0,0.099,0.08,0.058,0.123,-0.021,-0.004,-0.119,
0.0,0.0,0.0,0.0,0.0,0.0,0.058,0.104,0.098,0.113,
0.0,0.0,0.0,0.0,0.0,0.0,0.0,0.0,0.0,0.0,
0.0,0.0,0.0,0.0,0.0,-0.035,-0.016,0.111,-0.049,-0.026,
0.0,0.0,0.0,0.023,0.078,0.036,0.011,-0.025,-0.014,0.082,
0.0,0.0,0.0,0.0,0.0,0.0,0.0,0.0,0.0,0.0,
0.0,0.0,0.0,0.0,0.0,-0.087,0.039,0.009,-0.028,0.074,
0.0,0.041,0.092,0.059,0.026,-0.002,-0.034,-0.161,0.044,0.054,
0.0,0.011,-0.016,-0.028,0.031,-0.083,-0.039,-0.031,-0.02,-0.029,
0.0,0.011,-0.072,-0.002,-0.029,-0.077,0.016,0.005,-0.02,0.032,
0.0,-0.013,0.037,0.071,0.03,0.052,-0.018,-0.022,-0.024,-0.095,
0.0,0.0,0.0,0.079,0.058,0.016,0.051,0.025,-0.062,-0.039,
0.0,-0.062,0.02,-0.015,0.014,0.003,-0.054,-0.009,0.073,0.074,
0.0,0.0,0.0,0.0,0.0,0.0,0.0,0.0,0.0,0.0,
0.0,0.0,0.002,0.0,-0.096,0.034,-0.025,0.026,0.045,-0.051,
0.0,0.0,0.0,0.0,0.0,0.0,0.0,0.0,0.0,0.0,
0.0,0.0,0.0,0.0,0.0,0.0,0.0,0.0,0.0,0.0,
0.0,-0.012,0.012,-0.024,-0.036,0.055,-0.042,-0.063,0.025,0.051,
0.0,0.0,0.0,0.0,0.0,0.0,0.0,0.0,0.0,-0.022,
0.0,0.0,0.0,0.0,0.02,-0.073,0.069,0.039,0.012,-0.052,
0.0,0.0,0.0,0.0,0.0,0.0,0.0,-0.056,-0.025,0.004,

0.0,-0.019,0.071,0.014,0.034,0.014,-0.101,-0.068,-0.113,-0.029,
0.0,0.038,0.022,0.042,-0.157,-0.086,0.102,-0.119,0.091,0.02,
0.0,0.022,-0.006,-0.018,-0.082,0.026,-0.066,0.018,-0.089,-0.027,
0.0,0.006,0.022,-0.032,-0.04,-0.022,-0.051,0.031,0.037,-0.027,
0.0,-0.061,-0.02,-0.059,0.067,-0.04,0.022,-0.02,0.025,0.031,
0.0,0.029,-0.039,-0.043,0.141,-0.007,0.088,0.011,0.099,0.095,
0.0,0.037,-0.012,0.045,-0.005,-0.107,-0.093,-0.023,0.042,0.034,
0.0,0.032,-0.015,-0.014,-0.017,-0.099,-0.036,0.07,0.074,-0.021,
0.0,-0.007,0.013,-0.02,0.061,0.005,-0.012,0.024,-0.003,0.024,
0.0,0.036,0.009,0.002,-0.021,0.115,-0.011,0.047,-0.025,-0.053,
0.0,-0.024,0.033,-0.007,-0.021,0.0,0.069,0.003,0.086,-0.051,
0.0,-0.052,0.09,-0.007,0.037,0.045,0.059,0.053,-0.098,-0.034,
0.0,0.045,-0.005,0.046,-0.019,-0.008,-0.118,-0.021,0.007,0.055,
0.0,0.04,0.046,-0.048,0.09,0.077,-0.022,-0.034,0.012,-0.044,
0.0,0.102,-0.046,-0.102,-0.002,-0.06,-0.007,0.079,0.004,-0.031,
0.0,-0.128,-0.097,0.056,0.006,0.105,0.125,0.03,0.082,0.058,
0.0,-0.062,0.074,-0.051,0.011,-0.002,0.1,-0.027,-0.029,0.004,
0.0,-0.031,-0.006,-0.01,-0.018,0.017,-0.007,0.057,0.026,-0.008,
0.0,0.013,0.0,0.028,0.014,-0.017,0.03,-0.078,0.042,0.039,
0.0,0.023,0.111,0.039,0.0,0.004,-0.032,-0.036,0.023,0.099,
0.0,0.011,-0.039,0.0,0.002,0.047,-0.028,-0.053,0.112,0.011,
0.0,0.069,0.037,0.036,-0.055,0.009,-0.004,-0.01,-0.022,-0.099,
0.0,-0.094,-0.081,-0.09,-0.102,-0.167,-0.129,-0.082,-0.043,-0.055,
0.0,-0.005,-0.171,-0.099,0.035,-0.022,-0.017,0.049,0.143,0.053,
0.0,0.054,-0.033,-0.027,0.042,-0.004,0.009,0.006,0.002,-0.032,
0.0,-0.008,0.012,0.042,-0.029,-0.054,0.024,-0.02,-0.036,0.052,
0.0,0.049,0.023,-0.048,0.038,-0.036,-0.04,0.0,0.005,0.108,
0.0,0.039,-0.022,0.069,0.029,-0.068,-0.097,-0.125,-0.089,0.004,
0.0,-0.082,0.002,0.008,-0.065,0.011,-0.035,-0.029,-0.064,0.087,
0.0,0.033,0.0,0.046,0.0,-0.023,0.081,0.057,-0.025,-0.021,
0.0,0.024,0.066,0.033,-0.019,-0.012,-0.041,-0.041,-0.043,0.072,
0.0,0.015,0.036,0.099,0.01,0.021,-0.08,-0.003,-0.07,-0.015,
0.0,0.012,-0.056,-0.011,-0.027,0.023,0.04,0.004,-0.02,-0.041,
0.0,0.014,0.067,-0.012,-0.013,0.049,0.033,-0.092,0.009,-0.046,
0.0,-0.062,-0.049,-0.05,-0.075,0.041,0.098,-0.008,-0.08,0.041,
0.0,-0.032,-0.014,0.008,-0.065,0.053,0.142,0.102,0.147,0.048,
0.0,-0.068,-0.022,0.043,-0.042,-0.012,0.004,-0.047,-0.017,0.049,
0.0,-0.073,0.031,-0.044,-0.022,0.043,-0.016,-0.075,0.033,0.074,
0.0,0.005,-0.029,-0.059,-0.057,-0.01,0.044,0.066,0.03,-0.033,
0.0,0.005,-0.005,0.07,0.053,0.046,0.022,0.114,-0.033,0.022,
0.0,0.017,-0.014,0.059,0.029,-0.03,-0.038,0.022,-0.025,-0.035,
0.0,-0.062,-0.002,0.024,0.007,-0.022,0.03,-0.07,0.004,-0.002,
0.0,-0.011,0.056,-0.045,-0.014,0.094,-0.035,0.0,0.049,0.009,
0.0,-0.028,-0.024,0.063,-0.115,-0.032,-0.037,0.112,-0.002,-0.041,
0.0,0.037,-0.111,-0.056,-0.008,-0.01,0.081,0.083,0.029,-0.053,
0.0,-0.047,0.066,-0.005,0.014,0.05,0.057,-0.066,-0.058,-0.057,
0.0,-0.108,0.034,-0.071,-0.009,0.1,-0.067,-0.049,-0.186,-0.035,
0.0,-0.077,-0.022,0.067,-0.048,-0.031,-0.035,-0.011,0.012,0.018,
0.0,-0.044,-0.085,-0.006,0.004,-0.097,0.067,-0.002,0.049,-0.004,
0.0,-0.025,-0.041,0.084,-0.013,0.004,-0.056,0.034,0.101,0.024,
0.0,0.011,0.007,-0.01,0.032,-0.064,0.009,0.009,-0.047,0.051,
0.0,-0.032,0.048,-0.016,0.057,0.071,-0.01,0.065,-0.079,-0.026,
0.0,-0.04,0.023,-0.028,0.04,-0.031,-0.063,-0.003,0.014,0.007,
0.0,0.074,-0.054,-0.004,-0.002,0.064,0.013,-0.042,-0.059,-0.004,
0.0,-0.012,-0.063,-0.075,0.04,0.0,0.06,-0.007,-0.037,0.096,
0.0,0.047,0.088,-0.009,0.08,0.011,0.039,-0.007,-0.018,0.01,
0.0,-0.014,0.034,0.024,-0.013,-0.045,-0.1,0.024,0.06,-0.072,
0.0,-0.042,-0.024,-0.044,-0.043,-0.056,0.02,-0.012,-0.052,-0.058,
0.0,0.032,-0.012,-0.05,0.009,0.02,-0.037,-0.009,-0.033,0.081,
0.0,0.062,0.075,-0.135,-0.079,0.086,-0.002,-0.013,0.071,0.03,
0.0,0.045,0.093,-0.052,-0.082,0.083,0.007,0.019,0.0,0.016,
0.0,-0.011,-0.13,-0.061,-0.026,0.002,0.081,-0.067,-0.023,0.068,
0.0,-0.094,0.005,-0.12,-0.098,-0.08,-0.116,0.026,-0.017,-0.072,
0.0,-0.077,0.002,-0.118,0.019,0.137,-0.133,0.103,-0.121,-0.008,
0.0,-0.011,-0.019,0.052,0.067,-0.034,0.081,-0.039,0.023,0.025,
0.0,-0.081,-0.052,0.056,0.019,-0.009,0.05,-0.004,-0.078,-0.011,
0.0,0.011,0.007,0.005,0.015,0.055,0.041,0.048,0.007,-0.027,
0.0,-0.04,-0.005,0.043,-0.013,0.014,0.128,-0.006,-0.012,-0.004,
0.0,-0.036,-0.085,-0.01,-0.048,0.0,-0.018,0.085,-0.039,-0.149,
0.0,-0.034,0.055,-0.021,0.003,0.0,0.014,-0.016,-0.002,0.061,
0.0,0.028,0.121,-0.019,0.002,0.035,0.026,-0.127,-0.065,-0.062,
0.0,-0.008,0.022,-0.023,-0.011,-0.024,0.021,0.064,0.063,-0.006,
0.0,0.024,0.006,-0.004,0.003,-0.03,0.013,-0.1,-0.04,-0.024,
0.0,-0.084,0.032,-0.067,-0.059,-0.074,0.079,-0.002,0.012,0.058,
0.0,-0.005,-0.007,0.05,0.072,-0.032,0.011,-0.162,-0.009,0.031,
0.0,0.067,0.064,0.017,-0.037,-0.101,-0.084,-0.075,-0.073,-0.17,
0.0,0.057,-0.095,0.037,-0.045,0.002,-0.09,-0.004,-0.04,-0.076,
0.0,0.039,-0.078,0.009,0.036,0.036,-0.071,0.061,-0.013,0.025,
0.0,-0.069,-0.063,-0.065,-0.061,-0.027,-0.002,-0.07,0.028,0.009,
0.0,0.115,0.109,-0.019,0.141,0.08,-0.021,-0.06,0.044,0.019,
0.0,-0.038,0.036,-0.024,0.084,-0.073,-0.002,-0.04,0.018,-0.071,
0.0,-0.017,-0.003,-0.032,0.032,-0.072,-0.009,0.021,-0.034,-0.019,
0.0,0.008,-0.053,0.041,-0.03,0.021,0.025,-0.082,-0.062,0.071,
0.0,-0.011,0.05,0.035,-0.032,-0.051,0.029,-0.061,0.044,-0.068,
0.0,0.017,0.092,0.048,0.018,0.087,0.068,0.013,0.101,0.1,
0.0,0.016,-0.034,-0.061,0.034,-0.019,-0.04,0.0,-0.05,0.051,
0.0,-0.002,-0.033,-0.069,0.033,0.006,0.008,0.037,0.036,0.024,
0.0,0.033,0.005,0.009,0.052,0.004,0.078,-0.036,0.004,-0.015,
0.0,-0.039,0.02,-0.089,-0.092,-0.024,-0.013,-0.019,-0.067,0.015,
0.0,-0.011,0.019,0.002,-0.123,0.034,0.013,-0.034,-0.081,0.006,
0.0,-0.071,0.002,-0.038,-0.016,0.002,-0.037,-0.041,0.02,0.02,
0.0,-0.003,0.002,-0.023,0.052,0.009,-0.016,-0.039,-0.005,-0.005,
0.0,0.034,-0.039,-0.061,0.023,-0.038,0.02,-0.017,0.051,0.009,
0.0,-0.039,-0.035,-0.009,0.012,0.035,-0.065,0.019,-0.005,-0.027,
0.0,0.029,0.017,0.044,-0.04,-0.005,0.003,-0.043,-0.085,-0.054,
0.0,-0.077,0.014,0.005,-0.009,0.143,0.031,0.039,-0.021,0.005,
0.0,-0.014,-0.043,-0.023,-0.045,-0.002,0.036,-0.061,0.025,0.024,
0.0,-0.048,0.002,0.075,0.026,-0.009,-0.032,0.009,0.002,-0.047,
0.0,-0.01,0.009,0.004,-0.008,-0.095,0.036,0.063,-0.006,-0.041,
0.0,0.015,-0.055,-0.102,0.03,0.023,-0.059,0.06,-0.039,-0.048,
0.0,0.067,0.0,0.013,-0.008,-0.118,-0.054,0.084,-0.144,-0.041,
0.0,-0.016,0.004,0.007,-0.047,-0.035,-0.047,0.02,-0.002,-0.035,
0.0,-0.025,-0.047,0.018,-0.095,0.004,0.022,-0.011,-0.042,0.039,
0.0,0.003,-0.005,-0.017,-0.015,0.002,-0.029,0.055,-0.04,-0.01,
0.0,0.02,0.002,-0.044,-0.091,-0.055,0.023,0.087,-0.039,0.075,
0.0,0.009,-0.037,-0.124,-0.082,-0.082,-0.052,-0.023,0.037,0.127,
0.0,0.054,-0.044,-0.048,0.059,0.037,0.041,0.016,-0.067,0.036,
0.0,-0.101,0.019,0.032,-0.01,-0.027,0.058,-0.004,0.022,0.042,
0.0,-0.088,-0.055,-0.063,0.0,-0.015,-0.021,-0.019,-0.032,0.025,
0.0,-0.031,0.026,0.204,0.036,-0.067,-0.047,0.057,0.072,-0.019,
0.0,0.017,-0.101,0.074,0.004,-0.007,-0.01,-0.054,-0.028,-0.125,
0.0,0.038,-0.074,0.016,0.008,-0.008,0.089,0.102,-0.02,0.004,
0.0,-0.077,0.018,0.007,0.038,0.064,-0.004,-0.014,0.036,0.006,
0.0,-0.007,-0.015,0.016,0.024,-0.08,0.07,0.011,0.06,0.065,
0.0,0.055,-0.069,-0.042,0.002,0.0,-0.06,-0.059,-0.059,-0.007,
0.0,0.034,-0.043,-0.012,-0.02,-0.023,-0.035,-0.115,0.022,-0.121,
0.0,-0.093,0.061,0.07,0.03,0.037,-0.043,0.057,-0.043,0.036,
0.0,-0.007,-0.02,0.037,-0.007,-0.021,-0.018,-0.024,-0.019,-0.017,
0.0,-0.026,0.014,-0.074,0.089,-0.035,0.059,0.006,-0.04,0.022,
0.0,0.051,-0.015,0.093,0.011,-0.058,0.028,-0.059,-0.023,0.011,
0.0,-0.007,0.006,0.008,0.048,-0.022,-0.003,0.009,0.032,-0.034,
0.0,0.03,-0.035,0.018,0.045,-0.02,-0.052,-0.011,-0.007,-0.105,
0.0,-0.001,-0.017,0.032,-0.093,0.007,-0.008,0.019,0.024,0.049,
0.0,0.03,0.002,0.074,0.055,-0.034,-0.025,0.055,0.054,0.047,
0.0,0.035,-0.056,0.012,-0.083,-0.208,-0.172,-0.019,0.135,0.017,
0.0,0.002,0.017,0.016,-0.047,-0.025,-0.021,-0.054,0.046,0.041,
0.0,-0.016,-0.092,0.029,0.146,-0.085,-0.031,0.053,0.016,0.212,
0.0,-0.006,0.073,0.015,0.021,0.093,-0.023,0.048,-0.045,-0.015,
0.0,0.093,-0.054,-0.031,0.082,0.059,0.078,-0.002,0.032,-0.096,
0.0,0.109,-0.033,0.0,0.033,0.016,0.0,-0.002,-0.011,0.042,
0.0,0.06,-0.037,-0.071,-0.005,0.082,0.058,0.112,-0.006,-0.016,
0.0,0.079,0.027,0.016,0.023,0.039,-0.005,0.035,0.034,-0.012,
0.0,-0.011,-0.005,-0.037,-0.118,-0.025,-0.083,-0.034,-0.056,0.062,
0.0,-0.004,0.07,0.004,-0.054,0.051,-0.036,0.101,-0.038,0.073,
0.0,0.0,-0.016,-0.035,-0.041,-0.034,-0.089,-0.034,0.018,-0.011,
0.0,-0.012,-0.011,0.031,0.039,-0.03,0.043,-0.002,-0.009,-0.042,
0.0,-0.054,0.01,0.116,0.076,0.028,-0.069,0.022,-0.134,0.025,
0.0,-0.003,-0.012,-0.048,-0.055,0.002,0.011,0.018,0.033,0.052,
0.0,-0.025,-0.015,0.019,0.039,0.002,0.061,0.026,-0.041,0.061,
0.0,0.032,0.023,-0.071,0.015,0.045,0.053,0.002,0.034,-0.023,
0.0,0.059,-0.117,-0.117,-0.038,-0.011,-0.027,0.048,0.067,0.024,
0.0,-0.02,-0.024,-0.026,0.078,0.05,-0.122,0.067,-0.06,-0.005,
0.0,-0.06,0.039,0.032,0.009,0.125,0.058,0.053,-0.027,0.067,
0.0,0.08,0.002,0.066,-0.016,-0.017,0.012,-0.007,-0.077,0.012,
0.0,-0.035,-0.015,-0.075,0.003,-0.022,0.023,-0.012,-0.033,0.004,
0.0,0.036,-0.084,-0.022,0.056,0.007,0.046,0.066,0.004,-0.072,
0.0,0.077,-0.017,0.014,-0.002,0.021,0.017,-0.004,-0.049,0.02,
0.0,-0.04,-0.053,0.031,0.0,-0.062,-0.012,-0.059,0.005,-0.012,
0.0,-0.108,-0.047,-0.219,0.114,-0.016,0.004,0.013,-0.012,-0.051,
0.0,-0.027,0.026,-0.027,-0.026,-0.019,0.082,0.012,0.014,-0.038,
0.0,-0.201,-0.123,-0.136,-0.192,0.063,-0.179,-0.031,0.17,-0.06,
0.0,-0.068,0.086,-0.085,-0.009,-0.012,-0.038,0.098,-0.032,-0.016,
0.0,-0.03,-0.029,0.053,0.05,-0.003,0.028,-0.012,-0.026,-0.029,
0.0,-0.045,-0.013,0.009,0.005,-0.002,0.002,-0.029,0.005,-0.013,
0.0,0.033,-0.048,-0.043,-0.013,-0.082,0.036,0.071,0.143,0.167,
0.0,-0.016,-0.025,-0.029,-0.045,-0.066,-0.014,0.031,0.038,-0.034,
0.0,-0.024,0.072,0.034,0.052,0.023,-0.009,-0.04,-0.035,0.003,
0.0,0.011,0.002,-0.173,0.065,-0.065,-0.021,-0.013,0.013,-0.067,
0.0,-0.003,0.044,0.087,-0.009,-0.009,0.043,0.124,-0.052,-0.049,
0.0,0.082,0.028,-0.128,-0.105,0.092,-0.029,-0.032,0.066,0.079,
0.0,0.012,0.054,0.016,0.005,0.077,-0.047,-0.058,-0.01,0.045,
0.0,-0.061,-0.11,0.009,0.002,0.066,-0.04,0.127,-0.096,-0.085,
0.0,-0.052,0.026,-0.04,0.084,0.0,0.031,0.048,0.054,-0.028,
0.0,0.092,-0.107,-0.073,0.076,-0.004,0.098,0.055,0.028,-0.046,
0.0,-0.005,-0.003,-0.027,-0.007,-0.019,0.036,-0.023,-0.032,-0.045,
0.0,0.051,-0.023,0.044,-0.012,-0.065,-0.038,0.005,-0.005,-0.009,
0.0,-0.059,0.01,-0.028,0.034,-0.023,0.057,-0.088,0.076,-0.024,
0.0,-0.033,0.063,-0.036,0.01,-0.026,0.007,-0.009,0.002,-0.019,
0.0,0.003,-0.007,-0.05,-0.067,-0.014,0.004,0.055,-0.005,0.009,
0.0,0.116,-0.08,-0.06,0.0,-0.032,0.049,0.023,0.054,-0.015,
0.0,-0.05,0.013,-0.025,0.053,0.063,-0.007,-0.045,0.055,0.028,
0.0,0.019,-0.023,0.096,0.084,-0.038,0.048,-0.009,0.004,-0.049,
0.0,0.003,-0.01,0.072,-0.085,0.02,-0.045,0.068,0.012,0.038,
0.0,-0.021,0.013,0.062,-0.032,0.007,0.081,0.032,0.027,0.049,
0.0,0.135,-0.164,-0.178,-0.024,-0.005,0.153,-0.143,-0.114,-0.123,
0.0,0.135,-0.036,0.046,0.008,0.087,-0.07,-0.098,-0.182,-0.165,
0.0,-0.007,0.0,0.022,0.052,-0.002,-0.016,-0.041,-0.091,0.057,
0.0,0.028,0.013,-0.043,-0.079,0.049,-0.023,-0.022,0.018,-0.01,
0.0,-0.027,-0.131,-0.044,-0.032,0.054,-0.014,0.007,0.064,0.078,
0.0,0.016,0.002,-0.043,0.023,-0.012,0.006,-0.041,-0.078,0.065,
0.0,-0.031,0.055,0.062,-0.054,-0.068,0.06,0.005,-0.025,0.048,
0.0,-0.032,0.061,-0.051,0.033,0.021,-0.002,-0.064,-0.023,0.072,
0.0,-0.049,-0.085,0.012,0.059,-0.119,0.009,-0.082,0.007,-0.069,
0.0,-0.117,-0.013,-0.014,0.056,0.068,-0.02,-0.105,-0.105,0.021,
0.0,0.028,-0.116,-0.014,-0.007,-0.015,-0.018,0.016,0.037,-0.043,
0.0,0.03,0.034,0.025,-0.033,-0.002,0.059,0.074,-0.09,0.041,
0.0,-0.03,0.012,0.023,0.017,0.096,0.05,-0.086,0.116,0.006,
0.0,-0.019,-0.054,0.037,-0.031,0.026,-0.024,-0.004,-0.009,-0.03,
0.0,-0.048,0.024,0.037,-0.045,-0.004,-0.012,0.009,0.076,0.024,
0.0,0.071,0.048,0.224,0.016,0.008,0.008,0.008,0.008,0.008,
0.0,-0.038,-0.089,0.0,-0.01,0.03,0.063,-0.027,0.05,-0.075,
0.0,0.014,-0.088,0.025,-0.023,-0.002,-0.097,-0.097,-0.036,-0.074,
0.0,-0.04,-0.058,-0.027,-0.03,-0.046,-0.06,-0.046,0.01,-0.052,
0.0,0.012,-0.077,0.041,0.014,-0.055,-0.066,0.091,0.139,-0.006,
0.0,-0.021,0.009,-0.029,-0.058,-0.01,-0.002,0.008,0.037,0.012,
0.0,-0.068,-0.098,-0.073,0.009,0.018,0.018,-0.028,-0.021,-0.013,
0.0,-0.075,0.062,-0.114,0.094,-0.022,-0.049,-0.173,-0.044,-0.108,
0.0,-0.045,0.005,-0.07,0.0,-0.055,-0.018,0.022,-0.056,-0.017,
0.0,-0.009,-0.039,-0.104,-0.004,0.046,0.071,-0.011,0.027,0.055,
0.0,-0.091,0.098,0.034,-0.036,0.054,0.124,0.112,0.07,0.011,
0.0,0.012,0.015,-0.057,-0.12,-0.026,-0.032,-0.074,0.054,-0.084,
0.0,0.041,-0.066,-0.004,-0.026,0.062,-0.03,-0.069,-0.081,-0.057,
0.0,0.009,0.037,-0.073,-0.013,0.034,0.009,0.01,0.04,0.075,
0.0,-0.026,-0.044,-0.051,0.015,0.085,0.085,-0.025,-0.055,-0.025,
0.0,-0.016,-0.058,-0.033,0.065,0.082,0.023,0.002,0.04,-0.056,
0.0,-0.035,-0.064,0.035,0.02,0.022,-0.025,-0.009,0.016,0.064,
0.0,0.059,-0.043,-0.012,0.036,0.058,0.063,-0.016,0.088,0.154,
0.0,-0.042,-0.009,-0.07,-0.083,-0.004,0.028,-0.002,-0.067,-0.023,
0.0,0.028,0.012,-0.082,0.002,-0.019,-0.028,-0.168,-0.044,-0.105,
0.0,0.033,-0.041,0.032,-0.023,0.073,-0.023,0.083,0.044,-0.091,
0.0,-0.028,0.0,-0.012,0.013,0.02,-0.046,0.0,-0.06,-0.003,
0.0,0.0,0.037,0.003,-0.025,-0.068,0.075,0.008,0.007,-0.068,
0.0,0.005,-0.032,0.042,-0.137,-0.016,-0.038,-0.014,-0.009,-0.092,
0.0,-0.034,0.003,0.043,-0.058,0.035,0.002,0.01,-0.071,-0.003,
0.0,0.056,0.011,-0.011,-0.006,-0.027,0.152,-0.027,0.013,-0.043,
0.0,-0.112,-0.003,0.006,0.006,0.006,0.006,0.006,0.006,0.006,
0.0,-0.005,0.075,0.077,-0.06,-0.096,0.015,-0.01,0.025,0.055,
0.0,-0.044,-0.028,-0.054,-0.051,0.006,0.034,-0.056,-0.034,-0.041,
0.0,-0.028,0.01,0.011,-0.019,-0.113,-0.103,0.024,-0.023,-0.046,
0.0,-0.022,0.021,-0.08,0.102,0.042,-0.08,0.064,-0.099,-0.106,
0.0,0.065,0.119,-0.126,-0.13,-0.068,0.019,0.012,0.108,0.005,
0.0,0.022,0.01,-0.06,-0.014,0.022,0.021,-0.032,0.085,0.08,
0.0,-0.057,-0.034,-0.047,-0.085,0.062,-0.077,0.004,-0.063,0.065,
0.0,0.031,-0.027,-0.027,-0.033,-0.023,0.034,-0.004,-0.019,-0.101,
0.0,-0.065,-0.014,-0.042,0.056,0.017,0.054,0.003,-0.045,-0.018,
0.0,0.005,-0.097,-0.019,-0.025,0.007,0.049,-0.058,-0.043,0.028,
0.0,0.037,-0.075,-0.074,0.093,-0.013,0.096,0.057,-0.09,0.004,
0.0,-0.034,-0.068,-0.022,-0.005,-0.014,0.038,0.034,-0.052,0.024,
0.0,-0.022,0.05,-0.072,-0.022,-0.052,0.047,0.049,0.003,0.067,
0.0,-0.02,0.03,-0.066,-0.013,0.012,0.03,-0.012,0.057,0.024,
0.0,-0.083,-0.086,-0.029,-0.074,0.063,0.037,-0.061,-0.063,0.005,
0.0,-0.027,-0.023,0.041,-0.014,-0.005,-0.012,0.002,0.012,-0.033,
0.0,0.062,-0.087,-0.003,-0.077,0.114,-0.034,-0.068,0.068,0.035,
0.0,-0.006,0.0,-0.017,0.058,-0.009,0.019,0.037,-0.002,0.139,
0.0,0.018,-0.019,-0.018,-0.054,-0.045,-0.002,0.016,0.092,-0.036,
0.0,-0.062,0.068,0.026,0.044,0.113,-0.04,0.045,0.075,0.036,
0.0,0.009,0.094,-0.129,0.03,0.016,0.028,-0.006,0.018,0.05,
0.0,-0.033,-0.042,-0.044,-0.022,0.036,0.025,-0.056,0.04,-0.038,
0.0,0.011,-0.04,0.087,0.009,-0.044,0.0,0.112,-0.1,0.054,
0.0,-0.076,-0.005,0.011,0.016,0.107,0.092,0.101,0.132,0.124,
0.0,0.046,-0.015,0.059,0.076,0.068,0.07,-0.015,0.068,0.033,
0.0,-0.04,-0.101,0.024,-0.04,0.002,0.065,0.035,-0.082,0.023,
0.0,-0.024,-0.029,0.028,0.038,-0.006,0.038,0.0,0.056,0.029,
0.0,-0.053,0.091,0.092,-0.15,0.121,0.081,0.096,-0.043,0.078,
0.0,0.035,0.062,-0.024,0.156,0.108,0.018,-0.048,-0.023,0.093,
0.0,-0.042,-0.005,0.045,-0.009,-0.012,0.002,-0.002,0.023,-0.037,
0.0,-0.027,-0.09,-0.035,0.026,-0.03,0.033,0.038,-0.043,-0.032,
0.0,-0.003,0.022,0.02,0.042,0.052,0.009,0.09,0.065,-0.043,
0.0,-0.039,-0.018,0.005,0.037,-0.012,-0.036,0.06,-0.009,-0.065,
0.0,0.041,-0.057,0.009,-0.006,0.025,-0.034,-0.091,-0.077,0.007,
0.0,0.0,-0.062,-0.034,-0.089,-0.045,-0.03,0.002,0.057,-0.09,
0.0,0.024,-0.012,0.014,0.021,-0.134,-0.019,0.043,-0.105,0.097,
0.0,0.007,-0.008,0.041,-0.071,-0.06,-0.165,0.041,0.117,0.054,
0.0,-0.023,0.061,-0.119,-0.047,-0.066,-0.062,-0.058,-0.024,-0.013,
0.0,-0.087,-0.122,-0.044,0.045,0.1,0.054,0.055,0.058,0.042,
0.0,-0.021,0.04,0.042,0.039,-0.076,-0.14,-0.06,0.059,-0.088,
0.0,-0.009,-0.086,0.039,0.07,-0.019,0.0,-0.096,-0.119,-0.07,
0.0,0.102,-0.044,-0.004,0.07,0.036,-0.08,0.011,-0.069,0.018,
0.0,0.0,0.122,-0.044,-0.04,0.059,0.1,0.071,0.04,-0.074,
0.0,0.058,0.0,-0.008,-0.033,0.036,0.05,0.022,0.039,-0.015,
0.0,0.015,0.056,-0.004,-0.014,0.021,-0.034,0.004,0.012,0.101,
0.0,0.022,-0.16,0.068,-0.06,-0.169,-0.071,0.0,0.084,-0.083,
0.0,-0.006,-0.015,0.069,-0.009,-0.027,-0.005,0.021,-0.026,0.025,
0.0,-0.079,-0.084,0.097,0.03,-0.031,0.059,0.099,-0.056,0.097,
0.0,0.002,0.016,-0.007,0.062,-0.051,0.038,-0.019,-0.009,0.072,
0.0,-0.06,0.016,-0.023,0.031,-0.055,0.03,0.064,0.0,0.075,
0.0,-0.068,-0.054,-0.038,0.002,0.049,0.062,0.081,-0.045,0.011,
0.0,-0.049,-0.026,-0.049,-0.035,-0.077,-0.098,0.01,0.044,0.035,
0.0,-0.079,-0.043,-0.095,0.055,-0.087,0.027,-0.096,-0.083,-0.118,
0.0,0.01,0.02,0.037,0.031,0.01,-0.01,0.0,-0.059,-0.043,
0.0,0.105,0.082,0.012,0.046,0.007,0.03,0.024,0.005,0.084,
0.0,-0.08,0.051,-0.044,0.019,-0.022,-0.035,-0.049,0.065,0.029,
0.0,-0.004,0.01,-0.061,-0.014,-0.004,0.063,-0.088,-0.045,-0.097,
0.0,-0.025,-0.024,0.075,-0.013,-0.02,-0.074,-0.021,-0.063,0.021,
0.0,-0.007,-0.038,0.064,0.002,-0.049,-0.041,0.022,0.023,-0.059,
0.0,-0.005,-0.031,-0.133,0.073,0.034,0.013,-0.015,0.07,-0.002,
0.0,-0.113,-0.192,-0.089,-0.047,-0.042,-0.186,-0.03,-0.075,0.054,
0.0,-0.052,-0.022,-0.038,-0.057,-0.029,0.009,-0.045,-0.028,0.012,
0.0,0.007,0.031,-0.072,-0.047,-0.006,0.006,-0.009,-0.008,0.025,
0.0,0.057,0.098,0.022,-0.036,0.018,0.022,0.091,0.049,-0.009,
0.0,-0.039,0.0,-0.013,0.004,0.002,0.05,-0.004,0.019,0.012,
0.0,-0.002,-0.029,0.015,0.035,-0.022,-0.038,0.0,0.035,0.017,
0.0,-0.041,0.021,-0.01,0.004,0.082,0.05,0.098,-0.028,-0.002,
0.0,0.024,-0.02,-0.01,0.013,-0.075,0.031,-0.021,-0.019,-0.045,
0.0,-0.004,0.079,-0.008,0.022,-0.033,-0.002,0.033,-0.014,0.002,
0.0,0.054,0.079,0.039,0.022,-0.043,0.098,-0.014,-0.049,0.009,
0.0,-0.005,-0.109,-0.012,0.047,-0.042,-0.025,0.036,-0.024,-0.07,
0.0,-0.026,-0.015,-0.012,-0.008,-0.012,0.01,-0.038,-0.018,0.016,
0.004,0.064,-0.025,0.01,-0.025,0.004,0.018,-0.04,-0.055,-0.065,
0.0,0.028,0.111,0.074,-0.037,0.048,-0.066,0.069,0.048,0.022,
0.0,-0.066,0.051,0.016,-0.045,0.082,0.029,-0.047,0.046,-0.047,
0.0,0.009,-0.041,-0.041,0.066,0.0,-0.138,-0.024,0.069,0.062,
0.0,0.102,0.045,-0.019,0.026,-0.029,-0.046,0.012,0.049,-0.135,
0.0,0.019,-0.083,-0.048,0.166,-0.114,-0.116,0.012,-0.023,0.022,
0.0,-0.057,-0.033,0.067,0.031,0.04,-0.027,-0.039,-0.052,-0.002,
0.0,-0.047,0.031,0.096,-0.071,-0.04,0.04,0.02,0.018,-0.099,
0.0,-0.073,-0.046,0.062,0.041,0.024,-0.016,-0.093,-0.002,0.012,
0.0,0.03,0.009,-0.017,0.037,0.03,-0.083,-0.006,-0.098,-0.008,
0.0,-0.042,0.007,0.053,-0.081,-0.024,-0.012,-0.02,-0.039,-0.014,
0.0,-0.043,0.006,0.025,-0.063,0.013,0.04,0.012,0.035,-0.02,
0.0,0.155,-0.052,0.015,0.027,0.087,0.13,-0.101,0.0,0.107,
0.0,-0.029,-0.024,-0.032,-0.035,0.008,-0.078,0.072,-0.078,-0.056,
0.0,0.062,-0.044,-0.065,-0.013,0.024,0.058,-0.067,0.061,0.015,
0.0,0.04,-0.016,-0.022,0.186,0.116,0.307,0.315,0.153,0.072,
0.0,0.026,-0.086,-0.004,0.01,-0.004,-0.073,0.024,-0.033,0.0,
0.0,0.05,-0.015,-0.043,-0.017,0.008,0.037,0.057,0.0,0.045,
0.0,-0.03,-0.039,0.03,0.017,0.062,-0.02,-0.031,0.017,0.052,
0.0,-0.024,-0.026,-0.027,0.082,-0.068,-0.06,0.0,0.012,-0.041,
0.0,-0.039,0.008,-0.066,0.025,0.039,0.002,-0.109,0.053,-0.04,
0.0,-0.067,-0.003,0.086,-0.042,-0.01,-0.043,-0.031,-0.004,0.044,
0.0,0.076,0.072,-0.015,0.098,-0.14,-0.031,-0.11,0.14,-0.146,
0.0,-0.003,-0.071,0.087,0.014,0.031,-0.002,-0.023,-0.05,0.02,
0.0,0.117,-0.091,0.004,-0.028,-0.033,-0.052,-0.019,-0.009,-0.024,
0.0,-0.059,0.017,-0.094,-0.025,-0.017,-0.09,-0.061,0.059,0.002,
0.0,-0.055,-0.044,0.008,0.059,-0.059,0.028,0.036,0.128,0.067,
0.0,-0.107,0.004,-0.121,-0.033,-0.03,-0.13,0.035,0.036,0.0,
0.0,0.017,0.007,-0.08,-0.016,0.035,-0.002,-0.127,0.061,0.119,
0.0,0.119,-0.092,-0.128,-0.171,-0.004,-0.015,0.105,0.176,0.021,
0.0,0.038,-0.044,0.039,0.077,-0.056,-0.006,-0.061,-0.03,-0.002,
0.0,-0.159,-0.005,0.024,-0.214,0.0,0.0,0.0,0.0,0.0,
0.0,0.055,-0.056,0.043,0.045,-0.067,-0.05,0.004,-0.036,-0.027,
0.0,0.076,0.119,0.007,0.194,-0.034,0.066,-0.074,-0.054,0.01,
0.0,0.066,-0.084,0.004,-0.063,0.111,0.036,0.032,-0.048,-0.024,
0.0,-0.029,-0.012,0.048,-0.048,-0.006,-0.009,-0.035,0.027,0.002,
0.0,0.005,0.002,0.014,0.004,-0.079,0.064,-0.033,0.026,-0.046,
0.0,0.015,-0.064,0.009,-0.094,0.013,0.057,0.093,-0.013,0.065,
0.0,0.042,0.038,-0.007,0.072,-0.149,0.097,0.072,-0.015,0.166,
0.0,0.029,-0.007,-0.077,-0.107,-0.109,-0.018,-0.014,0.076,-0.012,
0.0,-0.044,-0.068,-0.082,0.016,0.0,-0.11,-0.007,0.074,-0.007,
0.0,-0.039,-0.057,-0.047,0.025,-0.094,-0.02,-0.071,0.056,0.17,
0.0,-0.046,0.047,-0.004,0.079,-0.021,-0.021,-0.059,0.023,-0.002,
0.0,-0.053,0.063,0.06,0.01,0.057,-0.01,-0.061,0.033,0.07,
0.0,-0.029,-0.079,-0.029,-0.035,-0.02,0.019,-0.036,-0.011,0.029,
0.0,0.065,-0.045,0.027,-0.111,-0.002,-0.005,-0.044,-0.024,-0.054,
0.0,0.026,0.093,0.015,0.116,-0.053,-0.013,-0.035,-0.048,-0.006,
0.0,0.108,-0.08,-0.024,-0.121,0.073,0.019,-0.03,0.11,-0.006,
0.0,-0.156,-0.184,-0.067,-0.106,-0.027,0.004,0.112,0.084,-0.031,
0.0,-0.098,-0.007,0.026,-0.026,0.047,-0.051,-0.062,-0.043,-0.105,
0.0,0.046,0.002,0.087,-0.026,-0.046,0.034,-0.017,-0.007,-0.01,
0.0,-0.077,-0.015,0.061,-0.027,-0.014,-0.08,-0.11,-0.047,-0.048,
0.0,-0.131,-0.06,-0.253,-0.041,0.042,-0.098,-0.134,-0.022,0.081,
0.0,-0.025,0.071,-0.057,-0.01,-0.014,-0.033,-0.023,0.01,-0.069,
0.0,-0.051,-0.069,0.044,-0.106,0.074,0.016,0.052,-0.05,-0.095,
0.0,-0.061,-0.173,-0.072,-0.035,-0.093,0.026,-0.068,-0.032,-0.077,
0.0,-0.011,-0.044,0.04,-0.006,-0.052,-0.075,0.03,-0.019,0.045,
0.0,0.004,0.098,0.127,0.008,-0.194,-0.12,-0.052,-0.099,-0.034,
0.0,0.07,0.039,0.066,-0.078,0.028,-0.017,0.052,-0.036,-0.047,
0.0,0.014,0.11,0.019,0.076,0.047,0.014,-0.01,0.022,0.084,
0.0,-0.011,-0.027,0.031,-0.012,0.035,-0.052,0.105,0.029,0.006,
0.0,-0.039,-0.057,-0.022,-0.004,-0.099,0.002,0.004,0.009,-0.009,
0.0,0.005,-0.051,0.022,-0.074,0.032,0.063,0.015,-0.02,-0.01,
0.0,0.017,0.048,-0.047,0.055,0.011,-0.021,-0.005,-0.006,0.004,
0.0,-0.062,-0.064,-0.062,-0.037,-0.043,0.009,-0.004,-0.025,-0.148,
0.0,0.055,-0.053,-0.078,-0.064,-0.077,0.081,0.097,0.084,-0.099,
0.0,0.041,-0.061,-0.01,-0.106,0.04,-0.016,-0.012,0.016,0.006,
0.0,-0.023,-0.005,0.087,-0.037,0.048,0.127,0.016,0.006,0.071,
0.0,-0.039,0.021,0.034,0.012,-0.048,0.056,0.047,0.018,-0.038,
0.0,-0.002,0.095,-0.066,-0.048,0.078,0.023,0.0,-0.009,-0.024,
0.0,-0.075,-0.002,-0.045,-0.199,0.005,-0.188,-0.045,0.057,-0.111,
0.0,-0.003,-0.069,0.048,-0.009,0.013,0.005,-0.042,-0.082,0.056,
0.0,0.0,0.011,0.041,-0.013,0.11,-0.004,-0.032,0.024,-0.044,
0.0,0.019,0.009,0.019,-0.038,-0.021,-0.049,0.066,-0.04,-0.029,
0.0,-0.045,0.05,-0.013,0.01,-0.065,-0.026,0.008,0.009,-0.073,
0.0,-0.053,0.057,-0.004,0.021,0.057,0.095,-0.043,-0.037,-0.021,
0.0,-0.034,0.085,-0.06,0.009,-0.062,-0.163,0.052,0.014,-0.078,
0.0,-0.014,0.037,0.02,-0.049,0.021,0.021,0.121,0.039,0.029,
0.0,0.015,-0.041,0.036,0.023,-0.063,-0.062,-0.094,0.023,-0.028,
0.0,0.056,-0.021,-0.029,0.078,0.012,-0.054,-0.077,0.026,-0.026,
0.0,-0.06,0.075,-0.014,-0.11,-0.116,-0.159,0.004,0.004,0.1,
0.0,0.023,-0.08,-0.06,-0.005,-0.19,-0.077,-0.165,0.085,0.031,
0.0,-0.075,-0.062,0.05,0.041,-0.053,-0.025,-0.01,-0.051,-0.021,
0.0,0.019,-0.009,0.005,-0.046,0.068,0.081,0.016,0.112,-0.042,
0.0,0.024,0.022,-0.014,0.038,0.038,0.03,-0.039,0.025,-0.007,
0.0,-0.032,0.096,-0.028,-0.025,0.002,-0.045,-0.035,-0.066,0.03,
0.0,0.057,0.082,-0.085,-0.034,0.102,0.075,-0.024,0.086,0.071,
0.0,-0.02,-0.075,-0.075,0.019,0.002,0.032,0.0,0.048,0.076,
0.0,-0.061,0.087,0.048,-0.047,0.026,-0.069,-0.047,-0.023,-0.02,
0.0,-0.073,-0.032,-0.029,-0.089,-0.112,-0.061,0.008,-0.057,0.034,
0.0,-0.026,0.013,-0.076,0.011,-0.002,0.067,-0.024,-0.013,-0.023,
0.0,0.024,0.044,0.008,-0.03,-0.083,0.041,0.011,-0.022,0.067,
0.0,-0.002,0.016,-0.04,0.019,-0.157,0.206,-0.106,-0.078,-0.016,
0.0,0.113,-0.008,0.007,-0.052,-0.09,0.07,0.075,0.069,0.06,
0.0,-0.1,-0.098,0.024,0.019,-0.014,-0.01,0.048,0.0,0.026,
0.0,-0.014,-0.055,0.048,0.062,-0.064,-0.022,-0.069,0.064,0.068,
0.0,-0.08,-0.078,-0.023,-0.026,-0.02,-0.069,-0.033,-0.058,-0.07,
0.0,0.077,-0.055,0.023,0.031,-0.017,0.061,0.059,0.017,0.018,
0.0,-0.014,0.143,0.033,0.154,0.075,0.073,0.145,0.053,0.004,
0.0,-0.01,0.11,-0.042,-0.021,0.002,-0.023,-0.035,-0.006,0.052,
0.0,0.034,0.05,-0.004,0.026,0.053,0.068,-0.012,-0.032,0.052,
0.0,-0.114,-0.146,0.069,-0.021,-0.005,0.069,-0.22,0.053,0.002,
0.0,-0.152,-0.077,-0.097,-0.008,0.0,-0.115,-0.019,0.003,0.006,
0.0,0.008,-0.146,0.009,0.042,0.084,0.066,0.018,-0.077,-0.011,
0.0,-0.046,-0.044,0.01,0.038,0.004,0.084,0.065,0.041,0.066,
0.0,0.011,-0.255,-0.244,-0.222,-0.256,-0.288,-0.133,-0.222,-0.004,
0.0,-0.034,-0.027,0.023,0.029,0.019,-0.056,-0.1,-0.093,-0.012,
0.0,-0.009,0.002,0.002,-0.084,0.009,-0.024,0.021,-0.024,0.013,
0.0,-0.022,0.005,-0.027,-0.006,-0.023,-0.014,-0.023,0.012,-0.064,
0.0,0.005,0.064,0.019,-0.043,-0.012,-0.054,0.041,0.087,0.103,
0.0,-0.021,-0.013,0.026,0.043,0.02,-0.004,0.011,0.049,-0.046,
0.0,-0.025,0.065,-0.025,-0.107,-0.023,-0.058,-0.02,-0.045,-0.006,
0.0,0.054,-0.051,-0.046,0.007,0.033,0.015,0.061,-0.086,-0.048,
0.0,-0.036,-0.059,0.047,-0.039,-0.068,0.048,-0.089,-0.081,-0.006,
0.0,0.029,-0.038,0.033,-0.008,0.026,0.02,-0.004,0.019,0.07,
0.0,-0.057,0.037,0.004,-0.051,-0.073,0.002,0.014,0.041,-0.017,
0.0,-0.145,-0.182,-0.015,-0.081,-0.045,-0.017,0.0,0.196,0.055,
0.0,-0.032,-0.024,0.008,0.05,0.006,-0.004,0.01,0.02,0.043,
0.0,0.047,0.125,0.069,0.099,0.105,0.011,-0.025,0.032,-0.063,
0.0,-0.105,0.008,-0.036,-0.084,0.026,-0.092,-0.023,-0.015,-0.09,
0.0,-0.012,-0.024,0.028,0.016,0.01,-0.052,-0.028,0.03,0.015,
0.0,-0.042,-0.012,-0.089,-0.059,-0.038,0.006,0.044,-0.063,-0.015,
0.0,-0.009,0.008,0.092,-0.046,0.091,0.018,-0.024,0.004,0.044,
0.0,-0.058,0.032,0.06,-0.017,-0.042,-0.063,-0.026,0.007,0.053,
0.0,0.044,0.067,-0.011,-0.089,-0.023,-0.048,-0.017,-0.045,-0.006,
0.0,0.017,-0.03,-0.03,-0.013,0.025,-0.004,-0.047,0.032,0.046,
0.0,-0.084,0.021,0.129,0.006,-0.012,-0.039,-0.064,0.107,0.119,
0.0,-0.071,-0.124,-0.052,-0.036,0.05,0.028,-0.002,-0.021,0.057,
0.0,0.032,0.02,0.009,0.075,0.03,0.064,0.021,-0.03,0.02,
0.0,-0.071,-0.109,0.019,0.047,-0.049,-0.123,-0.051,-0.124,0.028,
0.0,-0.019,0.047,0.024,0.022,-0.004,0.052,-0.054,-0.008,0.017,
0.0,-0.053,-0.038,0.022,0.063,0.052,-0.09,-0.043,-0.004,-0.025,
0.0,-0.024,0.005,0.0,-0.024,-0.063,-0.089,0.04,-0.032,0.103,
0.0,-0.015,0.006,-0.033,0.031,-0.049,-0.106,0.022,-0.056,-0.028,
0.0,0.074,0.023,-0.013,-0.05,-0.056,0.024,0.019,0.022,0.048,
0.0,-0.079,-0.01,0.022,-0.068,0.067,0.066,-0.006,0.017,-0.064,
0.0,0.01,0.0,0.051,0.089,-0.014,-0.002,0.022,0.067,0.069,
0.0,-0.042,-0.028,0.053,-0.085,-0.02,-0.034,-0.1,-0.052,-0.065,
0.0,-0.035,0.043,-0.025,0.017,0.0,0.022,0.015,0.02,0.011,
0.0,0.075,0.085,-0.022,0.06,-0.089,0.093,0.033,0.058,-0.042,
0.0,0.083,0.075,0.003,0.16,0.06,0.016,-0.098,-0.114,-0.152,
0.0,0.057,0.025,-0.048,-0.063,-0.049,-0.013,0.124,0.024,-0.039,
0.0,0.002,0.05,-0.028,-0.034,-0.044,-0.113,0.074,0.021,-0.031,
0.0,-0.007,-0.051,0.035,-0.069,-0.035,-0.036,0.038,-0.037,-0.064,
0.0,-0.03,-0.026,-0.028,-0.052,0.084,-0.01,-0.063,0.004,-0.05,
0.0,-0.042,-0.003,0.0,-0.026,-0.038,0.039,-0.095,-0.023,-0.033,
0.0,0.008,0.045,0.153,-0.014,0.063,-0.027,-0.06,-0.145,-0.136,
0.0,-0.038,-0.103,-0.087,-0.018,0.032,0.038,0.108,-0.008,-0.021,
0.0,-0.05,-0.056,-0.053,-0.009,0.012,-0.037,-0.072,0.031,-0.028,
0.0,0.07,0.098,-0.179,-0.031,-0.015,-0.031,0.031,-0.057,-0.02,
0.0,0.002,-0.002,0.115,0.116,0.105,0.045,0.276,-0.008,-0.063,
0.0,0.016,0.028,0.049,-0.053,-0.071,-0.012,-0.026,0.008,0.008,
0.0,0.04,0.085,-0.031,-0.087,-0.175,0.063,-0.034,-0.061,0.096,
0.0,0.002,-0.086,-0.021,-0.127,-0.023,0.083,-0.011,0.013,-0.071,
0.0,0.095,-0.044,-0.08,0.081,-0.041,0.098,0.011,-0.035,-0.062,
0.0,-0.034,-0.046,-0.057,-0.038,0.008,-0.059,0.036,-0.025,0.041,
0.0,0.011,-0.044,0.018,0.046,-0.028,0.017,0.017,-0.035,-0.065,
0.0,0.005,0.061,-0.039,0.049,0.03,-0.033,0.063,0.038,0.006,
0.0,-0.045,0.019,0.046,-0.022,-0.034,-0.004,-0.082,-0.007,0.068,
0.0,-0.063,-0.117,0.002,0.018,0.043,0.05,-0.058,-0.034,-0.023,
0.0,-0.121,-0.078,0.128,0.02,-0.113,-0.07,0.043,-0.049,-0.063,
0.0,0.148,0.063,-0.043,-0.064,0.026,0.124,0.062,-0.074,0.046,
0.0,0.021,-0.029,0.004,0.073,-0.015,-0.046,0.011,-0.002,-0.024,
0.0,-0.069,-0.043,0.113,0.055,0.113,-0.108,0.01,-0.028,-0.085,
0.0,0.05,-0.016,0.0,0.017,-0.099,0.141,0.051,-0.02,-0.133,
0.0,-0.036,0.004,-0.008,-0.021,0.025,-0.073,-0.016,0.039,-0.014,
0.0,0.022,-0.138,0.174,0.155,0.04,0.0,0.024,-0.025,0.111,
0.0,0.074,0.027,-0.069,0.108,-0.056,0.025,0.093,0.128,0.096,
0.0,0.053,-0.044,-0.057,-0.031,0.114,0.04,-0.053,-0.01,0.037,
0.0,0.029,0.015,-0.043,0.036,-0.082,-0.06,0.084,-0.014,0.056,
0.0,-0.087,-0.028,-0.016,0.004,-0.076,-0.032,-0.037,0.037,0.041,
0.0,0.031,0.027,-0.045,0.006,-0.072,-0.07,-0.121,-0.054,0.004,
0.0,0.03,-0.027,0.003,0.047,0.03,-0.012,-0.043,-0.005,0.053,
0.0,-0.014,-0.126,-0.023,-0.05,-0.07,-0.05,-0.034,-0.107,-0.133,
0.0,-0.072,0.047,0.072,0.022,0.052,-0.02,-0.033,-0.055,0.046,
0.0,0.041,-0.026,0.002,-0.038,-0.053,-0.021,0.0,0.022,-0.002,
0.0,0.079,-0.039,-0.043,0.071,-0.008,0.109,-0.016,0.088,0.161,
0.0,0.0,-0.013,-0.039,0.028,-0.055,0.014,-0.006,0.047,-0.022,
0.0,-0.006,-0.048,-0.015,0.017,-0.028,0.031,-0.038,-0.016,0.023,
0.0,0.015,0.017,-0.019,-0.105,0.007,-0.105,0.032,-0.095,-0.015,
0.0,-0.022,-0.076,0.091,0.098,0.0,-0.013,0.023,-0.029,-0.088,
0.0,-0.091,-0.004,0.014,-0.055,0.046,0.004,0.02,0.022,-0.043,
0.0,0.065,-0.003,-0.044,-0.06,-0.095,-0.062,-0.104,-0.109,-0.102,
0.0,-0.174,0.07,-0.195,0.091,0.025,-0.1,-0.127,-0.082,-0.102,
0.0,-0.014,-0.04,0.013,-0.073,-0.009,0.043,-0.048,-0.026,0.074,
0.0,-0.024,0.007,0.057,0.056,0.064,0.102,0.008,-0.019,0.046,
0.0,-0.006,-0.007,0.007,-0.026,-0.016,-0.004,0.026,0.053,0.061,
0.0,0.018,-0.022,-0.007,-0.005,0.036,0.01,0.019,0.038,0.005,
0.0,-0.02,-0.065,-0.119,0.045,-0.01,-0.025,0.007,0.048,0.032,
0.0,0.037,0.026,-0.08,0.002,-0.048,0.017,0.004,-0.012,0.019,
0.0,0.007,-0.017,0.002,0.073,-0.015,0.031,-0.02,-0.025,-0.013,
0.0,-0.049,0.037,-0.076,-0.082,-0.064,-0.044,0.033,0.08,0.1,
0.0,0.009,-0.002,0.035,0.069,-0.066,-0.131,-0.016,0.03,-0.095,
0.0,0.017,0.008,-0.029,-0.024,0.004,0.034,-0.014,-0.098,-0.029,
0.0,0.049,-0.066,0.011,-0.052,0.014,0.027,-0.058,0.002,-0.019,
0.0,-0.007,0.04,0.052,-0.091,-0.038,-0.021,-0.049,-0.013,-0.049,
0.0,0.039,-0.078,-0.044,-0.057,-0.004,-0.01,-0.024,-0.043,-0.016,
0.0,-0.024,0.086,0.071,-0.042,0.074,-0.044,-0.013,-0.089,0.002,
0.0,0.058,-0.038,-0.028,-0.043,-0.094,0.023,0.051,-0.016,0.05,
0.0,0.009,-0.075,-0.038,-0.061,-0.007,0.065,-0.026,-0.02,-0.076,
0.0,-0.002,0.117,0.065,0.016,0.063,-0.029,-0.023,0.037,-0.04,
0.0,0.008,-0.076,-0.028,-0.037,-0.046,-0.007,0.054,0.007,0.097,
0.0,-0.035,0.036,0.018,-0.02,-0.177,-0.078,-0.04,-0.022,-0.002,
0.0,0.038,-0.049,0.029,-0.017,0.05,0.072,-0.01,-0.002,-0.061,
0.0,-0.041,0.031,-0.056,-0.031,-0.026,0.04,-0.023,0.016,0.002,
0.0,0.025,-0.091,0.047,0.052,0.064,-0.02,0.041,-0.004,-0.04,
0.0,0.053,0.084,0.128,-0.071,-0.043,0.058,0.033,-0.062,0.019,
0.0,0.031,0.09,0.193,0.034,0.0,0.022,0.194,0.237,0.131,
0.0,-0.032,-0.034,0.126,0.023,-0.117,0.067,0.054,0.029,-0.08,
0.0,0.024,-0.008,0.023,-0.009,0.027,-0.12,-0.055,0.038,-0.025,
0.0,0.013,-0.032,0.0,0.024,-0.034,-0.019,0.031,0.002,0.042,
0.0,-0.04,-0.039,0.027,-0.119,-0.03,0.121,0.081,-0.017,-0.057,


