0.0,0.0,0.0,-0.002,-0.001,-0.001,-0.001,-0.001,-0.001,-0.001,
0.0,-0.151,-0.008,-0.012,-0.012,-0.012,-0.012,-0.012,-0.012,-0.012,
0.0,0.0,-0.149,-0.061,-0.062,0.006,0.008,0.008,-0.024,0.009,
0.0,-0.119,-0.113,-0.163,0.015,-0.2,-0.087,-0.155,-0.052,-0.135,
0.0,-0.221,-0.189,-0.206,-0.239,-0.106,0.039,-0.267,0.053,-0.038,
0.0,-0.067,-0.247,0.044,-0.005,0.071,-0.006,0.071,-0.005,-0.002,
0.0,-0.084,0.152,-0.052,0.055,-0.188,-0.07,-0.019,-0.022,-0.113,
0.0,0.0,0.0,0.0,0.0,0.0,0.0,0.0,0.0,0.0,
0.0,-0.009,-0.268,-0.343,-0.193,-0.203,-0.173,-0.176,-0.339,-0.018,
0.0,-0.106,-0.172,-0.182,-0.023,0.105,-0.177,-0.108,-0.064,0.206,
0.0,-0.049,0.016,0.018,0.077,0.15,0.059,0.056,0.022,0.001,
0.0,0.0,0.0,0.0,0.0,0.0,0.0,0.0,0.0,0.0,
0.0,-0.047,-0.147,-0.009,0.058,0.01,-0.064,-0.015,-0.019,0.0,
0.0,0.0,-0.182,0.063,-0.191,-0.134,-0.04,-0.128,-0.084,-0.1,
0.0,-0.149,-0.177,-0.298,-0.281,-0.264,-0.212,-0.152,-0.301,-0.147,
0.0,0.0,0.0,0.008,0.079,0.018,0.012,0.011,0.011,0.011,
0.0,-0.217,0.178,0.064,-0.182,-0.234,-0.169,0.128,0.139,-0.091,
0.0,0.011,-0.131,-0.1,-0.041,-0.115,-0.099,-0.275,0.076,0.038,
0.0,-0.177,-0.016,0.092,-0.204,-0.204,0.026,0.236,0.121,-0.13,
0.0,0.0,-0.272,-0.2,-0.148,-0.423,-0.289,-0.147,-0.232,-0.021,
0.0,0.0,-0.299,-0.138,-0.173,-0.291,-0.182,-0.145,-0.141,-0.032,
0.0,-0.138,-0.282,-0.141,-0.351,-0.136,-0.196,-0.211,-0.133,-0.229,
0.0,-0.121,0.205,0.0,0.0,0.0,-0.128,-0.072,-0.216,-0.004,
0.0,0.0,0.0,0.0,0.0,0.0,0.0,0.0,0.0,0.0,
0.0,-0.026,-0.056,-0.125,0.011,0.238,0.045,0.15,0.017,0.179,
0.0,-0.01,-0.071,0.127,0.1,-0.146,-0.232,-0.114,0.263,0.041,
0.0,-0.187,-0.175,-0.19,-0.332,-0.099,-0.164,-0.213,-0.185,-0.144,
0.0,-0.072,-0.094,-0.262,-0.204,-0.077,-0.209,-0.191,-0.218,-0.047,
0.0,-0.041,0.014,0.157,-0.159,-0.022,0.058,0.006,-0.234,-0.204,
0.0,-0.185,-0.197,-0.008,-0.214,-0.049,0.015,-0.188,-0.142,-0.201,
0.0,-0.193,-0.162,-0.261,-0.241,-0.218,-0.367,-0.305,-0.414,-0.392,
0.0,0.0,0.0,0.0,-0.392,-0.173,-0.235,-0.065,-0.012,-0.068,
0.0,-0.153,-0.042,-0.158,-0.098,0.015,0.118,-0.141,-0.088,-0.011,
0.0,-0.142,-0.312,-0.081,0.028,0.074,-0.048,-0.033,0.001,0.004,
0.0,-0.132,-0.125,-0.088,-0.184,-0.093,-0.18,-0.195,-0.033,-0.089,
0.0,-0.066,-0.286,-0.1,-0.004,-0.013,-0.003,-0.001,-0.002,-0.002,
0.0,-0.003,-0.081,-0.147,0.114,-0.012,0.044,0.252,0.188,0.18,
0.0,-0.063,-0.286,-0.23,-0.312,-0.099,-0.213,-0.111,-0.01,-0.13,
0.0,-0.043,-0.215,-0.002,-0.279,-0.215,-0.109,-0.099,-0.049,-0.132,
0.0,0.0,-0.209,-0.111,-0.328,0.066,-0.069,-0.229,-0.091,-0.282,
0.0,0.0,-0.09,-0.244,0.18,-0.007,-0.011,-0.005,0.0,0.001,
0.0,0.0,0.0,0.0,0.0,0.0,0.0,0.0,0.0,0.0,
0.0,-0.112,-0.205,-0.237,-0.246,-0.227,-0.107,0.15,-0.135,-0.224,
0.0,0.0,-0.012,-0.002,0.0,0.0,-0.104,-0.097,0.001,0.002,
0.0,0.0,0.0,0.0,0.0,0.0,0.0,0.0,0.0,0.0,
0.0,-0.153,-0.254,-0.135,-0.127,-0.279,-0.132,-0.028,-0.236,-0.104,
0.0,0.0,0.0,0.0,0.0,0.0,0.0,0.0,0.0,0.0,
0.0,-0.143,0.038,0.011,-0.098,-0.164,-0.139,-0.072,-0.274,-0.219,
0.0,0.0,-0.177,-0.071,-0.099,-0.082,-0.004,-0.004,-0.004,-0.004,
0.0,-0.189,-0.039,-0.216,-0.296,-0.025,-0.232,0.008,0.009,0.01,
0.0,-0.141,-0.262,0.06,0.199,0.152,0.095,0.183,0.163,0.066,
0.0,0.0,-0.044,-0.032,-0.005,-0.023,-0.225,-0.287,-0.023,-0.178,
0.0,-0.045,-0.172,-0.26,-0.067,-0.158,-0.042,-0.111,-0.181,-0.17,
0.0,0.0,0.0,0.0,0.0,0.0,0.0,0.0,0.0,0.0,
0.0,-0.073,-0.012,-0.007,-0.007,-0.007,-0.007,-0.007,-0.007,-0.007,
0.0,-0.058,-0.066,-0.225,-0.157,-0.309,-0.114,0.006,-0.287,-0.299,
0.0,0.0,-0.042,-0.238,-0.201,-0.173,-0.018,-0.17,-0.029,-0.172,
0.0,0.112,-0.139,-0.066,0.058,-0.067,0.117,-0.157,0.02,0.008,
0.0,0.0,-0.229,-0.324,-0.287,-0.09,-0.212,-0.221,-0.33,-0.308,
0.0,-0.02,-0.053,-0.01,-0.204,-0.033,-0.143,0.078,-0.009,-0.035,
0.0,-0.098,-0.002,0.038,-0.367,-0.356,-0.181,-0.227,-0.163,-0.236,
0.0,0.0,0.0,0.0,0.0,0.0,0.0,0.0,0.0,0.0,
0.0,-0.119,-0.295,-0.11,-0.259,-0.31,-0.069,-0.08,-0.088,-0.011,
0.0,0.0,0.0,0.0,0.0,0.0,0.0,0.0,0.0,0.0,
0.0,0.0,0.0,0.0,0.0,0.0,0.0,0.0,0.0,0.0,
0.0,0.004,0.037,-0.326,-0.136,-0.016,0.005,0.001,0.0,0.001,
0.0,-0.14,-0.243,-0.201,-0.212,-0.114,-0.113,-0.074,-0.059,-0.129,
0.0,0.005,-0.138,-0.052,-0.204,-0.244,-0.231,-0.344,-0.245,-0.057,
0.0,0.0,0.0,0.0,0.0,0.0,0.0,0.0,0.0,0.0,
0.0,-0.252,0.075,-0.105,-0.016,-0.134,0.206,0.032,-0.067,-0.13,
0.0,-0.082,-0.124,-0.121,-0.303,-0.143,-0.196,0.065,-0.073,-0.125,
0.0,-0.195,-0.194,-0.259,-0.045,-0.049,-0.098,-0.138,-0.078,-0.124,
0.0,0.0,0.065,0.14,0.119,-0.007,-0.134,-0.082,-0.013,-0.013,
0.0,0.0,-0.18,-0.134,-0.034,0.015,0.015,0.015,-0.295,0.011,
0.0,-0.106,-0.171,-0.322,-0.194,-0.177,-0.158,0.042,-0.25,-0.141,
0.0,0.0,0.0,0.255,-0.026,-0.046,-0.01,-0.01,-0.01,-0.01,
0.0,-0.335,-0.187,-0.292,-0.301,-0.222,-0.316,-0.132,-0.319,-0.31,
0.0,0.0,-0.023,-0.245,-0.283,-0.068,-0.061,0.125,0.214,-0.02,
0.0,0.012,-0.145,-0.138,-0.133,0.015,0.132,0.01,0.047,0.003,
0.0,-0.109,0.047,-0.152,0.011,0.002,0.001,0.002,0.002,0.002,
0.0,0.0,0.177,0.074,0.144,0.103,0.057,0.034,0.081,0.076,
0.0,0.0,0.0,0.0,0.0,0.0,0.0,0.0,0.0,0.0,
0.0,-0.059,-0.148,-0.054,-0.05,-0.194,-0.089,-0.118,-0.141,-0.17,
0.0,-0.077,0.11,0.095,-0.195,0.087,0.158,-0.066,-0.132,0.09,
0.0,0.0,0.0,0.0,0.0,0.0,0.0,0.0,0.0,0.0,
0.0,0.0,0.007,0.268,0.115,0.289,0.336,0.187,0.252,0.027,
0.0,-0.055,-0.164,-0.264,-0.051,0.223,0.055,0.001,0.033,0.01,
0.0,0.0,0.0,0.0,-0.151,-0.081,-0.012,0.004,0.055,0.125,
0.0,0.001,-0.231,0.106,-0.078,-0.131,-0.058,-0.086,-0.004,-0.032,
0.0,-0.008,-0.082,-0.094,0.012,0.151,-0.223,-0.022,-0.287,-0.052,
0.0,-0.105,-0.298,-0.029,-0.146,-0.187,0.041,0.071,-0.086,-0.051,
0.0,-0.168,0.038,0.073,-0.005,-0.181,-0.105,-0.066,-0.102,-0.086,
0.0,-0.148,-0.015,-0.067,-0.282,-0.115,-0.133,-0.2,-0.076,0.076,
0.0,-0.084,-0.1,-0.123,-0.248,-0.247,-0.049,-0.199,-0.196,-0.071,
0.0,-0.044,-0.222,-0.216,-0.281,-0.158,0.088,-0.271,-0.26,-0.303,
0.0,-0.236,-0.174,0.04,-0.281,-0.096,0.106,-0.114,-0.021,-0.008,
0.0,-0.117,0.007,-0.243,-0.114,0.002,0.003,-0.001,-0.058,0.001,
0.0,-0.209,-0.242,-0.248,-0.135,-0.091,-0.054,-0.005,-0.007,-0.005,
0.0,0.035,0.045,0.179,0.131,0.082,0.229,0.079,0.085,0.076,
0.0,-0.108,-0.052,-0.024,-0.224,-0.122,0.01,-0.141,-0.059,0.001,
0.0,-0.128,-0.047,-0.102,-0.141,-0.279,-0.299,-0.251,-0.127,-0.182,
0.0,0.004,-0.126,-0.175,-0.003,-0.006,-0.004,-0.004,-0.004,-0.004,
0.0,0.0,0.0,0.0,0.0,0.0,0.0,0.0,0.0,0.0,
0.0,-0.03,0.108,-0.141,-0.176,-0.175,-0.012,-0.255,-0.112,-0.17,
0.0,-0.224,-0.021,0.204,0.005,0.007,0.044,0.103,0.157,0.058,
0.0,0.0,0.0,0.0,0.0,0.0,0.0,0.0,0.0,0.0,
0.0,-0.081,-0.018,-0.229,-0.185,-0.049,-0.046,-0.176,-0.094,-0.227,
0.0,-0.007,-0.184,-0.052,-0.129,-0.071,-0.066,-0.269,-0.187,-0.108,
0.0,-0.084,-0.155,-0.2,0.031,0.027,-0.033,0.147,0.009,0.014,
0.0,0.0,-0.373,-0.29,-0.289,-0.232,0.002,0.03,0.03,0.03,
0.0,0.0,-0.206,-0.184,-0.274,-0.176,-0.054,-0.12,-0.3,-0.287,
0.0,0.0,0.0,0.0,-0.246,-0.224,-0.31,-0.175,-0.125,-0.306,
0.0,-0.105,-0.095,0.029,-0.149,0.167,0.065,0.09,-0.027,-0.025,
0.0,-0.123,-0.209,-0.258,-0.275,-0.281,-0.275,-0.233,-0.1,-0.091,
0.0,0.0,0.0,0.0,0.0,0.0,0.0,0.0,0.0,0.0,
0.0,-0.277,-0.172,0.038,-0.132,-0.158,-0.013,-0.012,-0.012,-0.012,
0.0,0.0,-0.07,-0.025,0.128,-0.156,-0.054,0.274,0.013,0.329,
0.0,-0.058,-0.108,-0.237,-0.261,-0.304,-0.247,-0.239,-0.307,0.039,
0.0,0.0,0.001,0.001,0.001,0.001,0.0,0.0,0.0,0.0,
0.0,-0.016,0.041,-0.093,0.045,-0.19,-0.193,-0.064,-0.078,-0.13,
0.0,0.0,0.0,0.0,0.0,0.0,0.0,0.0,0.0,0.0,
0.0,0.0,0.001,0.0,0.0,0.0,0.0,0.0,0.0,0.0,
0.0,-0.235,-0.277,-0.265,-0.37,-0.109,-0.052,-0.234,-0.194,-0.239,
0.0,-0.098,0.04,-0.134,-0.005,-0.07,0.031,0.098,0.159,0.078,
0.0,0.0,-0.123,0.136,0.0,0.0,0.0,-0.115,0.0,0.0,
0.0,0.013,-0.046,-0.246,-0.144,-0.11,-0.29,-0.019,0.005,0.006,
0.0,0.0,0.0,0.0,0.0,0.0,0.0,0.0,0.0,0.0,
0.0,-0.133,-0.003,-0.01,0.263,0.135,0.01,0.077,0.033,0.119,
0.0,0.0,0.0,0.0,0.0,0.0,0.0,0.0,0.0,0.0,
0.0,0.011,-0.087,-0.146,0.033,-0.223,0.07,-0.014,0.02,0.079,
0.0,-0.161,-0.06,-0.108,-0.171,-0.098,-0.218,-0.175,-0.06,-0.186,
0.0,-0.131,0.078,-0.169,-0.131,-0.153,-0.171,-0.196,0.057,-0.19,
0.0,0.044,0.169,0.038,-0.146,-0.01,0.004,-0.147,-0.211,-0.045,
0.0,0.034,-0.018,-0.182,-0.156,-0.218,-0.056,-0.122,-0.071,-0.031,
0.0,-0.09,-0.1,-0.104,-0.079,-0.023,0.26,0.12,0.203,0.273,
0.0,0.093,-0.049,-0.01,-0.007,-0.183,-0.298,-0.311,-0.156,-0.233,
0.0,-0.197,-0.297,-0.165,-0.202,-0.23,-0.191,-0.306,-0.191,-0.313,
0.0,-0.17,-0.204,-0.182,-0.243,-0.156,-0.179,-0.001,-0.103,-0.234,
0.0,-0.189,-0.06,0.084,-0.114,-0.075,-0.067,-0.023,0.02,0.018,
0.0,-0.084,-0.112,0.029,-0.188,0.049,-0.04,-0.047,-0.002,-0.067,
0.0,-0.153,0.076,-0.185,0.127,-0.042,-0.031,0.048,-0.034,-0.136,
0.0,-0.0,0.211,-0.047,0.187,0.041,-0.041,-0.201,0.115,0.169,
0.0,0.0,-0.105,-0.029,-0.33,-0.254,-0.233,-0.262,-0.386,-0.341,
0.0,0.0,-0.234,-0.251,-0.26,-0.331,-0.125,-0.303,-0.168,-0.241,
0.0,-0.199,-0.168,-0.068,-0.248,-0.055,-0.015,-0.178,-0.188,-0.112,
0.0,-0.049,-0.138,-0.148,0.011,-0.183,-0.052,-0.045,-0.186,-0.228,
0.0,-0.16,-0.039,0.128,-0.097,-0.049,-0.055,-0.247,-0.263,0.013,
0.0,-0.113,-0.182,-0.253,-0.224,-0.142,-0.25,-0.2,-0.218,-0.015,
0.0,0.0,0.0,0.0,0.0,0.0,0.0,0.0,0.0,0.0,
0.0,-0.127,-0.26,-0.262,-0.121,-0.245,-0.144,-0.227,-0.027,-0.045,
0.0,0.0,0.0,0.0,0.0,0.0,0.0,0.0,0.0,0.0,
0.0,-0.268,-0.158,-0.132,-0.085,-0.187,-0.155,-0.22,-0.186,-0.12,
0.0,-0.142,-0.196,-0.221,-0.043,-0.258,-0.068,-0.036,-0.03,-0.012,
0.0,-0.154,-0.077,-0.143,-0.222,-0.193,-0.187,-0.1,-0.124,-0.131,
0.0,0.0,-0.266,-0.367,-0.391,-0.292,-0.402,-0.264,-0.224,-0.379,
0.0,-0.097,0.031,-0.107,-0.064,-0.068,0.053,0.058,0.019,0.082,
0.0,-0.18,0.024,-0.035,0.02,-0.039,-0.178,-0.087,0.115,0.023,
0.0,0.0,0.041,0.145,0.266,0.03,-0.019,0.001,0.291,-0.015,
0.0,-0.104,-0.02,-0.008,0.004,0.005,0.005,0.005,0.005,0.005,
0.0,-0.086,0.076,-0.096,-0.001,-0.048,-0.001,-0.001,-0.001,-0.001,
0.0,-0.119,-0.154,-0.142,-0.051,-0.036,-0.229,-0.116,-0.181,-0.165,
0.0,-0.166,0.015,-0.254,-0.127,-0.184,-0.125,0.005,-0.202,-0.178,
0.0,-0.181,-0.2,0.051,-0.173,-0.03,0.051,-0.102,-0.24,-0.25,
0.0,-0.044,0.017,0.014,0.014,0.014,0.014,0.014,0.014,0.014,
0.0,-0.147,-0.236,-0.008,0.018,-0.142,-0.055,-0.174,-0.273,-0.256,
0.0,-0.109,0.057,-0.24,-0.103,-0.139,-0.084,-0.076,-0.158,0.177,
0.0,-0.171,-0.2,-0.209,-0.221,0.074,-0.003,0.156,0.019,-0.042,
0.0,0.032,-0.055,-0.274,-0.053,-0.097,-0.401,-0.234,-0.193,-0.14,
0.0,-0.025,-0.091,0.045,-0.183,0.079,-0.041,-0.198,-0.242,-0.059,
0.0,0.001,-0.085,0.086,0.022,0.01,0.01,0.01,0.01,0.01,
0.0,0.001,-0.102,0.01,0.056,0.165,-0.132,-0.07,-0.103,0.021,
0.0,-0.014,-0.018,0.003,0.006,-0.073,-0.1,-0.105,0.001,0.0,
0.0,0.0,0.0,-0.003,-0.004,0.0,0.001,0.0,0.0,0.0,
0.0,-0.068,-0.194,-0.211,0.043,-0.091,-0.11,0.03,-0.107,-0.138,
0.0,0.0,0.0,0.0,0.0,0.0,0.0,0.0,0.0,0.0,
0.0,0.0,0.0,0.0,0.0,0.0,0.0,0.0,0.0,0.0,
0.0,0.0,0.0,0.0,0.0,0.0,0.0,0.0,0.0,0.0,
0.0,-0.075,-0.128,-0.125,-0.096,-0.14,-0.068,-0.107,-0.209,-0.2,
0.0,0.0,-0.231,-0.174,-0.3,-0.189,-0.263,-0.119,-0.156,-0.055,
0.0,-0.029,-0.211,-0.29,-0.225,-0.38,-0.338,-0.289,-0.185,-0.276,
0.0,-0.15,-0.223,-0.102,-0.273,-0.263,-0.214,-0.068,-0.082,-0.026,
0.0,0.0,-0.084,-0.297,-0.214,-0.153,-0.201,-0.177,-0.161,-0.087,
0.0,0.0,0.0,0.0,0.0,0.0,0.0,0.0,0.0,0.0,
0.0,0.006,-0.146,-0.099,-0.023,-0.016,-0.015,-0.015,-0.015,-0.015,
0.0,-0.148,-0.153,0.263,0.211,0.241,0.115,0.024,0.009,-0.106,
0.0,-0.168,-0.032,0.006,0.096,0.013,0.001,0.0,0.0,0.0,
0.0,0.0,-0.046,-0.037,-0.214,0.045,-0.028,-0.013,0.079,-0.029,
0.0,-0.126,-0.022,0.147,-0.096,-0.025,-0.092,-0.336,-0.094,-0.261,
0.0,0.068,-0.212,-0.316,-0.017,-0.003,-0.239,-0.057,0.168,0.071,
0.0,0.0,0.0,0.0,0.0,0.0,0.0,0.0,0.0,0.0,
0.0,0.0,-0.072,-0.009,0.0,0.0,0.0,0.0,0.0,0.0,
0.0,-0.147,-0.161,-0.08,-0.202,-0.029,-0.033,0.082,-0.004,0.048,
0.0,-0.057,-0.137,-0.068,-0.022,-0.036,-0.02,-0.035,-0.02,-0.035,
0.0,0.0,0.0,0.0,0.0,0.0,0.0,0.0,0.0,0.0,
0.0,0.0,-0.192,-0.204,-0.152,-0.07,-0.031,-0.068,-0.001,-0.208,
0.0,0.001,-0.07,-0.007,0.066,-0.231,0.065,-0.145,-0.092,0.01,
0.0,0.0,0.0,-0.001,-0.001,-0.001,-0.001,-0.001,-0.001,-0.001,
0.0,-0.005,0.191,0.115,0.052,0.048,0.102,0.089,-0.002,0.095,
0.0,-0.245,-0.319,-0.264,-0.276,-0.259,-0.238,-0.338,-0.191,-0.285,
0.0,0.0,0.0,0.0,0.0,0.0,0.0,0.0,0.0,0.0,
0.0,-0.0,-0.085,-0.002,0.09,0.017,-0.079,0.167,0.005,0.108,
0.0,0.022,-0.066,-0.135,0.208,-0.032,-0.307,-0.369,0.2,0.028,
0.0,-0.015,-0.119,-0.103,0.16,-0.078,0.05,-0.087,-0.092,-0.097,
0.0,0.0,-0.001,0.0,-0.0,0.001,0.001,0.001,0.001,0.001,
0.0,-0.112,-0.119,0.061,-0.258,-0.005,-0.12,-0.073,-0.054,-0.273,
0.0,-0.13,-0.165,-0.095,-0.259,-0.255,-0.064,0.029,-0.145,-0.059,
0.0,-0.165,-0.002,-0.014,-0.015,-0.015,-0.015,-0.015,-0.015,-0.015,
0.0,0.0,0.0,0.0,0.0,0.0,0.0,0.0,0.0,0.0,
0.0,-0.054,-0.122,-0.129,-0.319,-0.098,0.006,0.017,0.017,-0.289,
0.0,0.0,-0.238,-0.226,-0.186,-0.149,-0.252,-0.173,-0.208,-0.149,
0.0,-0.072,-0.281,-0.241,-0.226,-0.251,-0.105,0.001,-0.089,-0.261,
0.0,-0.076,-0.116,-0.274,-0.11,-0.227,-0.238,-0.126,-0.239,-0.057,
0.0,0.005,0.16,0.031,-0.172,-0.185,-0.051,-0.024,-0.118,-0.232,
0.0,-0.146,-0.16,-0.141,-0.123,-0.235,-0.023,0.013,-0.254,-0.189,
0.0,-0.173,-0.222,-0.077,-0.242,-0.094,-0.071,-0.069,-0.069,-0.069,
0.0,0.0,0.0,0.0,0.0,0.0,0.0,0.0,0.0,0.0,
0.0,0.0,-0.005,0.0,0.192,0.026,-0.202,-0.166,-0.122,-0.038,
0.0,0.0,-0.229,-0.161,-0.255,-0.074,0.015,0.018,0.02,0.021,
0.0,0.191,-0.302,-0.232,-0.098,-0.192,-0.209,-0.193,-0.18,-0.091,
0.0,-0.077,-0.102,0.165,0.177,-0.058,-0.005,0.182,-0.019,0.081,
0.0,0.0,0.0,0.001,-0.003,-0.35,-0.289,-0.343,-0.333,-0.274,
0.0,-0.204,-0.048,-0.21,0.055,0.045,-0.131,-0.214,-0.122,-0.251,
0.0,0.0,-0.11,-0.249,-0.073,-0.009,-0.012,-0.009,-0.008,-0.008,
0.0,0.048,0.016,0.243,0.048,-0.005,-0.005,-0.001,-0.002,-0.002,
0.0,-0.099,-0.157,0.11,0.04,0.169,-0.062,-0.004,-0.056,0.133,
0.0,-0.034,-0.137,-0.22,-0.119,-0.354,-0.216,-0.203,-0.054,-0.293,
0.0,0.003,-0.139,0.255,-0.027,-0.076,0.059,0.046,0.006,-0.103,
0.0,0.0,0.027,-0.317,-0.079,-0.051,-0.104,-0.082,-0.048,-0.027,
0.0,-0.023,-0.182,-0.071,-0.151,0.174,-0.045,-0.027,-0.165,-0.131,
0.0,-0.276,-0.198,-0.172,-0.065,-0.061,-0.112,-0.213,-0.14,-0.11,
0.0,-0.142,-0.045,-0.075,-0.423,-0.389,-0.413,-0.285,-0.211,-0.285,
0.0,-0.07,-0.22,-0.186,-0.208,-0.308,-0.181,-0.216,-0.242,-0.236,
0.0,-0.007,-0.3,0.162,0.006,-0.272,-0.021,-0.257,-0.274,0.029,
0.0,-0.091,-0.175,-0.261,-0.009,-0.192,-0.037,-0.143,-0.115,-0.141,
0.0,-0.151,-0.02,-0.236,0.186,-0.151,0.026,-0.21,-0.131,-0.275,
0.0,-0.125,-0.321,-0.384,-0.316,-0.124,-0.149,-0.271,-0.319,-0.248,
0.0,0.0,0.0,-0.111,-0.126,-0.239,-0.169,0.041,0.021,-0.205,
0.0,-0.163,-0.051,-0.367,-0.45,-0.089,-0.285,-0.212,0.159,0.198,
0.0,0.0,0.0,0.0,0.0,0.0,0.0,0.0,0.0,0.0,
0.0,0.0,0.0,0.0,0.0,0.0,0.0,0.0,0.0,0.0,
0.0,-0.291,-0.116,-0.003,-0.028,-0.015,-0.004,-0.003,0.145,0.168,
0.0,-0.149,0.282,-0.118,-0.007,0.01,-0.003,-0.002,-0.001,-0.002,
0.0,-0.041,-0.188,-0.093,0.117,0.101,0.037,-0.026,0.005,-0.077,
0.0,0.0,0.206,0.127,0.151,0.188,0.04,0.063,0.041,0.04,
0.0,0.0,0.0,0.0,0.0,0.0,0.0,0.0,0.0,0.0,
0.0,-0.131,-0.229,-0.078,-0.174,-0.02,-0.052,-0.054,-0.062,-0.255,
0.0,-0.214,0.022,0.156,-0.125,-0.296,-0.265,-0.267,-0.271,-0.312,
0.0,0.0,0.0,-0.279,-0.186,-0.319,-0.326,-0.296,-0.14,-0.243,
0.0,0.0,-0.105,-0.041,-0.007,-0.003,-0.004,-0.003,-0.003,-0.004,
0.0,-0.121,-0.158,-0.075,-0.117,-0.109,-0.318,-0.176,-0.176,-0.108,
0.0,-0.195,-0.265,-0.353,-0.212,-0.292,-0.356,-0.128,-0.126,-0.225,
0.0,0.0,-0.072,0.066,0.002,-0.002,-0.002,-0.002,0.001,0.001,
0.0,0.0,0.0,0.0,0.0,0.0,0.0,0.0,0.0,0.0,
0.0,-0.138,0.128,0.123,-0.028,-0.095,-0.038,-0.039,-0.236,-0.228,
0.0,0.0,0.0,0.0,0.0,0.0,0.0,0.0,0.0,0.0,
0.0,0.0,0.0,0.0,0.0,0.0,0.0,0.0,0.0,0.0,
0.0,0.0,0.0,0.0,0.0,0.0,0.0,0.0,0.0,0.0,
0.0,0.0,-0.04,-0.03,0.096,-0.037,0.063,0.307,0.222,0.006,
0.0,-0.104,-0.16,0.141,0.208,-0.003,-0.167,-0.102,-0.015,-0.02,
0.0,-0.146,-0.04,-0.11,-0.126,-0.287,-0.305,-0.194,-0.024,-0.141,
0.0,0.0,0.001,0.0,0.0,0.0,0.0,0.0,0.0,0.0,
0.0,-0.014,-0.004,-0.048,-0.23,-0.384,-0.052,-0.026,-0.134,-0.39,
0.0,-0.315,0.097,0.148,-0.16,-0.184,-0.173,-0.104,0.016,0.016,
0.0,0.0,-0.177,-0.176,-0.009,0.389,0.038,0.121,0.057,0.029,
0.0,-0.118,0.032,-0.079,-0.222,-0.094,0.05,-0.076,0.062,-0.152,
0.0,-0.157,-0.104,0.002,-0.055,0.002,0.002,0.002,0.002,0.002,
0.0,0.002,-0.137,0.065,-0.109,0.227,-0.063,0.206,-0.066,0.056,
0.0,0.0,-0.314,-0.343,-0.388,-0.29,-0.276,-0.192,-0.234,-0.112,
0.0,0.0,0.003,-0.023,-0.115,0.228,-0.137,-0.124,-0.213,0.041,
0.0,-0.141,-0.315,-0.273,0.055,-0.127,-0.101,-0.175,-0.127,0.115,
0.0,0.0,0.0,-0.002,-0.207,-0.349,-0.127,-0.293,0.109,0.033,
0.0,-0.166,0.004,0.0,0.0,0.0,0.0,0.0,0.0,0.0,
0.0,-0.059,-0.054,-0.051,0.008,-0.191,0.083,-0.006,0.22,-0.068,
0.0,-0.056,0.059,-0.141,-0.187,-0.062,0.011,-0.105,0.073,0.028,
0.0,0.094,-0.134,-0.17,-0.13,0.078,-0.154,0.015,-0.02,0.146,
0.0,0.0,0.0,0.0,-0.235,-0.245,-0.076,-0.327,-0.302,-0.243,
0.0,-0.003,0.273,0.13,0.013,0.001,-0.31,-0.004,-0.005,-0.286,
0.0,-0.012,-0.001,0.084,-0.111,0.049,-0.037,-0.079,0.063,0.227,
0.0,-0.158,-0.082,-0.019,-0.012,-0.007,-0.007,-0.007,-0.007,-0.007,
0.0,0.015,0.174,-0.031,0.056,0.016,0.012,0.012,0.011,0.011,
0.0,-0.117,-0.004,0.159,-0.239,-0.3,-0.311,-0.129,-0.31,-0.139,
0.0,-0.099,0.015,0.004,-0.139,-0.055,-0.051,0.04,-0.042,-0.01,
0.0,-0.135,-0.146,0.153,-0.082,-0.094,-0.037,-0.014,-0.195,-0.036,
0.0,-0.047,-0.311,-0.162,-0.361,-0.286,-0.245,-0.346,-0.287,-0.265,
0.0,-0.002,-0.163,-0.11,-0.125,-0.074,-0.012,-0.025,-0.09,-0.016,
0.0,0.0,0.054,-0.036,-0.233,0.231,0.326,-0.041,-0.089,0.086,
0.0,0.0,0.011,-0.143,-0.093,0.077,0.004,0.01,0.004,-0.007,
0.0,-0.189,0.03,-0.195,0.157,0.156,-0.293,0.017,-0.284,-0.009,
0.0,0.097,-0.097,-0.207,-0.07,-0.218,-0.156,-0.159,-0.235,-0.056,
0.0,0.084,-0.195,-0.236,0.002,-0.099,-0.202,-0.255,-0.149,-0.219,
0.0,-0.268,-0.295,-0.006,-0.006,-0.006,-0.006,-0.006,-0.006,-0.006,
0.0,0.0,0.0,0.0,0.001,0.0,0.0,0.0,-0.0,0.001,
0.0,0.047,-0.065,0.056,-0.107,-0.007,-0.127,-0.003,-0.005,0.195,
0.0,-0.001,-0.081,0.034,0.035,-0.007,0.008,0.009,0.009,0.009,
0.0,0.0,-0.0,-0.155,-0.051,0.107,-0.058,-0.121,-0.01,-0.295,
0.0,-0.089,-0.116,-0.181,-0.155,0.026,0.145,-0.094,0.025,-0.117,
0.0,0.082,0.057,-0.136,-0.016,0.0,-0.004,-0.003,-0.003,-0.003,
0.0,0.0,0.0,0.0,0.0,0.0,0.0,0.0,0.0,0.0,
0.0,0.0,0.0,0.0,0.0,0.0,0.0,0.0,0.0,0.0,
0.0,0.0,-0.218,-0.017,-0.009,-0.139,0.004,0.003,-0.002,-0.001,
0.0,0.0,0.0,0.0,0.0,0.0,0.0,0.0,0.0,0.0,
0.0,-0.097,-0.103,0.178,0.019,0.018,0.016,0.016,0.016,0.016,
0.0,-0.091,0.181,-0.175,-0.127,-0.011,0.106,0.258,0.097,0.02,
0.0,0.0,0.0,0.0,0.0,0.0,0.0,0.0,0.0,0.0,
0.0,-0.019,0.0,0.05,-0.053,-0.0,-0.196,-0.086,-0.098,-0.132,
0.0,0.0,0.0,0.0,0.0,0.0,-0.061,-0.225,-0.308,-0.206,
0.0,0.0,-0.066,0.081,0.165,0.409,0.119,0.051,0.282,0.322,
0.0,-0.022,-0.064,-0.216,-0.083,-0.286,-0.145,0.028,-0.232,-0.235,
0.0,0.0,-0.168,0.122,-0.052,-0.153,-0.002,-0.294,-0.156,-0.177,
0.0,-0.014,-0.247,-0.146,-0.099,-0.192,-0.346,-0.027,-0.103,0.068,
0.0,-0.007,-0.0,-0.0,-0.0,-0.0,-0.0,-0.0,-0.0,-0.0,
0.0,0.0,0.0,0.0,0.0,0.0,0.0,0.0,0.0,0.0,
0.0,-0.259,-0.363,-0.297,-0.317,-0.174,-0.242,-0.165,-0.28,-0.164,
0.0,0.0,0.0,0.0,0.0,0.0,0.0,0.0,0.0,0.0,
0.0,0.0,0.0,0.0,0.056,-0.039,-0.326,-0.346,-0.212,-0.142,
0.0,0.0,0.0,-0.087,-0.122,-0.279,-0.084,0.009,0.005,0.009,
0.0,0.0,0.0,0.0,0.0,0.0,0.0,0.0,0.0,0.0,
0.0,-0.163,-0.054,0.002,0.002,0.003,0.003,0.003,0.003,0.003,
0.0,0.003,-0.187,-0.003,-0.033,0.008,-0.188,-0.083,-0.142,-0.058,
0.0,0.0,0.0,0.0,0.0,0.0,0.0,0.0,0.0,0.0,
0.0,-0.172,-0.33,-0.146,-0.241,-0.045,-0.254,-0.233,-0.135,-0.228,
0.0,0.0,0.0,0.0,0.0,0.0,0.0,0.0,0.0,0.0,
0.0,-0.048,-0.039,-0.001,-0.145,-0.229,-0.002,-0.002,-0.002,-0.003,
0.0,-0.145,-0.084,-0.123,-0.048,-0.138,-0.195,-0.173,0.155,0.027,
0.0,0.0,0.0,0.0,0.0,0.0,0.0,0.0,0.0,0.0,
0.0,0.0,0.0,0.0,0.0,0.0,0.0,0.0,0.0,0.0,
0.0,0.0,0.0,0.0,0.0,0.0,0.0,0.0,0.0,0.0,
0.0,-0.056,0.151,-0.101,-0.259,0.02,-0.009,0.072,0.064,0.002,
0.0,0.0,0.0,0.0,0.0,0.0,0.0,0.0,0.0,0.0,
0.0,0.0,0.0,0.0,0.0,0.0,0.0,0.0,0.0,0.0,
0.0,-0.028,-0.092,-0.227,-0.05,-0.07,-0.084,0.013,0.124,0.184,
0.0,-0.001,-0.214,-0.258,-0.026,-0.104,-0.127,0.0,-0.01,-0.01,
0.0,-0.126,-0.159,-0.269,0.113,-0.209,-0.051,-0.197,-0.178,0.096,
0.0,-0.147,-0.214,-0.269,-0.2,-0.314,-0.09,-0.147,-0.261,-0.197,
0.0,-0.195,-0.159,-0.072,0.06,-0.044,-0.006,0.19,-0.181,-0.172,
0.0,0.0,-0.083,0.0,0.0,0.0,0.0,0.0,0.0,0.0,
0.0,0.0,0.0,0.0,0.0,0.0,0.0,0.0,0.0,0.0,
0.0,0.112,-0.17,0.073,-0.034,-0.074,-0.094,-0.044,-0.138,-0.029,
0.0,0.047,-0.025,-0.037,-0.183,-0.223,-0.042,-0.179,-0.101,-0.009,
0.0,-0.12,0.021,-0.134,0.034,-0.046,0.029,0.029,0.029,0.029,
0.0,0.0,0.0,0.0,0.0,0.0,0.0,0.0,0.0,0.0,
0.0,-0.125,-0.277,-0.157,-0.229,-0.161,-0.173,-0.184,-0.121,-0.141,
0.0,-0.009,-0.003,-0.001,-0.001,-0.001,-0.001,-0.001,-0.001,-0.001,
0.0,0.0,0.0,0.0,0.0,0.0,0.0,0.0,0.0,0.0,
0.0,0.0,0.0,0.0,0.0,0.0,0.0,0.0,0.0,0.0,
0.0,0.0,0.0,0.0,0.0,0.0,0.0,0.0,0.0,0.0,
0.0,-0.127,-0.205,0.079,0.018,-0.032,-0.149,-0.15,-0.015,-0.171,
0.0,-0.143,-0.172,-0.126,-0.136,-0.061,-0.258,-0.34,-0.16,-0.203,
0.0,-0.151,0.016,-0.303,0.094,-0.193,-0.226,-0.23,-0.103,0.046,
0.0,-0.086,-0.147,-0.084,0.01,-0.101,-0.223,-0.126,-0.183,-0.176,
0.0,-0.168,0.012,0.151,0.126,-0.065,-0.059,-0.197,-0.024,0.048,
0.0,-0.238,-0.275,-0.231,-0.26,-0.141,-0.293,-0.328,-0.206,-0.247,
0.0,0.0,0.124,-0.021,0.003,-0.057,0.131,0.284,0.231,0.032,
0.0,-0.039,-0.177,-0.081,-0.089,0.063,-0.167,-0.046,-0.087,-0.054,
0.0,0.029,-0.243,-0.194,-0.153,-0.175,-0.248,0.083,-0.01,-0.045,
0.0,0.0,0.0,0.0,0.0,0.0,0.0,0.0,0.0,0.0,
0.0,-0.236,-0.38,0.009,-0.269,-0.301,-0.176,-0.203,-0.053,-0.062,
0.0,0.0,-0.362,-0.121,-0.222,-0.198,-0.253,-0.147,-0.258,-0.096,
0.0,0.0,0.0,0.0,0.0,0.0,0.0,0.0,0.0,0.0,
0.0,-0.202,-0.242,-0.155,-0.233,0.014,-0.283,-0.17,-0.18,-0.186,
0.0,0.0,-0.142,-0.14,0.084,0.047,-0.079,0.012,-0.207,0.154,
0.0,-0.055,-0.036,-0.216,-0.07,-0.15,-0.199,0.051,-0.165,-0.122,
0.0,-0.046,-0.236,-0.278,-0.123,-0.214,-0.2,-0.258,-0.335,-0.205,
0.0,-0.269,-0.004,-0.121,-0.077,-0.108,0.007,-0.24,0.045,-0.11,
0.0,0.007,-0.226,-0.053,-0.185,-0.062,-0.094,0.091,-0.027,-0.028,
0.0,0.005,-0.236,-0.013,-0.064,0.01,-0.013,-0.001,0.0,0.0,
0.0,0.0,0.0,0.0,0.0,0.0,0.0,0.0,0.0,0.0,
0.0,-0.051,0.035,0.051,-0.045,-0.084,0.18,0.136,0.275,-0.174,
0.0,0.001,-0.081,-0.002,-0.001,0.081,-0.005,-0.005,-0.005,-0.005,
0.0,0.0,0.0,0.0,0.0,0.0,0.0,0.0,0.0,0.0,
0.0,-0.072,-0.059,-0.212,-0.037,-0.143,0.034,-0.057,-0.028,0.085,
0.0,-0.175,-0.158,-0.134,0.18,0.014,0.036,0.194,-0.091,0.026,
0.0,-0.108,-0.009,-0.069,-0.221,-0.267,0.156,0.133,-0.175,-0.016,
0.0,-0.074,-0.084,-0.266,-0.013,-0.101,0.103,-0.122,0.055,-0.097,
0.0,-0.126,0.08,-0.301,-0.288,-0.164,-0.008,-0.005,-0.005,-0.005,
0.0,0.0,0.0,0.0,0.0,0.0,0.0,0.0,0.0,0.0,
0.0,0.0,0.0,0.0,0.0,0.0,0.0,0.0,0.0,0.0,
0.0,-0.139,-0.234,-0.065,-0.164,-0.369,-0.341,-0.254,-0.086,-0.026,
0.0,-0.201,0.039,-0.185,0.007,0.077,-0.12,-0.14,0.047,0.18,
0.0,0.0,0.103,-0.052,-0.171,-0.019,-0.001,0.002,0.0,-0.003,
0.0,0.0,0.0,0.0,0.0,0.0,0.0,0.0,0.0,0.0,
0.0,-0.122,0.046,-0.052,-0.004,-0.0,-0.0,0.0,0.0,0.0,
0.0,0.0,0.0,0.0,0.0,0.0,0.0,0.0,0.0,0.0,
0.0,0.0,0.0,-0.082,-0.084,-0.113,-0.325,-0.304,-0.099,-0.166,
0.0,0.0,0.0,0.0,0.0,0.0,0.0,0.0,0.0,0.0,
0.0,-0.002,-0.085,-0.09,-0.117,-0.013,0.072,-0.057,0.064,0.056,
0.0,-0.131,-0.233,-0.226,-0.135,-0.178,-0.181,-0.292,-0.087,-0.132,
0.0,-0.077,0.015,-0.173,0.234,-0.08,-0.173,0.159,-0.085,-0.103,
0.0,-0.022,0.116,-0.244,-0.015,0.092,-0.201,0.079,0.054,-0.123,
0.0,0.0,0.0,0.0,0.0,0.0,0.0,0.0,0.0,0.0,
0.0,0.0,0.0,0.0,0.0,0.0,0.0,0.0,0.0,0.0,
0.0,0.0,0.0,0.0,0.0,0.0,0.0,0.0,0.0,0.0,
0.0,-0.094,0.017,0.019,-0.017,0.018,0.006,0.002,0.002,0.002,
0.0,0.0,-0.263,0.019,-0.003,-0.003,-0.003,-0.003,-0.003,-0.003,
0.0,0.0,0.0,-0.017,0.0,0.083,-0.301,-0.196,-0.037,0.068,
0.0,-0.174,-0.174,-0.071,0.026,-0.259,-0.221,0.043,0.124,-0.237,
0.0,-0.155,-0.281,-0.06,-0.165,-0.116,-0.138,0.039,-0.249,0.112,
0.0,-0.076,-0.303,-0.19,-0.259,-0.16,-0.231,-0.204,-0.135,-0.096,
0.0,-0.118,0.008,0.021,-0.01,-0.005,-0.004,-0.004,-0.004,-0.004,
0.0,0.0,0.0,0.0,0.0,0.0,0.0,0.0,0.0,0.0,
0.0,-0.083,-0.048,-0.208,-0.303,-0.315,-0.358,-0.155,-0.288,-0.199,
0.0,-0.088,-0.166,-0.059,-0.01,0.072,-0.34,-0.103,-0.339,-0.137,
0.0,-0.128,-0.209,-0.166,-0.251,-0.021,-0.162,-0.128,-0.146,-0.104,
0.0,-0.176,0.196,-0.117,-0.183,-0.234,-0.275,-0.243,-0.251,-0.12,
0.0,0.0,0.0,0.0,0.0,0.0,0.0,0.0,0.0,0.0,
0.0,0.006,-0.059,0.151,-0.029,0.06,-0.137,-0.204,-0.067,-0.269,
0.0,0.143,0.262,-0.14,-0.305,-0.041,-0.03,-0.02,-0.02,-0.02,
0.0,-0.093,-0.03,-0.016,-0.018,-0.015,-0.015,-0.015,-0.015,-0.015,
0.0,-0.207,-0.315,-0.261,-0.287,-0.208,-0.347,-0.121,-0.22,-0.185,
0.0,0.0,0.0,0.0,0.0,0.0,0.0,0.0,0.0,0.0,
0.0,0.04,0.095,0.042,0.064,0.121,0.19,0.103,0.326,0.163,
0.0,0.0,-0.181,0.073,-0.039,-0.115,-0.205,-0.156,-0.162,-0.182,
0.0,0.146,-0.071,-0.034,-0.016,-0.054,-0.125,-0.077,-0.143,-0.169,
0.0,0.0,0.0,-0.058,-0.041,-0.144,-0.072,-0.231,-0.175,-0.135,
0.0,0.0,0.0,0.0,0.0,0.0,0.0,0.0,0.0,0.0,
0.0,0.0,0.068,-0.008,0.077,-0.044,0.0,0.0,0.0,0.0,
0.0,0.0,0.0,0.0,0.0,0.0,0.0,0.0,0.0,0.0,
0.0,0.0,0.0,0.068,-0.0,-0.287,-0.111,-0.264,-0.276,0.02,
0.0,-0.009,-0.162,0.027,0.004,-0.011,-0.085,-0.004,0.054,-0.099,
0.0,-0.04,-0.293,-0.137,-0.053,-0.014,-0.175,0.004,-0.021,0.012,
0.0,-0.002,0.104,-0.198,-0.213,-0.264,0.106,0.0,-0.027,-0.127,
0.0,-0.237,-0.217,-0.305,-0.271,-0.292,-0.29,-0.365,-0.055,-0.135,
0.0,0.0,0.0,0.0,0.0,0.0,0.0,0.0,0.0,0.0,
0.0,-0.022,0.011,0.174,-0.203,-0.195,-0.005,0.167,-0.29,0.083,
0.0,-0.046,-0.074,-0.111,0.029,0.004,-0.073,-0.038,0.009,-0.117,
0.0,0.0,-0.257,-0.011,-0.11,-0.058,-0.062,-0.13,-0.006,-0.148,
0.0,-0.146,-0.223,-0.264,-0.204,-0.232,-0.151,0.084,-0.059,-0.003,
0.0,0.0,-0.32,-0.385,-0.272,-0.352,-0.386,-0.208,-0.04,-0.141,
0.0,0.0,0.0,0.0,0.0,0.0,0.0,0.0,0.0,0.0,
0.0,0.0,-0.048,-0.14,-0.173,-0.126,-0.115,-0.245,-0.147,-0.08,
0.0,0.0,-0.018,-0.162,0.186,0.037,0.039,-0.301,-0.103,-0.019,
0.0,0.0,0.0,0.0,0.0,0.0,0.0,0.0,0.0,0.0,
0.0,0.0,0.0,0.0,0.001,0.001,0.001,0.001,0.001,0.001,
0.0,-0.18,-0.091,0.07,-0.015,0.05,-0.003,-0.007,-0.007,-0.007,
0.0,-0.113,0.0,0.0,0.0,0.0,0.0,0.0,0.0,0.0,
0.0,0.0,0.0,0.0,0.0,0.0,0.0,0.0,0.0,0.0,
0.0,0.0,0.0,-0.002,0.0,-0.002,0.0,-0.002,0.0,-0.002,
0.0,0.1,-0.074,0.174,-0.045,-0.032,-0.004,-0.006,-0.047,-0.012,
0.0,0.0,0.0,0.0,0.0,0.0,0.0,0.0,0.0,0.0,
0.0,0.139,-0.261,-0.02,-0.009,-0.006,-0.006,-0.006,-0.006,-0.006,
0.0,0.0,0.0,0.085,0.213,0.167,0.075,0.135,0.048,0.045,
0.0,0.003,0.044,-0.061,-0.037,-0.072,0.135,0.077,0.054,0.163,
0.0,0.0,0.0,0.0,0.0,0.0,0.0,0.0,0.0,0.0,
0.0,-0.162,-0.213,0.025,0.038,-0.057,0.1,-0.027,0.055,-0.231,
0.0,-0.226,-0.016,-0.134,0.234,-0.093,0.141,0.032,0.034,0.034,
0.0,0.0,-0.151,-0.057,-0.271,0.163,-0.34,-0.35,-0.084,-0.272,
0.0,-0.09,0.061,-0.204,-0.256,-0.052,0.23,0.009,-0.084,0.17,
0.0,0.068,0.002,0.001,0.001,0.001,0.001,0.001,0.001,0.001,
0.0,-0.0,0.0,0.001,-0.071,-0.001,-0.0,0.0,0.0,0.0,
0.0,0.0,0.0,0.0,0.0,0.0,0.0,0.0,0.0,0.0,
0.0,0.0,-0.143,-0.121,0.01,0.013,-0.112,-0.099,-0.046,-0.006,
0.0,0.0,-0.032,-0.308,-0.361,-0.222,-0.254,-0.278,-0.075,-0.323,
0.0,-0.0,0.0,0.0,0.0,0.0,0.0,0.0,0.0,0.0,
0.0,-0.044,-0.104,0.205,-0.107,-0.023,-0.184,-0.073,-0.102,-0.19,
0.0,0.0,0.0,0.0,0.0,0.0,0.0,0.0,0.0,0.0,
0.0,0.0,0.0,0.0,0.0,0.0,0.0,0.0,0.0,0.0,
0.0,-0.092,-0.0,0.0,0.0,0.0,0.0,0.0,0.0,0.0,
0.0,0.0,-0.016,-0.108,-0.068,-0.197,-0.011,-0.004,-0.003,-0.003,
0.0,-0.142,-0.083,-0.209,0.056,-0.128,-0.047,-0.248,-0.086,-0.15,
0.0,-0.131,-0.154,0.032,-0.101,0.022,-0.08,-0.156,0.025,0.023,
0.0,-0.135,-0.211,-0.132,-0.096,-0.245,-0.223,-0.184,-0.145,-0.175,
0.0,0.0,0.237,-0.182,-0.045,0.008,-0.012,0.076,0.072,-0.057,
0.0,0.0,0.355,0.205,0.1,0.043,0.369,0.256,0.037,0.009,
0.0,0.0,-0.146,-0.178,-0.117,-0.01,0.027,-0.233,0.06,-0.036,
0.0,-0.073,0.127,0.057,-0.022,0.271,0.064,0.194,0.14,0.143,
0.0,-0.209,-0.183,-0.238,-0.257,-0.238,-0.257,-0.226,-0.209,-0.229,
0.0,-0.198,-0.175,-0.336,-0.312,-0.372,0.015,-0.177,-0.14,-0.154,
0.0,0.0,0.0,0.0,0.0,0.0,0.0,0.0,0.0,0.0,
0.0,0.0,0.045,-0.282,-0.12,-0.043,-0.048,-0.006,-0.004,-0.004,
0.0,0.006,-0.275,-0.331,-0.271,-0.137,-0.345,0.028,-0.049,-0.127,
0.0,0.0,0.262,-0.16,-0.176,-0.1,-0.005,-0.219,-0.066,-0.004,
0.0,0.0,0.0,0.0,0.0,0.0,0.0,0.0,0.0,0.0,
0.0,0.042,-0.178,-0.382,-0.136,-0.245,-0.25,-0.3,-0.139,-0.079,
0.0,-0.099,-0.139,-0.204,-0.118,-0.014,-0.236,-0.008,0.271,-0.216,
0.0,-0.027,-0.103,-0.069,-0.087,-0.122,-0.037,-0.269,-0.127,-0.183,
0.0,-0.097,0.04,-0.223,-0.077,-0.172,-0.222,-0.191,0.066,0.087,
0.0,-0.2,0.155,-0.212,-0.334,-0.371,-0.207,-0.218,-0.145,-0.284,
0.0,-0.099,-0.173,-0.162,-0.142,-0.138,-0.218,0.023,-0.115,-0.174,
0.0,0.0,0.0,0.0,0.0,0.0,0.0,0.0,0.0,0.0,
0.0,0.0,0.0,0.0,0.0,0.0,0.0,0.0,0.0,0.0,
0.0,0.0,-0.183,-0.028,0.044,0.091,-0.082,-0.033,-0.124,-0.115,
0.0,-0.008,0.07,-0.07,-0.03,-0.065,0.064,0.178,-0.124,-0.258,
0.0,-0.062,-0.015,-0.006,-0.005,-0.005,-0.005,-0.005,-0.005,-0.005,
0.0,-0.004,-0.03,0.048,-0.11,0.035,0.006,0.099,0.136,0.221,
0.0,0.0,0.003,0.036,-0.0,-0.002,-0.002,0.002,-0.002,-0.002,
0.0,-0.003,0.276,-0.09,-0.213,-0.117,0.074,0.106,0.105,0.018,
0.0,-0.162,-0.15,-0.115,-0.052,-0.211,-0.27,-0.065,-0.04,-0.198,
0.0,-0.212,-0.092,-0.167,-0.255,-0.148,-0.003,0.034,-0.041,-0.083,
0.0,-0.126,0.238,-0.056,0.055,0.12,0.017,-0.125,-0.313,-0.111,
0.0,-0.006,-0.288,-0.13,-0.01,-0.258,-0.216,-0.156,-0.049,-0.033,
0.0,-0.001,-0.203,-0.222,-0.281,-0.272,-0.027,-0.054,-0.115,-0.025,
0.0,-0.116,-0.179,-0.103,-0.08,-0.203,-0.228,-0.129,-0.149,-0.142,
0.0,0.0,0.0,0.0,0.0,0.0,0.0,0.0,0.0,0.0,
0.0,0.0,-0.306,-0.051,-0.292,-0.234,-0.066,-0.068,-0.281,0.0,
0.0,0.046,0.104,-0.135,-0.114,-0.026,0.163,0.201,-0.116,0.109,
0.0,0.0,0.0,0.0,0.0,0.0,0.0,0.0,0.0,0.0,
0.0,-0.028,-0.026,0.149,-0.086,-0.053,0.153,0.009,-0.062,-0.149,
0.0,-0.122,0.147,0.043,0.04,0.039,0.04,0.039,0.04,0.039,
0.0,0.0,0.0,0.0,0.0,0.0,0.0,0.0,0.0,0.0,
0.0,0.0,0.002,0.0,0.0,0.0,0.0,0.0,0.0,0.0,

0.0,-0.12,-0.291,-0.374,-0.308,-0.155,-0.315,-0.271,-0.132,-0.058,
0.0,-0.038,-0.16,-0.318,-0.092,-0.146,-0.003,-0.003,-0.008,-0.007,
0.0,-0.269,-0.105,-0.157,0.002,-0.032,-0.176,-0.214,-0.123,-0.141,
0.0,-0.094,-0.23,-0.147,-0.245,-0.174,-0.208,-0.154,-0.298,-0.175,
0.0,0.116,-0.185,-0.046,-0.033,-0.085,-0.372,-0.076,-0.058,-0.215,
0.0,0.194,0.325,0.027,0.017,0.016,0.016,0.016,0.016,0.016,
0.0,-0.105,-0.291,-0.172,-0.319,-0.03,-0.129,-0.218,-0.157,-0.005,
0.0,-0.204,-0.228,-0.045,-0.089,0.019,-0.02,0.019,0.011,-0.016,
0.0,-0.168,0.043,0.159,-0.007,0.068,-0.119,-0.177,0.052,-0.312,
0.0,-0.182,0.105,-0.118,-0.135,-0.092,0.077,-0.099,0.069,0.051,
0.0,-0.019,-0.173,-0.233,-0.228,-0.24,-0.243,-0.124,-0.207,-0.188,
0.0,-0.118,-0.082,-0.082,-0.065,-0.263,-0.005,-0.002,-0.001,-0.001,
0.0,-0.003,-0.055,-0.179,-0.248,-0.154,-0.042,-0.068,-0.202,-0.252,
0.0,-0.213,-0.091,-0.096,-0.026,0.063,-0.183,0.087,-0.15,-0.158,
0.0,-0.107,-0.178,-0.054,-0.04,-0.024,-0.217,-0.219,0.023,-0.061,
0.0,0.074,-0.317,-0.116,-0.107,-0.018,-0.005,-0.185,-0.003,-0.073,
0.0,0.028,-0.129,-0.298,-0.073,0.034,-0.028,-0.085,-0.194,-0.065,
0.0,-0.095,0.027,-0.016,0.112,0.051,0.007,0.023,-0.149,-0.06,
0.0,-0.106,-0.05,-0.169,0.033,-0.13,-0.039,-0.134,-0.105,-0.111,
0.0,-0.287,-0.112,-0.084,-0.296,0.075,-0.064,-0.195,0.044,-0.176,
0.0,-0.27,0.101,0.025,0.054,0.231,0.007,-0.185,0.001,-0.122,
0.0,-0.019,-0.105,-0.114,0.224,0.004,-0.037,0.065,-0.002,0.104,
0.0,-0.208,-0.237,-0.244,-0.222,-0.343,-0.142,-0.171,-0.134,-0.254,
0.0,0.066,0.028,0.035,0.035,0.035,0.035,0.035,0.035,0.035,
0.0,-0.151,-0.041,0.055,-0.168,-0.139,-0.057,-0.224,0.009,-0.147,
0.0,-0.004,-0.166,0.12,-0.038,0.209,0.244,0.112,0.01,-0.01,
0.0,-0.017,0.102,-0.001,0.242,-0.147,0.118,-0.028,0.013,0.048,
0.0,-0.23,-0.094,0.025,-0.047,-0.168,-0.112,-0.002,0.118,-0.114,
0.0,-0.134,-0.187,-0.218,-0.068,-0.136,-0.226,-0.158,0.07,0.058,
0.0,-0.076,-0.158,-0.027,-0.113,-0.043,-0.215,0.124,-0.043,-0.081,
0.0,-0.147,-0.137,-0.107,-0.236,-0.191,0.045,-0.121,0.129,0.155,
0.0,-0.253,-0.231,-0.341,-0.027,-0.299,-0.095,-0.229,-0.262,-0.303,
0.0,-0.114,-0.241,-0.202,-0.192,-0.192,-0.253,-0.125,-0.2,-0.196,
0.0,-0.268,-0.011,-0.135,-0.201,-0.298,-0.25,-0.176,-0.204,-0.281,
0.0,0.166,0.15,0.018,0.182,0.074,0.185,0.222,0.064,0.12,
0.0,-0.164,-0.152,-0.384,-0.339,-0.315,-0.264,-0.279,-0.207,-0.281,
0.0,-0.143,-0.182,0.107,-0.129,0.078,-0.036,-0.087,-0.246,-0.133,
0.0,-0.16,-0.009,0.038,0.01,-0.148,-0.054,-0.165,-0.146,-0.016,
-0.007,-0.221,-0.167,-0.172,-0.026,-0.082,-0.233,-0.176,-0.139,-0.146,
0.0,-0.225,-0.052,0.072,0.291,-0.192,-0.109,-0.124,-0.002,0.164,
0.0,0.238,0.121,0.253,0.047,0.041,0.031,0.023,0.017,0.017,
0.0,-0.307,-0.337,-0.383,-0.417,-0.385,-0.339,-0.382,-0.315,-0.35,
0.0,-0.171,-0.031,-0.175,0.13,0.068,-0.162,-0.142,-0.045,0.016,
0.0,0.106,-0.151,-0.146,-0.066,-0.012,0.085,0.084,-0.011,-0.011,
0.0,0.023,0.035,0.031,0.03,0.03,0.03,0.03,0.03,0.03,
0.0,-0.035,-0.005,-0.172,-0.144,0.137,-0.012,-0.086,0.111,-0.066,
0.0,-0.3,-0.105,0.01,-0.102,-0.001,-0.0,-0.0,-0.0,-0.0,
0.0,-0.081,-0.176,-0.163,-0.024,-0.121,-0.2,-0.159,0.071,-0.136,
0.0,-0.07,-0.148,-0.238,-0.133,-0.094,-0.159,-0.149,-0.108,-0.279,
0.0,-0.1,-0.09,0.059,0.059,-0.288,0.111,-0.287,-0.327,-0.258,
0.0,-0.004,0.016,-0.283,-0.211,-0.291,-0.208,-0.353,-0.268,-0.143,
0.0,0.044,-0.11,0.086,0.043,0.109,0.255,0.288,0.022,0.177,
0.0,-0.243,-0.087,-0.097,-0.164,-0.163,-0.252,-0.176,-0.168,-0.148,
0.0,-0.325,-0.331,-0.342,-0.352,-0.332,-0.365,-0.152,-0.281,-0.321,
0.0,0.067,0.008,0.004,0.005,0.005,0.005,0.005,0.005,0.005,
0.0,-0.218,-0.223,-0.223,-0.24,-0.067,-0.162,-0.265,0.063,-0.043,
0.0,-0.303,-0.204,-0.223,-0.106,-0.13,-0.303,-0.182,-0.325,-0.204,
0.0,-0.186,-0.057,-0.18,-0.09,-0.057,-0.118,-0.188,-0.27,-0.131,
0.0,-0.271,-0.013,-0.175,-0.054,-0.028,-0.066,-0.222,-0.077,-0.009,
0.0,-0.202,-0.139,-0.212,0.142,-0.141,-0.048,-0.24,-0.167,-0.254,
0.0,-0.216,-0.197,-0.392,0.051,0.104,0.006,-0.066,-0.197,-0.2,
0.0,0.111,0.021,0.016,0.016,0.016,0.016,0.016,0.016,0.016,
0.0,-0.109,0.039,0.024,-0.1,-0.027,-0.23,-0.108,-0.164,-0.227,
0.0,-0.177,-0.338,-0.334,-0.103,-0.107,-0.181,0.03,0.009,0.027,
0.0,0.039,0.004,0.002,0.0,0.0,0.0,0.0,0.0,0.0,
0.0,-0.206,-0.245,0.125,-0.052,-0.211,-0.382,-0.423,-0.257,-0.327,
0.0,-0.177,0.004,-0.095,-0.129,-0.137,-0.164,-0.04,-0.09,-0.124,
0.0,-0.305,0.132,0.084,-0.15,0.101,0.086,-0.046,0.1,-0.101,
0.0,-0.095,-0.068,0.013,0.017,0.018,0.018,0.018,0.018,0.018,
0.0,0.063,-0.256,-0.123,-0.227,-0.1,-0.252,-0.219,-0.251,-0.167,
0.0,-0.134,-0.205,-0.213,0.096,-0.015,-0.078,-0.16,-0.233,-0.136,
0.0,-0.043,-0.217,-0.073,-0.167,-0.019,-0.241,-0.237,-0.22,-0.222,
0.0,-0.205,-0.243,-0.154,-0.277,-0.223,-0.211,-0.193,-0.214,-0.299,
0.0,-0.136,0.035,0.086,-0.021,-0.01,-0.032,-0.015,0.299,-0.009,
0.0,-0.032,-0.11,0.164,-0.003,-0.087,-0.202,-0.256,-0.092,-0.101,
0.0,-0.02,0.066,0.148,0.011,0.031,-0.006,-0.006,-0.006,-0.006,
0.0,0.005,0.106,0.018,-0.086,-0.132,0.204,-0.119,0.081,0.051,
0.0,-0.367,-0.126,-0.105,-0.168,-0.299,0.121,0.02,-0.056,-0.034,
0.0,0.112,0.044,0.061,-0.077,-0.211,-0.191,-0.109,-0.136,-0.145,
0.0,-0.254,-0.301,-0.085,-0.26,-0.215,-0.153,-0.211,-0.216,-0.208,
0.0,-0.106,-0.071,-0.269,-0.279,-0.091,-0.002,0.035,-0.006,-0.035,
0.0,-0.372,-0.449,-0.452,-0.494,-0.5,-0.414,-0.461,-0.453,-0.376,
0.0,-0.207,-0.037,0.011,0.042,-0.054,0.003,-0.136,-0.127,-0.095,
0.0,-0.125,0.049,-0.191,-0.014,-0.099,-0.21,-0.229,-0.131,-0.169,
0.0,-0.303,-0.276,-0.125,-0.253,-0.097,-0.024,0.005,-0.251,-0.239,
0.0,-0.358,-0.351,-0.359,-0.357,-0.237,-0.318,-0.173,-0.048,-0.179,
0.0,-0.156,0.039,-0.073,-0.248,-0.225,-0.133,-0.237,-0.206,-0.174,
0.0,-0.041,-0.133,0.007,0.051,-0.22,-0.313,-0.372,-0.289,-0.369,
0.0,-0.268,0.1,0.058,-0.094,0.021,0.01,-0.048,-0.049,-0.108,
0.0,-0.069,-0.025,-0.065,0.026,-0.062,0.008,-0.252,0.069,-0.216,
0.0,-0.175,0.062,-0.007,-0.026,0.064,-0.089,-0.155,-0.197,-0.136,
0.0,-0.062,-0.339,-0.195,-0.13,-0.119,0.007,-0.098,-0.022,-0.078,
0.0,-0.168,-0.07,-0.135,0.062,-0.214,-0.067,-0.018,-0.264,-0.156,
0.0,-0.18,-0.221,-0.108,0.006,-0.016,-0.137,-0.114,0.018,-0.151,
0.0,-0.089,-0.145,-0.147,-0.182,-0.18,-0.281,-0.1,-0.081,0.166,
0.0,0.041,-0.018,-0.272,0.175,-0.119,-0.121,-0.186,-0.107,-0.295,
0.0,-0.222,-0.013,0.151,-0.291,-0.05,-0.019,-0.295,0.045,-0.013,
0.0,-0.023,-0.066,-0.031,-0.123,-0.057,-0.068,-0.008,-0.139,-0.174,
0.0,-0.206,-0.014,-0.156,-0.238,-0.054,-0.018,0.002,0.007,-0.017,
0.0,-0.145,-0.132,-0.142,-0.064,0.025,-0.212,-0.14,-0.093,-0.134,
0.0,-0.107,-0.21,-0.217,-0.136,0.079,-0.005,-0.11,-0.115,-0.058,
0.0,-0.149,-0.044,-0.071,-0.24,-0.18,-0.334,-0.165,-0.222,-0.255,
0.0,-0.464,-0.396,-0.443,-0.369,-0.379,-0.38,-0.409,-0.353,-0.309,
0.0,-0.207,-0.177,-0.129,-0.011,-0.09,-0.15,0.042,-0.188,-0.042,
0.0,-0.066,-0.307,-0.205,-0.218,-0.266,-0.301,-0.267,-0.286,-0.315,
0.0,0.02,0.012,0.013,0.013,0.013,0.013,0.013,0.013,0.013,
0.0,-0.267,-0.3,-0.116,-0.229,-0.255,-0.235,-0.163,-0.028,-0.149,
0.0,-0.364,-0.165,-0.293,-0.268,-0.265,-0.315,-0.109,-0.045,-0.256,
0.0,-0.001,0.028,0.117,-0.174,-0.014,-0.173,-0.209,-0.331,-0.246,
0.0,-0.37,0.134,0.174,0.247,0.237,-0.231,-0.12,-0.254,-0.073,
0.0,-0.174,-0.042,0.129,0.054,-0.228,-0.233,-0.058,0.15,0.264,
0.0,-0.19,-0.243,-0.308,0.003,-0.092,-0.018,-0.144,-0.045,-0.01,
0.0,-0.163,-0.324,-0.282,0.051,-0.206,-0.157,-0.155,-0.066,0.108,
0.0,-0.102,-0.211,-0.154,-0.022,-0.035,-0.069,-0.106,-0.209,-0.068,
0.0,-0.316,-0.409,-0.299,-0.364,-0.3,-0.266,-0.33,-0.316,-0.286,
0.0,0.014,-0.295,-0.12,0.032,-0.287,-0.053,-0.004,-0.156,-0.04,
0.0,-0.295,0.129,-0.024,-0.02,-0.095,-0.083,-0.216,-0.113,-0.28,
0.0,-0.201,0.022,-0.043,-0.165,-0.105,-0.101,-0.108,-0.167,-0.215,
0.0,-0.113,-0.039,0.014,0.013,0.017,0.017,0.017,0.017,0.017,
0.0,-0.112,-0.044,0.144,-0.128,0.057,0.103,0.037,0.078,-0.027,
0.0,-0.364,-0.318,-0.366,-0.378,-0.198,-0.313,-0.214,-0.283,-0.307,
0.0,0.062,-0.31,-0.148,-0.267,-0.226,-0.311,-0.267,-0.031,-0.096,
0.0,-0.158,-0.196,-0.107,0.121,-0.182,-0.066,-0.049,-0.103,-0.027,
0.0,-0.178,-0.081,-0.075,-0.255,-0.17,-0.353,-0.21,-0.188,-0.249,
0.0,-0.269,-0.182,-0.275,-0.299,-0.214,-0.277,-0.053,-0.14,-0.232,
0.0,-0.013,-0.208,0.088,-0.044,-0.17,0.135,-0.04,-0.152,-0.006,
0.0,0.048,0.056,0.053,0.053,0.053,0.053,0.053,0.053,0.053,
0.0,-0.082,-0.25,-0.252,-0.231,-0.342,-0.351,-0.223,-0.209,-0.331,
0.0,-0.061,0.029,0.028,0.027,0.027,0.027,0.027,0.027,0.027,
0.0,-0.206,-0.188,-0.019,-0.278,-0.221,-0.264,-0.161,-0.236,-0.113,
0.0,-0.108,-0.278,-0.103,-0.195,-0.318,-0.067,0.085,-0.027,-0.115,
0.0,-0.173,-0.309,-0.005,-0.167,-0.072,-0.075,-0.128,-0.018,-0.109,
0.0,-0.201,-0.378,-0.256,-0.14,-0.308,-0.209,-0.034,0.03,-0.105,
0.0,-0.182,-0.129,-0.083,0.057,0.201,-0.174,-0.232,-0.233,-0.098,
0.0,-0.137,-0.056,0.039,-0.12,-0.102,-0.279,-0.264,-0.319,-0.204,
0.0,-0.2,0.017,-0.245,-0.284,-0.088,-0.021,0.041,-0.142,-0.047,
0.0,-0.061,0.01,-0.167,-0.041,-0.101,-0.139,0.006,-0.182,0.029,
0.0,-0.015,-0.077,-0.033,0.106,-0.105,0.055,-0.16,-0.122,-0.097,
0.0,-0.106,-0.237,-0.351,-0.11,-0.01,-0.1,-0.045,-0.327,-0.068,
0.0,-0.053,-0.241,-0.338,-0.044,-0.214,-0.258,-0.227,-0.138,-0.121,
0.0,-0.2,-0.135,-0.058,-0.243,-0.229,-0.093,-0.187,0.024,-0.072,
0.0,-0.166,-0.146,-0.033,0.007,-0.19,-0.171,0.082,-0.238,-0.036,
0.0,-0.312,0.068,-0.165,-0.022,-0.172,-0.193,-0.04,0.068,-0.054,
0.0,-0.337,-0.194,-0.197,0.045,0.011,-0.122,0.041,-0.156,0.036,
0.0,-0.094,-0.164,-0.028,-0.037,-0.117,-0.035,0.026,-0.108,-0.19,
0.0,-0.192,-0.074,-0.12,-0.166,0.006,-0.202,-0.048,-0.116,-0.027,
0.0,-0.157,-0.03,-0.281,-0.184,-0.083,-0.108,0.038,-0.056,-0.21,
0.0,-0.211,-0.211,-0.089,-0.186,-0.217,0.003,-0.113,-0.154,-0.124,
0.0,-0.349,-0.326,-0.296,-0.368,-0.367,-0.327,-0.331,-0.148,-0.117,
0.0,-0.053,0.041,-0.107,-0.217,-0.03,-0.209,-0.155,-0.187,-0.246,
0.0,0.196,0.098,0.084,0.084,0.084,0.084,0.084,0.084,0.084,
0.0,-0.075,-0.147,-0.071,-0.111,-0.0,-0.182,-0.065,-0.039,-0.01,
0.0,-0.175,-0.232,-0.266,-0.182,-0.14,-0.155,-0.29,-0.25,-0.214,
0.0,-0.06,-0.129,-0.14,-0.022,-0.219,0.004,-0.184,-0.047,-0.166,
0.0,-0.254,-0.155,0.061,0.031,-0.038,0.041,-0.091,-0.057,0.274,
0.0,-0.222,-0.404,-0.107,-0.325,-0.187,-0.359,-0.309,-0.374,-0.29,
0.0,-0.172,-0.254,-0.321,-0.177,-0.295,-0.104,-0.28,-0.316,-0.257,
0.0,-0.007,-0.107,0.093,0.002,0.007,0.002,0.021,0.011,0.042,
0.0,-0.123,-0.134,-0.001,-0.012,-0.018,-0.016,-0.015,-0.015,-0.015,
0.0,0.038,0.003,0.11,0.013,0.059,0.013,0.013,0.013,0.013,
0.0,-0.044,-0.116,-0.021,-0.15,-0.103,-0.091,0.02,-0.062,0.012,
0.0,0.054,-0.162,-0.052,-0.193,-0.185,-0.258,-0.315,-0.016,-0.104,
0.0,-0.058,-0.107,-0.015,-0.032,-0.195,-0.176,-0.162,-0.015,-0.048,
0.0,0.027,-0.009,-0.036,-0.001,-0.001,-0.001,-0.001,-0.001,-0.001,
0.0,-0.126,-0.044,-0.115,-0.144,-0.093,-0.245,-0.106,0.072,-0.019,
0.0,-0.155,-0.294,0.032,-0.076,-0.103,-0.036,-0.173,0.028,-0.223,
0.0,-0.078,-0.175,-0.226,-0.267,-0.156,-0.049,-0.193,-0.173,-0.069,
0.0,-0.26,-0.289,-0.141,-0.284,-0.187,0.107,-0.054,-0.186,-0.345,
0.0,-0.099,-0.051,-0.171,-0.176,-0.258,-0.127,-0.12,-0.088,-0.222,
0.0,-0.257,-0.303,-0.327,-0.222,-0.28,-0.316,-0.33,-0.297,-0.196,
0.0,-0.067,-0.094,-0.121,-0.279,-0.231,-0.004,-0.054,-0.021,-0.135,
0.0,-0.322,-0.287,-0.339,-0.348,-0.188,-0.262,-0.227,-0.266,-0.103,
0.0,-0.017,-0.082,-0.268,-0.194,-0.082,-0.245,0.019,0.012,0.021,
0.0,-0.224,-0.072,-0.136,-0.243,-0.194,-0.179,-0.078,-0.11,-0.136,
0.0,0.011,0.007,0.155,0.005,0.005,0.005,0.005,0.005,0.005,
0.0,0.028,-0.075,-0.03,0.013,0.024,0.025,0.025,0.025,0.025,
0.0,-0.103,-0.101,-0.274,-0.139,-0.272,-0.043,-0.207,-0.163,-0.102,
0.0,-0.106,-0.183,-0.176,-0.154,-0.005,-0.093,-0.151,-0.015,-0.015,
0.0,-0.133,0.056,-0.005,0.229,-0.089,0.18,-0.054,0.023,0.029,
0.0,-0.01,0.015,-0.049,-0.117,0.165,0.089,0.244,-0.066,0.164,
0.0,-0.153,-0.015,-0.148,0.059,-0.077,-0.018,-0.256,-0.268,-0.141,
0.0,-0.199,0.134,0.159,0.113,-0.031,-0.044,0.13,0.142,0.084,
0.0,-0.296,-0.315,-0.278,-0.386,-0.4,-0.266,-0.22,-0.223,-0.271,
0.0,-0.049,-0.106,-0.108,-0.251,-0.353,-0.147,-0.066,-0.074,-0.044,
0.0,-0.133,-0.221,-0.114,-0.329,-0.233,-0.212,-0.236,-0.125,-0.232,
0.0,0.208,0.081,0.086,0.006,0.003,0.002,0.002,0.002,0.002,
0.0,-0.145,-0.388,-0.224,-0.042,-0.232,-0.279,-0.118,-0.159,-0.041,
0.0,-0.133,-0.29,-0.092,-0.085,-0.252,-0.066,0.128,-0.183,-0.136,
0.0,-0.189,-0.007,0.135,-0.1,-0.103,0.07,-0.192,-0.342,-0.314,
0.0,0.535,0.308,0.404,0.17,0.165,0.165,0.165,0.165,0.165,
0.0,-0.187,-0.305,-0.43,-0.301,-0.251,-0.31,-0.385,-0.264,-0.227,
0.0,0.005,-0.212,-0.337,-0.097,-0.277,-0.238,-0.202,-0.268,-0.152,
0.0,-0.068,-0.118,-0.138,-0.12,-0.012,-0.025,-0.208,-0.1,-0.06,
0.0,-0.078,0.009,0.024,0.027,0.027,0.027,0.027,0.027,0.027,
0.0,-0.172,-0.009,-0.036,-0.182,-0.194,-0.282,0.001,-0.143,0.032,
0.0,-0.287,-0.135,-0.242,0.013,-0.016,-0.211,-0.111,-0.129,-0.266,
0.0,-0.198,-0.101,0.009,-0.012,0.007,0.007,0.007,0.007,0.007,
0.0,-0.224,-0.332,-0.193,-0.283,-0.301,-0.344,-0.373,-0.409,-0.319,
0.0,-0.086,-0.066,-0.111,-0.095,-0.07,0.049,0.059,-0.099,-0.081,
0.0,-0.068,-0.187,-0.145,-0.069,-0.026,-0.11,-0.032,-0.005,-0.012,
0.0,-0.139,-0.157,-0.293,-0.168,-0.258,-0.239,-0.289,-0.231,-0.262,
0.0,0.117,-0.137,-0.189,-0.188,-0.284,0.056,0.059,-0.284,-0.268,
0.0,-0.109,-0.057,-0.155,-0.26,-0.055,-0.132,-0.098,-0.056,-0.093,
0.0,-0.145,-0.197,-0.225,-0.269,-0.245,-0.297,-0.256,-0.282,-0.369,
0.0,-0.108,-0.212,-0.227,-0.072,-0.248,-0.044,-0.299,-0.137,-0.104,
0.0,0.121,-0.037,-0.049,0.107,0.178,-0.031,-0.208,-0.201,-0.157,
0.0,0.208,0.023,0.017,0.016,0.016,0.016,0.016,0.016,0.016,
0.0,-0.177,-0.204,-0.243,-0.185,-0.173,-0.181,-0.103,-0.185,-0.182,
0.0,-0.059,-0.123,0.064,0.217,-0.128,-0.13,-0.08,-0.082,0.232,
0.0,-0.024,0.158,0.026,0.082,-0.039,-0.037,-0.024,-0.092,-0.174,
0.0,-0.207,-0.147,-0.178,-0.161,-0.04,-0.106,-0.076,-0.023,-0.101,
0.0,-0.16,-0.046,-0.071,-0.113,-0.064,0.003,-0.107,-0.093,-0.287,
0.0,-0.128,-0.214,-0.249,0.061,-0.033,-0.17,-0.073,-0.016,0.006,
0.0,-0.173,-0.028,-0.284,-0.277,0.045,-0.316,0.039,0.129,-0.23,
0.0,-0.09,-0.003,-0.026,0.083,-0.07,-0.203,-0.047,-0.049,0.059,
0.0,0.11,0.058,0.057,0.057,0.057,0.057,0.057,0.057,0.057,
0.0,-0.298,-0.384,-0.299,-0.36,-0.36,-0.08,-0.14,-0.138,-0.234,
0.0,-0.058,0.059,-0.144,0.066,-0.219,-0.235,-0.102,-0.287,-0.107,
0.0,-0.259,0.006,0.147,-0.242,-0.102,0.082,-0.154,-0.074,-0.342,
0.0,-0.228,-0.316,-0.382,-0.189,-0.213,-0.412,-0.389,-0.288,-0.338,
0.0,-0.191,-0.327,-0.303,-0.105,0.059,-0.096,0.134,-0.014,0.041,
0.0,0.078,-0.18,-0.053,-0.219,-0.175,0.071,0.075,-0.139,0.007,
0.0,0.072,0.148,0.124,0.093,0.042,0.026,0.034,0.042,0.036,
0.0,-0.155,-0.251,-0.284,-0.263,-0.291,-0.318,-0.254,-0.22,-0.221,
0.0,-0.127,-0.058,-0.255,-0.355,-0.331,-0.176,-0.156,-0.152,-0.2,
0.0,-0.117,-0.13,-0.041,0.054,0.136,0.086,-0.208,-0.241,0.146,
0.0,-0.048,-0.224,-0.082,-0.176,-0.034,-0.038,0.007,0.009,0.161,
0.0,-0.241,-0.245,0.096,0.149,-0.246,-0.071,-0.148,-0.289,-0.27,
0.0,-0.216,0.03,-0.254,0.126,-0.265,-0.139,-0.031,-0.114,0.034,
0.0,-0.136,-0.274,-0.177,-0.192,-0.25,-0.242,-0.006,-0.156,-0.264,
0.0,-0.241,-0.438,-0.401,-0.082,-0.122,-0.019,-0.274,-0.194,-0.162,
0.0,-0.16,-0.051,-0.281,-0.057,0.002,-0.094,-0.032,-0.038,-0.108,
0.0,-0.171,-0.063,-0.215,-0.241,-0.139,-0.258,-0.034,-0.023,-0.29,
0.0,-0.134,-0.073,-0.075,-0.086,-0.057,0.013,-0.095,-0.055,0.047,
0.0,-0.075,-0.039,-0.09,-0.123,-0.068,-0.024,-0.004,0.069,0.069,
0.0,-0.043,0.022,0.233,0.049,-0.074,0.035,0.17,0.161,0.007,
0.0,-0.261,-0.246,-0.348,-0.274,-0.169,-0.205,-0.276,-0.206,-0.136,
0.0,0.058,-0.136,0.054,0.138,-0.123,-0.112,0.102,0.002,-0.179,
0.0,-0.27,-0.214,-0.307,-0.07,-0.127,-0.199,-0.015,-0.257,-0.038,
0.0,-0.24,-0.013,0.031,0.031,0.031,0.031,0.031,0.031,0.031,
0.0,0.182,-0.3,-0.138,-0.186,-0.245,-0.126,-0.2,-0.221,-0.262,
0.0,-0.066,-0.242,-0.205,-0.159,-0.322,-0.161,-0.17,-0.179,-0.355,
0.0,-0.195,-0.118,-0.073,-0.135,-0.199,-0.171,-0.192,-0.18,-0.049,
0.0,-0.211,-0.05,-0.147,-0.216,-0.01,0.014,0.009,0.009,0.009,
0.0,-0.161,-0.173,-0.088,0.027,0.028,0.028,0.028,0.028,0.028,
0.0,-0.211,-0.08,-0.145,-0.159,-0.211,-0.183,-0.193,-0.127,-0.063,
0.0,-0.1,-0.158,-0.204,-0.032,-0.107,-0.11,-0.111,-0.058,-0.003,
0.0,-0.285,-0.375,-0.127,-0.202,-0.01,0.183,0.085,0.044,-0.015,
0.0,-0.374,-0.272,-0.279,-0.214,-0.393,-0.284,-0.296,-0.338,-0.31,
0.0,-0.008,0.01,-0.027,0.055,0.03,0.172,0.031,0.105,-0.052,
0.0,-0.027,-0.097,0.091,-0.023,0.181,0.116,-0.103,-0.065,-0.058,
0.0,0.052,0.171,0.161,0.007,0.031,0.031,0.031,0.028,0.028,
0.0,-0.051,0.004,0.012,0.013,0.013,0.013,0.013,0.013,0.013,
0.0,-0.067,-0.226,-0.154,-0.237,-0.137,-0.264,-0.168,0.031,-0.002,
0.0,0.139,0.054,0.053,0.053,0.053,0.053,0.053,0.053,0.053,
0.0,-0.283,-0.275,-0.286,-0.143,0.018,-0.026,0.02,0.023,0.001,
0.0,0.003,-0.097,-0.02,-0.052,-0.016,-0.052,-0.016,-0.052,-0.016,
0.0,-0.169,-0.087,-0.033,-0.001,0.278,-0.0,-0.005,-0.021,0.123,
0.0,-0.115,0.013,-0.157,-0.087,-0.158,-0.015,-0.039,-0.119,-0.153,
0.0,-0.04,-0.167,-0.082,-0.056,-0.024,0.009,-0.169,-0.048,-0.047,
0.0,0.119,-0.168,0.051,0.015,0.015,0.015,0.015,0.015,0.015,
0.0,-0.177,-0.043,-0.327,-0.125,0.016,-0.302,-0.226,-0.229,0.129,
0.0,-0.019,-0.185,-0.059,-0.017,-0.02,0.087,-0.072,-0.09,-0.126,
0.0,-0.269,-0.086,-0.168,-0.322,-0.334,0.078,-0.08,-0.195,-0.26,
0.0,-0.117,-0.184,-0.132,-0.115,-0.119,-0.163,-0.031,-0.159,-0.165,
0.0,-0.0,-0.017,-0.168,0.005,-0.3,-0.024,0.013,0.021,0.021,
0.0,-0.081,-0.132,-0.104,-0.189,-0.319,-0.151,-0.296,0.107,-0.085,
0.0,-0.294,0.001,0.118,0.227,0.043,-0.078,-0.106,-0.005,-0.185,
0.0,-0.252,-0.055,-0.357,-0.0,-0.227,0.058,-0.048,-0.05,-0.073,
0.0,-0.066,0.019,0.008,-0.127,-0.122,-0.207,-0.195,-0.167,-0.335,
0.0,-0.13,0.179,-0.214,-0.064,0.263,0.159,0.319,0.112,0.007,
0.0,-0.039,-0.22,-0.249,-0.276,-0.15,-0.226,-0.198,-0.014,-0.005,
0.0,-0.212,-0.082,-0.033,-0.16,-0.015,-0.146,-0.138,-0.23,-0.154,
0.0,-0.323,-0.23,-0.043,-0.056,-0.085,-0.152,-0.086,-0.242,-0.235,
0.0,-0.199,-0.262,-0.018,-0.147,-0.117,0.093,-0.201,0.001,-0.269,
0.0,-0.48,-0.332,-0.248,-0.174,-0.193,-0.046,-0.062,0.109,-0.18,
0.0,-0.088,-0.236,-0.241,-0.044,0.002,0.368,-0.039,0.053,0.189,
0.0,-0.055,-0.102,-0.18,0.064,-0.09,-0.184,-0.038,-0.102,-0.142,
0.0,-0.017,-0.02,0.022,0.019,0.016,0.015,0.015,0.015,0.015,
0.0,-0.11,-0.152,-0.052,-0.013,-0.002,0.001,0.001,0.001,0.001,
0.0,-0.23,-0.385,-0.327,-0.092,-0.064,-0.017,-0.317,-0.113,-0.163,
0.0,-0.171,-0.093,-0.141,-0.015,-0.08,-0.294,-0.251,-0.105,-0.234,
0.0,-0.058,-0.088,-0.341,-0.262,-0.194,-0.037,-0.362,0.061,-0.17,
0.0,-0.097,0.025,0.051,0.01,0.025,-0.117,0.073,-0.102,0.04,
0.0,-0.295,-0.247,-0.124,-0.078,-0.017,-0.216,-0.082,-0.116,-0.186,
0.0,-0.133,-0.026,-0.29,-0.136,-0.161,-0.318,-0.309,0.068,-0.199,
0.0,-0.249,0.006,-0.109,-0.054,-0.167,-0.182,-0.025,-0.19,-0.146,
0.0,-0.007,-0.317,-0.098,-0.204,0.068,-0.063,-0.038,0.138,-0.219,
0.0,-0.208,-0.094,-0.084,0.2,0.033,0.155,-0.159,0.051,-0.064,
0.0,-0.112,-0.113,-0.119,0.064,-0.171,0.05,0.069,-0.003,0.135,
0.0,0.025,0.292,-0.137,-0.386,-0.265,-0.3,-0.128,-0.025,-0.045,
0.0,-0.228,-0.112,-0.02,-0.019,-0.002,-0.001,0.0,-0.0,-0.001,
0.0,0.134,0.003,-0.115,0.062,-0.083,0.093,-0.035,-0.041,-0.004,
0.0,-0.25,0.092,-0.33,-0.257,-0.312,-0.191,-0.035,-0.105,-0.323,
0.0,-0.038,-0.031,-0.147,-0.226,-0.132,-0.273,-0.101,-0.149,0.007,
0.0,-0.164,-0.147,-0.221,-0.16,-0.223,-0.218,-0.182,-0.231,-0.146,
0.0,-0.271,-0.007,-0.081,0.011,-0.004,0.0,-0.0,-0.0,-0.0,
0.0,-0.138,-0.257,-0.157,-0.226,-0.196,-0.029,-0.19,-0.196,-0.21,
0.0,-0.284,-0.246,-0.284,-0.214,-0.09,-0.137,-0.134,-0.195,-0.115,
0.0,-0.129,0.093,-0.128,-0.286,-0.042,-0.024,-0.023,-0.018,-0.019,
0.0,-0.086,-0.288,-0.313,-0.39,-0.346,-0.191,-0.369,-0.293,-0.239,
0.0,-0.116,-0.08,-0.174,-0.243,-0.219,-0.163,-0.118,-0.135,-0.218,
0.0,0.068,-0.32,0.072,-0.032,-0.152,-0.252,-0.294,-0.297,-0.271,
0.0,0.154,0.067,0.041,0.098,0.035,0.035,0.035,0.035,0.035,
0.0,-0.176,0.095,-0.075,-0.077,-0.335,0.094,-0.155,-0.169,-0.1,
0.0,-0.359,-0.319,-0.243,-0.274,-0.276,-0.181,0.036,0.106,0.004,
0.0,-0.049,-0.021,-0.319,-0.328,-0.176,-0.26,-0.147,-0.311,-0.012,
0.0,-0.176,-0.143,0.004,0.12,0.109,-0.077,-0.17,-0.168,0.034,
0.0,-0.308,-0.008,-0.207,-0.219,0.152,0.166,0.02,0.05,-0.084,
0.0,-0.171,-0.204,-0.165,-0.136,-0.076,0.08,-0.242,0.035,-0.214,
0.0,-0.336,-0.29,-0.06,-0.355,-0.161,0.0,0.0,0.0,0.0,
0.0,-0.184,-0.298,-0.086,-0.042,-0.011,0.003,-0.001,0.002,0.002,
0.0,-0.024,0.011,-0.08,0.059,-0.221,-0.157,-0.184,0.004,-0.026,
0.0,-0.083,-0.241,0.003,0.004,0.004,0.004,0.004,0.004,0.004,
0.0,-0.328,-0.225,-0.231,-0.287,-0.065,0.146,-0.011,-0.028,-0.099,
0.0,-0.259,-0.2,-0.264,0.068,0.231,-0.162,-0.269,-0.207,-0.263,
0.0,0.064,-0.011,-0.01,-0.01,-0.01,-0.01,-0.01,-0.01,-0.01,
0.0,-0.112,-0.272,-0.32,-0.317,-0.189,-0.25,-0.159,-0.074,-0.135,
0.0,-0.102,-0.195,-0.284,-0.267,-0.249,0.041,-0.143,0.06,-0.112,
0.0,0.041,0.03,0.031,0.031,0.031,0.031,0.031,0.031,0.031,
0.0,-0.081,-0.045,-0.087,-0.141,-0.295,-0.008,-0.042,-0.2,-0.005,
0.0,-0.185,0.181,0.0,-0.001,-0.001,-0.001,-0.001,-0.001,-0.001,
0.0,-0.036,-0.225,-0.181,-0.19,0.084,-0.228,-0.291,-0.247,-0.112,
0.0,0.008,-0.003,-0.001,-0.158,-0.226,-0.167,-0.104,-0.133,-0.193,
0.0,-0.139,-0.034,0.011,0.012,0.012,0.012,0.012,0.012,0.012,
0.0,-0.207,-0.226,-0.013,0.003,0.004,0.004,0.004,0.004,0.004,
0.0,-0.043,0.05,0.02,0.015,0.015,0.015,0.015,0.015,0.015,
0.0,-0.03,-0.052,-0.195,0.036,-0.197,-0.148,0.004,-0.016,-0.044,
0.0,-0.144,-0.08,-0.334,-0.232,-0.115,-0.335,-0.036,0.003,0.003,
0.0,-0.124,0.003,0.019,0.02,0.022,0.022,0.022,0.022,0.022,
0.0,-0.19,-0.163,0.113,-0.175,-0.094,-0.095,-0.095,-0.109,-0.191,
0.0,-0.152,0.014,0.049,-0.199,-0.298,-0.122,-0.201,-0.137,-0.198,
0.0,-0.16,-0.126,-0.001,-0.054,-0.044,-0.06,-0.164,-0.075,-0.262,
0.0,-0.049,-0.018,0.263,-0.022,0.05,-0.229,-0.18,0.046,-0.191,
0.0,-0.112,-0.142,0.021,-0.101,-0.1,-0.053,-0.071,0.025,-0.271,
0.0,-0.324,-0.021,-0.236,-0.086,-0.016,-0.004,-0.073,-0.001,0.001,
0.0,-0.308,-0.402,-0.367,-0.429,-0.281,-0.246,-0.308,-0.323,-0.25,
0.0,-0.145,-0.069,-0.06,0.057,0.104,-0.211,0.06,0.065,-0.121,
0.0,-0.184,-0.112,-0.131,-0.158,-0.097,-0.215,-0.105,-0.302,-0.3,
0.0,-0.073,0.021,-0.053,-0.034,-0.048,-0.005,-0.053,-0.006,-0.024,
0.0,0.03,0.001,0.001,0.001,0.001,0.001,0.001,0.001,0.001,
0.0,-0.114,0.0,-0.328,-0.095,-0.25,-0.115,-0.062,-0.173,-0.132,
0.0,-0.173,-0.066,-0.0,0.005,0.006,0.005,0.005,0.005,0.005,
0.0,0.085,0.054,0.038,0.038,0.038,0.038,0.038,0.038,0.038,
0.0,-0.164,-0.058,-0.149,-0.013,-0.015,-0.052,-0.02,-0.0,0.002,
0.0,0.228,0.021,0.021,0.021,0.021,0.021,0.021,0.021,0.021,
0.0,-0.025,-0.102,-0.018,-0.128,-0.163,0.016,0.024,-0.005,-0.165,
0.0,-0.227,-0.058,-0.164,0.079,-0.086,-0.087,-0.019,-0.116,-0.092,
0.0,-0.065,-0.064,0.059,-0.185,-0.004,0.03,-0.17,0.086,-0.201,
0.0,0.012,0.025,-0.092,-0.273,0.084,-0.042,-0.033,-0.027,-0.145,
0.0,-0.088,-0.121,-0.28,-0.267,0.0,-0.031,-0.033,-0.25,-0.284,
0.0,-0.013,-0.242,-0.091,-0.05,-0.207,-0.068,0.082,-0.148,-0.09,
0.0,-0.066,0.029,-0.196,0.041,0.078,-0.014,0.078,0.008,-0.007,
0.0,-0.124,-0.164,0.002,-0.24,-0.029,-0.162,-0.162,-0.197,-0.114,
0.0,-0.183,-0.03,-0.055,-0.145,-0.139,-0.052,-0.17,-0.265,-0.109,
0.0,-0.286,-0.194,-0.484,-0.379,-0.43,-0.418,-0.353,-0.365,-0.363,
0.0,-0.101,0.309,0.058,0.025,0.246,0.01,-0.132,-0.102,-0.248,
0.0,-0.291,0.111,-0.199,-0.073,-0.008,-0.082,-0.232,-0.05,0.001,
0.0,0.043,0.01,0.01,0.01,0.01,0.01,0.01,0.01,0.01,
0.0,-0.115,-0.015,-0.168,-0.065,-0.224,-0.023,-0.154,-0.132,-0.106,
0.0,-0.235,0.046,0.035,0.128,-0.029,0.018,0.068,-0.001,-0.162,
0.0,-0.113,-0.117,-0.229,-0.276,-0.062,-0.031,-0.071,-0.062,-0.041,
0.0,-0.188,-0.244,-0.03,0.02,-0.127,-0.173,-0.108,0.026,-0.1,
0.0,-0.102,-0.31,-0.093,-0.181,-0.021,-0.058,0.028,-0.135,-0.09,
0.0,-0.075,-0.178,-0.296,-0.178,-0.142,-0.243,-0.233,-0.411,-0.374,
0.0,-0.115,0.075,-0.102,-0.201,-0.357,-0.16,-0.353,-0.227,-0.32,
0.0,-0.143,-0.171,-0.179,-0.23,-0.167,-0.109,-0.199,-0.046,-0.102,
0.0,-0.009,-0.152,-0.077,-0.044,-0.048,0.029,-0.223,-0.361,0.112,
0.0,0.056,-0.059,-0.076,-0.194,-0.211,-0.176,-0.114,0.009,0.026,
0.0,-0.007,-0.002,-0.003,-0.003,-0.003,-0.003,-0.003,-0.003,-0.003,
0.0,-0.077,-0.163,-0.103,0.02,-0.032,-0.094,-0.05,-0.178,-0.239,
0.0,-0.148,-0.168,-0.258,-0.326,-0.081,-0.307,-0.273,-0.269,-0.304,
0.0,-0.164,-0.232,-0.162,-0.111,0.137,-0.288,-0.233,-0.065,-0.199,
0.0,-0.221,-0.177,-0.045,-0.024,0.039,-0.201,-0.207,-0.161,-0.042,
0.0,-0.126,-0.162,0.053,0.101,-0.146,-0.025,0.018,-0.032,-0.006,
0.0,-0.307,-0.036,-0.238,-0.231,-0.009,-0.003,-0.089,0.001,-0.006,
0.0,-0.27,-0.333,-0.255,0.0,0.004,0.003,0.002,0.004,0.002,
0.0,-0.136,-0.126,-0.211,-0.28,0.097,0.075,0.004,0.1,-0.299,
0.0,0.036,0.052,-0.122,-0.057,-0.039,-0.065,-0.133,0.017,-0.181,
0.0,-0.066,-0.018,-0.159,0.046,-0.027,0.046,-0.089,-0.057,-0.144,
0.0,0.122,0.025,0.037,0.038,0.038,0.038,0.038,0.038,0.038,
0.0,-0.005,-0.264,0.077,0.009,0.023,0.035,0.033,0.034,0.034,
0.0,-0.307,-0.303,-0.306,-0.08,-0.094,-0.132,-0.001,0.002,0.002,
0.0,-0.325,-0.352,0.026,-0.08,-0.012,0.033,0.134,-0.001,0.052,
0.0,-0.412,-0.329,-0.286,-0.285,-0.32,-0.255,-0.361,-0.252,-0.298,
0.0,-0.097,-0.177,0.034,-0.039,-0.2,-0.04,-0.221,-0.227,-0.09,
0.0,-0.078,-0.086,-0.138,-0.163,-0.183,-0.165,0.076,-0.237,-0.136,
0.0,-0.188,-0.123,0.106,-0.167,-0.027,0.025,-0.156,-0.031,-0.037,
0.0,-0.171,-0.341,-0.112,-0.164,-0.068,-0.018,-0.142,-0.04,-0.142,
0.0,0.187,0.121,0.126,0.034,0.033,0.033,0.033,0.033,0.033,
0.0,-0.164,0.027,0.027,0.027,0.027,0.027,0.027,0.027,0.027,
0.0,0.079,0.039,0.037,0.037,0.037,0.037,0.037,0.037,0.037,
0.0,0.08,-0.146,-0.129,-0.021,-0.036,-0.009,-0.06,0.006,0.005,
0.0,0.012,0.291,0.009,0.009,0.009,0.009,0.009,0.009,0.009,
0.0,-0.323,-0.281,-0.3,-0.121,-0.13,-0.039,-0.216,-0.179,-0.155,
0.0,-0.088,-0.103,-0.131,-0.204,-0.209,-0.265,-0.251,-0.113,-0.1,
0.0,-0.054,-0.012,-0.134,-0.041,-0.123,-0.07,-0.238,0.005,-0.122,
0.0,-0.128,0.039,-0.087,0.014,-0.121,-0.088,-0.067,-0.195,-0.217,
0.0,0.046,-0.211,-0.283,-0.303,-0.313,-0.221,-0.334,-0.406,-0.3,
0.0,-0.349,-0.43,-0.323,-0.289,-0.186,-0.212,-0.163,-0.255,-0.269,
0.0,-0.115,-0.258,0.061,-0.185,-0.053,0.169,-0.24,-0.003,-0.091,
0.0,-0.077,0.227,0.224,0.134,-0.176,0.164,-0.259,0.179,0.02,
0.0,-0.137,0.023,-0.017,0.017,-0.039,0.016,-0.067,-0.178,-0.199,
0.0,-0.103,-0.326,-0.028,0.013,-0.1,0.099,-0.03,0.072,-0.002,
0.0,0.082,0.033,0.033,0.033,0.033,0.033,0.033,0.033,0.033,
0.0,-0.115,-0.033,-0.218,-0.192,-0.012,0.051,0.106,-0.048,-0.064,
0.0,0.034,-0.316,-0.113,0.018,-0.172,-0.094,-0.125,0.035,0.046,
0.0,0.225,0.131,0.036,0.032,0.029,0.029,0.029,0.029,0.029,
0.0,-0.071,-0.093,-0.123,0.059,0.027,0.044,-0.213,-0.095,-0.176,
0.0,-0.158,-0.072,-0.219,-0.211,-0.005,-0.091,0.007,0.007,0.007,
0.0,-0.107,0.216,0.062,-0.008,-0.22,-0.061,-0.127,-0.35,0.001,
0.0,-0.006,0.138,-0.183,-0.06,-0.022,-0.195,-0.164,0.009,0.274,
0.0,-0.314,-0.2,-0.182,-0.203,-0.216,-0.179,-0.137,-0.141,-0.205,
0.0,-0.213,-0.134,-0.098,0.083,-0.067,-0.157,-0.099,0.005,-0.089,
0.0,-0.102,0.022,0.309,0.003,0.001,0.0,0.0,0.0,0.0,
0.0,-0.067,0.122,0.013,-0.019,0.059,-0.192,0.01,0.023,0.023,
0.0,-0.236,-0.198,-0.21,-0.053,-0.003,-0.001,-0.001,-0.001,-0.001,
0.0,-0.196,-0.241,-0.164,-0.137,0.056,-0.156,0.017,-0.013,-0.239,
0.0,-0.16,-0.167,-0.171,-0.311,-0.322,-0.187,-0.285,-0.287,-0.213,
0.0,-0.236,-0.072,-0.148,-0.278,-0.377,-0.085,-0.289,-0.196,-0.309,
0.0,-0.081,-0.255,-0.203,-0.09,0.013,-0.209,-0.275,-0.188,-0.196,
0.0,0.149,0.046,0.016,0.074,-0.04,0.074,0.223,-0.099,0.046,
0.0,-0.39,-0.272,-0.324,-0.265,-0.181,-0.165,-0.196,-0.097,-0.183,
0.0,-0.112,-0.245,-0.169,-0.13,-0.21,-0.034,-0.245,-0.018,-0.285,
0.0,-0.087,-0.209,-0.251,-0.33,-0.166,-0.056,-0.082,-0.196,-0.073,
0.0,0.037,0.19,-0.01,0.024,-0.042,0.061,0.128,0.005,0.144,
0.0,0.015,-0.11,-0.16,-0.072,-0.093,-0.148,0.017,-0.264,-0.179,
0.0,-0.17,0.183,0.354,0.268,0.091,0.383,0.204,0.037,0.138,
0.0,0.059,0.023,0.023,0.023,0.023,0.023,0.023,0.023,0.023,
0.0,-0.219,-0.095,-0.068,0.001,0.096,-0.06,0.046,-0.173,-0.184,
0.0,0.071,0.057,-0.146,-0.114,-0.119,-0.178,-0.038,-0.184,-0.023,
0.0,-0.116,-0.234,-0.236,0.021,0.185,-0.009,-0.156,0.008,0.016,
0.0,-0.161,-0.325,-0.327,-0.252,-0.323,-0.06,-0.104,-0.052,-0.011,
0.0,-0.055,-0.156,-0.241,-0.209,-0.236,-0.083,-0.279,-0.168,-0.247,
0.0,-0.27,-0.225,-0.383,-0.213,-0.333,-0.229,-0.267,-0.211,-0.181,
0.0,-0.305,-0.235,-0.308,-0.313,-0.131,-0.294,-0.216,-0.171,-0.039,
0.0,-0.276,-0.181,-0.15,-0.205,-0.043,-0.271,-0.24,-0.241,-0.197,
0.0,-0.162,-0.144,-0.176,-0.093,-0.247,-0.313,-0.264,-0.153,-0.163,
0.0,0.015,0.012,0.013,0.013,0.013,0.013,0.013,0.013,0.013,
0.0,-0.109,0.017,-0.113,-0.232,0.01,0.011,0.01,0.012,0.012,
0.0,-0.059,-0.183,-0.078,0.091,-0.171,-0.049,-0.005,-0.05,0.021,
0.0,-0.218,-0.14,-0.085,-0.147,-0.068,-0.169,-0.198,-0.297,-0.138,
0.0,-0.244,-0.313,-0.106,-0.251,-0.01,-0.01,-0.01,-0.01,-0.01,
0.0,-0.102,0.183,-0.106,-0.045,0.105,-0.144,0.011,-0.031,0.116,
0.0,0.199,0.155,-0.097,-0.285,-0.304,-0.338,-0.235,-0.163,-0.245,
0.0,-0.27,-0.261,-0.236,0.206,-0.134,0.217,-0.005,-0.106,0.057,
0.0,-0.234,-0.344,-0.049,-0.207,-0.254,-0.274,-0.146,-0.161,-0.262,
0.0,-0.03,-0.009,-0.001,-0.001,-0.001,-0.001,-0.001,-0.001,-0.001,
0.0,-0.272,-0.268,-0.336,-0.367,-0.272,-0.323,-0.305,-0.363,-0.269,
0.0,-0.289,-0.305,-0.176,-0.183,0.013,-0.133,0.013,-0.015,0.013,
0.0,-0.235,-0.063,-0.098,-0.132,-0.222,-0.173,-0.092,-0.165,-0.23,
0.0,-0.07,-0.228,0.197,0.314,0.199,0.25,0.275,0.071,0.32,
0.0,-0.21,-0.357,-0.411,-0.193,-0.334,-0.362,-0.219,-0.173,-0.343,
0.0,-0.146,-0.262,-0.242,-0.29,-0.228,-0.097,-0.165,-0.075,-0.107,
0.0,-0.026,-0.013,-0.012,-0.012,-0.012,-0.012,-0.012,-0.012,-0.012,
0.0,0.072,-0.227,-0.335,-0.099,-0.021,-0.059,-0.106,0.011,0.012,
0.0,-0.194,-0.121,-0.237,-0.238,0.014,-0.13,-0.176,-0.032,-0.165,
0.0,-0.054,-0.214,-0.102,-0.293,-0.148,-0.217,-0.225,-0.294,-0.261,
0.0,-0.183,-0.05,0.126,-0.088,-0.219,-0.321,0.004,-0.22,-0.074,
0.0,0.111,0.005,-0.01,-0.166,-0.052,0.115,0.188,0.013,0.016,
0.0,-0.124,-0.107,-0.132,-0.196,0.007,-0.113,-0.115,-0.14,-0.07,
0.0,-0.107,-0.233,0.092,-0.181,-0.062,-0.045,-0.024,0.013,-0.077,
0.0,0.099,0.034,0.006,0.003,0.003,0.003,0.003,0.003,0.003,
0.0,-0.299,-0.048,-0.074,-0.118,-0.174,-0.075,0.046,0.135,-0.065,
0.0,-0.171,-0.282,-0.176,0.205,-0.107,0.057,-0.068,0.002,0.001,
0.0,-0.105,-0.244,-0.065,-0.109,-0.15,-0.113,-0.072,-0.167,-0.031,
0.0,-0.081,0.117,-0.091,-0.064,0.03,-0.082,-0.025,-0.125,-0.115,
0.0,-0.078,-0.107,-0.141,-0.079,-0.121,-0.032,-0.005,-0.271,-0.162,
0.0,-0.205,-0.275,-0.073,-0.127,-0.279,-0.246,-0.315,-0.431,-0.097,
0.0,-0.224,-0.093,0.125,0.009,0.013,0.137,-0.011,-0.112,-0.165,
0.0,-0.169,-0.034,0.2,0.348,0.123,0.039,0.228,0.082,0.02,
0.0,-0.146,0.007,0.017,0.017,0.017,0.017,0.017,0.017,0.017,
0.0,0.069,-0.082,0.26,0.007,-0.014,-0.049,0.184,-0.093,-0.096,
0.0,-0.038,-0.112,-0.084,-0.079,-0.079,-0.089,-0.254,-0.244,0.041,
0.0,-0.09,-0.102,-0.092,-0.052,-0.087,-0.041,0.107,-0.092,-0.106,
0.0,-0.214,-0.128,-0.017,-0.284,-0.027,0.147,0.041,-0.179,-0.256,
0.0,0.144,-0.225,-0.058,-0.044,0.131,-0.087,-0.057,-0.119,0.119,
0.0,-0.099,-0.14,-0.099,-0.101,-0.05,-0.132,-0.13,-0.006,-0.104,
0.0,-0.265,-0.235,-0.411,-0.289,-0.261,-0.271,-0.116,-0.094,-0.079,
0.0,-0.07,-0.166,-0.127,-0.161,-0.068,-0.033,-0.003,-0.003,-0.175,
0.0,0.261,0.12,0.033,0.158,-0.071,-0.03,-0.215,-0.058,-0.045,
0.0,-0.218,-0.226,-0.221,-0.197,-0.12,-0.18,-0.27,-0.054,0.113,
0.0,-0.156,-0.007,-0.104,-0.234,-0.057,-0.048,-0.022,-0.044,-0.069,
0.0,-0.097,0.081,-0.187,-0.135,0.032,0.06,-0.119,-0.059,-0.058,
0.0,-0.25,-0.055,-0.22,-0.167,-0.049,-0.044,-0.03,-0.169,-0.054,
0.0,-0.044,-0.242,-0.243,0.218,-0.01,-0.106,-0.089,-0.182,-0.118,
0.0,0.108,-0.07,-0.118,-0.154,0.034,0.178,-0.074,0.062,0.216,
0.0,-0.001,-0.156,-0.063,-0.073,-0.067,-0.196,-0.159,-0.204,-0.181,
0.0,-0.188,-0.3,-0.241,-0.309,-0.301,-0.327,-0.113,-0.05,-0.126,
0.0,-0.238,-0.135,-0.327,-0.254,-0.1,-0.133,-0.241,-0.262,-0.226,
0.0,-0.217,0.022,0.05,0.24,0.198,-0.085,0.017,0.099,-0.1,
0.0,-0.178,-0.165,-0.087,-0.241,-0.2,-0.004,-0.152,-0.167,-0.074,
0.0,0.27,0.006,0.006,0.006,0.006,0.006,0.006,0.128,0.004,
0.0,-0.239,0.01,0.11,0.098,-0.052,-0.114,-0.249,0.035,-0.132,
0.0,-0.062,-0.091,-0.121,-0.063,-0.009,-0.163,-0.303,-0.191,-0.131,
0.0,0.128,0.065,0.001,-0.001,-0.001,-0.001,-0.001,-0.001,-0.001,
0.0,-0.178,-0.136,-0.221,-0.105,-0.097,-0.158,-0.027,-0.137,-0.091,
0.0,-0.041,-0.24,-0.243,0.002,-0.164,0.014,0.013,0.014,0.013,
0.0,0.006,-0.413,-0.403,-0.316,-0.277,-0.302,-0.307,-0.344,-0.258,
0.0,-0.223,-0.117,-0.258,-0.299,-0.163,-0.242,-0.219,-0.051,-0.21,


