0.0,0.445,0.455,0.1,
0.0,0.375,0.525,0.1,
0.004,0.483,0.412,0.1,
0.0,0.517,0.383,0.1,
0.0,0.42,0.48,0.1,
0.004,0.492,0.404,0.1,
0.004,0.537,0.358,0.1,
0.0,0.4,0.5,0.1,
0.0,0.463,0.437,0.1,
0.0,0.425,0.475,0.1,
0.0,0.525,0.375,0.1,
0.0,0.417,0.483,0.1,
0.0,0.447,0.453,0.1,
0.0,0.445,0.455,0.1,
0.0,0.465,0.435,0.1,
0.0,0.467,0.433,0.1,
0.0,0.513,0.387,0.1,
0.0,0.41,0.49,0.1,
0.0,0.475,0.425,0.1,
0.0,0.408,0.492,0.1,
0.0,0.447,0.453,0.1,
0.0,0.41,0.49,0.1,
0.0,0.467,0.433,0.1,
0.0,0.46,0.44,0.1,
0.0,0.415,0.485,0.1,
0.0,0.433,0.467,0.1,
0.0,0.517,0.383,0.1,
0.005,0.495,0.395,0.105,
0.0,0.471,0.429,0.1,
0.0,0.41,0.49,0.1,
0.0,0.48,0.42,0.1,
0.0,0.5,0.4,0.1,
0.0,0.417,0.483,0.1,
0.0,0.463,0.437,0.1,
0.003,0.453,0.443,0.1,
0.0,0.446,0.454,0.1,
0.004,0.408,0.487,0.1,
0.0,0.447,0.453,0.1,
0.0,0.495,0.405,0.1,
0.0,0.495,0.405,0.1,
0.0,0.496,0.404,0.1,
0.0,0.412,0.487,0.1,
0.0,0.487,0.412,0.1,
0.0,0.433,0.467,0.1,
0.0,0.435,0.465,0.1,
0.0,0.433,0.467,0.1,
0.0,0.447,0.453,0.1,
0.0,0.493,0.407,0.1,
0.0,0.475,0.425,0.1,
0.0,0.487,0.412,0.1,
0.0,0.473,0.427,0.1,
0.0,0.46,0.44,0.1,
0.0,0.417,0.483,0.1,
0.0,0.433,0.467,0.1,
0.0,0.393,0.507,0.1,
0.0,0.465,0.435,0.1,
0.0,0.447,0.453,0.1,
0.005,0.46,0.435,0.1,
0.0,0.41,0.49,0.1,
0.0,0.45,0.45,0.1,
0.0,0.41,0.49,0.1,
0.0,0.5,0.4,0.1,
0.0,0.42,0.48,0.1,
0.0,0.467,0.433,0.1,
0.0,0.467,0.433,0.1,
0.01,0.44,0.45,0.1,
0.0,0.458,0.442,0.1,
0.004,0.425,0.471,0.1,
0.0,0.47,0.43,0.1,
0.0,0.565,0.335,0.1,
0.0,0.43,0.47,0.1,
0.0,0.48,0.42,0.1,
0.004,0.429,0.467,0.1,
0.0,0.497,0.403,0.1,
0.0,0.475,0.425,0.1,
0.0,0.408,0.492,0.1,
0.0,0.463,0.437,0.1,
0.0,0.457,0.443,0.1,
0.0,0.39,0.51,0.1,
0.0,0.458,0.442,0.1,
0.0,0.4,0.5,0.1,
0.0,0.39,0.51,0.1,
0.0,0.49,0.41,0.1,
0.0,0.383,0.517,0.1,
0.0,0.457,0.443,0.1,
0.0,0.443,0.457,0.1,
0.0,0.39,0.51,0.1,
0.0,0.467,0.433,0.1,
0.0,0.465,0.435,0.1,
0.0,0.535,0.365,0.1,
0.0,0.397,0.503,0.1,
0.0,0.45,0.45,0.1,
0.0,0.4,0.5,0.1,
0.0,0.533,0.367,0.1,
0.0,0.477,0.423,0.1,
0.0,0.495,0.405,0.1,
0.0,0.429,0.471,0.1,
0.004,0.417,0.479,0.1,
0.0,0.403,0.497,0.1,
0.0,0.443,0.457,0.1,
0.0,0.455,0.445,0.1,
0.0,0.487,0.412,0.1,
0.0,0.447,0.453,0.1,
0.0,0.47,0.43,0.1,
0.003,0.433,0.463,0.1,
0.0,0.467,0.433,0.1,
0.0,0.446,0.454,0.1,
0.004,0.492,0.404,0.1,
0.0,0.497,0.403,0.1,
0.0,0.415,0.485,0.1,
0.0,0.512,0.388,0.1,
0.0,0.42,0.48,0.1,
0.005,0.525,0.37,0.1,
0.0,0.458,0.442,0.1,
0.003,0.407,0.49,0.1,
0.0,0.443,0.457,0.1,
0.0,0.47,0.43,0.1,
0.004,0.458,0.438,0.1,
0.0,0.512,0.388,0.1,
0.0,0.427,0.473,0.1,
0.0,0.467,0.433,0.1,
0.0,0.463,0.437,0.1,
0.003,0.41,0.487,0.1,
0.0,0.4,0.5,0.1,
0.0,0.446,0.454,0.1,
0.0,0.443,0.457,0.1,
0.0,0.475,0.425,0.1,
0.0,0.415,0.485,0.1,
0.004,0.392,0.504,0.1,
0.0,0.44,0.46,0.1,
0.01,0.445,0.445,0.1,
0.0,0.487,0.412,0.1,
0.0,0.417,0.483,0.1,
0.0,0.415,0.485,0.1,
0.0,0.445,0.455,0.1,
0.0,0.355,0.545,0.1,
0.0,0.421,0.479,0.1,
0.004,0.471,0.425,0.1,
0.0,0.45,0.45,0.1,
0.0,0.425,0.475,0.1,
0.0,0.35,0.55,0.1,
0.003,0.49,0.407,0.1,
0.003,0.45,0.447,0.1,
0.0,0.43,0.47,0.1,
0.0,0.467,0.433,0.1,
0.0,0.496,0.404,0.1,
0.0,0.473,0.427,0.1,
0.0,0.49,0.41,0.1,
0.0,0.533,0.367,0.1,
0.0,0.41,0.49,0.1,
0.0,0.41,0.49,0.1,
0.0,0.42,0.475,0.105,
0.0,0.51,0.39,0.1,
0.0,0.46,0.435,0.105,
0.0,0.44,0.46,0.1,
0.0,0.463,0.438,0.1,
0.0,0.47,0.43,0.1,
0.0,0.388,0.512,0.1,
0.0,0.454,0.446,0.1,
0.0,0.438,0.463,0.1,
0.0,0.515,0.385,0.1,
0.0,0.435,0.465,0.1,
0.004,0.458,0.438,0.1,
0.0,0.437,0.463,0.1,
0.0,0.39,0.51,0.1,
0.0,0.483,0.417,0.1,
0.0,0.433,0.467,0.1,
0.0,0.427,0.473,0.1,
0.0,0.433,0.467,0.1,
0.0,0.437,0.463,0.1,
0.0,0.458,0.442,0.1,
0.0,0.433,0.467,0.1,
0.0,0.46,0.44,0.1,
0.0,0.43,0.47,0.1,
0.0,0.445,0.455,0.1,
0.004,0.45,0.446,0.1,
0.0,0.5,0.4,0.1,
0.0,0.493,0.407,0.1,
0.0,0.495,0.405,0.1,
0.004,0.383,0.512,0.1,
0.0,0.413,0.487,0.1,
0.0,0.455,0.445,0.1,
0.0,0.438,0.463,0.1,
0.0,0.4,0.5,0.1,
0.0,0.42,0.48,0.1,
0.0,0.388,0.512,0.1,
0.0,0.413,0.487,0.1,
0.0,0.435,0.465,0.1,
0.0,0.412,0.487,0.1,
0.0,0.475,0.425,0.1,
0.0,0.4,0.5,0.1,
0.0,0.4,0.5,0.1,
0.0,0.41,0.485,0.105,
0.0,0.457,0.443,0.1,
0.0,0.45,0.45,0.1,
0.0,0.425,0.475,0.1,
0.004,0.508,0.388,0.1,
0.0,0.4,0.5,0.1,
0.0,0.44,0.46,0.1,
0.005,0.41,0.485,0.1,
0.0,0.457,0.443,0.1,
0.0,0.471,0.429,0.1,
0.0,0.463,0.438,0.1,
0.0,0.37,0.53,0.1,
0.0,0.49,0.41,0.1,
0.004,0.479,0.417,0.1,
0.0,0.41,0.49,0.1,
0.0,0.427,0.473,0.1,
0.005,0.395,0.5,0.1,
0.0,0.371,0.529,0.1,
0.0,0.383,0.517,0.1,
0.0,0.42,0.48,0.1,
0.0,0.36,0.54,0.1,
0.0,0.471,0.429,0.1,
0.0,0.473,0.427,0.1,
0.0,0.483,0.417,0.1,
0.0,0.487,0.413,0.1,
0.0,0.485,0.415,0.1,
0.005,0.465,0.43,0.1,
0.005,0.505,0.39,0.1,
0.0,0.438,0.463,0.1,
0.0,0.483,0.417,0.1,
0.0,0.38,0.52,0.1,
0.0,0.475,0.425,0.1,
0.0,0.447,0.453,0.1,
0.0,0.37,0.53,0.1,
0.0,0.45,0.45,0.1,
0.0,0.525,0.375,0.1,
0.0,0.43,0.47,0.1,
0.0,0.42,0.48,0.1,
0.0,0.52,0.38,0.1,
0.0,0.438,0.463,0.1,
0.0,0.429,0.471,0.1,
0.0,0.477,0.423,0.1,
0.0,0.467,0.433,0.1,
0.0,0.454,0.446,0.1,
0.0,0.458,0.442,0.1,
0.0,0.487,0.413,0.1,
0.0,0.46,0.44,0.1,
0.0,0.425,0.475,0.1,
0.004,0.5,0.396,0.1,
0.0,0.44,0.46,0.1,
0.0,0.455,0.445,0.1,
0.0,0.495,0.405,0.1,
0.0,0.437,0.463,0.1,
0.0,0.43,0.47,0.1,
0.0,0.517,0.383,0.1,
0.0,0.471,0.429,0.1,
0.005,0.405,0.49,0.1,
0.0,0.48,0.42,0.1,
0.0,0.477,0.423,0.1,
0.0,0.497,0.403,0.1,
0.0,0.48,0.42,0.1,
0.0,0.412,0.487,0.1,
0.0,0.508,0.392,0.1,
0.0,0.48,0.42,0.1,
0.0,0.355,0.545,0.1,
0.0,0.445,0.455,0.1,
0.0,0.479,0.421,0.1,
0.0,0.413,0.487,0.1,
0.0,0.455,0.445,0.1,
0.0,0.446,0.454,0.1,
0.0,0.47,0.43,0.1,
0.0,0.5,0.4,0.1,
0.0,0.403,0.497,0.1,
0.0,0.46,0.44,0.1,
0.0,0.483,0.417,0.1,
0.0,0.492,0.408,0.1,
0.0,0.377,0.523,0.1,
0.0,0.44,0.46,0.1,
0.0,0.454,0.446,0.1,
0.0,0.457,0.443,0.1,
0.0,0.495,0.405,0.1,
0.0,0.435,0.465,0.1,
0.0,0.433,0.467,0.1,
0.0,0.404,0.496,0.1,
0.003,0.43,0.467,0.1,
0.0,0.435,0.46,0.105,
0.0,0.542,0.358,0.1,
0.0,0.443,0.457,0.1,
0.0,0.438,0.463,0.1,
0.0,0.483,0.417,0.1,
0.0,0.455,0.445,0.1,
0.0,0.44,0.46,0.1,
0.0,0.467,0.433,0.1,
0.0,0.507,0.393,0.1,
0.0,0.44,0.46,0.1,
0.0,0.47,0.43,0.1,
0.0,0.45,0.45,0.1,
0.004,0.508,0.388,0.1,
0.0,0.41,0.49,0.1,
0.0,0.495,0.405,0.1,
0.0,0.496,0.404,0.1,
0.0,0.387,0.513,0.1,
0.0,0.41,0.49,0.1,
0.004,0.433,0.463,0.1,
0.0,0.415,0.485,0.1,
0.004,0.442,0.454,0.1,
0.003,0.45,0.447,0.1,
0.0,0.383,0.517,0.1,
0.0,0.46,0.44,0.1,
0.0,0.454,0.446,0.1,
0.0,0.407,0.493,0.1,
0.0,0.445,0.455,0.1,
0.0,0.412,0.487,0.1,
0.0,0.458,0.442,0.1,
0.0,0.463,0.437,0.1,
0.0,0.403,0.497,0.1,
0.0,0.415,0.485,0.1,
0.0,0.425,0.475,0.1,
0.0,0.433,0.467,0.1,
0.0,0.45,0.45,0.1,
0.0,0.49,0.41,0.1,
0.0,0.43,0.47,0.1,
0.0,0.485,0.415,0.1,
0.0,0.429,0.471,0.1,
0.0,0.463,0.437,0.1,
0.0,0.535,0.36,0.105,
0.0,0.442,0.458,0.1,
0.0,0.479,0.421,0.1,
0.0,0.427,0.473,0.1,
0.0,0.455,0.445,0.1,
0.0,0.425,0.475,0.1,
0.0,0.437,0.463,0.1,
0.0,0.403,0.497,0.1,
0.004,0.425,0.471,0.1,
0.0,0.483,0.417,0.1,
0.0,0.467,0.433,0.1,
0.0,0.45,0.45,0.1,
0.0,0.487,0.413,0.1,
0.003,0.41,0.487,0.1,
0.0,0.465,0.435,0.1,
0.0,0.458,0.442,0.1,
0.0,0.43,0.47,0.1,
0.0,0.4,0.5,0.1,
0.0,0.47,0.43,0.1,
0.0,0.42,0.48,0.1,
0.0,0.41,0.49,0.1,
0.0,0.485,0.415,0.1,
0.0,0.525,0.375,0.1,
0.0,0.383,0.517,0.1,
0.005,0.395,0.5,0.1,
0.0,0.38,0.52,0.1,
0.0,0.508,0.392,0.1,
0.0,0.475,0.425,0.1,
0.004,0.421,0.475,0.1,
0.0,0.487,0.412,0.1,
0.0,0.5,0.4,0.1,
0.0,0.41,0.49,0.1,
0.004,0.463,0.433,0.1,
0.0,0.55,0.35,0.1,
0.007,0.417,0.477,0.1,
0.0,0.5,0.4,0.1,
0.0,0.446,0.454,0.1,
0.0,0.437,0.463,0.1,
0.005,0.45,0.445,0.1,
0.0,0.508,0.392,0.1,
0.0,0.412,0.487,0.1,
0.0,0.417,0.483,0.1,
0.0,0.405,0.495,0.1,
0.0,0.427,0.473,0.1,
0.0,0.395,0.505,0.1,
0.004,0.533,0.362,0.1,
0.0,0.47,0.43,0.1,
0.005,0.385,0.51,0.1,
0.0,0.46,0.44,0.1,
0.0,0.529,0.371,0.1,
0.0,0.413,0.487,0.1,
0.0,0.42,0.48,0.1,
0.004,0.454,0.442,0.1,
0.0,0.471,0.429,0.1,
0.0,0.447,0.453,0.1,
0.0,0.515,0.385,0.1,
0.0,0.505,0.395,0.1,
0.0,0.453,0.447,0.1,
0.0,0.463,0.437,0.1,
0.0,0.487,0.412,0.1,
0.0,0.45,0.45,0.1,
0.0,0.44,0.46,0.1,
0.0,0.365,0.535,0.1,
0.0,0.529,0.371,0.1,
0.003,0.543,0.353,0.1,
0.0,0.38,0.52,0.1,
0.0,0.417,0.483,0.1,
0.0,0.407,0.493,0.1,
0.0,0.453,0.447,0.1,
0.0,0.465,0.435,0.1,
0.0,0.425,0.475,0.1,
0.0,0.417,0.483,0.1,
0.0,0.41,0.49,0.1,
0.0,0.45,0.45,0.1,
0.0,0.4,0.5,0.1,
0.0,0.412,0.487,0.1,
0.0,0.373,0.527,0.1,
0.0,0.453,0.447,0.1,
0.0,0.467,0.433,0.1,
0.0,0.483,0.417,0.1,
0.0,0.367,0.533,0.1,
0.0,0.4,0.5,0.1,
0.0,0.35,0.55,0.1,
0.0,0.446,0.454,0.1,
0.0,0.467,0.433,0.1,
0.0,0.48,0.42,0.1,
0.0,0.465,0.435,0.1,
0.004,0.412,0.483,0.1,
0.0,0.45,0.45,0.1,
0.0,0.397,0.503,0.1,
0.0,0.475,0.425,0.1,
0.0,0.463,0.437,0.1,
0.0,0.425,0.475,0.1,
0.0,0.487,0.412,0.1,
0.004,0.392,0.504,0.1,
0.013,0.447,0.44,0.1,
0.005,0.53,0.365,0.1,
0.0,0.438,0.463,0.1,
0.0,0.41,0.49,0.1,
0.0,0.465,0.435,0.1,
0.0,0.512,0.388,0.1,
0.0,0.525,0.375,0.1,
0.0,0.429,0.471,0.1,
0.003,0.453,0.443,0.1,
0.0,0.41,0.49,0.1,
0.004,0.442,0.454,0.1,
0.0,0.437,0.463,0.1,
0.0,0.44,0.46,0.1,
0.0,0.45,0.45,0.1,
0.0,0.545,0.355,0.1,
0.0,0.463,0.438,0.1,
0.0,0.447,0.453,0.1,
0.0,0.45,0.45,0.1,
0.0,0.485,0.415,0.1,
0.0,0.425,0.475,0.1,
0.003,0.477,0.42,0.1,
0.0,0.49,0.41,0.1,
0.004,0.55,0.346,0.1,
0.0,0.492,0.408,0.1,
0.0,0.45,0.45,0.1,
0.005,0.4,0.495,0.1,
0.0,0.435,0.465,0.1,
0.0,0.517,0.383,0.1,
0.0,0.454,0.446,0.1,
0.0,0.425,0.475,0.1,
0.0,0.521,0.379,0.1,
0.0,0.475,0.425,0.1,
0.005,0.38,0.515,0.1,
0.0,0.433,0.467,0.1,
0.0,0.42,0.48,0.1,
0.0,0.545,0.355,0.1,
0.0,0.458,0.442,0.1,
0.0,0.421,0.479,0.1,
0.0,0.433,0.467,0.1,
0.0,0.435,0.465,0.1,
0.0,0.479,0.421,0.1,
0.0,0.39,0.51,0.1,
0.0,0.453,0.447,0.1,
0.005,0.495,0.4,0.1,
0.0,0.43,0.47,0.1,
0.0,0.445,0.455,0.1,
0.0,0.44,0.46,0.1,
0.003,0.44,0.457,0.1,
0.0,0.45,0.45,0.1,
0.0,0.492,0.408,0.1,
0.0,0.487,0.412,0.1,
0.0,0.407,0.493,0.1,
0.0,0.46,0.44,0.1,
0.0,0.5,0.4,0.1,
0.0,0.43,0.47,0.1,
0.0,0.45,0.45,0.1,
0.0,0.48,0.42,0.1,
0.0,0.533,0.367,0.1,
0.0,0.497,0.403,0.1,
0.0,0.4,0.5,0.1,
0.004,0.579,0.317,0.1,
0.0,0.49,0.41,0.1,
0.0,0.52,0.38,0.1,
0.0,0.454,0.446,0.1,
0.003,0.467,0.43,0.1,
0.0,0.483,0.417,0.1,
0.0,0.375,0.525,0.1,
0.0,0.4,0.5,0.1,
0.0,0.442,0.458,0.1,
0.0,0.46,0.44,0.1,
0.0,0.51,0.39,0.1,
0.0,0.5,0.4,0.1,
0.0,0.4,0.5,0.1,
0.0,0.433,0.467,0.1,
0.0,0.45,0.45,0.1,
0.0,0.433,0.467,0.1,
0.004,0.454,0.442,0.1,
0.0,0.483,0.417,0.1,
0.0,0.487,0.413,0.1,
0.0,0.49,0.41,0.1,
0.0,0.537,0.362,0.1,
0.0,0.45,0.45,0.1,
0.0,0.455,0.445,0.1,
0.0,0.465,0.435,0.1,
0.0,0.546,0.354,0.1,
0.003,0.4,0.497,0.1,
0.0,0.46,0.44,0.1,
0.0,0.471,0.429,0.1,
0.004,0.492,0.404,0.1,
0.0,0.38,0.52,0.1,
0.0,0.545,0.355,0.1,
0.0,0.48,0.42,0.1,
0.0,0.37,0.53,0.1,
0.0,0.512,0.388,0.1,
0.004,0.479,0.417,0.1,
0.0,0.408,0.492,0.1,
0.0,0.375,0.525,0.1,
0.0,0.445,0.455,0.1,
0.0,0.4,0.5,0.1,
0.0,0.46,0.44,0.1,
0.0,0.44,0.46,0.1,
0.004,0.375,0.521,0.1,
0.0,0.497,0.403,0.1,
0.0,0.46,0.44,0.1,
0.0,0.51,0.385,0.105,
0.0,0.525,0.375,0.1,
0.0,0.4,0.5,0.1,
0.0,0.483,0.417,0.1,
0.0,0.44,0.46,0.1,
0.0,0.405,0.495,0.1,
0.0,0.5,0.4,0.1,
0.0,0.453,0.447,0.1,
0.0,0.493,0.407,0.1,
0.0,0.475,0.425,0.1,
0.0,0.4,0.5,0.1,
0.0,0.421,0.479,0.1,
0.0,0.46,0.44,0.1,
0.0,0.445,0.455,0.1,
0.0,0.537,0.362,0.1,
0.0,0.42,0.48,0.1,
0.0,0.395,0.505,0.1,
0.0,0.51,0.39,0.1,
0.0,0.487,0.412,0.1,
0.0,0.463,0.437,0.1,
0.075,0.583,0.242,0.1,
0.042,0.596,0.263,0.1,
0.045,0.56,0.295,0.1,
0.025,0.58,0.295,0.1,
0.087,0.542,0.271,0.1,
0.0,0.65,0.25,0.1,
0.003,0.59,0.307,0.1,
0.029,0.596,0.275,0.1,
0.003,0.573,0.323,0.1,
0.007,0.563,0.33,0.1,
0.0,0.543,0.357,0.1,
0.01,0.605,0.28,0.105,
0.029,0.588,0.283,0.1,
0.003,0.637,0.26,0.1,
0.01,0.58,0.31,0.1,
0.042,0.6,0.258,0.1,
0.005,0.6,0.295,0.1,
0.0,0.523,0.377,0.1,
0.0,0.547,0.353,0.1,
0.01,0.583,0.307,0.1,
0.01,0.565,0.325,0.1,
0.05,0.6,0.25,0.1,
0.0,0.503,0.397,0.1,
0.035,0.635,0.23,0.1,
0.046,0.608,0.246,0.1,
0.037,0.608,0.254,0.1,
0.0,0.613,0.287,0.1,
0.005,0.595,0.3,0.1,
0.03,0.61,0.26,0.1,
0.01,0.597,0.293,0.1,
0.003,0.623,0.273,0.1,
0.02,0.615,0.265,0.1,
0.003,0.587,0.31,0.1,
0.015,0.64,0.245,0.1,
0.01,0.61,0.28,0.1,
0.033,0.613,0.254,0.1,
0.0,0.623,0.277,0.1,
0.01,0.625,0.265,0.1,
0.021,0.604,0.275,0.1,
0.042,0.604,0.254,0.1,
0.003,0.607,0.29,0.1,
0.0,0.625,0.275,0.1,
0.062,0.579,0.258,0.1,
0.017,0.483,0.4,0.1,
0.005,0.67,0.225,0.1,
0.03,0.585,0.285,0.1,
0.079,0.575,0.246,0.1,
0.067,0.567,0.267,0.1,
0.003,0.617,0.28,0.1,
0.007,0.627,0.267,0.1,
0.015,0.595,0.29,0.1,
0.046,0.604,0.25,0.1,
0.003,0.557,0.34,0.1,
0.005,0.575,0.32,0.1,
0.02,0.605,0.275,0.1,
0.01,0.55,0.335,0.105,
0.003,0.59,0.307,0.1,
0.0,0.497,0.403,0.1,
0.015,0.62,0.265,0.1,
0.054,0.596,0.25,0.1,
0.003,0.563,0.333,0.1,
0.01,0.61,0.28,0.1,
0.096,0.533,0.271,0.1,
0.042,0.608,0.25,0.1,
0.015,0.565,0.32,0.1,
0.054,0.562,0.283,0.1,
0.0,0.577,0.323,0.1,
0.01,0.63,0.26,0.1,
0.004,0.621,0.275,0.1,
0.071,0.575,0.254,0.1,
0.067,0.579,0.254,0.1,
0.02,0.57,0.31,0.1,
0.015,0.595,0.29,0.1,
0.0,0.54,0.36,0.1,
0.003,0.51,0.387,0.1,
0.0,0.497,0.403,0.1,
0.05,0.579,0.271,0.1,
0.042,0.588,0.271,0.1,
0.0,0.53,0.37,0.1,
0.005,0.545,0.35,0.1,
0.017,0.607,0.277,0.1,
0.01,0.595,0.295,0.1,
0.054,0.613,0.233,0.1,
0.0,0.547,0.353,0.1,
0.025,0.605,0.27,0.1,
0.035,0.59,0.27,0.105,
0.0,0.617,0.283,0.1,
0.0,0.5,0.4,0.1,
0.005,0.645,0.25,0.1,
0.042,0.579,0.279,0.1,
0.142,0.542,0.217,0.1,
0.0,0.61,0.29,0.1,
0.035,0.615,0.25,0.1,
0.058,0.604,0.237,0.1,
0.046,0.583,0.271,0.1,
0.003,0.583,0.313,0.1,
0.021,0.596,0.283,0.1,
0.0,0.46,0.44,0.1,
0.02,0.59,0.29,0.1,
0.025,0.58,0.29,0.105,
0.033,0.6,0.267,0.1,
0.0,0.62,0.28,0.1,
0.08,0.57,0.25,0.1,
0.033,0.629,0.237,0.1,
0.003,0.573,0.323,0.1,
0.003,0.59,0.307,0.1,
0.035,0.605,0.26,0.1,
0.054,0.6,0.246,0.1,
0.071,0.571,0.258,0.1,
0.01,0.61,0.28,0.1,
0.015,0.59,0.295,0.1,
0.037,0.608,0.254,0.1,
0.042,0.613,0.246,0.1,
0.0,0.537,0.363,0.1,
0.01,0.567,0.323,0.1,
0.02,0.6,0.28,0.1,
0.03,0.59,0.28,0.1,
0.027,0.617,0.257,0.1,
0.003,0.623,0.273,0.1,
0.01,0.625,0.265,0.1,
0.046,0.592,0.263,0.1,
0.003,0.557,0.34,0.1,
0.01,0.625,0.265,0.1,
0.005,0.6,0.295,0.1,
0.054,0.562,0.283,0.1,
0.003,0.597,0.3,0.1,
0.0,0.58,0.32,0.1,
0.071,0.558,0.271,0.1,
0.003,0.58,0.317,0.1,
0.021,0.633,0.246,0.1,
0.067,0.583,0.25,0.1,
0.067,0.621,0.212,0.1,
0.01,0.58,0.31,0.1,
0.02,0.565,0.31,0.105,
0.05,0.625,0.225,0.1,
0.017,0.547,0.337,0.1,
0.015,0.61,0.275,0.1,
0.005,0.59,0.305,0.1,
0.021,0.613,0.267,0.1,
0.003,0.56,0.337,0.1,
0.003,0.55,0.347,0.1,
0.017,0.667,0.217,0.1,
0.025,0.65,0.225,0.1,
0.003,0.59,0.307,0.1,
0.0,0.6,0.3,0.1,
0.04,0.585,0.275,0.1,
0.005,0.61,0.285,0.1,
0.05,0.571,0.279,0.1,
0.003,0.583,0.313,0.1,
0.0,0.585,0.315,0.1,
0.0,0.555,0.34,0.105,
0.046,0.596,0.258,0.1,
0.007,0.593,0.3,0.1,
0.01,0.615,0.275,0.1,
0.025,0.637,0.237,0.1,
0.042,0.608,0.25,0.1,
0.0,0.623,0.277,0.1,
0.01,0.61,0.28,0.1,
0.01,0.625,0.265,0.1,
0.0,0.547,0.353,0.1,
0.054,0.592,0.254,0.1,
0.05,0.6,0.25,0.1,
0.003,0.583,0.313,0.1,
0.01,0.585,0.305,0.1,
0.037,0.6,0.263,0.1,
0.0,0.49,0.41,0.1,
0.003,0.523,0.373,0.1,
0.01,0.537,0.353,0.1,
0.037,0.646,0.217,0.1,
0.071,0.588,0.242,0.1,
0.0,0.493,0.407,0.1,
0.01,0.51,0.38,0.1,
0.071,0.6,0.229,0.1,
0.003,0.6,0.297,0.1,
0.005,0.635,0.26,0.1,
0.04,0.505,0.355,0.1,
0.015,0.565,0.32,0.1,
0.02,0.61,0.27,0.1,
0.0,0.577,0.323,0.1,
0.003,0.53,0.367,0.1,
0.015,0.565,0.32,0.1,
0.037,0.604,0.258,0.1,
0.0,0.49,0.41,0.1,
0.035,0.585,0.28,0.1,
0.017,0.621,0.263,0.1,
0.054,0.567,0.279,0.1,
0.025,0.6,0.275,0.1,
0.003,0.557,0.34,0.1,
0.035,0.615,0.25,0.1,
0.054,0.604,0.242,0.1,
0.007,0.61,0.283,0.1,
0.06,0.515,0.325,0.1,
0.067,0.558,0.275,0.1,
0.01,0.573,0.317,0.1,
0.02,0.62,0.26,0.1,
0.017,0.596,0.287,0.1,
0.0,0.637,0.263,0.1,
0.01,0.62,0.27,0.1,
0.046,0.583,0.271,0.1,
0.021,0.621,0.258,0.1,
0.0,0.56,0.34,0.1,
0.005,0.64,0.255,0.1,
0.01,0.635,0.255,0.1,
0.033,0.588,0.279,0.1,
0.003,0.64,0.257,0.1,
0.0,0.58,0.32,0.1,
0.005,0.64,0.255,0.1,
0.017,0.604,0.279,0.1,
0.017,0.608,0.275,0.1,
0.0,0.557,0.343,0.1,
0.007,0.553,0.34,0.1,
0.005,0.595,0.3,0.1,
0.079,0.546,0.275,0.1,
0.0,0.543,0.357,0.1,
0.02,0.615,0.265,0.1,
0.0,0.605,0.295,0.1,
0.025,0.608,0.267,0.1,
0.0,0.55,0.35,0.1,
0.0,0.605,0.295,0.1,
0.037,0.625,0.237,0.1,
0.0,0.49,0.41,0.1,
0.003,0.54,0.357,0.1,
0.04,0.595,0.265,0.1,
0.02,0.58,0.3,0.1,
0.025,0.605,0.27,0.1,
0.037,0.537,0.325,0.1,
0.05,0.608,0.242,0.1,
0.003,0.587,0.31,0.1,
0.007,0.497,0.397,0.1,
0.054,0.575,0.271,0.1,
0.054,0.567,0.279,0.1,
0.013,0.607,0.28,0.1,
0.01,0.635,0.255,0.1,
0.071,0.588,0.242,0.1,
0.0,0.58,0.32,0.1,
0.003,0.587,0.31,0.1,
0.005,0.66,0.235,0.1,
0.037,0.6,0.263,0.1,
0.042,0.575,0.283,0.1,
0.02,0.56,0.32,0.1,
0.003,0.497,0.4,0.1,
0.0,0.685,0.215,0.1,
0.046,0.6,0.254,0.1,
0.003,0.583,0.313,0.1,
0.005,0.63,0.265,0.1,
0.035,0.585,0.28,0.1,
0.035,0.61,0.255,0.1,
0.0,0.613,0.287,0.1,
0.007,0.583,0.31,0.1,
0.042,0.613,0.246,0.1,
0.05,0.629,0.221,0.1,
0.067,0.558,0.275,0.1,
0.015,0.575,0.31,0.1,
0.04,0.58,0.28,0.1,
0.046,0.592,0.263,0.1,
0.007,0.603,0.29,0.1,
0.021,0.633,0.246,0.1,
0.007,0.523,0.37,0.1,
0.003,0.523,0.373,0.1,
0.005,0.65,0.245,0.1,
0.017,0.629,0.254,0.1,
0.0,0.597,0.303,0.1,
0.003,0.6,0.297,0.1,
0.02,0.63,0.25,0.1,
0.037,0.604,0.258,0.1,
0.0,0.53,0.37,0.1,
0.02,0.565,0.315,0.1,
0.0,0.6,0.3,0.1,
0.054,0.604,0.242,0.1,
0.0,0.527,0.373,0.1,
0.0,0.55,0.35,0.1,
0.075,0.571,0.254,0.1,
0.04,0.585,0.275,0.1,
0.058,0.588,0.254,0.1,
0.007,0.54,0.353,0.1,
0.01,0.625,0.265,0.1,
0.037,0.596,0.267,0.1,
0.025,0.608,0.267,0.1,
0.037,0.558,0.304,0.1,
0.02,0.635,0.245,0.1,
0.015,0.63,0.255,0.1,
0.0,0.437,0.463,0.1,
0.0,0.533,0.367,0.1,
0.005,0.61,0.285,0.1,
0.013,0.55,0.338,0.1,
0.021,0.608,0.271,0.1,
0.02,0.64,0.24,0.1,
0.015,0.565,0.32,0.1,
0.0,0.557,0.343,0.1,
0.0,0.577,0.323,0.1,
0.058,0.592,0.25,0.1,
0.037,0.625,0.237,0.1,
0.003,0.54,0.357,0.1,
0.015,0.585,0.3,0.1,
0.008,0.633,0.258,0.1,
0.007,0.55,0.343,0.1,
0.03,0.585,0.285,0.1,
0.02,0.63,0.25,0.1,
0.045,0.595,0.26,0.1,
0.037,0.571,0.292,0.1,
0.007,0.58,0.313,0.1,
0.01,0.625,0.265,0.1,
0.075,0.575,0.25,0.1,
0.003,0.543,0.353,0.1,
0.071,0.571,0.258,0.1,
0.005,0.595,0.3,0.1,
0.035,0.59,0.275,0.1,
0.015,0.605,0.28,0.1,
0.042,0.562,0.296,0.1,
0.007,0.633,0.26,0.1,
0.005,0.575,0.32,0.1,
0.025,0.621,0.254,0.1,
0.003,0.53,0.367,0.1,
0.0,0.56,0.34,0.1,
0.03,0.64,0.225,0.105,
0.029,0.6,0.271,0.1,
0.0,0.647,0.253,0.1,
0.01,0.59,0.3,0.1,
0.03,0.615,0.25,0.105,
0.033,0.604,0.263,0.1,
0.037,0.596,0.267,0.1,
0.058,0.588,0.254,0.1,
0.067,0.596,0.237,0.1,
0.0,0.527,0.373,0.1,
0.015,0.61,0.275,0.1,
0.071,0.588,0.242,0.1,
0.0,0.56,0.34,0.1,
0.0,0.597,0.303,0.1,
0.015,0.62,0.265,0.1,
0.021,0.6,0.279,0.1,
0.0,0.627,0.273,0.1,
0.0,0.58,0.32,0.1,
0.017,0.604,0.279,0.1,
0.003,0.53,0.367,0.1,
0.003,0.553,0.343,0.1,
0.01,0.557,0.333,0.1,
0.03,0.59,0.28,0.1,
0.025,0.585,0.29,0.1,
0.042,0.596,0.263,0.1,
0.003,0.583,0.313,0.1,
0.025,0.62,0.255,0.1,
0.058,0.562,0.279,0.1,
0.033,0.592,0.275,0.1,
0.058,0.617,0.225,0.1,
0.025,0.535,0.335,0.105,
0.025,0.585,0.29,0.1,
0.037,0.596,0.267,0.1,
0.003,0.59,0.307,0.1,
0.045,0.565,0.29,0.1,
0.033,0.588,0.279,0.1,
0.003,0.56,0.337,0.1,
0.0,0.613,0.287,0.1,
0.079,0.537,0.283,0.1,
0.01,0.61,0.28,0.1,
0.015,0.59,0.295,0.1,
0.017,0.608,0.275,0.1,
0.01,0.57,0.32,0.1,
0.007,0.587,0.307,0.1,
0.003,0.61,0.287,0.1,
0.042,0.588,0.271,0.1,
0.058,0.571,0.271,0.1,
0.015,0.61,0.275,0.1,
0.015,0.63,0.255,0.1,
0.058,0.588,0.254,0.1,
0.01,0.583,0.307,0.1,
0.0,0.513,0.387,0.1,
0.005,0.625,0.27,0.1,
0.046,0.629,0.225,0.1,
0.01,0.595,0.295,0.1,
0.029,0.579,0.292,0.1,
0.0,0.6,0.3,0.1,
0.01,0.675,0.215,0.1,
0.033,0.596,0.271,0.1,
0.033,0.617,0.25,0.1,
0.025,0.605,0.27,0.1,
0.02,0.645,0.235,0.1,
0.075,0.567,0.258,0.1,
0.0,0.543,0.357,0.1,
0.0,0.583,0.317,0.1,
0.029,0.575,0.296,0.1,
0.025,0.629,0.246,0.1,
0.007,0.613,0.28,0.1,
0.0,0.63,0.27,0.1,
0.01,0.665,0.225,0.1,
0.0,0.45,0.45,0.1,
0.0,0.43,0.47,0.1,
0.004,0.467,0.429,0.1,
0.0,0.497,0.403,0.1,
0.0,0.42,0.48,0.1,
0.0,0.465,0.435,0.1,
0.0,0.5,0.4,0.1,
0.0,0.473,0.427,0.1,
0.0,0.463,0.437,0.1,
0.0,0.458,0.442,0.1,
0.0,0.454,0.446,0.1,
0.0,0.483,0.417,0.1,
0.0,0.53,0.37,0.1,
0.0,0.49,0.41,0.1,
0.013,0.467,0.421,0.1,
0.0,0.467,0.433,0.1,
0.0,0.492,0.408,0.1,
0.0,0.525,0.375,0.1,
0.005,0.5,0.395,0.1,
0.0,0.421,0.479,0.1,
0.0,0.49,0.41,0.1,
0.0,0.47,0.43,0.1,
0.0,0.471,0.429,0.1,
0.0,0.463,0.438,0.1,
0.0,0.473,0.427,0.1,
0.0,0.48,0.42,0.1,
0.005,0.395,0.5,0.1,
0.0,0.483,0.417,0.1,
0.0,0.48,0.42,0.1,
0.0,0.42,0.48,0.1,
0.0,0.463,0.438,0.1,
0.0,0.508,0.392,0.1,
0.015,0.615,0.27,0.1,
0.003,0.52,0.377,0.1,
0.0,0.48,0.42,0.1,
0.0,0.597,0.303,0.1,
0.015,0.62,0.265,0.1,
0.046,0.588,0.267,0.1,
0.0,0.59,0.31,0.1,
0.005,0.595,0.3,0.1,
0.029,0.654,0.217,0.1,
0.0,0.603,0.297,0.1,
0.0,0.6,0.3,0.1,
0.015,0.585,0.3,0.1,
0.025,0.633,0.242,0.1,
0.0,0.547,0.353,0.1,
0.003,0.59,0.307,0.1,
0.015,0.625,0.26,0.1,
0.0,0.45,0.45,0.1,
0.0,0.45,0.45,0.1,
0.004,0.438,0.458,0.1,
0.0,0.37,0.53,0.1,
0.0,0.46,0.44,0.1,
0.0,0.458,0.442,0.1,
0.0,0.5,0.4,0.1,
0.0,0.4,0.5,0.1,
0.0,0.505,0.395,0.1,
0.0,0.417,0.483,0.1,
0.0,0.523,0.377,0.1,
0.003,0.453,0.443,0.1,
0.0,0.458,0.442,0.1,
0.004,0.542,0.354,0.1,
0.0,0.458,0.442,0.1,
0.0,0.475,0.425,0.1,
0.01,0.6,0.29,0.1,
0.0,0.59,0.31,0.1,
0.0,0.61,0.29,0.1,
0.017,0.65,0.233,0.1,
0.0,0.573,0.327,0.1,
0.035,0.57,0.295,0.1,
0.03,0.605,0.26,0.105,
0.071,0.554,0.275,0.1,
0.007,0.553,0.34,0.1,
0.003,0.503,0.393,0.1,
0.04,0.59,0.27,0.1,
0.025,0.633,0.242,0.1,
0.003,0.587,0.31,0.1,
0.015,0.61,0.275,0.1,
0.033,0.6,0.267,0.1,
0.05,0.542,0.308,0.1,

0.405,0.485,0.01,0.1,
0.25,0.645,0.005,0.1,
0.463,0.425,0.013,0.1,
0.317,0.577,0.007,0.1,
0.36,0.53,0.01,0.1,
0.425,0.433,0.042,0.1,
0.475,0.4,0.025,0.1,
0.375,0.485,0.04,0.1,
0.31,0.567,0.023,0.1,
0.48,0.395,0.025,0.1,
0.279,0.588,0.033,0.1,
0.371,0.504,0.025,0.1,
0.193,0.667,0.04,0.1,
0.24,0.655,0.005,0.1,
0.16,0.7,0.04,0.1,
0.277,0.59,0.033,0.1,
0.34,0.54,0.02,0.1,
0.18,0.72,0.0,0.1,
0.208,0.646,0.046,0.1,
0.354,0.5,0.046,0.1,
0.293,0.597,0.01,0.1,
0.19,0.69,0.02,0.1,
0.375,0.508,0.017,0.1,
0.37,0.503,0.027,0.1,
0.26,0.625,0.015,0.1,
0.38,0.47,0.05,0.1,
0.417,0.46,0.023,0.1,
0.305,0.585,0.01,0.1,
0.45,0.429,0.021,0.1,
0.453,0.43,0.017,0.1,
0.4,0.465,0.035,0.1,
0.26,0.63,0.01,0.1,
0.371,0.517,0.013,0.1,
0.4,0.477,0.023,0.1,
0.26,0.633,0.007,0.1,
0.196,0.679,0.025,0.1,
0.325,0.554,0.021,0.1,
0.303,0.59,0.007,0.1,
0.505,0.385,0.01,0.1,
0.425,0.445,0.03,0.1,
0.442,0.442,0.017,0.1,
0.333,0.529,0.037,0.1,
0.333,0.55,0.017,0.1,
0.393,0.49,0.017,0.1,
0.345,0.55,0.005,0.1,
0.371,0.496,0.033,0.1,
0.37,0.507,0.023,0.1,
0.3,0.587,0.013,0.1,
0.446,0.421,0.033,0.1,
0.383,0.504,0.013,0.1,
0.3,0.583,0.017,0.1,
0.31,0.555,0.035,0.1,
0.258,0.621,0.021,0.1,
0.343,0.547,0.01,0.1,
0.193,0.687,0.02,0.1,
0.265,0.625,0.01,0.1,
0.43,0.447,0.023,0.1,
0.49,0.395,0.015,0.1,
0.28,0.61,0.01,0.1,
0.29,0.577,0.033,0.1,
0.427,0.443,0.03,0.1,
0.32,0.57,0.01,0.1,
0.235,0.665,0.0,0.1,
0.321,0.554,0.025,0.1,
0.38,0.51,0.01,0.1,
0.46,0.405,0.035,0.1,
0.338,0.533,0.029,0.1,
0.379,0.504,0.017,0.1,
0.325,0.565,0.01,0.1,
0.505,0.37,0.025,0.1,
0.48,0.42,0.0,0.1,
0.37,0.513,0.017,0.1,
0.312,0.562,0.025,0.1,
0.39,0.503,0.007,0.1,
0.415,0.46,0.025,0.1,
0.35,0.512,0.037,0.1,
0.3,0.577,0.023,0.1,
0.353,0.527,0.02,0.1,
0.305,0.585,0.01,0.1,
0.396,0.492,0.008,0.104,
0.367,0.517,0.017,0.1,
0.395,0.495,0.01,0.1,
0.28,0.6,0.02,0.1,
0.325,0.537,0.033,0.104,
0.387,0.503,0.01,0.1,
0.467,0.427,0.007,0.1,
0.35,0.54,0.01,0.1,
0.258,0.604,0.037,0.1,
0.4,0.495,0.005,0.1,
0.095,0.79,0.015,0.1,
0.277,0.603,0.02,0.1,
0.333,0.55,0.017,0.1,
0.205,0.685,0.01,0.1,
0.325,0.554,0.021,0.1,
0.327,0.557,0.017,0.1,
0.34,0.56,0.0,0.1,
0.471,0.421,0.008,0.1,
0.279,0.6,0.021,0.1,
0.403,0.487,0.01,0.1,
0.503,0.387,0.01,0.1,
0.245,0.63,0.025,0.1,
0.396,0.487,0.017,0.1,
0.363,0.497,0.04,0.1,
0.32,0.565,0.015,0.1,
0.267,0.623,0.01,0.1,
0.412,0.458,0.029,0.1,
0.404,0.467,0.029,0.1,
0.271,0.608,0.021,0.1,
0.353,0.53,0.017,0.1,
0.38,0.505,0.015,0.1,
0.338,0.546,0.017,0.1,
0.377,0.513,0.01,0.1,
0.315,0.58,0.005,0.1,
0.3,0.546,0.054,0.1,
0.35,0.52,0.03,0.1,
0.51,0.37,0.02,0.1,
0.35,0.525,0.025,0.1,
0.325,0.558,0.017,0.1,
0.45,0.429,0.021,0.1,
0.367,0.51,0.023,0.1,
0.377,0.513,0.01,0.1,
0.353,0.523,0.023,0.1,
0.363,0.517,0.02,0.1,
0.175,0.69,0.035,0.1,
0.442,0.425,0.033,0.1,
0.453,0.437,0.01,0.1,
0.42,0.47,0.01,0.1,
0.44,0.455,0.005,0.1,
0.263,0.588,0.05,0.1,
0.307,0.57,0.023,0.1,
0.21,0.68,0.01,0.1,
0.317,0.55,0.033,0.1,
0.387,0.5,0.013,0.1,
0.28,0.61,0.01,0.1,
0.35,0.535,0.015,0.1,
0.25,0.615,0.035,0.1,
0.438,0.45,0.013,0.1,
0.367,0.517,0.017,0.1,
0.273,0.61,0.017,0.1,
0.355,0.535,0.01,0.1,
0.2,0.667,0.033,0.1,
0.417,0.47,0.013,0.1,
0.487,0.383,0.03,0.1,
0.345,0.525,0.03,0.1,
0.338,0.533,0.029,0.1,
0.475,0.417,0.008,0.1,
0.337,0.527,0.037,0.1,
0.335,0.56,0.005,0.1,
0.383,0.487,0.029,0.1,
0.39,0.497,0.013,0.1,
0.4,0.49,0.01,0.1,
0.455,0.44,0.005,0.1,
0.385,0.51,0.005,0.1,
0.355,0.51,0.035,0.1,
0.41,0.48,0.01,0.1,
0.371,0.512,0.017,0.1,
0.247,0.64,0.013,0.1,
0.342,0.546,0.013,0.1,
0.279,0.604,0.017,0.1,
0.246,0.629,0.025,0.1,
0.18,0.695,0.025,0.1,
0.22,0.66,0.02,0.1,
0.404,0.479,0.017,0.1,
0.287,0.597,0.017,0.1,
0.365,0.515,0.02,0.1,
0.45,0.442,0.008,0.1,
0.358,0.504,0.037,0.1,
0.29,0.583,0.027,0.1,
0.457,0.427,0.017,0.1,
0.373,0.507,0.02,0.1,
0.362,0.517,0.021,0.1,
0.375,0.5,0.025,0.1,
0.383,0.49,0.027,0.1,
0.27,0.625,0.005,0.1,
0.28,0.61,0.01,0.1,
0.254,0.629,0.017,0.1,
0.35,0.537,0.013,0.1,
0.413,0.47,0.017,0.1,
0.22,0.665,0.015,0.1,
0.308,0.583,0.008,0.1,
0.437,0.437,0.027,0.1,
0.295,0.595,0.01,0.1,
0.388,0.487,0.025,0.1,
0.417,0.47,0.013,0.1,
0.37,0.51,0.02,0.1,
0.346,0.529,0.025,0.1,
0.423,0.453,0.023,0.1,
0.3,0.6,0.0,0.1,
0.267,0.613,0.021,0.1,
0.287,0.608,0.004,0.1,
0.34,0.54,0.02,0.1,
0.35,0.54,0.01,0.1,
0.355,0.53,0.015,0.1,
0.32,0.557,0.023,0.1,
0.383,0.5,0.017,0.1,
0.41,0.48,0.01,0.1,
0.358,0.512,0.029,0.1,
0.304,0.571,0.025,0.1,
0.21,0.66,0.03,0.1,
0.465,0.43,0.005,0.1,
0.347,0.53,0.023,0.1,
0.4,0.492,0.008,0.1,
0.454,0.433,0.013,0.1,
0.117,0.663,0.12,0.1,
0.23,0.665,0.005,0.1,
0.379,0.512,0.008,0.1,
0.293,0.58,0.027,0.1,
0.33,0.547,0.023,0.1,
0.255,0.63,0.015,0.1,
0.404,0.471,0.025,0.1,
0.388,0.5,0.013,0.1,
0.445,0.435,0.02,0.1,
0.345,0.54,0.015,0.1,
0.317,0.562,0.021,0.1,
0.36,0.53,0.01,0.1,
0.343,0.547,0.01,0.1,
0.267,0.633,0.0,0.1,
0.305,0.575,0.02,0.1,
0.365,0.535,0.0,0.1,
0.28,0.62,0.0,0.1,
0.392,0.492,0.017,0.1,
0.52,0.36,0.02,0.1,
0.305,0.56,0.035,0.1,
0.4,0.487,0.013,0.1,
0.36,0.523,0.017,0.1,
0.295,0.6,0.005,0.1,
0.412,0.487,0.0,0.1,
0.275,0.6,0.025,0.1,
0.353,0.537,0.01,0.1,
0.4,0.48,0.02,0.1,
0.35,0.53,0.02,0.1,
0.246,0.625,0.029,0.1,
0.354,0.525,0.021,0.1,
0.35,0.537,0.013,0.1,
0.31,0.577,0.013,0.1,
0.204,0.637,0.058,0.1,
0.267,0.604,0.029,0.1,
0.407,0.48,0.013,0.1,
0.41,0.477,0.013,0.1,
0.445,0.435,0.02,0.1,
0.408,0.483,0.008,0.1,
0.247,0.627,0.027,0.1,
0.2,0.69,0.01,0.1,
0.5,0.375,0.025,0.1,
0.387,0.493,0.02,0.1,
0.403,0.487,0.01,0.1,
0.433,0.46,0.007,0.1,
0.362,0.525,0.013,0.1,
0.425,0.455,0.02,0.1,
0.33,0.56,0.01,0.1,
0.35,0.523,0.027,0.1,
0.303,0.57,0.027,0.1,
0.33,0.57,0.0,0.1,
0.421,0.479,0.0,0.1,
0.35,0.546,0.004,0.1,
0.387,0.493,0.02,0.1,
0.175,0.715,0.01,0.1,
0.44,0.455,0.005,0.1,
0.233,0.625,0.042,0.1,
0.277,0.607,0.017,0.1,
0.365,0.525,0.01,0.1,
0.388,0.492,0.021,0.1,
0.34,0.543,0.017,0.1,
0.295,0.57,0.035,0.1,
0.437,0.43,0.033,0.1,
0.39,0.505,0.005,0.1,
0.342,0.55,0.008,0.1,
0.35,0.537,0.013,0.1,
0.377,0.503,0.02,0.1,
0.255,0.63,0.015,0.1,
0.333,0.533,0.033,0.1,
0.343,0.543,0.013,0.1,
0.38,0.505,0.015,0.1,
0.29,0.605,0.005,0.1,
0.346,0.537,0.017,0.1,
0.446,0.388,0.067,0.1,
0.393,0.493,0.013,0.1,
0.505,0.375,0.015,0.105,
0.183,0.692,0.025,0.1,
0.35,0.533,0.017,0.1,
0.325,0.546,0.029,0.1,
0.221,0.637,0.042,0.1,
0.245,0.625,0.03,0.1,
0.405,0.475,0.02,0.1,
0.404,0.479,0.017,0.1,
0.387,0.49,0.023,0.1,
0.287,0.587,0.027,0.1,
0.345,0.535,0.02,0.1,
0.492,0.4,0.008,0.1,
0.446,0.425,0.029,0.1,
0.293,0.587,0.02,0.1,
0.455,0.405,0.04,0.1,
0.425,0.45,0.025,0.1,
0.39,0.49,0.02,0.1,
0.325,0.57,0.005,0.1,
0.208,0.662,0.029,0.1,
0.225,0.665,0.01,0.1,
0.296,0.596,0.008,0.1,
0.267,0.623,0.01,0.1,
0.37,0.51,0.02,0.1,
0.29,0.605,0.005,0.1,
0.342,0.533,0.025,0.1,
0.29,0.597,0.013,0.1,
0.32,0.555,0.025,0.1,
0.412,0.458,0.029,0.1,
0.254,0.6,0.046,0.1,
0.27,0.61,0.02,0.1,
0.32,0.543,0.037,0.1,
0.415,0.48,0.005,0.1,
0.367,0.517,0.017,0.1,
0.31,0.573,0.017,0.1,
0.425,0.46,0.015,0.1,
0.317,0.56,0.023,0.1,
0.37,0.52,0.01,0.1,
0.42,0.45,0.03,0.1,
0.25,0.629,0.021,0.1,
0.347,0.54,0.013,0.1,
0.27,0.625,0.005,0.1,
0.408,0.479,0.013,0.1,
0.512,0.371,0.017,0.1,
0.27,0.617,0.013,0.1,
0.285,0.59,0.025,0.1,
0.35,0.53,0.02,0.1,
0.35,0.537,0.013,0.1,
0.467,0.41,0.023,0.1,
0.479,0.421,0.0,0.1,
0.317,0.542,0.042,0.1,
0.292,0.588,0.021,0.1,
0.34,0.543,0.017,0.1,
0.473,0.41,0.017,0.1,
0.397,0.47,0.033,0.1,
0.335,0.55,0.015,0.1,
0.362,0.525,0.013,0.1,
0.225,0.665,0.01,0.1,
0.395,0.48,0.025,0.1,
0.355,0.535,0.01,0.1,
0.217,0.66,0.023,0.1,
0.257,0.61,0.033,0.1,
0.245,0.635,0.02,0.1,
0.442,0.446,0.013,0.1,
0.34,0.543,0.017,0.1,
0.445,0.45,0.005,0.1,
0.33,0.555,0.015,0.1,
0.429,0.458,0.013,0.1,
0.32,0.575,0.005,0.1,
0.421,0.458,0.021,0.1,
0.358,0.521,0.021,0.1,
0.3,0.59,0.01,0.1,
0.44,0.435,0.025,0.1,
0.308,0.575,0.017,0.1,
0.358,0.517,0.025,0.1,
0.343,0.527,0.03,0.1,
0.33,0.54,0.03,0.1,
0.417,0.463,0.021,0.1,
0.313,0.563,0.023,0.1,
0.245,0.65,0.005,0.1,
0.379,0.496,0.025,0.1,
0.367,0.521,0.013,0.1,
0.35,0.525,0.025,0.1,
0.445,0.45,0.005,0.1,
0.437,0.443,0.02,0.1,
0.365,0.53,0.005,0.1,
0.254,0.617,0.029,0.1,
0.247,0.623,0.03,0.1,
0.375,0.52,0.005,0.1,
0.41,0.465,0.025,0.1,
0.429,0.438,0.033,0.1,
0.273,0.607,0.02,0.1,
0.27,0.603,0.027,0.1,
0.438,0.442,0.021,0.1,
0.296,0.583,0.021,0.1,
0.44,0.457,0.003,0.1,
0.255,0.61,0.035,0.1,
0.305,0.58,0.015,0.1,
0.277,0.62,0.003,0.1,
0.333,0.55,0.017,0.1,
0.287,0.6,0.013,0.1,
0.367,0.52,0.013,0.1,
0.335,0.54,0.025,0.1,
0.325,0.565,0.01,0.1,
0.275,0.617,0.008,0.1,
0.553,0.337,0.01,0.1,
0.145,0.725,0.03,0.1,
0.267,0.621,0.013,0.1,
0.333,0.543,0.023,0.1,
0.33,0.547,0.023,0.1,
0.245,0.65,0.005,0.1,
0.145,0.75,0.005,0.1,
0.242,0.642,0.017,0.1,
0.41,0.473,0.017,0.1,
0.165,0.71,0.025,0.1,
0.225,0.642,0.033,0.1,
0.233,0.65,0.017,0.1,
0.313,0.563,0.023,0.1,
0.397,0.493,0.01,0.1,
0.423,0.457,0.02,0.1,
0.204,0.667,0.025,0.104,
0.379,0.508,0.013,0.1,
0.39,0.5,0.01,0.1,
0.38,0.505,0.015,0.1,
0.371,0.508,0.021,0.1,
0.36,0.517,0.023,0.1,
0.29,0.605,0.005,0.1,
0.305,0.58,0.015,0.1,
0.383,0.504,0.013,0.1,
0.327,0.563,0.01,0.1,
0.34,0.547,0.013,0.1,
0.43,0.455,0.01,0.105,
0.387,0.49,0.023,0.1,
0.26,0.615,0.025,0.1,
0.404,0.487,0.008,0.1,
0.421,0.463,0.017,0.1,
0.393,0.453,0.053,0.1,
0.4,0.485,0.015,0.1,
0.55,0.329,0.021,0.1,
0.37,0.5,0.03,0.1,
0.27,0.615,0.015,0.1,
0.367,0.525,0.008,0.1,
0.446,0.442,0.013,0.1,
0.396,0.479,0.025,0.1,
0.337,0.547,0.017,0.1,
0.465,0.425,0.01,0.1,
0.263,0.6,0.037,0.1,
0.357,0.52,0.023,0.1,
0.393,0.497,0.01,0.1,
0.34,0.55,0.01,0.1,
0.23,0.67,0.0,0.1,
0.458,0.396,0.046,0.1,
0.407,0.487,0.007,0.1,
0.287,0.6,0.013,0.1,
0.39,0.485,0.025,0.1,
0.258,0.637,0.004,0.1,
0.43,0.457,0.013,0.1,
0.395,0.5,0.005,0.1,
0.463,0.429,0.008,0.1,
0.425,0.463,0.013,0.1,
0.305,0.59,0.005,0.1,
0.16,0.73,0.01,0.1,
0.455,0.42,0.025,0.1,
0.321,0.562,0.017,0.1,
0.304,0.55,0.046,0.1,
0.4,0.479,0.017,0.104,
0.3,0.579,0.021,0.1,
0.245,0.64,0.015,0.1,
0.245,0.645,0.01,0.1,
0.22,0.653,0.027,0.1,
0.307,0.57,0.023,0.1,
0.265,0.62,0.015,0.1,
0.492,0.392,0.017,0.1,
0.296,0.571,0.033,0.1,
0.25,0.627,0.023,0.1,
0.265,0.635,0.0,0.1,
0.4,0.463,0.037,0.1,
0.39,0.493,0.017,0.1,
0.373,0.51,0.017,0.1,
0.39,0.485,0.025,0.1,
0.22,0.665,0.015,0.1,
0.285,0.61,0.005,0.1,
0.397,0.49,0.013,0.1,
0.253,0.62,0.027,0.1,
0.32,0.56,0.02,0.1,
0.271,0.583,0.046,0.1,
0.446,0.433,0.021,0.1,
0.197,0.68,0.023,0.1,
0.41,0.48,0.01,0.1,
0.365,0.525,0.01,0.1,
0.293,0.597,0.01,0.1,
0.28,0.607,0.013,0.1,
0.265,0.625,0.01,0.1,
0.475,0.408,0.017,0.1,
0.213,0.67,0.017,0.1,
0.235,0.635,0.03,0.1,
0.275,0.554,0.071,0.1,
0.41,0.487,0.003,0.1,
0.315,0.58,0.005,0.1,
0.25,0.633,0.017,0.1,
0.44,0.437,0.023,0.1,
0.357,0.537,0.007,0.1,
0.355,0.54,0.005,0.1,
0.304,0.562,0.033,0.1,
0.283,0.608,0.008,0.1,
0.4,0.495,0.005,0.1,
0.32,0.565,0.015,0.1,
0.454,0.438,0.008,0.1,
0.217,0.643,0.04,0.1,
0.297,0.577,0.027,0.1,
0.35,0.525,0.025,0.1,
0.329,0.546,0.025,0.1,
0.296,0.562,0.042,0.1,
0.347,0.533,0.02,0.1,
0.21,0.673,0.017,0.1,
0.335,0.56,0.005,0.1,
0.492,0.362,0.046,0.1,
0.26,0.623,0.017,0.1,
0.305,0.585,0.01,0.1,
0.295,0.595,0.01,0.1,
0.383,0.508,0.008,0.1,
0.46,0.427,0.013,0.1,
0.29,0.59,0.02,0.1,
0.371,0.492,0.037,0.1,
0.483,0.396,0.021,0.1,
0.335,0.495,0.07,0.1,
0.19,0.685,0.025,0.1,
0.52,0.365,0.015,0.1,
0.425,0.465,0.01,0.1,
0.408,0.479,0.013,0.1,
0.367,0.521,0.013,0.1,
0.442,0.438,0.021,0.1,
0.405,0.495,0.0,0.1,
0.205,0.685,0.01,0.1,
0.375,0.504,0.021,0.1,
0.393,0.483,0.023,0.1,
0.295,0.605,0.0,0.1,
0.4,0.492,0.008,0.1,
0.327,0.543,0.03,0.1,
0.463,0.427,0.01,0.1,
0.36,0.52,0.02,0.1,
0.458,0.433,0.008,0.1,
0.287,0.604,0.008,0.1,
0.307,0.58,0.013,0.1,
0.36,0.527,0.013,0.1,
0.455,0.43,0.015,0.1,
0.415,0.475,0.01,0.1,
0.223,0.663,0.013,0.1,
0.39,0.497,0.013,0.1,
0.405,0.49,0.005,0.1,
0.305,0.56,0.035,0.1,
0.375,0.512,0.013,0.1,
0.45,0.437,0.013,0.1,
0.315,0.58,0.005,0.1,
0.438,0.446,0.017,0.1,
0.373,0.51,0.017,0.1,
0.325,0.555,0.02,0.1,
0.25,0.61,0.04,0.1,
0.296,0.588,0.017,0.1,
0.337,0.543,0.02,0.1,
0.662,0.221,0.017,0.1,
0.717,0.163,0.021,0.1,
0.46,0.43,0.01,0.1,
0.575,0.325,0.0,0.1,
0.596,0.275,0.029,0.1,
0.67,0.213,0.017,0.1,
0.783,0.117,0.0,0.1,
0.621,0.279,0.0,0.1,
0.7,0.187,0.013,0.1,
0.677,0.21,0.013,0.1,
0.76,0.13,0.01,0.1,
0.585,0.295,0.02,0.1,
0.65,0.233,0.017,0.1,
0.68,0.213,0.007,0.1,
0.6,0.295,0.005,0.1,
0.654,0.221,0.025,0.1,
0.475,0.415,0.01,0.1,
0.61,0.28,0.01,0.1,
0.58,0.303,0.017,0.1,
0.617,0.277,0.007,0.1,
0.54,0.355,0.005,0.1,
0.571,0.312,0.013,0.104,
0.627,0.26,0.013,0.1,
0.62,0.27,0.01,0.1,
0.575,0.308,0.017,0.1,
0.667,0.221,0.013,0.1,
0.623,0.277,0.0,0.1,
0.52,0.375,0.005,0.1,
0.48,0.41,0.01,0.1,
0.6,0.28,0.02,0.1,
0.537,0.35,0.013,0.1,
0.535,0.36,0.005,0.1,
0.74,0.13,0.03,0.1,
0.51,0.38,0.01,0.1,
0.635,0.265,0.0,0.1,
0.604,0.279,0.017,0.1,
0.643,0.237,0.02,0.1,
0.53,0.345,0.025,0.1,
0.608,0.267,0.025,0.1,
0.546,0.354,0.0,0.1,
0.673,0.197,0.03,0.1,
0.645,0.255,0.0,0.1,
0.683,0.2,0.013,0.104,
0.757,0.12,0.023,0.1,
0.47,0.42,0.01,0.1,
0.63,0.26,0.01,0.1,
0.604,0.283,0.013,0.1,
0.496,0.371,0.033,0.1,
0.58,0.31,0.01,0.1,
0.703,0.177,0.017,0.103,
0.565,0.335,0.0,0.1,
0.596,0.287,0.017,0.1,
0.753,0.127,0.02,0.1,
0.515,0.385,0.0,0.1,
0.545,0.355,0.0,0.1,
0.555,0.33,0.015,0.1,
0.677,0.213,0.01,0.1,
0.663,0.217,0.02,0.1,
0.395,0.49,0.015,0.1,
0.596,0.296,0.008,0.1,
0.6,0.287,0.013,0.1,
0.655,0.235,0.01,0.1,
0.704,0.196,0.0,0.1,
0.487,0.396,0.017,0.1,
0.54,0.355,0.005,0.1,
0.521,0.354,0.025,0.1,
0.557,0.3,0.043,0.1,
0.67,0.23,0.0,0.1,
0.529,0.358,0.013,0.1,
0.621,0.263,0.017,0.1,
0.642,0.237,0.021,0.1,
0.67,0.22,0.01,0.1,
0.52,0.37,0.01,0.1,
0.723,0.16,0.017,0.1,
0.673,0.21,0.017,0.1,
0.65,0.23,0.02,0.1,
0.637,0.254,0.008,0.1,
0.713,0.175,0.013,0.1,
0.583,0.31,0.007,0.1,
0.625,0.265,0.01,0.1,
0.68,0.217,0.003,0.1,
0.435,0.46,0.005,0.1,
0.537,0.35,0.013,0.1,
0.607,0.277,0.017,0.1,
0.515,0.37,0.015,0.1,
0.665,0.225,0.01,0.1,
0.62,0.267,0.013,0.1,
0.707,0.18,0.013,0.1,
0.54,0.355,0.005,0.1,
0.533,0.358,0.008,0.1,
0.617,0.267,0.017,0.1,
0.72,0.17,0.01,0.1,
0.49,0.41,0.0,0.1,
0.646,0.233,0.017,0.104,
0.575,0.292,0.033,0.1,
0.633,0.25,0.017,0.1,
0.608,0.263,0.029,0.1,
0.657,0.227,0.017,0.1,
0.555,0.335,0.01,0.1,
0.515,0.375,0.01,0.1,
0.713,0.175,0.013,0.1,
0.603,0.29,0.007,0.1,
0.55,0.345,0.005,0.1,
0.617,0.267,0.017,0.1,
0.53,0.357,0.013,0.1,
0.76,0.127,0.013,0.1,
0.55,0.345,0.005,0.1,
0.583,0.292,0.025,0.1,
0.613,0.25,0.037,0.1,
0.575,0.31,0.015,0.1,
0.525,0.37,0.005,0.1,
0.496,0.379,0.025,0.1,
0.608,0.283,0.008,0.1,
0.79,0.11,0.0,0.1,
0.567,0.32,0.013,0.1,
0.575,0.305,0.02,0.1,
0.565,0.335,0.0,0.1,
0.513,0.35,0.037,0.1,
0.713,0.18,0.007,0.1,
0.51,0.385,0.005,0.1,
0.642,0.242,0.017,0.1,
0.653,0.237,0.01,0.1,
0.53,0.37,0.0,0.1,
0.535,0.36,0.005,0.1,
0.546,0.35,0.004,0.1,
0.697,0.193,0.01,0.1,
0.627,0.26,0.013,0.1,
0.708,0.192,0.0,0.1,
0.66,0.233,0.007,0.1,
0.613,0.267,0.021,0.1,
0.646,0.237,0.017,0.1,
0.596,0.287,0.017,0.1,
0.68,0.207,0.013,0.1,
0.585,0.305,0.01,0.1,
0.554,0.329,0.017,0.1,
0.703,0.177,0.02,0.1,
0.565,0.315,0.02,0.1,
0.485,0.385,0.03,0.1,
0.642,0.246,0.013,0.1,
0.733,0.163,0.003,0.1,
0.59,0.3,0.01,0.1,
0.583,0.308,0.008,0.1,
0.567,0.325,0.008,0.1,
0.757,0.12,0.023,0.1,
0.78,0.11,0.01,0.1,
0.585,0.305,0.01,0.1,
0.5,0.395,0.005,0.1,
0.617,0.267,0.017,0.1,
0.683,0.203,0.013,0.1,
0.47,0.425,0.005,0.1,
0.52,0.355,0.025,0.1,
0.583,0.304,0.013,0.1,
0.693,0.2,0.007,0.1,
0.625,0.27,0.005,0.1,
0.592,0.283,0.021,0.104,
0.533,0.346,0.021,0.1,
0.74,0.153,0.007,0.1,
0.51,0.38,0.01,0.1,
0.39,0.5,0.01,0.1,
0.623,0.257,0.02,0.1,
0.379,0.508,0.013,0.1,
0.496,0.392,0.013,0.1,
0.727,0.15,0.023,0.1,
0.55,0.345,0.005,0.1,
0.667,0.221,0.013,0.1,
0.687,0.213,0.0,0.1,
0.58,0.303,0.017,0.1,
0.66,0.223,0.017,0.1,
0.629,0.254,0.017,0.1,
0.604,0.287,0.008,0.1,
0.63,0.247,0.023,0.1,
0.395,0.49,0.015,0.1,
0.633,0.25,0.017,0.1,
0.7,0.197,0.003,0.1,
0.635,0.255,0.01,0.1,
0.52,0.375,0.005,0.1,
0.59,0.3,0.01,0.1,
0.53,0.365,0.005,0.1,
0.75,0.143,0.007,0.1,
0.557,0.333,0.01,0.1,
0.595,0.3,0.005,0.1,
0.554,0.333,0.013,0.1,
0.663,0.233,0.003,0.1,
0.45,0.445,0.005,0.1,
0.629,0.25,0.021,0.1,
0.567,0.321,0.013,0.1,
0.596,0.275,0.025,0.104,
0.477,0.413,0.01,0.1,
0.555,0.335,0.01,0.1,
0.683,0.212,0.0,0.104,
0.713,0.173,0.013,0.1,
0.605,0.26,0.035,0.1,
0.6,0.267,0.033,0.1,
0.613,0.28,0.007,0.1,
0.53,0.36,0.01,0.1,
0.642,0.25,0.008,0.1,
0.58,0.307,0.01,0.103,
0.72,0.153,0.027,0.1,
0.629,0.271,0.0,0.1,
0.567,0.317,0.017,0.1,
0.663,0.22,0.017,0.1,
0.43,0.47,0.0,0.1,
0.445,0.455,0.0,0.1,
0.575,0.292,0.033,0.1,
0.613,0.267,0.02,0.1,
0.49,0.405,0.005,0.1,
0.595,0.305,0.0,0.1,
0.613,0.271,0.017,0.1,
0.575,0.296,0.029,0.1,
0.747,0.137,0.017,0.1,
0.647,0.243,0.01,0.1,
0.465,0.415,0.02,0.1,
0.533,0.358,0.008,0.1,
0.627,0.26,0.013,0.1,
0.53,0.355,0.015,0.1,
0.57,0.325,0.005,0.1,
0.662,0.229,0.008,0.1,
0.543,0.353,0.003,0.1,
0.595,0.3,0.005,0.1,
0.683,0.208,0.008,0.1,
0.737,0.15,0.013,0.1,
0.75,0.147,0.003,0.1,
0.62,0.275,0.005,0.1,
0.47,0.415,0.015,0.1,
0.6,0.295,0.005,0.1,
0.571,0.3,0.029,0.1,
0.508,0.367,0.025,0.1,
0.723,0.163,0.013,0.1,
0.613,0.27,0.017,0.1,
0.571,0.312,0.017,0.1,
0.517,0.383,0.0,0.1,
0.57,0.283,0.047,0.1,
0.56,0.335,0.005,0.1,
0.562,0.321,0.017,0.1,
0.69,0.193,0.017,0.1,
0.433,0.453,0.013,0.1,
0.525,0.36,0.015,0.1,
0.679,0.212,0.008,0.1,
0.733,0.154,0.013,0.1,
0.445,0.45,0.005,0.1,
0.697,0.19,0.013,0.1,
0.535,0.365,0.0,0.1,
0.679,0.208,0.013,0.1,
0.573,0.32,0.007,0.1,
0.535,0.365,0.0,0.1,
0.5,0.395,0.005,0.1,
0.455,0.425,0.02,0.1,
0.657,0.23,0.013,0.1,
0.553,0.327,0.02,0.1,
0.604,0.279,0.017,0.1,
0.7,0.192,0.008,0.1,
0.529,0.35,0.021,0.1,
0.545,0.34,0.015,0.1,
0.485,0.41,0.005,0.1,
0.633,0.242,0.025,0.1,
0.62,0.273,0.007,0.1,
0.554,0.317,0.029,0.1,
0.767,0.11,0.023,0.1,
0.683,0.183,0.033,0.1,
0.555,0.335,0.01,0.1,
0.608,0.283,0.008,0.1,
0.737,0.153,0.01,0.1,
0.63,0.247,0.023,0.1,
0.57,0.33,0.0,0.1,
0.642,0.233,0.025,0.1,
0.673,0.207,0.02,0.1,
0.6,0.3,0.0,0.1,
0.45,0.45,0.0,0.1,
0.608,0.279,0.013,0.1,
0.56,0.303,0.037,0.1,
0.68,0.2,0.02,0.1,
0.542,0.333,0.025,0.1,
0.395,0.49,0.015,0.1,
0.596,0.292,0.013,0.1,
0.707,0.177,0.017,0.1,
0.61,0.29,0.0,0.1,
0.608,0.275,0.017,0.1,
0.575,0.292,0.033,0.1,
0.433,0.446,0.021,0.1,
0.37,0.53,0.0,0.1,
0.465,0.42,0.015,0.1,
0.74,0.153,0.007,0.1,
0.667,0.223,0.01,0.1,
0.375,0.52,0.005,0.1,
0.458,0.404,0.037,0.1,
0.675,0.208,0.017,0.1,
0.723,0.163,0.013,0.1,
0.64,0.255,0.005,0.1,
0.78,0.107,0.013,0.1,
0.58,0.283,0.037,0.1,
0.608,0.287,0.004,0.1,
0.671,0.212,0.017,0.1,
0.623,0.237,0.04,0.1,
0.53,0.36,0.01,0.1,
0.633,0.258,0.008,0.1,
0.72,0.167,0.013,0.1,
0.53,0.36,0.01,0.1,
0.56,0.34,0.0,0.1,
0.62,0.275,0.005,0.1,
0.588,0.279,0.033,0.1,
0.677,0.217,0.007,0.1,
0.59,0.295,0.015,0.1,
0.546,0.321,0.029,0.104,
0.667,0.23,0.003,0.1,
0.467,0.408,0.025,0.1,
0.555,0.34,0.005,0.1,
0.64,0.255,0.005,0.1,
0.485,0.385,0.03,0.1,
0.721,0.171,0.008,0.1,
0.683,0.213,0.003,0.1,
0.56,0.34,0.0,0.1,
0.554,0.329,0.017,0.1,
0.603,0.28,0.017,0.1,
0.503,0.353,0.043,0.1,
0.675,0.21,0.01,0.105,
0.621,0.258,0.021,0.1,
0.577,0.3,0.023,0.1,
0.5,0.395,0.005,0.1,
0.62,0.27,0.01,0.1,
0.717,0.167,0.017,0.1,
0.654,0.233,0.013,0.1,
0.608,0.271,0.021,0.1,
0.521,0.371,0.008,0.1,
0.66,0.217,0.023,0.1,
0.575,0.325,0.0,0.1,
0.679,0.212,0.008,0.1,
0.68,0.21,0.01,0.1,
0.68,0.2,0.02,0.1,
0.635,0.255,0.01,0.1,
0.6,0.287,0.013,0.1,
0.63,0.26,0.01,0.1,
0.68,0.215,0.005,0.1,
0.617,0.258,0.021,0.104,
0.747,0.127,0.027,0.1,
0.707,0.167,0.027,0.1,
0.617,0.277,0.007,0.1,
0.56,0.335,0.005,0.1,
0.545,0.35,0.005,0.1,
0.679,0.204,0.017,0.1,
0.673,0.18,0.047,0.1,
0.56,0.33,0.01,0.1,
0.521,0.35,0.029,0.1,
0.454,0.388,0.058,0.1,
0.629,0.258,0.013,0.1,
0.55,0.35,0.0,0.1,
0.5,0.4,0.0,0.1,
0.562,0.325,0.013,0.1,
0.7,0.197,0.003,0.1,
0.56,0.34,0.0,0.1,
0.617,0.25,0.029,0.104,
0.77,0.12,0.01,0.1,
0.747,0.14,0.013,0.1,
0.754,0.125,0.021,0.1,
0.66,0.227,0.013,0.1,
0.44,0.44,0.02,0.1,
0.529,0.354,0.017,0.1,
0.673,0.213,0.013,0.1,
0.657,0.223,0.02,0.1,
0.733,0.15,0.017,0.1,
0.6,0.279,0.021,0.1,
0.662,0.233,0.004,0.1,
0.54,0.36,0.0,0.1,
0.56,0.34,0.0,0.1,
0.617,0.279,0.004,0.1,
0.653,0.243,0.003,0.1,
0.757,0.13,0.013,0.1,
0.535,0.365,0.0,0.1,
0.458,0.429,0.013,0.1,
0.5,0.385,0.015,0.1,
0.554,0.325,0.021,0.1,
0.663,0.223,0.013,0.1,
0.56,0.34,0.0,0.1,
0.542,0.321,0.037,0.1,
0.583,0.296,0.021,0.1,
0.665,0.23,0.005,0.1,
0.48,0.41,0.01,0.1,
0.5,0.383,0.017,0.1,
0.633,0.24,0.027,0.1,
0.62,0.257,0.023,0.1,
0.467,0.421,0.013,0.1,
0.7,0.192,0.008,0.1,
0.633,0.25,0.017,0.1,
0.63,0.27,0.0,0.1,
0.535,0.355,0.01,0.1,
0.233,0.64,0.027,0.1,
0.305,0.585,0.01,0.1,
0.321,0.558,0.021,0.1,
0.313,0.563,0.023,0.1,
0.38,0.515,0.005,0.1,
0.29,0.59,0.02,0.1,
0.417,0.471,0.013,0.1,
0.33,0.553,0.017,0.1,
0.313,0.57,0.017,0.1,
0.4,0.492,0.008,0.1,
0.246,0.633,0.021,0.1,
0.25,0.583,0.067,0.1,
0.425,0.45,0.025,0.1,
0.23,0.66,0.01,0.1,
0.417,0.454,0.029,0.1,
0.333,0.557,0.01,0.1,
0.379,0.517,0.004,0.1,
0.475,0.415,0.01,0.1,
0.425,0.475,0.0,0.1,
0.267,0.617,0.017,0.1,
0.41,0.487,0.003,0.1,
0.327,0.557,0.017,0.1,
0.312,0.575,0.013,0.1,
0.342,0.533,0.025,0.1,
0.36,0.53,0.01,0.1,
0.2,0.7,0.0,0.1,
0.335,0.55,0.015,0.1,
0.333,0.56,0.007,0.1,
0.47,0.42,0.01,0.1,
0.385,0.5,0.015,0.1,
0.396,0.487,0.017,0.1,
0.338,0.554,0.008,0.1,
0.45,0.445,0.005,0.1,
0.693,0.18,0.027,0.1,
0.31,0.58,0.01,0.1,
0.683,0.207,0.01,0.1,
0.535,0.36,0.005,0.1,
0.633,0.233,0.033,0.1,
0.647,0.24,0.013,0.1,
0.6,0.3,0.0,0.1,
0.604,0.279,0.017,0.1,
0.607,0.28,0.013,0.1,
0.577,0.287,0.037,0.1,
0.49,0.41,0.0,0.1,
0.704,0.179,0.017,0.1,
0.59,0.287,0.023,0.1,
0.643,0.237,0.02,0.1,
0.465,0.42,0.015,0.1,
0.43,0.45,0.02,0.1,
0.392,0.492,0.017,0.1,
0.383,0.5,0.017,0.1,
0.21,0.675,0.015,0.1,
0.33,0.565,0.005,0.1,
0.438,0.438,0.021,0.104,
0.396,0.492,0.013,0.1,
0.29,0.583,0.027,0.1,
0.335,0.555,0.01,0.1,
0.379,0.512,0.008,0.1,
0.313,0.567,0.02,0.1,
0.437,0.453,0.01,0.1,
0.45,0.433,0.017,0.1,
0.279,0.608,0.013,0.1,
0.442,0.433,0.025,0.1,
0.37,0.505,0.025,0.1,
0.687,0.203,0.01,0.1,
0.63,0.247,0.023,0.1,
0.535,0.36,0.005,0.1,
0.55,0.342,0.008,0.1,
0.707,0.183,0.01,0.1,
0.605,0.285,0.01,0.1,
0.63,0.25,0.015,0.105,
0.517,0.367,0.017,0.1,
0.573,0.303,0.023,0.1,
0.6,0.3,0.0,0.1,
0.43,0.465,0.005,0.1,
0.554,0.333,0.013,0.1,
0.717,0.16,0.023,0.1,
0.4,0.485,0.015,0.1,
0.596,0.296,0.008,0.1,
0.571,0.312,0.017,0.1,


