0.236,0.3,0.225,0.046,0.105,-0.091,-0.056,0.011,-0.038,0.013,
0.027,0.216,0.221,0.141,0.05,0.072,0.072,0.072,0.072,0.072,
-0.133,0.185,0.108,-0.037,0.209,0.0,0.022,0.064,0.067,0.113,
0.072,0.486,0.338,0.479,0.452,0.38,0.397,0.397,0.397,0.371,
0.116,0.134,0.347,0.273,0.211,0.247,0.172,0.22,0.233,0.125,
-0.125,0.31,0.259,0.165,0.089,0.072,-0.04,-0.04,0.283,0.069,
-0.158,0.024,0.167,-0.056,-0.05,-0.07,-0.127,-0.237,-0.151,0.024,
-0.102,0.339,0.035,-0.115,0.013,-0.109,-0.086,-0.198,0.139,-0.089,
-0.06,0.352,0.247,0.337,0.313,0.387,0.371,0.346,0.326,0.377,
-0.001,0.147,0.078,0.237,0.157,0.109,0.144,0.05,0.208,0.101,
0.012,0.172,0.319,0.136,0.035,0.09,0.088,0.168,0.047,0.193,
-0.175,0.238,0.273,0.188,0.144,0.276,0.228,0.226,0.228,0.228,
0.057,0.252,0.285,0.379,0.345,0.293,0.33,0.303,0.489,0.27,
-0.005,0.221,0.04,0.176,0.203,0.162,0.101,0.103,0.004,0.098,
0.102,0.301,0.057,0.084,0.306,0.365,0.275,0.253,0.259,0.256,
0.048,0.348,0.39,0.437,0.359,0.371,0.331,0.456,0.425,0.397,
0.01,0.265,0.346,0.306,0.251,0.282,0.37,0.287,0.282,0.361,
0.134,0.162,0.186,0.065,0.242,0.1,0.1,0.128,0.1,0.081,
-0.185,0.187,0.161,0.105,0.205,-0.05,0.083,0.075,0.117,0.211,
-0.122,0.3,0.165,0.208,0.255,0.38,0.294,0.298,0.296,0.365,
0.039,0.269,0.331,0.402,0.337,0.273,0.35,0.257,0.266,0.395,
0.108,0.215,0.218,0.059,0.034,0.064,-0.125,0.126,0.145,0.154,
-0.101,0.143,0.281,0.233,0.271,0.127,0.081,0.137,0.194,0.287,
-0.025,0.216,0.438,0.386,0.402,0.311,0.313,0.313,0.313,0.313,
0.054,0.274,0.162,0.137,0.032,0.087,0.109,0.113,-0.068,0.072,
0.101,0.476,0.368,0.288,0.333,0.373,0.323,0.321,0.311,0.311,
0.043,0.427,0.398,0.405,0.319,0.448,0.39,0.44,0.39,0.45,
0.228,0.054,0.193,-0.131,-0.177,-0.076,-0.053,-0.108,-0.156,-0.2,
0.066,0.223,0.238,0.17,0.234,0.067,0.108,0.16,0.156,0.16,
-0.112,0.106,0.418,0.417,0.281,0.416,0.434,0.32,0.289,0.38,
0.102,0.267,0.246,0.229,0.261,0.143,0.113,0.148,0.12,0.127,
0.172,0.252,-0.027,0.053,0.148,-0.071,-0.055,0.007,0.007,0.007,
0.194,0.279,0.42,0.294,0.416,0.384,0.333,0.384,0.329,0.455,
0.049,0.271,0.212,0.487,0.357,0.344,0.311,0.343,0.335,0.365,
0.128,0.421,0.349,0.359,0.362,0.335,0.399,0.337,0.321,0.299,
-0.187,0.273,0.161,0.167,0.225,0.148,0.134,0.127,0.124,0.17,
-0.217,0.317,0.081,0.147,0.259,0.064,0.059,0.057,0.012,-0.072,
0.097,0.367,0.448,0.324,0.322,0.327,0.387,0.308,0.303,0.311,
-0.097,0.101,0.109,0.037,-0.096,-0.139,-0.116,-0.081,-0.13,-0.119,
0.158,-0.011,0.109,-0.015,-0.112,0.033,-0.078,0.026,-0.1,-0.078,
-0.031,0.222,0.256,0.184,0.188,0.227,0.19,0.126,0.165,0.282,
-0.178,0.377,0.131,0.285,0.247,0.143,0.144,0.144,0.143,0.139,
-0.098,0.132,0.188,0.331,0.018,0.133,0.175,0.175,0.173,0.104,
-0.058,0.363,0.323,0.375,0.379,0.312,0.417,0.306,0.311,0.301,
0.011,0.253,0.035,0.253,0.186,0.219,0.195,0.193,0.152,0.098,
-0.05,0.202,-0.002,0.095,-0.004,0.022,0.055,0.118,0.041,0.158,
0.083,0.347,0.255,0.391,0.282,0.198,0.268,0.238,0.291,0.326,
0.133,0.394,0.448,0.37,0.44,0.348,0.492,0.43,0.456,0.352,
-0.124,0.17,0.254,0.087,0.176,0.251,0.113,0.221,0.213,0.127,
-0.018,0.214,0.13,0.328,0.217,0.233,0.198,0.216,0.26,0.2,
0.052,0.407,0.503,0.295,0.308,0.253,0.274,0.213,0.362,0.264,
0.2,0.35,0.187,0.189,0.195,0.195,0.249,0.198,0.196,0.198,
-0.184,0.36,0.108,0.211,0.376,0.344,0.407,0.288,0.291,0.303,
0.199,0.317,0.327,0.414,0.385,0.422,0.301,0.268,0.385,0.325,
0.047,0.41,0.215,0.296,0.211,0.338,0.302,0.313,0.283,0.332,
0.137,0.207,0.3,0.132,-0.012,0.204,0.059,0.146,0.143,0.13,
0.058,0.415,0.345,0.331,0.37,0.354,0.334,0.352,0.366,0.366,
0.077,0.056,0.104,0.079,-0.065,-0.053,-0.062,-0.056,-0.097,-0.045,
0.116,0.256,0.204,0.275,0.197,0.31,0.209,0.157,0.211,0.163,
0.068,0.417,0.355,0.361,0.333,0.339,0.342,0.344,0.365,0.344,
-0.008,0.395,0.377,0.425,0.432,0.469,0.391,0.403,0.425,0.438,
0.131,-0.045,0.156,0.172,0.152,-0.15,-0.067,-0.117,-0.015,-0.15,
0.051,0.161,0.168,0.175,0.292,0.165,0.137,0.17,0.056,0.247,
0.024,0.2,0.271,0.044,0.04,0.052,0.045,0.209,0.158,0.169,
0.121,0.326,0.442,0.396,0.378,0.35,0.513,0.388,0.473,0.417,
0.123,0.308,-0.091,-0.062,-0.141,0.112,-0.037,-0.084,-0.039,-0.136,
-0.196,0.087,-0.025,-0.092,-0.074,-0.109,-0.135,-0.037,-0.135,0.023,
0.077,0.378,0.372,0.22,0.251,0.248,0.245,0.195,0.266,0.253,
-0.021,0.136,0.227,0.087,0.098,0.162,0.25,0.092,-0.038,0.099,
0.083,0.043,0.321,0.131,0.18,0.101,0.18,0.039,0.142,0.14,
0.027,0.014,0.191,0.288,0.063,-0.029,0.068,0.128,0.078,0.045,
0.035,0.276,0.382,0.506,0.425,0.437,0.448,0.423,0.462,0.451,
-0.117,0.162,0.172,0.364,0.289,0.245,0.206,0.262,0.361,0.264,
0.068,0.39,0.422,0.426,0.381,0.469,0.447,0.386,0.386,0.386,
-0.039,0.272,0.119,0.03,0.036,-0.045,-0.024,-0.078,-0.051,0.004,
-0.048,0.05,0.199,0.193,-0.017,0.155,0.119,0.097,0.002,0.095,
0.043,0.371,0.365,0.27,0.374,0.321,0.415,0.572,0.44,0.437,
-0.078,0.269,0.361,0.451,0.344,0.417,0.395,0.397,0.392,0.399,
0.084,0.196,0.292,0.109,0.081,0.103,0.108,0.11,0.11,0.194,
-0.145,0.192,0.231,0.007,-0.067,-0.019,-0.131,-0.069,-0.122,0.007,
-0.011,0.202,0.233,0.376,0.279,0.165,0.124,0.196,0.195,0.196,
0.081,0.23,0.057,0.023,0.032,0.048,0.119,-0.049,-0.058,0.053,
0.071,0.286,0.087,0.227,0.11,0.044,0.011,0.011,0.108,0.007,
-0.069,0.374,0.321,0.244,0.307,0.311,0.317,0.317,0.314,0.369,
0.007,0.34,0.426,0.385,0.374,0.355,0.419,0.34,0.382,0.345,
0.11,0.369,0.323,0.185,0.26,0.375,0.297,0.29,0.285,0.334,
0.06,0.236,0.058,0.203,0.075,0.114,0.085,0.087,0.061,0.047,
-0.02,0.353,0.092,0.188,0.179,0.262,0.181,0.135,0.183,0.207,
0.136,0.253,0.129,0.032,-0.002,-0.016,-0.019,0.0,-0.047,-0.118,
0.096,0.224,0.257,0.188,0.289,0.17,0.211,0.357,0.327,0.209,
0.135,0.275,0.157,0.419,0.255,0.341,0.246,0.261,0.266,0.238,
0.066,0.465,0.358,0.431,0.482,0.433,0.427,0.462,0.501,0.5,
0.171,0.246,0.093,0.356,0.186,0.137,0.26,0.158,0.162,0.138,
-0.11,0.141,0.17,0.219,0.163,0.127,0.075,0.061,0.058,0.089,
-0.058,0.461,0.531,0.303,0.358,0.345,0.386,0.336,0.419,0.404,
0.148,0.322,0.248,0.174,0.141,0.082,0.246,0.083,0.227,0.132,
0.053,0.125,0.082,0.356,0.332,0.151,0.156,0.195,0.1,0.161,
-0.185,0.287,0.182,0.136,0.368,0.209,0.165,0.147,0.167,0.145,
0.067,0.304,0.441,0.281,0.256,0.254,0.272,0.341,0.355,0.331,
0.1,0.391,0.42,0.427,0.482,0.431,0.348,0.372,0.363,0.311,
0.071,0.171,0.055,0.232,0.248,0.132,0.189,0.089,0.107,0.021,
-0.114,0.181,0.222,0.106,0.281,0.103,0.038,0.031,0.144,0.072,
0.092,0.44,0.434,0.385,0.425,0.367,0.396,0.434,0.413,0.413,
0.116,0.139,0.356,0.023,0.112,-0.039,-0.039,-0.138,-0.041,-0.109,
0.046,0.277,0.366,0.503,0.346,0.319,0.352,0.355,0.344,0.351,
-0.088,0.141,0.272,-0.024,0.057,0.118,0.209,0.156,0.044,0.161,
-0.15,0.05,0.153,0.158,0.041,0.218,0.125,0.083,0.083,0.081,
-0.119,0.266,0.194,-0.024,-0.074,0.017,-0.017,0.053,0.12,0.079,
-0.011,0.35,0.38,0.236,0.273,0.419,0.268,0.326,0.272,0.303,
0.097,0.316,0.135,0.168,0.128,0.137,0.141,0.034,0.142,0.143,
-0.216,0.12,0.375,0.315,0.189,-0.017,0.152,0.15,0.148,0.132,
0.078,0.336,0.439,0.235,0.192,0.239,0.214,0.321,0.19,0.28,
0.147,0.185,0.209,0.068,0.315,0.08,0.114,0.114,0.116,0.114,
-0.083,0.32,0.163,0.169,0.183,0.19,0.192,0.192,0.165,0.139,
0.099,0.427,0.353,0.376,0.483,0.405,0.37,0.239,0.291,0.332,
0.059,0.465,0.407,0.411,0.458,0.427,0.504,0.429,0.496,0.403,
-0.011,-0.043,0.015,0.247,-0.051,0.091,0.027,0.038,0.044,0.048,
-0.173,0.322,0.094,0.021,0.246,0.32,0.314,0.423,0.309,0.246,
-0.152,0.22,-0.029,0.139,0.05,-0.069,-0.048,-0.058,-0.021,-0.021,
0.097,0.399,0.368,0.337,0.28,0.251,0.305,0.283,0.285,0.243,
0.035,0.323,0.365,0.404,0.355,0.335,0.31,0.318,0.356,0.356,
0.012,0.337,0.066,0.063,0.143,0.062,0.029,0.185,0.067,0.098,
0.099,0.354,0.407,0.299,0.265,0.261,0.214,0.341,0.252,0.21,
0.173,0.179,0.106,0.078,0.067,0.102,0.191,0.108,0.135,0.086,
-0.215,0.162,0.023,-0.046,-0.229,-0.069,-0.03,0.095,0.055,-0.082,
0.052,0.342,0.292,0.356,0.32,0.408,0.348,0.353,0.357,0.355,
0.002,-0.023,0.11,0.156,0.098,0.093,-0.019,-0.067,-0.115,-0.084,
0.051,0.091,0.245,0.143,-0.027,0.054,0.177,0.121,0.056,0.006,
-0.077,0.049,0.215,0.209,0.127,0.122,0.036,-0.097,-0.025,0.17,
-0.006,0.362,0.541,0.547,0.392,0.432,0.433,0.468,0.453,0.455,
-0.078,0.358,0.131,0.123,0.135,0.14,0.142,0.142,0.144,0.144,
-0.096,0.062,0.171,0.386,0.068,0.11,0.168,0.068,0.177,0.165,
0.067,0.299,0.474,0.474,0.382,0.403,0.405,0.501,0.432,0.407,
0.184,0.346,0.349,0.307,0.101,0.241,0.08,0.165,0.08,0.053,
0.192,0.118,-0.007,0.272,-0.074,0.026,-0.074,-0.038,-0.034,0.026,
0.015,0.288,0.082,-0.004,0.0,-0.06,-0.002,-0.043,0.0,0.0,
-0.157,0.177,0.22,0.175,0.136,0.211,0.113,0.061,0.113,0.145,
-0.156,0.265,0.349,0.223,0.201,0.3,0.112,0.217,0.195,0.161,
0.118,0.42,0.436,0.447,0.463,0.49,0.438,0.38,0.405,0.418,
0.001,0.059,0.235,-0.038,-0.102,-0.004,-0.112,-0.11,-0.076,-0.042,
-0.106,0.336,0.293,0.225,0.232,0.188,0.332,0.227,0.24,0.217,
0.099,0.236,0.304,0.441,0.377,0.275,0.287,0.34,0.315,0.315,
0.113,0.433,0.36,0.344,0.422,0.418,0.316,0.389,0.486,0.371,
-0.021,0.08,0.215,0.162,0.096,0.107,0.112,0.114,0.116,0.116,
0.02,-0.082,0.223,0.261,0.089,0.127,0.106,0.037,0.08,0.032,
0.019,0.097,0.189,0.1,0.265,0.244,0.125,0.086,0.018,0.145,
0.044,0.39,0.259,0.46,0.404,0.49,0.31,0.295,0.37,0.374,
0.097,0.287,0.23,0.182,0.18,0.284,0.148,0.025,0.235,0.184,
-0.119,0.215,0.264,0.386,0.374,0.311,0.309,0.267,0.265,0.317,
-0.003,0.38,0.322,0.506,0.395,0.444,0.385,0.471,0.365,0.352,
-0.035,0.145,0.342,0.147,0.213,0.171,0.132,0.115,0.179,0.078,
0.142,0.19,0.143,0.169,0.249,0.323,0.171,0.051,0.15,0.123,
0.09,0.228,0.197,0.318,0.257,0.266,0.266,0.217,0.212,0.219,
0.173,0.229,0.02,0.056,0.149,0.077,0.005,0.091,0.028,0.091,
-0.062,0.004,0.138,0.017,-0.027,-0.074,-0.072,-0.072,-0.036,-0.085,
0.027,0.086,0.18,0.141,0.309,0.227,0.148,0.015,0.184,0.105,
0.071,0.255,0.529,0.535,0.455,0.44,0.468,0.504,0.484,0.418,
-0.01,0.139,0.226,0.135,0.173,0.233,0.185,0.263,0.117,0.173,
-0.085,0.119,0.341,0.327,0.359,0.275,0.274,0.318,0.252,0.292,
-0.058,0.17,0.368,0.235,0.174,0.263,0.251,0.169,0.212,0.297,
0.068,0.252,0.089,-0.092,0.059,0.046,-0.018,0.081,-0.016,-0.016,
0.068,0.239,0.157,0.227,0.042,0.153,0.216,0.114,0.05,0.15,
-0.049,0.237,0.061,0.285,0.137,0.126,0.119,0.145,0.286,0.123,
0.05,0.551,0.438,0.455,0.363,0.352,0.365,0.365,0.419,0.379,
0.102,0.087,0.172,0.135,0.21,0.05,0.037,0.137,0.086,0.186,
-0.043,0.122,0.36,0.047,0.066,0.064,0.103,0.066,0.066,0.064,
-0.014,0.179,0.257,0.153,0.036,0.05,0.094,0.108,0.05,0.048,
0.175,0.38,0.441,0.324,0.404,0.34,0.414,0.306,0.413,0.339,
0.074,0.353,0.254,0.328,0.255,0.234,0.258,0.249,0.251,0.341,
0.017,0.33,0.387,0.382,0.32,0.351,0.309,0.421,0.353,0.351,
-0.085,0.331,0.039,-0.011,-0.136,-0.007,-0.118,0.264,-0.014,0.005,
-0.068,0.119,0.011,0.055,-0.047,0.091,-0.05,-0.06,0.063,-0.048,
0.077,0.309,0.414,0.281,0.352,0.305,0.305,0.307,0.307,0.307,
0.097,0.237,0.082,0.149,0.219,0.189,0.321,0.147,0.149,0.069,
0.115,0.247,0.236,0.086,0.055,0.041,0.103,0.103,0.103,0.103,
-0.077,0.149,0.184,0.31,0.153,0.127,0.101,0.146,0.268,0.151,
0.097,0.334,0.397,0.428,0.361,0.448,0.364,0.425,0.384,0.384,
0.122,0.194,0.383,0.48,0.298,0.335,0.295,0.295,0.247,0.254,
0.189,0.065,0.223,0.191,0.163,0.049,0.091,0.185,0.099,0.196,
0.133,0.352,0.178,0.145,0.175,0.073,0.134,0.146,0.179,0.257,
0.061,0.418,0.366,0.372,0.376,0.344,0.344,0.345,0.378,0.355,
0.131,0.205,0.338,0.255,0.179,0.146,0.203,0.241,0.203,0.201,
-0.144,0.177,0.253,0.409,0.208,0.19,0.173,0.192,0.226,0.212,
0.036,0.37,0.399,0.295,0.324,0.386,0.366,0.307,0.239,0.269,
0.007,0.278,0.14,0.078,0.096,0.093,0.115,0.235,0.253,0.091,
0.029,0.187,0.19,0.149,0.214,0.319,0.244,0.204,0.113,0.188,
0.099,0.351,0.452,0.446,0.375,0.408,0.394,0.411,0.351,0.387,
-0.071,0.171,0.233,0.238,0.168,0.109,0.112,0.114,0.091,0.114,
-0.072,0.3,0.289,0.237,0.143,0.217,0.18,0.223,0.302,0.225,
0.113,0.156,0.304,0.127,0.175,0.187,0.187,0.304,0.191,0.19,
0.012,0.381,0.347,0.41,0.342,0.345,0.33,0.435,0.433,0.347,
-0.166,0.163,0.075,0.198,0.007,-0.08,0.153,-0.083,0.022,0.02,
0.178,0.174,0.202,0.063,0.041,0.029,0.193,0.039,0.08,0.042,
0.027,0.364,0.459,0.389,0.47,0.46,0.384,0.422,0.452,0.398,
0.009,0.454,0.389,0.44,0.398,0.386,0.39,0.387,0.386,0.491,
0.07,0.152,0.088,0.234,0.264,0.151,0.048,0.15,0.094,0.11,
-0.019,0.236,0.209,0.048,0.029,0.077,0.076,0.071,0.124,0.022,
-0.13,0.178,0.114,0.147,0.069,0.139,0.132,0.106,0.142,0.086,
0.078,0.273,0.43,0.6,0.455,0.481,0.481,0.547,0.48,0.481,
0.133,0.231,0.312,0.178,0.194,0.129,0.206,0.327,0.207,0.15,
0.106,0.393,0.394,0.34,0.366,0.425,0.32,0.467,0.363,0.395,
-0.105,0.426,0.271,0.352,0.216,0.431,0.223,0.372,0.425,0.288,
-0.11,0.407,0.281,0.161,0.164,0.169,0.119,0.187,0.234,0.172,
0.144,0.165,0.183,0.245,0.326,0.213,0.366,0.186,0.218,0.237,
0.078,0.136,0.261,0.208,0.123,0.063,0.063,0.063,0.073,0.063,
-0.105,0.295,0.025,0.107,0.075,0.332,0.123,0.072,0.153,0.005,
0.028,0.508,0.34,0.355,0.357,0.344,0.374,0.376,0.409,0.353,
0.024,0.533,0.378,0.469,0.52,0.387,0.422,0.452,0.428,0.428,
0.189,0.106,0.294,0.116,0.028,0.103,0.301,0.106,0.106,0.108,
-0.04,0.24,0.135,0.211,0.054,0.115,0.107,0.155,0.076,0.074,
-0.101,0.347,0.172,0.218,0.127,0.287,0.154,0.13,0.157,0.143,
-0.038,0.094,0.079,0.232,0.143,0.112,0.153,0.155,0.114,0.13,
0.133,0.254,0.189,0.076,0.229,0.096,0.042,0.078,0.085,0.076,
-0.202,0.197,0.128,0.284,0.328,0.319,0.256,0.257,0.261,0.239,
0.014,0.379,0.374,0.346,0.39,0.296,0.425,0.338,0.341,0.362,
0.065,0.239,0.431,0.463,0.435,0.48,0.375,0.417,0.439,0.379,
0.136,0.159,0.334,0.359,0.099,0.076,0.112,0.12,0.067,0.152,
0.119,-0.029,0.152,-0.042,-0.126,-0.126,-0.126,-0.128,-0.126,-0.128,
0.134,0.252,-0.018,-0.042,0.03,0.03,-0.105,0.257,0.03,-0.011,
-0.01,0.215,0.159,0.103,0.078,0.058,0.183,-0.019,0.078,0.078,
-0.216,0.273,-0.007,0.182,0.029,0.033,-0.002,0.165,0.033,0.033,
0.095,0.382,0.416,0.268,0.308,0.294,0.304,0.275,0.335,0.275,
0.162,0.234,0.274,0.189,0.203,0.144,0.126,0.119,0.138,0.102,
-0.054,0.148,0.131,-0.007,0.08,0.038,-0.028,0.007,0.116,0.021,
0.114,0.322,0.387,0.177,0.227,0.259,0.326,0.318,0.246,0.272,
0.124,0.239,0.179,-0.035,0.164,0.118,0.085,0.044,-0.01,0.101,
0.089,0.206,0.188,0.256,0.268,0.418,0.326,0.191,0.244,0.264,
-0.125,0.255,0.297,0.257,0.239,0.244,0.322,0.248,0.163,0.293,
0.13,0.381,0.474,0.405,0.468,0.438,0.432,0.365,0.448,0.534,
-0.14,0.271,0.236,-0.063,-0.052,-0.015,-0.01,-0.052,0.052,-0.01,
-0.093,0.184,0.174,-0.058,-0.024,-0.016,0.054,-0.011,-0.005,-0.002,
-0.18,0.1,-0.023,0.098,0.149,0.057,0.015,0.059,0.188,0.064,
0.017,0.305,0.371,0.202,0.207,0.208,0.208,0.2,0.209,0.244,
0.129,0.402,0.425,0.405,0.392,0.384,0.403,0.31,0.315,0.324,
0.007,0.281,0.517,0.262,0.33,0.301,0.32,0.284,0.411,0.282,
-0.061,0.116,0.087,0.196,0.16,0.105,0.262,0.186,0.288,0.197,
-0.112,0.217,0.141,0.185,0.199,0.18,0.092,0.222,0.092,0.146,
0.155,0.44,0.327,0.262,0.306,0.374,0.229,0.406,0.388,0.246,
0.016,0.343,0.171,0.289,0.292,0.194,0.232,0.148,0.235,0.324,
0.091,0.292,-0.099,-0.086,0.03,-0.132,-0.031,-0.033,0.014,0.045,
-0.156,0.331,0.197,0.025,0.099,0.097,-0.041,0.044,0.186,0.174,
0.044,0.346,0.389,0.352,0.43,0.407,0.351,0.397,0.429,0.456,
-0.01,0.138,0.164,0.272,0.129,0.131,0.131,0.061,0.064,0.133,
0.128,0.254,0.245,0.089,0.022,0.174,0.118,0.144,0.146,0.102,
0.142,0.498,0.402,0.423,0.401,0.382,0.43,0.487,0.397,0.399,
0.069,0.265,0.502,0.32,0.324,0.33,0.379,0.259,0.41,0.351,
0.088,0.499,0.439,0.425,0.452,0.391,0.358,0.387,0.322,0.352,
0.073,0.337,0.313,0.271,0.354,0.182,0.355,0.327,0.339,0.286,
0.136,0.343,0.303,0.088,0.035,0.118,0.082,0.042,0.203,0.154,
0.12,0.279,0.101,0.126,0.273,0.185,0.259,0.288,0.151,0.192,
0.076,0.413,0.425,0.528,0.46,0.496,0.527,0.519,0.484,0.454,
-0.006,0.321,0.483,0.302,0.352,0.371,0.355,0.32,0.393,0.337,
0.154,0.279,0.128,0.235,0.114,0.153,0.155,0.186,0.186,0.19,
0.084,0.293,0.038,-0.072,0.051,0.253,0.054,-0.027,0.06,0.041,
0.026,0.125,0.167,0.185,0.144,-0.017,0.076,-0.036,0.037,0.131,
0.037,0.334,0.361,0.299,0.271,0.253,0.261,0.306,0.252,0.24,
0.144,0.19,0.217,0.119,0.12,0.128,0.106,0.132,0.134,0.204,
0.135,0.157,-0.038,0.079,-0.147,-0.012,0.007,-0.012,-0.009,-0.012,
-0.106,0.154,-0.075,-0.017,-0.146,-0.141,-0.283,-0.058,-0.127,-0.086,
-0.001,0.377,0.393,0.408,0.371,0.407,0.391,0.384,0.486,0.489,
0.121,0.157,0.151,-0.022,-0.096,0.078,-0.007,-0.072,-0.072,-0.074,
-0.118,0.195,0.218,0.152,0.182,0.064,0.157,0.165,0.161,0.097,
0.11,0.404,0.365,0.31,0.393,0.398,0.4,0.402,0.386,0.395,
0.036,0.151,-0.006,-0.171,-0.212,-0.238,-0.257,-0.287,-0.194,-0.166,
0.072,0.412,0.347,0.307,0.303,0.41,0.342,0.269,0.396,0.376,
0.135,0.193,0.132,0.131,0.187,0.083,0.126,0.128,0.128,0.128,
-0.151,0.137,0.264,0.122,0.131,0.348,0.252,0.176,0.203,0.153,
0.018,-0.071,0.244,0.108,-0.173,-0.079,-0.065,-0.092,-0.065,0.068,
-0.032,0.226,0.237,0.438,0.299,0.295,0.251,0.255,0.329,0.244,
0.182,0.18,0.201,0.122,0.397,0.153,0.188,0.147,0.203,0.29,
-0.03,0.305,0.366,0.283,0.254,0.274,0.294,0.27,0.386,0.31,
0.08,0.347,0.322,0.331,0.286,0.269,0.248,0.337,0.294,0.231,
0.037,0.045,0.158,-0.08,-0.042,0.195,-0.066,0.117,-0.066,-0.066,
0.123,0.215,0.255,0.129,0.136,0.135,0.173,0.215,0.091,0.224,
-0.169,0.016,0.367,0.267,0.269,0.268,0.224,0.08,0.227,0.213,
-0.181,0.201,0.24,0.109,0.214,0.282,0.232,0.206,0.291,0.202,
0.095,0.363,0.213,0.367,0.249,0.24,0.363,0.274,0.278,0.242,
0.129,0.207,-0.136,-0.028,0.002,-0.13,-0.107,-0.187,-0.128,-0.059,
-0.081,0.177,-0.013,0.06,0.081,0.238,0.148,0.185,0.142,0.167,
-0.095,0.372,0.479,0.357,0.448,0.383,0.365,0.417,0.384,0.394,
-0.228,0.06,-0.028,0.163,0.137,-0.052,-0.094,-0.004,0.013,-0.108,
-0.292,0.222,0.069,-0.024,-0.01,0.079,-0.117,-0.117,-0.1,-0.039,
0.156,0.337,0.145,0.171,0.23,0.249,0.182,0.244,0.183,0.194,
0.065,0.181,0.026,-0.035,-0.096,-0.149,-0.058,-0.147,-0.123,-0.123,
-0.081,0.195,0.058,-0.101,0.112,-0.081,-0.051,0.129,-0.051,-0.014,
-0.052,0.469,0.328,0.395,0.398,0.422,0.395,0.444,0.382,0.361,
0.082,0.366,0.455,0.492,0.414,0.428,0.43,0.469,0.479,0.474,
0.119,0.218,0.097,-0.215,-0.04,-0.065,-0.055,-0.027,0.05,-0.024,
-0.131,0.151,-0.002,-0.117,-0.104,-0.094,-0.094,-0.094,-0.105,-0.019,
-0.023,0.204,0.279,0.051,0.13,0.099,0.052,0.062,0.256,0.064,
0.057,0.403,0.328,0.509,0.492,0.443,0.403,0.474,0.43,0.425,
0.073,0.172,0.092,0.219,0.237,0.167,0.12,0.171,0.293,0.287,
-0.056,0.302,0.258,0.3,0.109,0.086,0.01,0.092,0.071,0.129,
0.127,0.246,0.323,0.316,0.445,0.452,0.413,0.355,0.369,0.405,
0.048,0.128,-0.007,-0.011,0.118,0.095,-0.148,0.02,0.02,0.025,
-0.017,0.275,0.213,0.271,0.177,0.097,0.183,0.18,0.185,0.184,
0.085,0.3,0.046,0.107,0.03,0.032,0.032,0.054,0.023,0.032,
0.007,0.252,0.162,0.35,0.143,0.25,0.206,0.153,0.142,0.073,
0.073,0.419,0.347,0.396,0.523,0.323,0.333,0.443,0.361,0.427,
-0.023,0.315,0.419,0.331,0.411,0.402,0.343,0.35,0.341,0.398,
0.231,0.218,0.219,0.047,-0.079,-0.002,0.155,-0.064,-0.005,-0.01,
-0.042,0.135,0.053,-0.105,-0.173,-0.103,-0.09,-0.109,-0.123,-0.103,
0.123,0.336,0.396,0.391,0.39,0.388,0.381,0.313,0.322,0.35,
-0.08,0.031,0.073,0.125,0.161,0.024,0.111,0.007,0.024,0.027,
-0.086,0.179,0.369,0.24,0.238,0.252,0.254,0.257,0.257,0.222,
-0.081,0.095,0.235,0.307,0.102,0.023,0.15,0.062,0.038,0.055,
0.04,0.407,0.44,0.423,0.414,0.375,0.494,0.481,0.44,0.404,
0.0,0.349,0.294,0.391,0.527,0.464,0.498,0.417,0.473,0.446,
0.133,0.047,0.078,0.024,-0.062,0.164,0.053,0.024,0.024,-0.033,
-0.171,0.197,0.149,0.132,0.161,0.071,0.045,0.33,0.212,0.185,
0.033,0.256,0.487,0.388,0.365,0.325,0.414,0.424,0.344,0.383,
0.175,0.174,0.205,-0.007,-0.043,-0.043,0.002,0.002,0.0,0.199,
0.013,0.254,0.214,0.327,0.505,0.344,0.318,0.388,0.297,0.32,
0.018,0.292,0.128,0.07,0.078,0.08,0.08,0.037,0.226,0.078,
0.046,0.141,0.237,0.018,0.021,0.136,-0.019,0.021,0.014,-0.06,
-0.161,0.237,0.094,0.12,0.187,0.101,0.184,0.03,0.084,0.121,
0.05,0.35,0.261,0.46,0.314,0.253,0.265,0.302,0.243,0.265,
0.128,0.151,-0.056,-0.062,-0.167,-0.161,-0.096,-0.174,-0.096,-0.174,
-0.148,0.11,0.157,0.127,-0.005,0.073,0.085,0.085,0.085,0.046,
-0.084,0.215,0.01,0.281,0.165,0.221,0.115,0.281,0.037,0.152,
0.052,0.437,0.451,0.458,0.4,0.503,0.435,0.431,0.376,0.435,
0.069,0.168,0.256,0.035,-0.009,0.21,0.09,0.043,0.106,0.111,
0.12,0.114,0.212,0.104,0.111,0.113,0.0,0.151,0.054,0.224,
0.066,0.327,0.38,0.408,0.464,0.36,0.379,0.341,0.363,0.33,
-0.1,0.437,0.447,0.331,0.389,0.392,0.421,0.456,0.394,0.395,
0.103,0.292,0.055,0.078,0.249,0.224,0.244,0.316,0.162,0.158,
-0.04,0.311,0.232,0.041,0.116,0.116,0.114,0.046,0.172,0.141,
-0.069,0.114,0.236,0.143,-0.008,-0.01,0.017,0.017,-0.038,-0.035,
-0.054,0.351,0.497,0.422,0.53,0.408,0.534,0.472,0.459,0.474,
0.231,0.481,0.329,0.429,0.351,0.42,0.332,0.32,0.354,0.36,
0.137,0.442,0.34,0.337,0.31,0.394,0.34,0.381,0.3,0.359,
0.042,0.263,0.267,0.109,0.185,0.099,0.099,0.037,0.097,0.051,
0.147,0.13,0.201,0.074,0.189,0.031,-0.007,0.137,0.097,0.113,
0.069,0.193,0.371,0.303,0.169,0.178,0.182,0.287,0.184,0.182,
0.138,0.283,0.053,0.112,0.281,0.135,0.246,0.119,0.087,0.14,
0.048,0.147,0.247,0.035,0.007,-0.065,0.02,-0.023,-0.073,0.024,
0.047,0.169,0.482,0.353,0.288,0.338,0.287,0.297,0.267,0.354,
-0.005,0.301,0.338,0.247,0.254,0.254,0.303,0.211,0.279,0.283,
0.145,0.277,0.176,0.13,0.227,0.153,0.157,0.116,0.11,0.155,
0.008,0.232,0.32,0.488,0.265,0.271,0.292,0.308,0.286,0.367,
0.071,0.418,0.442,0.383,0.476,0.514,0.436,0.436,0.436,0.449,
-0.133,0.115,0.333,0.002,-0.014,-0.014,0.168,0.02,0.018,0.022,
0.134,0.206,0.153,-0.028,-0.004,-0.024,-0.062,-0.107,-0.058,-0.084,
-0.007,0.198,0.323,0.141,0.121,0.237,0.184,0.166,0.109,0.251,
0.043,0.255,0.109,0.069,-0.073,-0.016,0.043,-0.101,0.103,0.218,
-0.156,0.331,0.256,0.09,0.192,0.067,0.167,0.204,0.083,0.166,
-0.027,0.131,0.232,-0.006,0.133,0.091,0.253,0.227,0.154,0.112,
-0.059,0.039,0.2,0.258,0.126,0.13,0.279,0.13,0.13,0.13,
0.187,0.136,0.325,0.151,0.11,0.181,0.109,0.246,0.183,0.188,
-0.187,0.251,0.096,-0.043,0.0,0.153,0.259,0.018,0.018,-0.009,
0.131,0.076,0.162,0.116,-0.004,0.026,0.13,0.028,0.024,-0.055,
0.067,0.427,0.301,0.25,0.379,0.272,0.349,0.33,0.276,0.278,
0.21,0.213,0.279,0.08,0.238,0.222,0.179,0.199,0.205,0.153,
-0.1,0.259,0.299,0.199,-0.048,0.183,0.229,0.237,0.239,0.242,
0.003,0.34,0.381,0.368,0.378,0.37,0.449,0.401,0.333,0.406,
0.101,0.32,-0.04,-0.009,-0.002,0.114,0.0,0.0,0.0,0.0,
0.14,0.214,0.155,0.295,0.062,0.067,0.008,0.18,0.041,-0.011,
-0.105,0.181,0.147,0.162,0.07,0.04,0.111,0.151,0.107,0.115,
-0.178,0.2,0.361,0.216,0.111,0.17,0.1,0.23,0.139,0.158,
-0.057,0.115,0.139,0.055,-0.085,-0.109,-0.081,-0.045,-0.115,-0.138,
-0.018,0.414,0.496,0.427,0.376,0.405,0.38,0.386,0.428,0.426,
-0.011,0.297,0.035,0.168,0.176,0.087,0.102,0.213,0.064,0.104,
-0.161,0.009,0.259,0.291,0.175,0.178,0.147,0.132,0.174,0.141,
0.068,0.448,0.214,0.381,0.366,0.372,0.309,0.275,0.45,0.311,
0.044,0.081,0.021,0.072,0.06,-0.028,0.103,-0.064,-0.095,-0.087,
-0.091,0.149,0.276,0.244,0.098,-0.035,-0.031,0.066,0.131,-0.002,
-0.136,0.294,0.347,0.326,0.248,0.34,0.301,0.213,0.393,0.314,
0.09,0.324,0.437,0.43,0.366,0.36,0.363,0.36,0.415,0.351,
0.022,0.5,0.453,0.417,0.415,0.477,0.442,0.511,0.478,0.442,
0.034,0.224,0.198,0.21,0.153,0.299,0.137,0.138,0.137,0.073,
-0.117,0.225,0.009,0.102,0.117,0.061,0.155,0.07,0.111,0.005,
0.136,0.414,0.428,0.284,0.402,0.326,0.408,0.383,0.278,0.261,
0.097,0.228,0.127,0.052,0.038,-0.095,-0.009,-0.095,-0.114,-0.023,
-0.071,0.216,0.106,0.011,0.111,0.235,0.036,-0.053,-0.053,-0.053,
0.137,0.402,0.392,0.315,0.238,0.371,0.459,0.392,0.37,0.485,
0.045,0.255,0.345,0.212,0.143,0.236,0.112,0.228,0.178,0.216,
-0.086,0.213,-0.042,0.013,-0.043,-0.041,-0.037,-0.039,0.114,-0.048,
0.05,0.371,0.42,0.369,0.429,0.41,0.389,0.478,0.41,0.392,
0.107,0.304,0.094,0.081,0.12,0.058,0.15,-0.048,-0.018,0.058,
-0.019,0.304,-0.04,-0.024,-0.022,0.093,-0.022,-0.086,-0.037,0.066,
-0.156,0.107,-0.09,0.048,-0.113,-0.093,-0.138,-0.102,-0.096,-0.1,
0.216,0.23,0.451,0.389,0.324,0.35,0.352,0.354,0.4,0.31,
0.169,0.324,0.174,0.166,0.106,0.245,0.13,0.098,0.037,0.092,
-0.167,0.201,0.231,0.112,0.18,0.146,0.191,0.151,0.26,0.151,
0.131,0.263,0.27,0.12,0.239,0.233,0.236,0.236,0.272,0.236,
0.036,0.28,0.361,0.365,0.456,0.437,0.343,0.361,0.436,0.385,
0.116,0.212,0.134,0.217,0.115,0.038,0.099,0.014,0.043,0.043,
0.102,0.065,0.378,0.137,0.206,0.05,0.102,0.292,0.102,0.053,
-0.074,0.288,0.158,0.196,0.129,0.189,0.163,0.154,0.114,0.273,
0.028,0.273,0.405,0.34,0.488,0.333,0.358,0.302,0.338,0.35,
0.121,0.286,0.275,0.34,0.218,0.223,0.225,0.245,0.369,0.384,
-0.032,0.245,0.185,0.265,0.234,0.304,0.199,0.2,0.2,0.2,
-0.128,0.247,0.143,0.011,0.04,0.023,0.023,0.089,0.023,0.072,
0.11,0.388,0.342,0.268,0.302,0.281,0.32,0.376,0.355,0.351,
0.052,0.375,0.346,0.361,0.348,0.423,0.421,0.427,0.436,0.394,
0.039,0.407,0.382,0.395,0.341,0.425,0.356,0.427,0.367,0.329,
-0.149,0.312,0.276,0.086,0.058,0.163,0.068,0.078,-0.02,0.137,
-0.012,0.165,0.223,0.171,0.14,0.157,0.139,0.141,0.118,0.118,
0.048,0.541,0.37,0.3,0.382,0.361,0.312,0.398,0.309,0.26,
0.12,0.156,0.206,0.166,-0.023,0.133,0.103,0.132,0.132,0.125,
-0.021,0.151,0.301,0.208,0.128,0.059,0.084,0.063,0.082,0.082,
0.006,0.277,0.552,0.394,0.413,0.397,0.354,0.442,0.41,0.399,
0.097,0.304,0.276,0.166,0.173,0.175,0.102,0.175,0.102,0.094,
0.176,0.077,0.143,0.162,0.241,0.018,0.02,0.02,0.02,-0.021,
-0.127,0.263,0.453,0.354,0.47,0.372,0.372,0.336,0.372,0.373,
0.016,0.269,0.519,0.412,0.436,0.402,0.492,0.369,0.503,0.386,
-0.065,0.154,0.295,0.173,0.123,0.167,0.144,0.201,0.329,0.245,
0.095,0.255,0.205,-0.012,-0.012,0.088,-0.015,-0.012,-0.012,-0.015,
0.12,0.358,0.222,0.376,0.265,0.297,0.25,0.335,0.338,0.249,
0.043,0.143,0.289,-0.09,-0.014,-0.074,-0.112,0.085,-0.076,-0.163,
-0.119,0.273,0.0,-0.011,-0.126,0.023,0.049,0.055,0.059,0.035,
-0.245,-0.033,-0.008,0.0,-0.081,-0.119,-0.157,-0.087,-0.08,-0.114,
0.137,0.45,0.338,0.289,0.251,0.276,0.3,0.35,0.302,0.287,
0.059,0.28,0.069,0.108,-0.047,0.051,0.053,0.025,0.099,-0.019,
-0.193,0.099,-0.075,0.082,0.155,0.02,0.053,0.144,-0.035,0.072,
0.114,0.131,0.439,0.376,0.365,0.294,0.25,0.237,0.368,0.312,
-0.086,0.309,0.16,0.064,-0.026,0.055,0.299,0.055,0.055,0.055,
-0.164,0.088,0.176,0.035,-0.016,-0.058,-0.058,-0.068,-0.054,0.032,
-0.051,0.177,-0.068,0.155,-0.211,-0.129,-0.041,-0.094,-0.1,-0.098,
-0.135,0.257,0.322,0.241,0.173,0.126,0.224,0.137,0.205,0.061,
0.048,0.434,0.372,0.35,0.367,0.354,0.432,0.4,0.341,0.313,
0.106,0.198,0.151,0.21,0.063,0.036,0.066,0.045,0.294,0.051,
0.107,0.213,0.178,0.233,0.177,0.165,0.168,0.166,0.279,0.125,
0.074,0.199,0.325,0.454,0.304,0.363,0.329,0.411,0.382,0.331,
0.115,0.433,0.335,0.402,0.345,0.418,0.355,0.356,0.41,0.353,
0.224,0.221,0.24,0.073,0.121,0.133,0.255,0.13,0.268,0.133,
0.098,0.162,0.278,0.002,-0.123,-0.115,0.026,0.121,0.026,0.004,
-0.136,0.29,0.284,0.191,0.153,0.211,0.216,0.303,0.216,0.178,
0.158,0.461,0.432,0.431,0.431,0.447,0.492,0.449,0.449,0.43,
0.132,0.445,0.379,0.346,0.408,0.372,0.373,0.332,0.369,0.369,
0.129,0.275,0.154,0.041,0.084,0.082,0.086,0.084,0.086,0.01,
-0.081,0.323,-0.011,0.124,-0.12,-0.014,-0.032,-0.136,-0.031,-0.038,
0.172,0.371,0.374,0.395,0.309,0.277,0.305,0.308,0.373,0.287,
0.158,0.278,0.215,0.129,0.118,0.093,0.138,0.104,0.215,0.063,
-0.076,0.25,0.105,0.239,0.183,0.183,0.171,0.135,0.217,0.174,
0.032,0.297,0.41,0.268,0.373,0.334,0.343,0.325,0.357,0.373,
0.135,0.258,0.226,0.061,0.113,0.277,0.124,0.128,0.126,0.212,
0.163,0.139,0.238,0.216,0.3,0.168,0.204,0.164,0.18,0.182,
0.008,0.177,-0.129,0.012,-0.099,-0.152,-0.082,-0.204,-0.082,0.072,
-0.081,0.121,0.235,0.088,0.25,0.124,0.196,0.267,0.129,0.177,
-0.216,-0.112,-0.055,-0.007,0.041,-0.036,0.134,0.031,-0.068,-0.078,
-0.141,0.115,-0.005,0.174,0.026,0.026,0.028,0.135,0.115,0.053,
-0.072,0.372,0.353,0.439,0.305,0.319,0.305,0.293,0.3,0.286,
0.073,0.272,0.131,0.049,0.106,0.116,0.058,0.097,0.216,0.176,
0.001,0.242,0.099,-0.071,-0.057,-0.093,-0.054,-0.017,0.081,-0.031,
0.053,0.197,0.405,0.303,0.432,0.321,0.341,0.292,0.32,0.27,
0.052,0.395,0.364,0.453,0.398,0.405,0.341,0.448,0.42,0.315,
0.064,0.134,0.262,0.193,0.122,0.134,0.138,0.14,0.141,0.142,
-0.181,0.123,-0.019,0.043,-0.091,0.132,0.102,-0.044,0.147,-0.007,
-0.112,0.291,0.228,0.185,0.283,0.242,0.241,0.243,0.245,0.245,
0.107,0.386,0.467,0.283,0.3,0.15,0.37,0.352,0.342,0.36,
0.112,0.288,0.145,-0.105,-0.051,0.185,0.085,0.117,0.098,0.159,
-0.057,0.389,0.1,0.222,0.252,0.19,0.209,0.292,0.23,0.148,
0.008,0.428,0.328,0.351,0.361,0.401,0.403,0.327,0.367,0.331,
0.07,0.491,0.341,0.491,0.532,0.415,0.411,0.553,0.543,0.439,
0.19,0.142,0.083,-0.079,-0.09,-0.09,-0.086,-0.09,-0.09,-0.064,
0.168,0.03,0.27,0.111,0.164,0.12,0.037,0.037,0.037,0.187,
0.045,0.251,0.029,-0.006,0.115,0.206,-0.029,-0.109,-0.004,-0.09,
-0.036,0.391,0.361,0.376,0.292,0.298,0.3,0.327,0.447,0.344,
0.094,0.298,0.243,0.245,0.229,0.191,0.311,0.281,0.221,0.209,
0.088,0.185,0.248,0.085,0.138,0.105,0.114,0.148,0.309,0.016,
-0.097,0.095,0.404,0.238,0.185,0.187,0.229,0.231,0.188,0.205,
-0.226,0.104,0.205,0.105,0.01,0.31,0.084,0.084,0.08,0.013,
0.048,0.389,0.496,0.241,0.222,0.251,0.477,0.251,0.3,0.415,
0.113,0.279,0.197,0.111,0.096,0.088,0.233,0.127,0.063,0.127,
0.121,0.338,0.269,0.122,0.078,0.048,0.118,0.296,0.165,0.225,
0.03,0.446,0.388,0.374,0.393,0.323,0.271,0.37,0.365,0.302,
-0.021,0.355,0.418,0.342,0.296,0.327,0.391,0.467,0.343,0.346,
0.094,0.173,0.29,0.178,0.078,0.187,0.121,0.119,0.235,0.121,
-0.038,0.152,0.297,0.129,-0.005,0.04,0.045,0.119,0.047,0.047,
-0.01,0.366,0.384,0.38,0.511,0.392,0.344,0.33,0.333,0.346,
0.178,0.324,0.051,0.332,0.176,0.292,0.117,0.167,0.171,0.331,
-0.188,0.163,-0.015,-0.042,0.002,-0.037,0.286,0.21,0.2,-0.034,
0.1,0.371,0.356,0.367,0.459,0.354,0.285,0.338,0.346,0.378,
0.063,0.087,0.229,0.053,0.098,0.177,0.191,0.133,0.106,0.106,
-0.161,0.106,0.159,0.234,0.344,0.207,0.209,0.217,0.22,0.181,
0.051,0.352,0.475,0.327,0.333,0.322,0.394,0.341,0.421,0.361,
0.114,0.294,0.473,0.435,0.472,0.408,0.408,0.391,0.408,0.488,
0.153,0.067,0.105,0.19,0.154,0.012,-0.034,-0.005,0.012,0.126,
0.017,0.072,0.26,0.003,0.146,0.227,0.107,0.174,0.162,0.133,
0.002,0.216,0.211,0.158,0.269,0.243,0.249,0.244,0.192,0.197,
-0.021,0.137,0.062,0.02,-0.026,0.095,-0.122,-0.094,-0.042,-0.044,
0.196,0.242,0.119,0.044,0.081,0.215,0.097,0.1,0.035,0.097,
0.016,0.164,0.241,0.163,0.13,0.065,0.163,0.272,0.069,0.063,
0.167,0.288,0.327,0.239,0.205,0.22,0.156,0.152,0.121,0.213,
-0.059,0.393,0.267,0.407,0.295,0.348,0.403,0.309,0.309,0.307,
-0.114,0.206,0.324,0.145,0.184,0.209,0.2,0.207,0.103,0.209,
0.002,0.274,0.343,0.154,0.207,0.319,0.167,0.205,0.276,0.272,
-0.105,0.37,0.189,0.269,0.29,0.314,0.397,0.26,0.271,0.315,
0.092,0.391,0.349,0.411,0.428,0.469,0.387,0.372,0.474,0.433,
0.013,0.407,0.46,0.479,0.461,0.504,0.488,0.519,0.515,0.57,
0.136,0.03,0.04,0.017,0.119,-0.041,-0.037,-0.083,-0.041,-0.035,
-0.076,0.1,0.323,0.239,0.099,0.158,0.138,0.128,0.291,0.198,
0.06,0.41,0.434,0.43,0.381,0.528,0.423,0.404,0.406,0.458,
-0.079,0.111,-0.002,0.077,-0.099,-0.123,0.006,0.047,-0.095,-0.095,
-0.058,0.252,-0.034,-0.032,0.204,0.074,0.047,-0.032,-0.099,-0.03,
-0.048,0.245,0.236,0.244,0.203,0.224,0.172,0.142,0.206,0.206,
0.061,0.286,0.382,0.302,0.357,0.337,0.398,0.328,0.336,0.337,
0.175,0.45,0.335,0.348,0.378,0.413,0.35,0.391,0.346,0.325,
-0.039,0.096,0.184,0.335,0.141,0.007,0.057,0.109,0.024,-0.05,
-0.184,0.071,-0.026,-0.162,-0.203,-0.155,-0.153,-0.155,-0.053,-0.175,
0.138,-0.014,0.162,-0.165,0.113,0.01,0.13,-0.128,-0.123,-0.123,
0.111,0.082,0.174,0.014,0.093,0.032,0.034,0.038,-0.002,0.134,
0.046,0.171,0.069,0.085,0.116,0.116,0.188,0.151,0.119,0.162,
0.157,0.379,0.308,0.206,0.273,0.194,0.161,0.148,0.146,0.148,
0.071,0.277,0.221,0.117,0.167,0.094,0.254,0.398,0.315,0.335,
0.025,0.183,0.384,0.203,0.222,0.218,0.213,0.248,0.206,0.331,
0.08,0.252,0.25,0.309,0.272,0.295,0.274,0.247,0.327,0.278,
0.138,0.246,0.262,0.185,0.116,0.177,0.177,0.177,0.179,0.136,
0.155,0.178,-0.005,0.181,0.157,0.065,-0.047,-0.059,-0.08,-0.154,
-0.018,0.201,0.114,0.221,0.185,0.227,0.267,0.3,0.122,0.188,
0.037,0.42,0.271,0.298,0.315,0.474,0.35,0.34,0.318,0.334,
0.165,0.361,0.237,0.103,-0.021,0.038,0.038,0.038,0.038,0.038,
-0.072,0.14,0.131,0.087,-0.034,-0.007,-0.031,-0.049,-0.032,-0.099,
0.046,0.408,0.309,0.349,0.284,0.331,0.388,0.369,0.369,0.379,
0.068,0.295,0.214,0.329,0.228,0.218,0.258,0.328,0.26,0.207,
0.234,0.123,0.195,0.064,0.064,0.07,0.07,0.048,0.012,0.075,
-0.089,0.277,0.12,0.122,0.173,0.097,0.055,0.1,0.055,0.077,
0.071,0.258,0.153,0.168,0.385,0.268,0.281,0.287,0.289,0.256,
0.002,0.349,0.34,0.302,0.407,0.325,0.404,0.327,0.38,0.319,
0.159,0.395,0.405,0.492,0.402,0.363,0.397,0.368,0.376,0.372,
0.09,0.211,0.056,-0.053,-0.01,-0.056,0.0,-0.056,-0.156,-0.054,
0.112,0.154,0.004,-0.044,-0.088,0.102,-0.044,-0.044,0.052,-0.111,
0.114,0.488,0.394,0.449,0.478,0.395,0.383,0.413,0.383,0.43,
-0.099,0.274,0.387,0.473,0.417,0.356,0.442,0.464,0.369,0.407,
-0.041,0.323,0.162,-0.05,0.218,-0.018,-0.017,-0.011,0.171,0.058,
0.136,0.126,0.323,0.08,0.083,0.13,0.083,0.069,0.151,0.16,
0.0,0.051,0.323,0.094,0.004,0.053,0.048,-0.004,-0.002,0.0,
0.012,0.38,0.353,0.379,0.388,0.395,0.314,0.333,0.277,0.401,
0.118,0.261,0.071,0.173,0.127,0.087,0.216,0.087,0.058,0.084,
0.099,0.157,0.206,0.267,0.266,0.226,0.263,0.243,0.167,0.243,
-0.053,0.352,0.372,0.43,0.477,0.354,0.452,0.348,0.328,0.469,
0.118,0.302,0.044,-0.007,0.051,0.202,0.257,0.143,0.005,0.07,
0.012,0.164,0.223,0.161,0.305,0.144,0.148,0.151,0.178,0.151,
-0.043,0.198,0.185,0.332,0.234,0.192,0.355,0.18,0.2,0.165,
-0.048,0.309,0.338,0.467,0.356,0.411,0.389,0.384,0.369,0.364,
0.022,0.436,0.366,0.245,0.114,0.351,0.274,0.369,0.302,0.355,
-0.158,0.19,0.265,0.33,0.257,0.259,0.325,0.242,0.238,0.258,
0.027,0.318,0.232,0.271,0.282,0.141,0.181,0.274,0.285,0.11,
0.097,0.162,0.007,0.36,0.175,0.23,0.168,0.169,0.169,0.155,
-0.011,0.086,0.45,0.371,0.225,0.259,0.315,0.27,0.255,0.197,
0.082,0.385,0.548,0.53,0.478,0.476,0.403,0.421,0.448,0.448,
0.115,0.515,0.494,0.464,0.475,0.437,0.417,0.452,0.467,0.452,
-0.095,0.206,0.129,0.238,0.134,0.088,0.122,0.33,0.094,0.199,
0.066,0.476,0.424,0.388,0.479,0.43,0.434,0.434,0.431,0.426,
0.087,0.467,0.49,0.378,0.462,0.456,0.473,0.466,0.455,0.468,
0.058,0.344,0.459,0.483,0.623,0.477,0.508,0.476,0.508,0.506,
0.215,0.205,0.239,0.238,0.215,0.201,0.148,0.165,0.223,0.06,
-0.177,0.341,0.445,0.282,0.206,0.246,0.329,0.352,0.327,0.366,
0.085,0.458,0.525,0.424,0.453,0.441,0.408,0.442,0.442,0.435,
-0.062,0.141,0.372,0.249,0.196,0.285,0.168,0.287,0.238,0.077,
-0.162,0.399,0.374,0.347,0.21,0.278,0.264,0.297,0.216,0.294,
0.07,0.116,0.361,0.245,0.172,0.251,0.287,0.31,0.36,0.222,
0.022,0.348,0.462,0.508,0.389,0.485,0.432,0.373,0.429,0.392,
0.118,0.478,0.45,0.503,0.502,0.452,0.44,0.461,0.474,0.494,
0.027,0.34,0.453,0.549,0.484,0.527,0.442,0.442,0.385,0.408,
0.079,0.315,0.195,0.294,0.181,0.148,0.218,0.332,0.201,0.21,
-0.131,0.342,0.359,0.325,0.323,0.369,0.297,0.336,0.379,0.374,
0.069,0.363,0.492,0.582,0.512,0.543,0.483,0.481,0.5,0.483,
0.134,0.2,0.047,0.314,0.347,0.21,0.205,0.174,0.212,0.203,
-0.074,0.193,0.436,0.35,0.35,0.377,0.262,0.467,0.355,0.367,
-0.078,0.202,0.414,0.156,0.234,0.124,0.183,0.172,0.177,0.238,
-0.029,0.33,0.486,0.478,0.426,0.371,0.375,0.427,0.421,0.38,
-0.081,0.269,0.403,0.253,0.229,0.259,0.266,0.279,0.173,0.251,
0.113,-0.071,-0.056,0.211,0.142,0.121,0.174,0.033,0.072,0.115,
0.14,0.518,0.486,0.538,0.469,0.445,0.467,0.47,0.417,0.436,
-0.019,0.402,0.493,0.504,0.52,0.462,0.423,0.466,0.491,0.51,
-0.028,0.264,0.419,0.27,0.345,0.28,0.208,0.28,0.181,0.28,
-0.023,0.393,0.396,0.525,0.383,0.416,0.43,0.374,0.416,0.388,
0.09,0.278,0.217,0.329,0.298,0.19,0.283,0.33,0.269,0.254,
-0.004,0.334,0.342,0.244,0.282,0.268,0.285,0.263,0.267,0.221,
-0.036,0.122,0.451,0.309,0.385,0.235,0.282,0.298,0.284,0.279,
0.024,0.344,0.483,0.329,0.412,0.383,0.407,0.439,0.356,0.326,
0.048,0.326,0.285,0.281,0.229,0.301,0.273,0.274,0.3,0.287,
0.034,0.206,0.435,0.344,0.351,0.331,0.279,0.27,0.312,0.362,
-0.145,0.306,0.463,0.35,0.314,0.339,0.24,0.32,0.274,0.3,
0.148,0.357,0.345,0.562,0.42,0.526,0.436,0.431,0.437,0.437,
0.115,0.226,0.112,0.053,0.044,0.079,0.089,0.259,0.109,0.077,
-0.121,0.259,0.445,0.344,0.288,0.321,0.302,0.206,0.287,0.33,
0.085,0.446,0.545,0.453,0.44,0.53,0.487,0.48,0.487,0.48,
0.011,0.109,0.174,0.099,0.159,0.272,0.17,0.033,0.228,0.23,
0.1,0.417,0.261,0.242,0.33,0.336,0.336,0.338,0.174,0.338,
-0.155,0.214,0.365,0.22,0.153,0.286,0.273,0.27,0.227,0.252,
-0.092,0.124,0.303,0.176,0.236,0.279,0.23,0.23,0.183,0.244,
-0.021,0.294,0.536,0.431,0.53,0.422,0.446,0.414,0.414,0.434,
0.072,0.45,0.527,0.478,0.378,0.517,0.461,0.463,0.424,0.463,
-0.064,0.234,0.146,0.235,0.215,0.173,0.171,0.166,0.077,0.175,
-0.145,0.164,0.363,0.288,0.383,0.314,0.308,0.109,0.234,0.304,
0.036,0.483,0.543,0.454,0.456,0.496,0.545,0.49,0.487,0.421,
0.12,0.341,0.17,0.282,0.273,0.276,0.181,0.331,0.281,0.198,
0.02,0.256,0.296,0.205,0.332,0.242,0.307,0.196,0.238,0.217,
0.204,0.26,0.184,0.108,0.051,0.19,0.035,0.06,0.029,0.108,
0.184,0.351,0.497,0.338,0.379,0.332,0.418,0.394,0.494,0.425,
-0.009,0.412,0.446,0.429,0.429,0.455,0.452,0.398,0.438,0.44,
0.002,0.254,0.362,0.433,0.288,0.328,0.294,0.332,0.305,0.311,
-0.124,0.25,0.299,0.21,0.255,0.236,0.207,0.22,0.263,0.241,
0.112,0.46,0.386,0.512,0.482,0.486,0.494,0.449,0.486,0.493,
0.014,0.236,0.23,0.333,0.332,0.248,0.199,0.244,0.236,0.288,
-0.037,0.273,0.351,0.34,0.259,0.336,0.302,0.285,0.338,0.25,
-0.104,0.256,0.329,0.214,0.278,0.233,0.215,0.222,0.234,0.244,
0.123,0.247,0.255,0.244,0.161,0.169,0.167,0.186,0.188,0.087,
-0.045,0.451,0.376,0.348,0.373,0.282,0.355,0.38,0.305,0.401,
0.105,0.422,0.403,0.384,0.465,0.405,0.367,0.405,0.387,0.396,
0.107,0.213,0.253,0.412,0.303,0.312,0.312,0.32,0.32,0.253,
-0.094,0.174,0.114,0.234,0.209,0.212,0.298,0.163,0.19,0.219,
-0.074,0.141,0.335,0.256,0.328,0.23,0.233,0.242,0.229,0.231,
-0.126,0.184,0.312,0.322,0.276,0.322,0.191,0.263,0.257,0.263,
-0.034,0.254,0.036,0.297,0.244,0.105,0.178,0.127,0.181,0.183,
0.058,0.148,0.151,0.448,0.301,0.261,0.058,0.269,0.09,0.262,
-0.035,0.359,0.447,0.573,0.458,0.42,0.423,0.452,0.527,0.464,
0.04,0.422,0.521,0.537,0.435,0.475,0.457,0.479,0.456,0.479,
0.088,0.333,0.447,0.532,0.482,0.457,0.416,0.448,0.482,0.456,
0.06,0.199,0.356,0.409,0.219,0.249,0.157,0.176,0.225,0.18,
-0.058,0.335,0.323,0.312,0.262,0.254,0.221,0.303,0.311,0.246,
0.102,0.477,0.49,0.379,0.485,0.456,0.51,0.458,0.46,0.436,
0.117,0.165,0.044,-0.042,0.201,0.063,0.251,0.148,0.154,0.018,
-0.048,0.381,0.328,0.4,0.354,0.348,0.349,0.305,0.23,0.347,
0.07,-0.074,0.403,0.336,0.228,0.214,0.228,0.277,0.289,0.11,
-0.017,0.201,0.303,0.404,0.209,0.206,0.221,0.264,0.286,0.247,
0.13,0.384,0.458,0.568,0.539,0.6,0.497,0.492,0.49,0.52,
0.114,0.283,0.142,0.337,0.299,0.303,0.3,0.305,0.153,0.305,
0.19,0.193,0.301,0.396,0.3,0.274,0.219,0.271,0.265,0.277,
-0.012,0.434,0.402,0.271,0.447,0.444,0.425,0.418,0.378,0.385,
0.132,0.501,0.492,0.488,0.45,0.44,0.467,0.428,0.429,0.453,
-0.134,0.12,0.146,0.394,0.259,0.238,0.334,0.261,0.257,0.259,
0.049,0.361,0.495,0.363,0.437,0.384,0.437,0.413,0.386,0.386,
-0.143,0.138,0.306,0.235,0.362,0.312,0.287,0.305,0.31,0.224,
0.054,0.408,0.531,0.513,0.564,0.442,0.501,0.492,0.501,0.501,
0.008,0.239,0.284,0.193,0.353,0.062,0.209,0.191,0.133,0.219,
-0.191,0.259,0.501,0.276,0.369,0.275,0.27,0.272,0.277,0.288,
0.013,0.105,0.333,0.274,0.362,0.234,0.193,0.229,0.189,0.216,
-0.035,0.442,0.427,0.553,0.432,0.452,0.434,0.427,0.463,0.397,
0.109,0.209,0.357,0.289,0.353,0.24,0.259,0.313,0.283,0.254,
-0.003,0.388,0.471,0.448,0.436,0.481,0.484,0.351,0.442,0.462,
0.073,0.444,0.212,0.217,0.214,0.138,0.299,0.12,0.211,0.216,
0.213,0.283,0.228,0.163,0.072,0.06,0.078,0.201,0.192,0.185,
-0.036,0.268,0.084,0.252,0.162,0.217,0.206,0.138,0.18,0.201,
0.126,0.393,0.508,0.566,0.494,0.474,0.415,0.474,0.442,0.439,
0.106,0.176,0.479,0.285,0.311,0.231,0.314,0.314,0.27,0.257,
-0.034,0.241,0.297,0.396,0.427,0.248,0.291,0.327,0.283,0.377,
-0.002,0.373,0.51,0.422,0.399,0.289,0.421,0.517,0.389,0.363,
0.079,0.445,0.418,0.391,0.46,0.387,0.361,0.36,0.448,0.351,
0.08,0.415,0.251,0.251,0.32,0.32,0.266,0.303,0.238,0.291,
0.102,0.115,0.394,0.195,0.124,0.158,0.17,0.161,0.157,0.115,
-0.099,0.106,0.294,0.382,0.188,0.129,0.189,0.274,0.244,0.179,
0.116,-0.075,0.116,0.329,0.2,0.16,0.287,0.155,0.108,0.155,
-0.023,0.262,0.197,0.367,0.209,0.266,0.261,0.25,0.26,0.253,
-0.009,0.368,0.139,0.304,0.212,0.12,0.184,0.369,0.21,0.279,
-0.243,0.077,0.376,0.21,0.234,0.235,0.188,0.161,0.283,0.106,
0.045,0.253,0.349,0.584,0.429,0.504,0.419,0.404,0.449,0.461,
0.17,0.406,0.466,0.373,0.364,0.397,0.42,0.393,0.334,0.452,
0.076,0.086,0.239,0.148,0.24,0.365,0.179,0.208,0.179,0.141,
0.123,0.23,0.022,0.147,-0.069,-0.083,-0.071,-0.092,-0.071,-0.113,
0.034,0.207,0.531,0.376,0.502,0.475,0.416,0.421,0.493,0.373,
0.099,0.405,0.464,0.466,0.48,0.418,0.398,0.381,0.418,0.371,
0.137,0.37,0.273,0.245,0.251,0.258,0.21,0.266,0.228,0.268,
-0.018,0.22,0.179,0.076,0.101,-0.084,0.099,0.097,-0.021,0.093,
0.054,0.482,0.389,0.399,0.436,0.446,0.441,0.395,0.367,0.432,
0.108,0.279,0.297,0.082,0.256,0.145,0.173,0.153,0.153,0.178,
0.093,0.15,0.298,0.258,0.128,0.074,0.084,0.13,0.068,0.057,
0.034,0.247,0.419,0.262,0.133,0.264,0.261,0.25,0.259,0.166,
-0.024,0.404,0.506,0.46,0.464,0.464,0.472,0.421,0.464,0.423,
0.068,0.406,0.466,0.472,0.415,0.409,0.453,0.41,0.394,0.403,
0.113,0.329,0.241,0.207,0.201,0.259,0.204,0.174,0.242,0.183,
0.034,0.337,0.545,0.348,0.44,0.46,0.411,0.442,0.413,0.494,
-0.295,0.079,0.301,0.272,0.009,0.137,0.173,0.139,0.117,0.02,
-0.166,0.058,0.325,0.276,0.177,0.209,0.164,0.197,0.228,0.171,
0.032,0.243,0.403,0.471,0.333,0.247,0.293,0.249,0.308,0.256,
0.067,0.449,0.426,0.422,0.46,0.421,0.454,0.406,0.464,0.403,
0.195,0.126,0.066,0.191,0.175,-0.051,0.085,0.098,0.034,0.028,
-0.012,0.209,0.345,0.221,0.338,0.279,0.29,0.272,0.279,0.186,
0.125,0.33,0.414,0.437,0.439,0.424,0.406,0.407,0.366,0.407,
0.072,0.168,0.245,0.202,0.121,0.323,0.178,0.152,0.175,0.226,
0.116,0.221,0.406,0.17,0.261,0.257,0.268,0.264,0.271,0.269,
0.01,0.3,0.386,0.347,0.278,0.22,0.28,0.3,0.259,0.287,
0.069,0.411,0.489,0.571,0.464,0.46,0.492,0.487,0.454,0.491,
0.035,0.394,0.547,0.536,0.466,0.437,0.475,0.512,0.43,0.451,
-0.024,0.239,0.35,0.277,0.363,0.259,0.268,0.202,0.216,0.306,
-0.029,0.2,0.246,0.174,0.291,0.131,0.034,0.239,0.211,0.259,
0.044,0.506,0.519,0.588,0.524,0.425,0.522,0.54,0.502,0.406,
0.062,0.339,0.478,0.482,0.472,0.396,0.428,0.426,0.366,0.39,
0.04,0.106,0.376,0.197,0.228,0.162,0.143,0.225,0.055,0.227,
0.047,0.28,0.259,0.25,0.344,0.261,0.245,0.281,0.272,0.263,
-0.051,0.13,0.147,0.276,0.177,0.19,0.209,0.233,0.177,0.254,
0.154,0.329,0.488,0.529,0.452,0.388,0.408,0.454,0.38,0.484,
-0.045,0.371,0.196,0.274,0.267,0.301,0.319,0.216,0.293,0.163,
0.091,0.124,0.288,0.448,0.205,0.158,0.144,0.254,0.261,0.261,
0.167,0.291,0.303,0.327,0.203,0.472,0.394,0.366,0.418,0.41,
0.052,0.272,0.543,0.415,0.368,0.363,0.37,0.37,0.33,0.359,
0.009,0.148,0.155,0.33,0.07,0.086,0.016,0.073,0.089,0.105,
-0.043,0.037,0.358,0.324,0.307,0.22,0.168,0.316,0.327,0.298,
-0.065,0.009,0.236,0.371,0.332,0.351,0.259,0.201,0.309,0.27,
0.14,0.498,0.397,0.41,0.399,0.396,0.327,0.387,0.409,0.316,
0.064,0.086,0.336,0.34,0.276,0.129,0.209,0.198,0.106,0.207,
0.199,0.224,0.427,0.267,0.308,0.24,0.263,0.226,0.301,0.242,
0.098,0.508,0.296,0.507,0.604,0.49,0.534,0.523,0.497,0.492,
0.128,0.259,0.316,0.304,0.505,0.366,0.322,0.321,0.242,0.2,
-0.049,0.206,0.328,0.273,0.164,0.269,0.35,0.211,0.239,0.236,
-0.053,0.431,0.49,0.559,0.524,0.429,0.478,0.512,0.469,0.518,
0.054,0.264,0.359,0.151,0.238,0.166,0.077,0.318,0.273,0.23,
0.102,0.349,0.306,0.21,0.308,0.363,0.317,0.366,0.346,0.246,
0.018,0.392,0.475,0.48,0.436,0.409,0.38,0.411,0.413,0.409,
0.019,0.408,0.428,0.516,0.502,0.429,0.423,0.343,0.431,0.404,
0.119,0.353,0.467,0.52,0.433,0.406,0.33,0.43,0.427,0.393,
-0.133,0.081,0.29,0.284,0.118,0.027,0.124,0.105,0.122,0.107,
-0.05,0.368,0.324,0.28,0.172,0.29,0.298,0.263,0.284,0.283,
0.016,0.29,0.477,0.519,0.424,0.404,0.455,0.451,0.449,0.416,
-0.099,0.363,0.122,0.322,0.267,0.278,0.203,0.279,0.195,0.266,
-0.135,0.301,0.391,0.312,0.353,0.422,0.323,0.284,0.359,0.353,
0.055,0.478,0.376,0.404,0.396,0.368,0.167,0.396,0.317,0.394,
0.127,0.135,0.27,0.34,0.2,0.047,0.201,0.202,0.194,0.254,
-0.005,0.299,0.239,0.337,0.333,0.182,0.284,0.303,0.243,0.173,
-0.052,0.216,0.016,0.312,0.206,0.185,0.152,0.193,0.247,0.23,
0.095,0.247,0.229,0.209,0.162,0.192,0.109,0.168,0.156,0.203,
0.015,0.402,0.57,0.486,0.445,0.425,0.43,0.395,0.378,0.39,
0.004,0.354,0.513,0.45,0.508,0.431,0.446,0.45,0.45,0.432,
-0.053,0.269,0.254,0.243,0.262,0.156,0.265,0.24,0.205,0.265,
-0.117,0.32,0.328,0.301,0.23,0.366,0.289,0.294,0.305,0.296,
0.1,0.417,0.327,0.447,0.477,0.415,0.395,0.363,0.486,0.364,
-0.015,0.101,0.274,0.163,0.167,0.124,0.164,0.18,0.128,0.157,
-0.206,-0.008,0.094,0.318,0.141,0.084,0.132,0.209,0.132,0.024,
-0.075,0.356,0.258,0.268,0.294,0.149,0.285,0.266,0.273,0.271,
-0.141,0.42,0.274,0.351,0.326,0.34,0.332,0.318,0.311,0.345,
0.061,0.28,0.522,0.375,0.544,0.426,0.452,0.452,0.45,0.487,
-0.017,0.335,0.383,0.258,0.268,0.238,0.28,0.268,0.268,0.277,
-0.166,0.316,0.453,0.39,0.329,0.378,0.271,0.369,0.365,0.321,
0.001,0.398,0.356,0.465,0.395,0.427,0.433,0.39,0.444,0.416,
0.056,0.223,-0.038,-0.084,-0.006,0.033,0.035,0.035,0.027,-0.045,
-0.116,0.2,0.37,0.183,0.305,0.126,0.059,0.284,0.225,0.276,
0.11,0.457,0.538,0.56,0.447,0.461,0.383,0.463,0.451,0.439,
0.207,0.197,0.343,0.196,0.246,0.214,0.182,0.298,0.206,0.184,
0.04,0.219,0.309,0.542,0.456,0.327,0.397,0.315,0.168,0.296,
0.052,0.401,0.423,0.436,0.369,0.44,0.458,0.437,0.433,0.428,
0.041,0.298,0.627,0.436,0.453,0.454,0.426,0.455,0.443,0.455,
0.131,0.189,0.307,0.487,0.245,0.321,0.327,0.327,0.236,0.29,
-0.108,-0.005,0.273,0.298,0.273,0.436,0.433,0.283,0.223,0.322,
0.095,0.297,0.408,0.509,0.527,0.568,0.455,0.453,0.417,0.384,
0.023,0.235,0.387,0.297,0.279,0.318,0.314,0.319,0.323,0.319,
0.207,0.226,0.322,0.108,0.057,0.111,0.212,-0.005,-0.053,0.022,
-0.106,0.165,0.202,0.415,0.137,0.268,0.359,0.346,0.292,0.354,
0.105,0.367,0.546,0.478,0.455,0.448,0.416,0.486,0.426,0.396,
-0.072,0.221,0.295,0.308,0.316,0.28,0.324,0.324,0.324,0.324,
0.109,0.259,0.246,0.359,0.16,0.212,0.184,0.19,0.216,0.201,
-0.046,0.238,0.274,0.363,0.253,0.243,0.187,0.262,0.228,0.228,
-0.022,0.401,0.41,0.167,-0.093,0.363,0.192,0.349,0.37,0.4,
0.059,0.454,0.594,0.507,0.611,0.512,0.541,0.52,0.538,0.522,
-0.102,0.287,0.495,0.436,0.451,0.413,0.356,0.418,0.382,0.409,
0.066,0.184,0.343,0.357,0.214,0.371,0.206,0.279,0.354,0.252,
-0.057,0.257,0.22,0.046,0.222,0.047,0.137,0.217,0.228,0.225,
0.045,0.46,0.418,0.488,0.429,0.423,0.417,0.412,0.491,0.421,
0.057,0.032,0.073,0.285,0.038,0.178,0.206,0.043,0.083,0.076,
0.124,0.233,0.186,0.203,0.187,0.133,0.124,0.2,0.189,0.203,
-0.089,0.243,0.142,0.402,0.37,0.247,0.242,0.267,0.24,0.3,
0.081,0.451,0.389,0.512,0.341,0.488,0.458,0.49,0.493,0.532,
0.184,0.24,0.297,0.175,0.131,0.175,0.195,0.02,0.195,0.082,
-0.155,0.15,0.428,0.289,0.311,0.066,0.198,0.196,0.196,0.113,
0.108,0.427,0.537,0.538,0.484,0.485,0.443,0.452,0.479,0.479,
0.066,0.441,0.504,0.464,0.402,0.372,0.421,0.426,0.47,0.41,
-0.013,0.259,0.275,0.32,0.335,0.311,0.346,0.269,0.347,0.345,
0.143,0.226,0.328,0.261,0.242,0.254,0.216,0.13,0.259,0.237,
0.103,0.225,0.293,0.356,0.287,0.261,0.081,0.263,0.384,0.14,
-0.14,0.145,0.113,0.291,0.165,0.068,0.201,0.163,0.144,0.165,
-0.056,0.116,0.316,0.421,0.254,0.146,0.257,0.212,0.234,0.288,
-0.026,0.423,0.473,0.425,0.476,0.398,0.438,0.451,0.402,0.424,
0.179,0.398,0.546,0.454,0.422,0.497,0.45,0.46,0.438,0.45,
-0.052,0.28,0.138,0.165,0.222,0.306,0.127,0.127,0.2,0.159,
0.02,0.342,0.404,0.443,0.476,0.374,0.371,0.374,0.373,0.359,
-0.001,0.417,0.465,0.535,0.447,0.562,0.55,0.509,0.504,0.507,
0.049,0.139,0.353,0.239,0.368,0.286,0.183,0.107,0.247,0.16,
0.048,0.09,0.215,0.31,0.373,0.353,0.239,0.252,0.242,0.269,
0.119,0.371,0.361,0.272,0.461,0.434,0.437,0.436,0.433,0.442,
0.103,0.24,0.507,0.491,0.264,0.452,0.341,0.413,0.387,0.416,
0.052,0.251,0.346,0.189,0.205,0.257,0.161,0.213,0.159,0.176,
-0.028,0.309,0.238,0.296,0.307,0.249,0.334,0.218,0.327,0.177,
0.029,0.277,0.442,0.33,0.345,0.335,0.252,0.317,0.273,0.239,
0.15,0.296,0.085,0.339,0.081,0.145,0.047,0.148,0.131,0.139,
0.142,0.412,0.45,0.451,0.37,0.374,0.338,0.469,0.371,0.402,
0.037,0.39,0.268,0.347,0.316,0.311,0.323,0.267,0.322,0.309,
-0.134,0.335,0.201,0.44,0.348,0.411,0.344,0.297,0.353,0.355,
-0.031,0.362,0.574,0.392,0.416,0.439,0.452,0.449,0.445,0.449,
0.082,0.338,0.224,0.287,0.312,0.308,0.408,0.317,0.314,0.261,
0.064,0.181,0.249,0.227,0.175,0.181,0.192,0.188,0.188,0.167,
0.183,0.202,0.17,0.231,0.273,0.158,0.149,0.096,0.127,0.149,
0.068,0.427,0.379,0.461,0.377,0.406,0.402,0.37,0.409,0.409,
0.087,0.194,0.434,0.294,0.257,0.333,0.278,0.138,0.3,0.272,
-0.122,0.156,0.333,0.307,0.293,0.25,0.267,0.184,0.233,0.194,
-0.018,0.239,0.252,0.481,0.331,0.278,0.265,0.21,0.314,0.294,
-0.029,0.162,0.274,0.241,0.227,0.169,0.193,0.165,0.197,0.121,
0.066,0.268,0.436,0.308,0.327,0.329,0.306,0.323,0.317,0.305,
0.132,0.224,0.37,0.255,0.248,0.164,0.208,0.178,0.191,0.223,
-0.125,0.276,0.326,0.366,0.385,0.226,0.302,0.379,0.27,0.15,
-0.127,0.288,0.455,0.51,0.467,0.461,0.464,0.473,0.406,0.474,
-0.025,0.251,0.267,0.174,0.335,0.39,0.31,0.318,0.212,0.357,
0.139,0.361,0.577,0.612,0.506,0.509,0.509,0.508,0.535,0.562,
0.027,0.388,0.583,0.515,0.49,0.541,0.515,0.507,0.515,0.481,
0.132,0.209,0.243,0.395,0.273,0.198,0.256,0.254,0.256,0.358,
-0.179,0.192,0.37,0.31,0.275,0.231,0.287,0.282,0.255,0.222,
0.127,0.486,0.429,0.393,0.435,0.386,0.554,0.372,0.42,0.42,
0.11,0.35,0.458,0.407,0.432,0.417,0.338,0.406,0.369,0.4,
0.082,0.366,0.198,0.241,0.066,0.096,0.21,0.124,0.094,0.171,
-0.05,0.439,0.368,0.38,0.366,0.309,0.389,0.27,0.389,0.389,
-0.014,0.398,0.42,0.469,0.412,0.379,0.383,0.421,0.463,0.392,
0.116,0.176,0.252,0.185,0.378,0.276,0.172,0.284,0.153,0.232,
0.262,0.25,0.398,0.22,0.181,0.33,0.22,0.228,0.204,0.215,
0.031,0.353,0.39,0.373,0.394,0.379,0.308,0.333,0.387,0.387,
0.12,0.448,0.447,0.503,0.413,0.466,0.469,0.425,0.453,0.458,
0.015,0.374,0.53,0.491,0.517,0.547,0.543,0.477,0.495,0.49,
-0.21,0.12,0.283,0.25,0.158,0.093,0.127,0.059,0.13,0.061,
0.13,0.224,0.367,0.408,0.281,0.282,0.228,0.288,0.28,0.355,
-0.054,0.22,0.245,0.175,0.217,0.165,0.161,0.113,0.266,0.161,
0.046,0.316,0.505,0.449,0.411,0.409,0.401,0.394,0.382,0.397,
0.018,0.22,0.092,-0.002,0.089,0.246,-0.025,0.086,0.047,0.118,
-0.04,0.364,0.36,0.39,0.237,0.281,0.321,0.243,0.331,0.323,
-0.267,0.209,0.266,0.199,0.227,0.239,0.19,0.216,0.19,0.214,
-0.011,0.349,0.295,0.252,0.26,0.231,0.225,0.123,0.208,0.236,
0.128,0.254,0.414,0.248,0.264,0.268,0.255,0.268,0.17,0.234,
0.047,0.131,0.321,0.283,0.139,0.206,0.149,0.208,0.283,0.208,
0.228,0.394,0.51,0.566,0.436,0.421,0.44,0.459,0.416,0.408,
0.194,0.447,0.465,0.489,0.473,0.451,0.451,0.443,0.465,0.472,
0.154,0.326,0.327,0.384,0.246,0.29,0.353,0.238,0.336,0.286,
0.003,0.447,0.512,0.235,0.439,0.463,0.255,0.418,0.392,0.368,
-0.155,0.352,0.295,0.359,0.377,0.355,0.359,0.343,0.35,0.348,
0.086,0.375,0.35,0.254,0.42,0.404,0.427,0.419,0.377,0.347,
0.086,-0.061,0.336,0.306,0.273,0.219,0.224,0.149,0.224,0.149,
0.085,0.328,0.47,0.413,0.524,0.472,0.467,0.47,0.47,0.486,
0.174,0.358,0.402,0.412,0.432,0.368,0.41,0.455,0.46,0.456,
0.014,0.062,0.431,0.297,0.331,0.195,0.165,0.182,0.117,0.092,
-0.132,0.293,0.215,0.156,0.229,0.214,0.253,0.263,0.248,0.253,
0.052,0.406,0.379,0.334,0.45,0.374,0.363,0.344,0.352,0.278,
0.17,0.22,0.346,0.384,0.274,0.29,0.286,0.29,0.264,0.288,
-0.066,0.363,0.283,0.186,0.21,0.234,0.204,0.17,0.215,0.344,
0.017,0.408,0.42,0.411,0.471,0.455,0.421,0.431,0.441,0.454,
0.052,0.267,0.341,0.223,0.216,0.267,0.206,0.173,0.116,0.206,
0.119,0.331,0.294,0.259,0.34,0.34,0.328,0.305,0.325,0.464,
0.081,0.321,0.186,0.031,0.002,-0.01,0.077,-0.012,-0.034,0.022,
-0.035,0.399,0.333,0.403,0.182,0.269,0.19,0.252,0.293,0.225,
0.052,0.448,0.407,0.425,0.422,0.54,0.447,0.382,0.376,0.427,
0.049,0.207,0.285,0.145,0.311,0.2,0.204,0.252,0.252,0.252,
-0.198,0.098,0.249,0.373,0.33,0.269,0.259,0.254,0.293,0.224,
0.149,0.404,0.432,0.493,0.46,0.413,0.472,0.442,0.486,0.386,
-0.055,0.383,0.333,0.406,0.199,0.226,0.289,0.217,0.289,0.282,
-0.129,-0.046,0.273,0.203,-0.011,0.074,0.069,0.082,0.073,0.186,
-0.057,0.079,0.239,0.089,0.353,0.068,0.218,-0.021,0.173,0.17,
0.158,0.165,0.374,0.066,0.241,0.197,0.168,0.221,0.127,0.11,
-0.029,0.16,0.398,0.333,0.306,0.328,0.322,0.324,0.33,0.304,
-0.008,0.377,0.512,0.405,0.388,0.398,0.345,0.267,0.468,0.399,
0.036,0.216,0.327,0.275,0.362,0.427,0.294,0.255,0.304,0.304,
0.085,0.281,0.247,0.309,0.132,0.247,0.257,0.249,0.222,0.236,
-0.008,0.323,0.527,0.441,0.434,0.418,0.5,0.436,0.426,0.397,
0.171,0.444,0.449,0.426,0.461,0.471,0.452,0.39,0.479,0.419,
0.113,0.28,0.254,0.316,0.269,0.171,0.209,0.279,0.185,0.211,
-0.208,0.073,0.285,0.147,0.245,0.114,0.211,0.193,0.211,0.082,
-0.081,0.304,0.354,0.459,0.354,0.405,0.415,0.424,0.361,0.373,
-0.018,0.173,0.221,0.362,0.239,0.303,0.345,0.139,0.139,0.133,
0.19,0.274,0.356,0.216,0.286,0.109,0.067,0.188,0.17,0.123,
-0.132,0.33,0.461,0.361,0.391,0.389,0.326,0.312,0.337,0.377,
-0.234,0.105,0.353,0.349,0.312,0.264,0.185,0.265,0.291,0.281,
-0.135,0.242,0.239,0.206,0.213,0.228,0.228,0.228,0.192,0.228,
-0.172,0.213,0.085,-0.005,0.028,-0.003,0.112,0.117,0.0,0.045,
0.167,0.473,0.494,0.494,0.467,0.487,0.462,0.416,0.442,0.442,
0.166,0.309,0.257,0.283,0.262,0.206,0.244,0.239,0.31,0.277,
-0.09,0.134,0.346,0.375,0.399,0.365,0.325,0.335,0.309,0.335,
0.139,0.4,0.473,0.51,0.431,0.451,0.384,0.394,0.424,0.496,
0.081,0.339,0.482,0.405,0.409,0.489,0.4,0.401,0.451,0.396,
0.082,0.0,0.151,0.103,0.18,0.117,0.14,0.226,0.31,0.144,
-0.081,0.182,0.523,0.155,0.249,0.159,0.225,0.223,0.207,0.221,
0.061,0.383,0.46,0.473,0.533,0.43,0.432,0.376,0.423,0.4,
-0.092,0.312,0.009,0.084,0.081,0.113,0.11,0.112,0.242,0.243,
-0.009,0.284,0.361,0.297,0.287,0.422,0.333,0.312,0.267,0.312,
-0.055,0.329,0.475,0.463,0.432,0.421,0.423,0.423,0.378,0.423,
0.149,0.452,0.53,0.459,0.441,0.426,0.501,0.384,0.43,0.379,
0.066,0.452,0.391,0.496,0.413,0.484,0.456,0.446,0.441,0.438,
0.203,0.294,0.045,0.192,0.214,0.315,0.218,0.187,0.238,0.095,
0.18,0.157,0.178,0.319,0.143,0.208,0.129,0.075,0.042,0.167,
-0.088,0.227,0.302,0.331,0.228,0.236,0.255,0.255,0.257,0.213,
0.073,0.317,0.515,0.544,0.385,0.486,0.449,0.449,0.435,0.386,
0.079,0.311,0.319,0.248,0.241,0.208,0.315,0.39,0.332,0.231,
0.007,0.43,0.258,0.342,0.435,0.359,0.455,0.389,0.314,0.389,
-0.03,0.174,0.313,0.32,0.249,0.173,0.241,0.116,0.143,0.283,
-0.15,0.0,0.363,0.193,0.134,0.111,0.185,0.162,0.141,0.214,
0.248,0.266,0.114,0.207,0.269,0.205,0.058,0.11,0.165,0.17,
0.034,0.311,0.179,0.184,0.282,0.369,0.161,0.167,0.222,0.206,
0.071,0.271,0.331,0.27,0.201,0.201,0.204,0.111,0.349,0.226,
0.095,0.408,0.39,0.443,0.37,0.357,0.385,0.339,0.363,0.373,
0.034,0.34,0.297,0.276,0.192,0.286,0.287,0.269,0.305,0.27,
-0.11,0.092,0.431,0.483,0.349,0.295,0.287,0.295,0.306,0.295,
0.082,0.447,0.386,0.372,0.387,0.385,0.337,0.361,0.398,0.387,
0.053,0.371,0.497,0.418,0.502,0.414,0.426,0.456,0.455,0.453,
-0.119,0.321,0.339,0.26,0.434,0.251,0.177,0.331,0.301,0.331,
0.036,0.333,0.525,0.429,0.566,0.493,0.406,0.454,0.467,0.405,
0.114,0.227,0.3,0.321,0.281,0.207,0.283,0.217,0.283,0.148,
-0.058,0.328,0.291,0.351,0.417,0.335,0.33,0.353,0.341,0.33,
0.001,0.364,0.335,0.411,0.319,0.412,0.378,0.397,0.393,0.241,
0.04,0.451,0.385,0.474,0.408,0.435,0.431,0.526,0.364,0.434,
0.077,0.386,0.552,0.512,0.471,0.452,0.449,0.451,0.421,0.451,
-0.054,0.228,0.227,0.126,0.365,0.233,0.141,0.249,0.264,0.243,
-0.124,0.198,0.044,0.4,0.114,0.233,0.064,0.14,0.14,0.149,
0.22,0.137,0.284,0.092,0.161,0.29,0.234,0.226,0.234,0.234,
0.132,0.274,0.289,0.22,0.297,0.216,0.237,0.239,0.293,0.246,
-0.008,0.262,0.256,0.321,0.403,0.305,0.279,0.305,0.139,0.305,
0.118,0.507,0.184,0.496,0.549,0.472,0.472,0.448,0.509,0.466,
0.005,0.36,0.503,0.364,0.493,0.423,0.426,0.424,0.421,0.426,
0.147,0.184,0.203,0.038,0.061,0.171,-0.033,-0.016,0.057,-0.021,
0.041,0.235,0.289,0.222,0.382,0.268,0.262,0.163,0.207,0.262,
0.183,0.15,0.081,0.163,0.244,0.035,0.128,0.201,0.114,0.128,
-0.083,0.165,0.357,0.111,0.271,0.273,0.151,0.325,0.268,0.378,
0.039,0.348,0.39,0.415,0.353,0.468,0.441,0.381,0.376,0.407,
-0.123,0.284,0.333,0.273,0.246,0.311,0.257,0.201,0.188,0.259,
-0.169,0.376,0.19,0.227,0.139,0.135,0.041,0.157,0.164,0.137,
0.058,0.273,0.364,0.4,0.346,0.423,0.359,0.278,0.261,0.374,
0.06,0.297,0.204,0.317,0.297,0.221,0.241,0.239,0.17,0.179,
-0.062,0.297,0.228,0.34,0.354,0.216,0.166,0.27,0.242,0.207,
-0.214,0.136,0.385,0.36,0.238,0.3,0.279,0.26,0.271,0.251,
0.004,0.376,0.434,0.454,0.389,0.328,0.394,0.382,0.361,0.434,
0.054,0.45,0.463,0.583,0.511,0.469,0.482,0.461,0.467,0.448,
0.128,0.22,0.114,0.408,0.237,0.207,0.252,0.13,0.243,0.132,
-0.021,0.325,0.368,0.421,0.323,0.336,0.329,0.258,0.341,0.279,
-0.023,0.373,0.497,0.424,0.511,0.477,0.432,0.465,0.401,0.48,
0.083,0.179,0.437,0.287,0.291,0.172,0.242,0.248,0.185,0.25,
0.054,0.235,0.362,0.073,0.388,0.291,0.231,0.291,0.277,0.288,
0.165,0.473,0.477,0.361,0.341,0.421,0.408,0.499,0.387,0.387,
0.264,0.047,0.201,0.234,0.024,0.064,0.039,0.064,0.098,0.098,
-0.091,0.264,0.245,0.191,0.194,0.181,0.407,0.302,0.221,0.154,
0.117,0.38,0.431,0.375,0.452,0.5,0.396,0.41,0.412,0.489,
-0.145,0.294,-0.091,-0.065,-0.112,-0.058,-0.058,-0.058,-0.06,-0.06,
0.17,0.291,0.119,0.097,0.056,0.043,0.064,0.046,0.218,-0.028,
-0.081,0.061,-0.002,-0.141,0.036,-0.135,-0.17,-0.133,-0.148,-0.181,
0.0,0.343,0.423,0.375,0.479,0.38,0.38,0.427,0.508,0.383,
0.11,0.287,0.312,0.235,0.282,0.273,0.275,0.266,0.355,0.315,
-0.166,0.188,0.215,0.118,0.103,0.042,0.143,0.16,0.084,0.09,
-0.148,0.309,0.306,0.155,0.221,0.153,0.18,0.18,0.18,0.133,
0.192,0.49,0.361,0.322,0.376,0.434,0.359,0.42,0.402,0.393,
-0.137,0.249,0.243,0.081,0.043,0.021,0.035,0.091,0.087,0.089,
0.222,0.07,0.237,0.0,0.044,-0.091,-0.136,-0.106,-0.111,-0.141,
-0.029,0.214,0.248,0.232,0.076,0.12,0.118,0.118,0.12,0.118,
0.088,0.34,0.321,0.31,0.42,0.291,0.272,0.386,0.378,0.272,
-0.102,-0.136,0.182,0.186,-0.017,0.021,-0.005,0.019,0.089,0.062,
0.098,0.047,0.166,0.068,-0.104,0.032,0.283,0.032,-0.064,-0.132,
0.176,0.286,0.092,0.154,0.178,0.057,0.199,0.158,0.285,0.171,
-0.098,0.096,0.269,0.046,0.07,0.173,0.07,0.046,0.146,0.107,
0.064,0.459,0.435,0.421,0.493,0.416,0.37,0.476,0.402,0.416,
0.093,0.4,0.417,0.447,0.514,0.391,0.418,0.4,0.466,0.438,
-0.028,0.249,0.318,0.078,0.111,0.113,0.056,0.117,0.117,0.119,
-0.093,0.138,0.008,0.029,0.049,0.141,0.056,0.028,0.17,0.058,
-0.028,0.307,0.404,0.401,0.368,0.316,0.318,0.326,0.357,0.383,
0.172,0.305,0.116,0.085,0.376,0.157,0.226,0.181,0.096,0.126,
-0.043,0.295,-0.016,-0.106,-0.053,0.11,-0.172,-0.096,-0.053,-0.071,
0.059,0.495,0.339,0.345,0.351,0.336,0.333,0.357,0.387,0.363,
0.061,0.499,0.378,0.463,0.465,0.467,0.508,0.452,0.517,0.467,
0.169,0.081,0.128,0.007,0.152,-0.018,0.035,0.005,-0.08,0.134,
-0.08,0.23,0.179,0.208,0.1,0.034,0.027,-0.02,0.034,0.052,
0.055,0.185,0.168,0.195,0.119,0.278,0.084,0.115,0.139,0.125,
0.174,0.277,0.312,0.29,0.324,0.292,0.314,0.311,0.291,0.192,
0.074,0.463,0.58,0.538,0.531,0.521,0.523,0.494,0.494,0.5,
0.01,0.328,0.423,0.459,0.409,0.405,0.435,0.482,0.467,0.386,
0.227,0.48,0.519,0.537,0.488,0.45,0.475,0.474,0.442,0.389,
-0.042,0.24,0.117,0.38,0.343,0.252,0.172,0.278,0.233,0.268,
-0.2,0.281,0.313,0.286,0.273,0.237,0.44,0.31,0.371,0.247,
0.059,0.414,0.525,0.442,0.488,0.441,0.407,0.446,0.445,0.448,
-0.061,0.202,0.341,0.123,0.073,0.055,0.136,0.128,0.122,0.117,
-0.135,0.356,0.248,0.294,0.386,0.244,0.208,0.266,0.29,0.29,
0.063,0.352,0.418,0.489,0.45,0.463,0.324,0.406,0.443,0.484,
0.077,0.422,0.431,0.403,0.319,0.373,0.404,0.396,0.407,0.357,
0.159,0.237,0.279,0.191,0.245,0.343,0.172,0.194,0.343,0.261,
-0.033,0.282,0.416,0.375,0.402,0.364,0.44,0.366,0.355,0.364,
0.071,0.403,0.426,0.456,0.456,0.486,0.471,0.52,0.486,0.488,
-0.025,0.388,0.483,0.454,0.426,0.385,0.425,0.339,0.407,0.427,
0.054,0.184,0.288,0.129,0.197,0.181,0.199,0.141,0.176,0.19,
0.037,0.105,0.277,0.05,0.156,0.119,0.073,0.126,0.126,0.059,
-0.085,0.016,0.326,0.338,0.206,0.146,0.248,0.244,0.264,0.202,
-0.004,0.249,0.308,0.199,0.413,0.232,0.276,0.257,0.251,0.187,
-0.035,0.274,0.169,0.113,0.138,0.016,0.141,0.062,0.126,0.153,
0.052,0.14,0.206,-0.052,-0.048,0.098,-0.046,-0.046,-0.062,-0.095,
-0.055,0.272,0.25,0.223,0.197,0.247,0.39,0.331,0.175,0.279,
-0.149,0.22,0.172,0.132,0.035,0.116,0.033,0.11,0.0,-0.06,
0.091,0.375,0.401,0.303,0.291,0.291,0.284,0.391,0.253,0.32,
0.021,0.143,0.038,-0.006,-0.023,0.107,-0.019,-0.064,-0.11,-0.019,
-0.058,0.156,0.309,0.362,0.331,0.27,0.267,0.266,0.283,0.285,
0.115,0.366,0.233,0.326,0.276,0.293,0.287,0.346,0.334,0.266,
0.032,0.374,0.338,0.355,0.246,0.27,0.351,0.259,0.25,0.348,
0.133,0.242,0.348,0.281,0.259,0.331,0.261,0.357,0.15,0.299,
-0.021,0.088,0.219,0.172,0.309,0.229,0.222,0.317,0.323,0.193,
0.013,0.096,0.326,0.284,0.346,0.298,0.24,0.241,0.282,0.144,
0.093,0.139,0.126,0.004,0.152,-0.029,-0.038,-0.05,0.006,0.006,
0.104,0.399,0.437,0.463,0.573,0.369,0.434,0.38,0.416,0.374,
0.055,0.419,0.371,0.434,0.391,0.394,0.451,0.395,0.389,0.372,
0.085,0.341,0.28,0.285,0.186,0.32,0.291,0.284,0.237,0.295,
-0.212,0.355,0.236,0.318,0.396,0.265,0.212,0.216,0.229,0.28,
-0.122,0.346,0.527,0.459,0.428,0.433,0.41,0.406,0.49,0.399,
0.024,0.333,0.193,0.405,0.355,0.221,0.314,0.321,0.253,0.146,
0.173,0.095,0.203,0.19,0.187,0.18,0.085,0.089,-0.082,0.085,
-0.044,-0.037,0.353,0.184,0.333,0.119,0.205,0.09,0.085,0.155,
0.158,0.37,0.561,0.502,0.412,0.444,0.401,0.473,0.429,0.435,
0.077,0.402,0.472,0.497,0.444,0.454,0.502,0.463,0.431,0.391,
0.183,0.136,0.193,0.2,0.103,0.279,0.123,0.121,0.191,0.123,
-0.1,0.182,0.282,0.206,0.23,0.2,0.302,0.223,0.261,0.063,
0.111,0.348,0.584,0.461,0.461,0.404,0.48,0.446,0.424,0.412,
0.133,0.046,0.328,0.125,0.071,0.146,0.279,0.116,0.213,0.131,
0.05,0.17,0.261,0.318,0.207,0.238,0.093,0.209,0.214,0.221,
-0.068,0.112,0.309,0.437,0.249,0.306,0.196,0.244,0.221,0.178,


