0.173,0.331,0.254,0.269,0.179,0.141,0.187,0.128,0.159,0.157,
0.125,0.291,0.355,0.308,0.26,0.283,0.313,0.226,0.156,0.197,
-0.153,0.154,0.325,0.266,0.169,0.187,0.132,0.146,0.165,0.078,
0.001,0.483,0.515,0.542,0.58,0.518,0.545,0.515,0.534,0.525,
0.154,0.254,0.479,0.278,0.321,0.259,0.286,0.312,0.25,0.239,
-0.12,0.224,0.242,0.209,0.287,0.171,0.099,0.246,0.152,0.157,
-0.186,0.266,0.193,0.212,-0.071,-0.14,-0.111,0.081,-0.112,0.003,
0.073,0.378,0.313,0.317,0.223,0.264,0.252,0.236,0.259,0.187,
-0.031,0.432,0.586,0.52,0.437,0.479,0.461,0.451,0.467,0.456,
0.135,0.144,0.348,0.386,0.366,0.299,0.308,0.237,0.258,0.299,
-0.139,0.105,0.238,0.142,0.029,0.084,0.01,0.038,0.084,0.058,
-0.117,0.195,0.215,0.25,0.199,0.255,0.179,0.208,0.213,0.208,
0.031,0.51,0.335,0.49,0.455,0.463,0.454,0.485,0.465,0.433,
0.164,0.159,0.059,0.274,0.136,0.264,0.115,0.149,0.161,0.153,
0.205,0.175,0.354,0.342,0.309,0.337,0.306,0.133,0.253,0.177,
0.065,0.547,0.535,0.479,0.499,0.472,0.46,0.519,0.474,0.479,
0.014,0.592,0.511,0.511,0.445,0.469,0.469,0.462,0.476,0.468,
0.137,0.246,0.365,0.282,0.29,0.207,0.207,0.102,0.201,0.252,
-0.211,0.342,0.263,0.239,0.2,0.223,0.191,0.225,0.145,0.229,
-0.221,0.202,0.296,0.224,0.294,0.13,0.106,0.145,0.174,0.155,
0.038,0.474,0.56,0.52,0.529,0.501,0.51,0.491,0.479,0.484,
0.153,0.147,0.162,0.227,0.057,0.078,0.116,0.246,0.114,0.152,
-0.163,0.28,0.276,0.346,0.219,0.26,0.258,0.284,0.242,0.279,
0.027,0.47,0.596,0.533,0.533,0.486,0.5,0.473,0.488,0.503,
0.161,0.239,0.291,0.262,0.204,0.054,0.195,0.172,0.193,0.137,
0.072,0.527,0.585,0.398,0.456,0.467,0.505,0.501,0.513,0.506,
0.099,0.546,0.587,0.489,0.553,0.578,0.507,0.526,0.545,0.534,
0.277,0.212,0.356,0.166,0.238,0.131,0.053,0.098,0.003,0.157,
-0.25,0.075,0.36,0.32,0.128,0.156,0.145,0.131,0.077,0.077,
-0.082,0.509,0.536,0.513,0.552,0.497,0.509,0.514,0.51,0.439,
0.227,0.202,0.378,0.249,0.232,0.219,0.347,0.24,0.155,0.238,
0.151,0.025,0.263,0.248,0.113,0.066,0.086,0.058,-0.094,0.115,
-0.177,0.223,0.35,0.356,0.181,0.237,0.218,0.111,0.152,0.237,
0.031,0.493,0.498,0.508,0.511,0.516,0.488,0.479,0.474,0.491,
0.084,0.512,0.457,0.459,0.47,0.481,0.487,0.454,0.462,0.445,
-0.075,0.254,0.183,0.278,0.259,0.124,0.154,0.17,0.275,0.218,
-0.159,-0.05,0.46,0.147,0.23,0.188,0.195,0.162,0.174,0.144,
0.048,0.472,0.46,0.493,0.438,0.458,0.406,0.478,0.374,0.435,
0.153,0.195,0.296,0.028,0.115,0.128,0.062,0.147,0.115,0.101,
0.224,0.183,0.268,0.104,0.17,0.165,0.084,-0.038,0.084,0.067,
-0.147,0.226,0.169,0.274,0.138,0.157,0.115,0.123,0.045,0.026,
-0.187,0.323,0.322,-0.073,0.26,0.175,0.259,0.272,0.228,0.279,
-0.123,0.281,0.071,0.191,0.219,0.101,0.144,0.176,0.164,0.144,
-0.06,0.452,0.527,0.526,0.48,0.483,0.502,0.467,0.416,0.443,
0.193,0.214,0.117,0.131,0.169,0.135,0.22,0.119,0.135,0.146,
-0.185,0.187,0.18,0.049,0.055,0.02,0.028,0.031,0.028,0.039,
0.111,0.569,0.49,0.501,0.498,0.482,0.483,0.478,0.46,0.482,
0.035,0.532,0.441,0.562,0.479,0.407,0.479,0.502,0.463,0.475,
-0.251,0.493,0.372,0.358,0.276,0.36,0.224,0.355,0.278,0.314,
-0.1,0.18,0.387,0.195,0.163,0.227,0.117,0.101,0.239,0.176,
0.004,0.523,0.635,0.55,0.542,0.531,0.529,0.525,0.545,0.536,
0.115,0.25,0.333,0.312,0.285,0.309,0.233,0.248,0.341,0.2,
-0.204,0.287,0.321,0.119,0.28,0.228,0.15,0.278,0.274,0.237,
0.12,0.5,0.566,0.488,0.449,0.443,0.461,0.451,0.434,0.403,
0.039,0.535,0.519,0.554,0.504,0.51,0.496,0.47,0.465,0.468,
0.235,0.269,0.326,0.093,0.172,0.165,0.176,0.113,0.133,0.09,
0.008,0.558,0.508,0.506,0.513,0.484,0.473,0.509,0.503,0.449,
0.205,0.203,0.147,0.168,0.131,0.19,0.103,0.136,0.071,0.08,
0.142,0.201,0.269,0.109,0.087,0.123,0.011,-0.008,0.137,0.006,
0.079,0.51,0.548,0.549,0.501,0.47,0.482,0.466,0.476,0.487,
-0.011,0.522,0.475,0.447,0.501,0.478,0.5,0.48,0.459,0.491,
0.175,0.236,0.154,0.33,0.164,0.105,0.032,0.089,0.116,0.177,
0.221,0.36,0.308,0.184,0.263,0.212,0.244,0.166,0.175,0.182,
-0.142,0.229,0.298,0.211,0.224,0.149,0.131,0.095,0.012,0.114,
0.101,0.544,0.555,0.592,0.53,0.485,0.57,0.555,0.56,0.54,
0.21,0.337,0.318,0.214,0.209,0.241,0.198,0.201,0.149,0.255,
-0.126,-0.086,0.067,0.269,0.17,0.193,0.119,0.147,0.054,0.103,
-0.015,0.401,0.358,0.381,0.329,0.393,0.293,0.336,0.365,0.207,
0.07,0.153,0.196,0.368,0.2,0.119,0.152,0.127,0.109,0.206,
0.185,0.191,0.228,0.308,0.192,0.225,0.064,0.208,0.221,0.116,
0.153,0.269,0.365,0.266,0.239,0.202,0.163,0.173,0.182,0.223,
0.016,0.533,0.461,0.51,0.471,0.454,0.427,0.442,0.492,0.435,
-0.103,0.215,0.26,0.177,0.265,0.216,0.156,0.205,0.21,0.093,
0.077,0.548,0.502,0.513,0.477,0.515,0.484,0.443,0.406,0.441,
0.11,0.279,0.185,0.147,0.25,0.233,0.183,0.227,0.153,0.239,
-0.137,0.379,0.257,0.243,0.091,0.198,0.163,0.125,0.147,0.168,
0.02,0.583,0.517,0.561,0.497,0.533,0.509,0.504,0.518,0.528,
-0.148,0.542,0.525,0.493,0.514,0.54,0.483,0.493,0.494,0.506,
0.162,0.255,0.27,-0.003,0.117,0.119,0.103,0.072,0.07,0.133,
-0.193,0.304,0.26,0.267,0.212,0.23,0.191,0.324,0.237,0.208,
-0.185,0.309,0.324,0.202,0.23,0.292,0.209,0.258,0.25,0.2,
0.25,0.382,0.429,0.368,0.328,0.333,0.355,0.349,0.325,0.308,
0.141,0.215,0.28,0.158,0.135,0.151,0.142,0.144,0.14,0.087,
-0.25,0.011,0.431,0.293,0.236,0.259,0.286,0.218,0.253,0.185,
-0.012,0.56,0.557,0.569,0.563,0.538,0.536,0.534,0.519,0.55,
0.041,0.443,0.535,0.547,0.534,0.459,0.475,0.473,0.491,0.459,
0.225,0.266,0.231,0.412,0.146,0.117,0.175,0.182,0.148,0.217,
-0.133,0.231,0.205,0.167,0.188,0.184,0.147,0.109,0.131,0.163,
0.154,0.201,0.028,0.14,0.17,0.073,-0.052,0.103,0.057,0.052,
0.186,0.288,0.26,0.209,0.193,0.251,0.195,0.193,0.211,0.183,
0.059,0.555,0.55,0.537,0.529,0.506,0.382,0.515,0.479,0.497,
0.023,0.536,0.613,0.546,0.521,0.502,0.479,0.505,0.48,0.519,
0.159,0.292,0.347,0.265,0.141,0.249,0.24,0.197,0.222,0.184,
-0.143,0.289,0.287,0.31,0.227,0.205,0.188,0.142,0.194,0.152,
-0.064,0.519,0.537,0.504,0.486,0.509,0.497,0.477,0.482,0.459,
0.179,0.259,0.297,0.165,0.261,0.22,0.187,0.158,0.144,0.185,
-0.235,0.309,0.257,0.336,0.31,0.251,0.229,0.231,0.164,0.139,
-0.22,0.078,0.422,0.233,0.304,0.162,0.302,0.234,0.295,0.28,
0.085,0.492,0.505,0.54,0.514,0.493,0.458,0.483,0.474,0.494,
0.053,0.514,0.474,0.462,0.444,0.379,0.432,0.357,0.435,0.416,
0.17,0.303,0.274,0.326,0.26,0.269,0.213,0.237,0.228,0.241,
-0.104,0.183,0.305,0.182,0.086,0.048,0.04,0.053,0.12,0.045,
0.02,0.476,0.51,0.517,0.521,0.454,0.519,0.523,0.452,0.498,
0.221,0.029,0.341,0.191,0.26,0.104,0.162,0.292,0.175,0.206,
0.09,0.503,0.597,0.514,0.488,0.479,0.428,0.478,0.477,0.437,
-0.214,0.365,0.227,0.365,0.36,0.362,0.32,0.308,0.156,0.287,
-0.145,0.037,0.255,0.176,0.041,0.125,-0.003,0.098,0.06,0.141,
-0.148,0.312,0.053,0.139,0.184,0.124,0.142,0.148,0.096,0.101,
0.097,0.541,0.591,0.57,0.536,0.482,0.532,0.503,0.521,0.466,
0.171,0.171,0.345,0.263,0.211,0.246,0.201,0.187,0.224,0.136,
-0.196,0.282,0.312,0.253,0.207,0.165,0.17,0.179,0.175,0.11,
0.099,0.478,0.531,0.513,0.489,0.454,0.506,0.453,0.471,0.46,
0.217,0.288,0.058,0.138,0.099,0.09,0.165,0.085,0.067,0.065,
-0.2,0.124,0.192,0.4,0.277,0.293,0.231,0.237,0.228,0.243,
0.019,0.424,0.529,0.512,0.484,0.487,0.474,0.461,0.42,0.497,
0.045,0.525,0.611,0.543,0.533,0.564,0.51,0.528,0.543,0.538,
0.177,0.211,0.186,0.147,0.174,0.003,0.093,0.06,0.093,0.049,
-0.151,0.141,0.296,0.3,0.239,0.142,0.237,0.256,0.208,0.182,
-0.193,0.217,0.18,0.278,0.242,0.162,0.122,0.117,0.09,0.167,
0.082,0.373,0.503,0.494,0.448,0.501,0.47,0.469,0.43,0.436,
0.065,0.483,0.539,0.467,0.464,0.508,0.467,0.464,0.438,0.471,
0.067,0.503,0.479,0.459,0.431,0.42,0.414,0.4,0.375,0.395,
0.111,0.572,0.541,0.549,0.556,0.547,0.511,0.52,0.53,0.501,
0.185,0.365,0.25,0.22,0.182,0.125,0.227,0.176,0.203,0.191,
-0.189,0.306,0.186,0.255,0.165,0.193,0.16,0.103,0.046,0.043,
0.057,0.485,0.618,0.537,0.528,0.515,0.484,0.489,0.466,0.501,
0.052,0.218,0.216,0.296,0.286,0.149,0.091,0.147,0.144,0.172,
0.199,0.366,0.196,0.253,0.225,0.232,0.215,0.217,0.257,0.227,
-0.179,0.306,-0.019,0.192,0.101,0.208,0.003,0.112,0.024,0.229,
-0.056,0.491,0.553,0.51,0.508,0.528,0.576,0.547,0.517,0.52,
0.137,0.311,0.189,0.233,0.132,0.173,0.16,0.158,0.16,0.071,
-0.165,0.103,0.242,0.108,0.011,0.016,0.038,0.003,0.045,0.065,
-0.047,0.516,0.604,0.538,0.51,0.481,0.502,0.449,0.421,0.478,
0.195,0.367,0.317,0.203,0.295,0.219,0.215,0.183,0.237,0.259,
0.265,0.142,0.202,0.088,0.283,0.056,0.041,0.088,0.003,0.032,
0.246,0.297,0.293,0.276,0.25,0.131,0.235,0.15,0.206,0.214,
-0.172,0.014,0.302,0.31,0.235,0.14,0.268,0.328,0.299,0.249,
-0.247,0.211,0.289,0.115,0.193,0.079,0.171,0.076,0.16,0.116,
0.102,0.434,0.532,0.39,0.473,0.497,0.493,0.427,0.457,0.478,
0.13,0.377,0.255,0.327,0.257,0.22,0.237,0.176,0.233,0.193,
-0.128,0.25,0.254,0.233,0.307,0.16,0.147,0.026,0.197,0.135,
0.096,0.538,0.56,0.548,0.49,0.522,0.498,0.455,0.429,0.444,
0.091,0.49,0.495,0.596,0.574,0.515,0.549,0.504,0.52,0.508,
0.12,0.181,0.213,0.35,0.2,0.179,0.221,0.145,0.17,0.136,
-0.119,0.389,-0.017,0.176,0.142,0.251,0.109,0.203,0.165,0.226,
-0.213,0.241,0.255,0.288,0.16,0.228,0.277,0.198,0.149,0.204,
0.058,0.483,0.494,0.494,0.475,0.387,0.433,0.411,0.379,0.447,
0.106,0.275,0.284,0.232,0.168,0.213,0.146,0.217,0.198,0.159,
-0.225,0.174,0.202,0.039,0.078,-0.028,0.111,0.042,0.048,0.045,
-0.003,0.512,0.494,0.508,0.484,0.481,0.443,0.544,0.447,0.462,
0.113,0.209,0.351,0.31,0.335,0.319,0.269,0.305,0.257,0.255,
0.26,0.273,0.292,0.247,0.232,0.201,0.226,0.192,0.212,0.134,
0.189,0.289,0.235,0.142,0.125,0.126,0.021,0.072,0.09,0.032,
0.28,0.284,-0.006,-0.047,0.042,0.117,0.016,0.092,0.022,-0.003,
0.114,0.219,0.249,0.126,0.097,0.163,0.069,0.064,0.152,0.064,
-0.169,0.216,0.237,0.094,0.248,0.143,0.235,0.253,0.153,0.193,
0.031,0.538,0.539,0.522,0.501,0.506,0.495,0.485,0.472,0.49,
-0.169,0.293,0.118,0.312,0.268,0.063,0.224,0.13,0.23,0.174,
-0.165,0.284,0.261,0.301,0.246,0.164,0.171,0.143,0.221,0.107,
-0.18,0.192,0.297,0.227,0.059,0.201,0.159,0.199,0.038,0.188,
0.207,0.242,0.305,0.24,0.211,0.203,0.216,0.162,0.186,0.241,
0.247,0.251,0.056,0.165,0.191,0.112,0.103,0.153,0.075,0.188,
-0.178,0.251,0.224,0.038,0.209,0.258,0.26,0.084,0.169,0.219,
0.123,0.557,0.546,0.525,0.467,0.494,0.443,0.487,0.513,0.486,
0.194,0.248,0.289,0.053,0.183,0.154,0.168,0.118,0.073,0.154,
-0.08,0.213,0.19,0.262,0.242,0.201,0.175,0.175,0.136,0.205,
-0.172,0.34,0.23,0.152,0.194,0.14,0.181,0.196,0.124,0.088,
0.046,0.515,0.559,0.489,0.443,0.421,0.456,0.434,0.465,0.436,
0.077,0.56,0.409,0.49,0.567,0.498,0.468,0.478,0.439,0.434,
0.02,0.502,0.535,0.483,0.486,0.517,0.477,0.503,0.476,0.433,
-0.172,0.184,0.479,0.305,0.216,0.194,0.27,0.221,0.179,0.204,
-0.158,0.216,0.335,0.223,0.164,0.211,0.14,0.122,0.155,0.109,
0.055,0.543,0.537,0.48,0.459,0.503,0.5,0.477,0.491,0.48,
0.182,0.262,0.185,0.121,0.014,0.152,0.135,0.048,-0.006,0.063,
0.22,0.276,0.312,0.271,0.278,0.214,0.268,0.167,0.28,0.187,
-0.241,0.111,0.385,0.152,0.194,0.135,0.163,0.188,0.174,0.168,
0.054,0.445,0.539,0.52,0.523,0.495,0.514,0.5,0.494,0.502,
0.09,0.467,0.547,0.529,0.481,0.434,0.469,0.469,0.438,0.461,
0.273,0.362,0.205,0.185,0.238,0.226,0.28,0.127,0.222,0.254,
-0.044,0.114,0.21,0.042,0.087,0.044,-0.024,0.0,0.07,0.024,
-0.043,0.449,0.556,0.568,0.55,0.51,0.502,0.45,0.481,0.482,
0.18,0.255,0.288,0.163,0.21,0.116,0.232,0.137,0.205,0.183,
-0.168,0.137,0.115,0.115,0.248,0.181,0.175,0.16,0.136,0.086,
0.088,0.551,0.551,0.54,0.452,0.479,0.494,0.471,0.503,0.462,
0.227,0.344,0.329,0.3,0.28,0.324,0.278,0.28,0.278,0.281,
-0.119,0.236,0.346,0.372,0.219,0.243,0.157,0.14,0.122,0.209,
0.019,0.462,0.587,0.471,0.468,0.457,0.482,0.432,0.441,0.458,
0.048,0.197,0.296,0.28,0.217,0.175,0.172,0.186,0.13,0.164,
-0.168,0.096,0.122,0.269,0.029,0.135,0.209,0.029,0.078,0.009,
-0.14,0.106,0.263,0.286,0.229,0.183,0.127,0.148,0.179,0.17,
-0.01,0.512,0.537,0.501,0.48,0.431,0.411,0.433,0.482,0.488,
-0.079,0.345,0.283,0.2,0.252,0.209,0.19,0.249,0.228,0.145,
0.199,0.263,0.315,0.273,0.22,0.186,0.151,0.23,0.141,0.207,
-0.062,0.535,0.56,0.526,0.519,0.541,0.514,0.49,0.448,0.512,
-0.02,0.567,0.567,0.546,0.46,0.486,0.487,0.476,0.49,0.518,
0.166,0.298,0.212,0.064,0.101,0.149,0.065,0.07,-0.075,0.101,
-0.16,0.242,0.287,0.211,0.271,0.135,0.208,0.122,0.13,0.21,
-0.129,0.27,0.311,0.319,0.249,0.249,0.17,0.151,0.182,0.18,
0.03,0.558,0.552,0.567,0.536,0.505,0.57,0.535,0.522,0.543,
0.267,0.235,0.2,0.22,0.186,0.115,0.166,0.104,0.249,0.074,
0.04,0.495,0.499,0.477,0.517,0.494,0.495,0.514,0.489,0.543,
-0.178,0.373,0.313,0.242,0.273,0.181,0.232,0.229,0.244,0.265,
-0.184,0.014,0.068,0.153,0.017,-0.024,0.124,0.163,0.111,0.007,
0.032,0.465,0.563,0.467,0.44,0.456,0.429,0.452,0.452,0.448,
0.175,0.285,0.335,0.247,0.312,0.202,0.206,0.216,0.216,0.2,
-0.148,0.341,0.195,0.29,0.263,0.173,0.183,0.142,0.237,0.162,
-0.035,0.412,0.524,0.526,0.476,0.477,0.458,0.463,0.447,0.471,
-0.016,0.567,0.535,0.57,0.56,0.543,0.544,0.548,0.522,0.458,
0.106,0.312,0.342,0.233,0.254,0.174,0.218,0.137,0.159,0.212,
-0.214,0.214,0.171,0.156,0.21,0.146,0.191,0.133,0.202,0.186,
-0.191,0.201,0.37,0.327,0.208,0.252,0.248,0.174,0.197,0.234,
0.205,0.429,0.388,0.305,0.253,0.332,0.303,0.319,0.333,0.259,
0.197,0.319,0.226,0.27,0.203,0.237,0.276,0.201,0.184,0.182,
-0.18,0.318,0.19,0.231,0.179,0.081,0.084,0.134,0.179,0.076,
-0.001,0.486,0.549,0.51,0.496,0.477,0.466,0.473,0.434,0.491,
0.017,0.579,0.587,0.575,0.5,0.509,0.485,0.528,0.519,0.515,
0.097,0.495,0.564,0.514,0.454,0.45,0.429,0.426,0.452,0.459,
0.197,0.17,0.118,0.253,0.276,0.161,0.163,0.193,0.003,0.135,
0.187,0.203,0.291,0.117,0.092,0.164,0.111,0.132,0.111,0.099,
0.125,0.446,0.332,0.296,0.317,0.208,0.302,0.328,0.332,0.277,
-0.206,0.287,0.343,0.274,0.311,0.299,0.281,0.425,0.308,0.353,
0.069,0.516,0.599,0.554,0.526,0.482,0.465,0.427,0.503,0.469,
0.21,0.276,0.407,0.199,0.198,0.217,0.215,0.205,0.136,0.186,
-0.168,0.03,0.318,0.217,0.172,0.176,0.056,0.187,0.174,0.109,
0.05,0.553,0.543,0.535,0.496,0.461,0.469,0.468,0.468,0.472,
0.129,0.28,0.213,0.227,0.185,0.214,0.183,0.164,0.126,0.179,
-0.124,0.245,0.32,0.167,0.243,0.264,0.142,0.158,0.195,0.174,
-0.143,0.043,0.331,0.322,0.216,0.178,0.197,0.159,0.176,0.212,
0.08,0.505,0.539,0.499,0.486,0.471,0.527,0.495,0.462,0.466,
0.056,0.29,0.315,0.324,0.235,0.322,0.274,0.276,0.236,0.271,
0.189,0.213,0.309,0.291,0.277,0.225,0.023,0.225,0.211,0.196,
-0.204,0.165,0.131,0.287,0.184,0.242,0.187,0.199,0.066,0.252,
-0.082,0.203,0.208,0.149,0.215,0.257,0.211,0.181,0.133,-0.029,
0.075,0.574,0.534,0.527,0.523,0.509,0.505,0.482,0.505,0.478,
-0.047,0.562,0.523,0.548,0.517,0.497,0.528,0.516,0.47,0.512,
-0.18,0.165,0.082,0.108,0.199,0.106,0.174,0.108,0.156,0.108,
-0.135,0.259,0.274,0.28,0.226,0.185,0.11,0.119,0.165,0.162,
0.075,0.56,0.561,0.532,0.483,0.505,0.503,0.485,0.463,0.452,
-0.07,0.552,0.515,0.521,0.429,0.471,0.49,0.473,0.478,0.447,
0.141,0.331,0.268,0.092,0.114,0.205,0.126,0.129,0.112,0.173,
-0.127,0.292,0.216,0.234,0.133,0.128,0.189,0.142,0.102,0.052,
-0.091,0.408,0.568,0.51,0.496,0.453,0.481,0.522,0.432,0.451,
0.137,0.226,0.275,0.346,0.248,0.243,0.291,0.222,0.2,0.15,
0.255,0.263,0.371,0.342,0.326,0.308,0.245,0.266,0.319,0.274,
0.097,0.505,0.567,0.556,0.523,0.509,0.491,0.523,0.515,0.501,
0.018,0.477,0.556,0.479,0.46,0.439,0.443,0.472,0.476,0.466,
-0.02,0.44,0.466,0.495,0.448,0.51,0.446,0.461,0.423,0.443,
-0.06,0.26,0.324,0.2,0.075,0.162,0.149,0.117,0.083,0.103,
0.099,0.329,0.172,0.193,0.203,0.178,0.114,0.135,0.15,0.114,
0.287,0.318,0.262,0.203,-0.059,0.165,0.147,0.136,0.169,0.141,
0.072,0.502,0.54,0.492,0.492,0.481,0.49,0.481,0.485,0.476,
-0.019,0.515,0.54,0.538,0.502,0.457,0.451,0.465,0.464,0.439,
0.176,0.305,0.233,0.166,0.009,0.262,0.089,0.152,0.202,0.17,
-0.162,0.135,0.267,0.228,0.182,0.236,0.182,0.163,0.182,0.092,
-0.167,0.061,0.178,0.305,0.259,0.276,0.19,0.224,0.209,0.142,
-0.043,0.443,0.545,0.481,0.521,0.444,0.477,0.444,0.497,0.46,
0.169,0.173,0.358,0.189,0.225,0.244,0.151,0.222,0.168,0.213,
0.181,0.087,0.245,0.143,-0.006,0.07,0.135,0.121,0.062,-0.009,
-0.171,-0.091,0.233,0.077,-0.076,0.018,0.033,-0.084,-0.021,-0.063,
0.069,0.5,0.588,0.532,0.516,0.51,0.504,0.526,0.526,0.528,
0.223,0.283,0.327,0.086,0.152,0.161,0.15,0.076,0.139,0.114,
-0.163,0.375,0.211,0.124,0.193,0.182,0.219,0.209,0.123,0.169,
0.136,0.507,0.612,0.53,0.536,0.516,0.48,0.533,0.528,0.48,
0.167,0.342,0.162,0.109,0.099,0.127,0.045,0.097,0.12,0.009,
0.026,0.523,0.521,0.504,0.587,0.503,0.523,0.521,0.519,0.52,
0.226,0.223,0.352,0.298,0.166,0.204,0.177,0.233,0.225,0.199,
-0.138,0.208,0.22,0.318,0.188,0.263,0.166,0.168,0.152,0.157,
-0.149,0.168,0.178,0.15,0.098,-0.011,0.011,0.033,0.011,0.0,
-0.043,0.506,0.558,0.5,0.518,0.505,0.466,0.504,0.387,0.462,
0.141,0.345,0.159,0.316,0.247,0.25,0.24,0.232,0.184,0.262,
-0.137,0.346,0.248,0.291,0.233,0.238,0.133,0.15,0.238,0.147,
-0.001,0.373,0.466,0.367,0.378,0.473,0.394,0.475,0.465,0.436,
0.199,0.247,0.278,0.243,0.209,0.203,0.184,0.221,0.209,0.129,
0.235,0.172,0.322,0.337,0.209,0.196,0.235,0.051,0.196,0.207,
-0.072,0.207,0.329,0.205,0.0,0.111,0.092,0.079,0.074,0.084,
-0.157,0.17,0.138,0.137,0.126,0.19,0.162,0.17,0.201,0.073,
0.111,0.548,0.599,0.546,0.485,0.494,0.495,0.494,0.486,0.482,
0.18,0.357,0.173,0.209,0.193,0.18,0.079,0.087,0.04,0.191,
-0.129,0.242,0.169,0.265,0.178,0.146,0.095,0.118,0.118,0.13,
-0.016,0.524,0.528,0.561,0.489,0.468,0.455,0.493,0.478,0.471,
-0.201,0.165,0.352,0.218,0.256,0.197,0.163,0.146,0.141,0.143,
-0.243,0.299,0.227,0.233,0.202,0.152,0.043,0.016,0.136,0.136,
0.184,0.18,0.306,0.27,0.201,0.177,0.153,0.243,0.196,0.136,
0.213,0.293,0.25,0.201,0.162,0.058,0.135,0.128,0.015,0.157,
-0.196,0.233,0.211,0.264,0.183,0.094,0.097,0.216,0.096,0.115,
-0.061,0.431,0.627,0.585,0.537,0.533,0.499,0.501,0.525,0.524,
-0.042,0.478,0.512,0.571,0.532,0.486,0.511,0.525,0.512,0.495,
0.189,0.239,0.29,0.259,0.168,0.245,0.193,0.12,0.204,0.184,
-0.236,-0.035,0.241,0.167,0.187,0.151,0.134,0.006,0.052,0.156,
-0.074,0.229,0.244,0.307,0.232,0.186,0.155,0.155,0.135,0.121,
0.063,0.498,0.518,0.47,0.539,0.459,0.506,0.476,0.46,0.5,
0.199,0.391,0.144,0.259,0.211,0.259,0.196,0.196,0.275,0.171,
-0.152,0.162,0.276,0.099,0.147,0.058,0.168,0.024,0.064,0.05,
0.094,0.494,0.519,0.527,0.471,0.569,0.481,0.488,0.459,0.481,
0.117,0.312,0.317,0.346,0.194,0.272,0.267,0.202,0.17,0.214,
-0.129,0.332,0.131,0.134,0.242,0.125,0.12,0.216,0.197,0.141,
0.154,0.218,0.294,0.4,0.205,0.279,0.21,0.309,0.221,0.244,
-0.145,0.29,0.304,0.282,0.151,0.166,0.193,0.063,0.126,0.126,
0.044,0.484,0.513,0.516,0.55,0.475,0.503,0.475,0.475,0.444,
0.011,0.425,0.608,0.495,0.47,0.481,0.466,0.473,0.487,0.443,
0.343,0.303,0.261,0.337,0.335,0.262,0.056,0.285,0.296,0.126,
-0.15,0.199,0.307,0.031,0.051,0.045,0.141,0.087,0.131,-0.01,
0.076,0.526,0.512,0.483,0.472,0.447,0.46,0.452,0.451,0.443,
0.146,0.246,0.342,0.26,0.214,0.294,0.183,0.258,0.248,0.218,
-0.149,0.343,0.251,0.192,0.175,0.163,0.181,0.089,0.201,0.108,
-0.174,0.214,0.302,0.179,0.24,0.191,0.142,0.162,0.175,0.214,
0.093,0.444,0.467,0.483,0.474,0.454,0.464,0.468,0.451,0.452,
0.036,0.494,0.522,0.587,0.531,0.518,0.534,0.512,0.519,0.515,
0.22,0.285,0.149,0.215,0.14,0.024,0.095,0.059,0.157,0.112,
-0.194,0.106,0.178,0.173,0.118,0.24,0.11,0.057,0.108,0.118,
-0.029,0.446,0.576,0.529,0.469,0.48,0.443,0.481,0.454,0.42,
0.097,0.146,0.366,0.206,0.242,0.251,0.218,0.205,0.08,0.215,
0.031,0.513,0.426,0.497,0.443,0.486,0.507,0.479,0.512,0.456,
0.019,0.235,0.193,0.166,0.234,0.246,0.174,0.206,0.237,0.23,
0.177,0.159,0.301,0.286,0.161,0.346,0.246,0.212,0.242,0.156,
-0.141,0.304,0.186,0.194,0.2,0.093,0.154,0.15,0.192,0.214,
0.03,0.544,0.55,0.43,0.564,0.512,0.503,0.549,0.482,0.519,
0.124,0.211,0.2,0.316,0.208,0.206,0.224,0.2,0.094,0.102,
-0.178,0.136,0.155,0.126,0.137,0.012,0.009,-0.012,0.023,0.093,
-0.087,0.323,0.147,0.177,0.172,0.222,0.049,0.123,0.123,0.083,
0.059,0.549,0.567,0.598,0.572,0.584,0.579,0.572,0.565,0.569,
0.165,0.323,0.154,0.349,0.257,0.287,0.239,0.269,0.179,0.169,
0.23,0.36,0.247,0.341,0.253,0.202,0.245,0.177,0.202,0.232,
0.065,0.441,0.439,0.501,0.442,0.435,0.407,0.434,0.423,0.403,
0.0,0.518,0.536,0.548,0.487,0.502,0.526,0.498,0.471,0.49,
-0.053,0.23,0.145,0.175,0.083,0.127,-0.008,0.071,0.133,0.076,
-0.122,0.186,0.376,0.218,0.276,0.259,0.294,0.239,0.202,0.276,
-0.179,0.199,0.339,0.12,0.23,0.204,0.162,0.213,0.05,0.152,
-0.042,0.511,0.53,0.496,0.524,0.461,0.476,0.449,0.436,0.456,
0.162,0.447,0.577,0.497,0.483,0.408,0.453,0.475,0.46,0.439,
0.147,0.536,0.557,0.491,0.542,0.467,0.477,0.496,0.47,0.476,
0.172,0.252,0.272,0.183,0.308,0.08,0.101,0.161,0.046,0.126,
-0.094,0.337,0.209,0.085,0.005,0.126,0.109,0.116,0.148,0.107,
0.088,0.312,0.299,0.139,0.171,0.309,0.232,0.144,0.226,0.163,
0.24,0.312,0.153,0.156,0.172,0.252,0.099,0.161,0.172,0.147,
0.183,0.105,0.202,0.197,0.16,0.149,0.099,0.102,0.177,0.085,
-0.024,0.445,0.437,0.487,0.458,0.466,0.372,0.44,0.452,0.444,
-0.019,0.404,0.568,0.46,0.454,0.466,0.418,0.464,0.456,0.46,
0.166,0.301,0.21,0.189,0.15,0.126,0.11,0.179,0.163,0.124,
-0.14,0.312,0.353,0.324,0.223,0.26,0.234,0.163,0.189,0.179,
-0.121,0.463,0.521,0.492,0.484,0.471,0.472,0.471,0.481,0.453,
0.146,0.317,0.37,0.324,0.181,0.179,0.284,0.254,0.285,0.302,
0.214,0.256,0.154,-0.095,0.139,0.03,0.173,0.182,0.15,-0.046,
-0.219,0.228,0.201,0.297,0.256,0.16,0.214,0.18,0.133,0.185,
0.174,0.24,0.252,0.208,0.051,0.146,0.115,0.146,0.184,0.162,
-0.137,0.229,0.304,0.221,0.126,0.208,0.169,0.188,0.149,0.149,
-0.1,0.246,0.256,0.31,0.157,0.251,0.201,0.229,0.184,0.186,
0.105,0.389,0.248,0.15,0.114,0.208,0.274,0.185,0.114,0.148,
0.209,0.204,0.347,0.282,0.18,0.232,0.159,0.136,0.163,0.107,
-0.147,0.219,0.175,0.071,0.149,0.24,0.118,0.161,0.129,0.108,
-0.175,0.222,0.338,0.24,0.215,0.132,0.174,0.106,0.151,0.19,
-0.012,0.521,0.485,0.554,0.476,0.526,0.458,0.522,0.515,0.523,
0.186,0.338,0.354,0.256,0.286,0.183,0.241,0.194,0.235,0.254,
-0.147,0.25,0.061,0.172,0.129,0.134,0.091,0.113,0.101,-0.021,
-0.102,0.575,0.5,0.549,0.514,0.506,0.482,0.495,0.495,0.51,
0.184,0.389,0.284,0.274,0.251,0.258,0.183,0.197,0.095,0.193,
-0.154,0.157,0.157,0.037,0.065,-0.024,0.148,0.024,0.103,0.065,
-0.17,0.136,0.294,0.253,0.268,0.191,0.155,0.12,0.115,0.241,
-0.212,0.293,0.129,0.175,0.098,0.147,0.178,0.098,0.173,0.147,
0.161,0.211,0.279,0.183,0.191,0.046,0.168,0.18,0.154,0.152,
0.002,0.498,0.566,0.542,0.521,0.521,0.522,0.511,0.517,0.524,
0.195,0.252,0.295,0.173,0.252,0.202,0.18,0.182,0.204,0.155,
-0.157,0.217,0.332,0.298,0.261,0.207,0.256,0.219,0.197,0.246,
-0.002,0.498,0.566,0.54,0.482,0.525,0.469,0.509,0.502,0.529,
0.164,0.207,0.257,0.139,0.025,-0.012,0.031,0.117,-0.023,-0.017,
0.131,0.236,0.148,0.322,0.255,0.252,0.145,0.177,0.166,0.164,
-0.194,0.177,0.362,0.307,0.256,0.087,0.182,0.165,0.046,0.182,
0.0,0.487,0.61,0.499,0.479,0.528,0.46,0.48,0.509,0.5,
-0.017,0.505,0.534,0.506,0.552,0.529,0.482,0.442,0.462,0.47,
-0.033,0.122,0.239,0.288,0.21,0.132,0.198,-0.048,0.011,0.176,
-0.159,0.296,0.204,0.194,0.212,0.22,0.098,0.119,0.136,0.196,
0.156,0.517,0.504,0.513,0.489,0.455,0.501,0.457,0.455,0.377,
0.198,0.234,0.376,0.22,0.28,0.23,0.186,0.165,0.108,0.151,
0.135,0.309,0.32,0.343,0.259,0.269,0.19,0.2,0.21,0.169,
0.112,0.47,0.516,0.505,0.496,0.491,0.463,0.472,0.431,0.444,
0.006,0.502,0.547,0.501,0.47,0.443,0.464,0.494,0.45,0.462,
-0.167,0.137,0.131,0.152,0.182,0.06,0.06,0.182,0.094,0.006,
0.022,0.557,0.523,0.536,0.448,0.492,0.444,0.477,0.428,0.468,
0.152,0.347,0.243,0.229,0.199,0.236,0.193,0.212,0.197,0.207,
0.141,0.094,0.274,0.211,0.06,0.097,0.128,0.029,0.081,0.029,
-0.189,0.057,0.309,0.081,0.003,0.0,-0.044,-0.053,-0.044,-0.141,
0.132,0.485,0.584,0.469,0.52,0.466,0.444,0.514,0.478,0.493,
0.22,0.277,0.331,0.337,0.267,0.215,0.228,0.232,0.236,0.167,
-0.19,0.076,0.254,0.29,0.134,0.203,0.154,0.203,0.122,0.168,
0.114,0.488,0.58,0.426,0.426,0.438,0.423,0.451,0.443,0.441,
0.009,0.524,0.572,0.54,0.497,0.511,0.501,0.529,0.49,0.491,
0.199,0.217,0.227,0.271,0.106,0.175,0.14,0.124,0.163,0.131,
0.105,0.259,0.217,0.191,0.163,0.187,0.194,0.104,0.145,0.189,
-0.113,0.212,0.226,0.178,0.206,0.129,0.136,-0.036,0.12,0.145,
0.014,0.434,0.568,0.49,0.468,0.447,0.456,0.461,0.451,0.464,
0.094,0.365,0.261,0.223,0.284,0.262,0.254,0.226,0.152,0.222,
-0.138,-0.02,0.217,0.277,0.123,0.047,0.036,0.039,0.118,0.045,
-0.175,0.202,0.248,0.201,0.099,0.117,0.182,0.233,0.164,0.148,
0.049,0.466,0.58,0.537,0.473,0.442,0.488,0.464,0.493,0.493,
0.09,0.547,0.542,0.536,0.551,0.512,0.447,0.487,0.491,0.511,
0.065,0.542,0.532,0.556,0.54,0.576,0.534,0.509,0.53,0.534,
-0.19,0.32,0.235,0.193,0.266,0.084,0.115,0.205,0.153,0.146,
-0.121,0.299,0.142,0.23,0.129,0.0,0.101,0.091,0.171,0.118,
0.041,0.449,0.508,0.537,0.441,0.458,0.434,0.372,0.435,0.435,
0.206,0.198,0.122,0.285,0.266,0.212,0.067,0.173,0.164,0.118,
-0.163,0.276,0.336,0.294,0.273,0.199,0.249,0.243,0.26,0.249,
-0.115,0.437,0.54,0.459,0.466,0.486,0.471,0.483,0.471,0.464,
0.177,0.259,0.363,0.249,0.27,0.247,0.247,0.215,0.209,0.12,
0.198,0.267,0.284,0.181,0.201,0.253,0.181,0.22,0.126,0.057,
-0.187,0.279,0.379,0.273,0.217,0.179,0.277,0.137,0.234,0.196,
0.076,0.479,0.595,0.526,0.491,0.52,0.463,0.434,0.513,0.472,
-0.026,0.481,0.52,0.435,0.495,0.453,0.446,0.461,0.426,0.437,
0.242,0.174,0.255,0.442,0.244,0.267,0.251,0.257,0.229,0.204,
0.063,0.538,0.566,0.484,0.481,0.505,0.47,0.446,0.456,0.471,
0.127,0.214,0.225,0.222,0.183,0.1,0.093,0.2,0.076,0.043,
-0.148,0.324,0.289,0.058,0.197,-0.044,0.116,0.086,0.063,0.06,
-0.264,0.114,0.244,0.257,0.15,0.139,0.121,0.129,0.114,0.088,
0.089,0.393,0.583,0.576,0.541,0.546,0.535,0.542,0.535,0.505,
0.158,0.436,0.297,0.229,0.265,0.262,0.232,0.285,0.271,0.239,
-0.215,0.207,0.319,0.215,0.198,0.209,0.22,0.145,0.145,0.147,
0.128,0.565,0.56,0.444,0.503,0.491,0.478,0.433,0.472,0.476,
0.085,0.124,0.237,0.352,0.272,0.222,0.177,0.189,0.112,0.196,
-0.042,0.133,0.206,0.116,0.096,0.144,0.074,0.074,0.163,0.108,
-0.245,0.206,0.333,0.258,0.114,0.131,0.121,0.143,0.096,0.111,
-0.146,0.184,0.306,0.288,0.19,0.125,0.145,0.145,0.096,0.198,
0.043,0.48,0.444,0.356,0.462,0.47,0.463,0.466,0.518,0.49,
0.185,0.416,0.142,0.336,0.242,0.24,0.221,0.221,0.235,0.141,
-0.083,0.052,0.196,0.19,0.296,0.082,0.148,0.097,0.119,0.043,
0.046,0.543,0.491,0.484,0.505,0.477,0.511,0.527,0.507,0.448,
0.04,0.556,0.579,0.518,0.51,0.515,0.496,0.5,0.488,0.457,
0.192,0.337,0.327,0.25,0.193,0.233,0.202,0.218,0.167,0.125,
0.21,0.289,0.363,0.211,0.228,0.125,0.167,0.167,0.12,0.158,
-0.196,0.284,0.279,0.233,0.264,0.076,0.22,0.239,0.097,0.073,
0.034,0.534,0.503,0.514,0.458,0.462,0.459,0.452,0.444,0.453,
-0.002,0.517,0.533,0.514,0.514,0.469,0.44,0.505,0.469,0.487,
0.18,0.249,0.099,0.333,0.094,0.18,0.15,0.099,0.165,0.17,
-0.155,0.196,0.12,0.014,0.17,-0.024,0.07,0.09,0.021,-0.042,
0.143,0.553,0.466,0.503,0.441,0.452,0.422,0.46,0.437,0.469,
0.141,0.224,0.331,0.181,0.179,0.193,0.214,0.293,0.2,0.136,
-0.16,0.342,0.248,0.281,0.099,0.241,0.042,0.11,0.027,0.185,
-0.09,0.115,0.295,0.198,0.233,0.105,0.159,0.138,0.217,0.067,
0.165,0.109,0.264,0.196,0.155,-0.033,0.155,-0.028,0.091,0.098,
0.221,0.271,0.114,0.225,0.184,0.263,0.171,0.138,0.009,0.124,
0.124,0.269,0.177,0.242,0.149,0.086,0.113,0.131,0.127,0.109,
-0.13,0.208,0.261,0.246,0.304,0.114,0.213,0.142,0.125,0.106,
-0.147,0.27,0.21,0.224,0.151,0.079,0.12,0.111,-0.056,0.02,
-0.181,0.195,0.235,0.244,0.153,0.131,0.139,0.059,0.176,0.059,
-0.127,0.19,0.219,0.088,0.152,0.14,0.065,0.086,-0.009,0.03,
0.138,0.268,0.319,0.258,0.082,0.23,0.215,0.24,0.156,0.211,
0.115,0.264,0.32,0.261,0.212,0.202,0.127,0.212,0.17,0.191,
0.014,0.4,0.567,0.549,0.507,0.415,0.472,0.478,0.505,0.473,
-0.018,0.38,0.47,0.51,0.538,0.506,0.492,0.507,0.481,0.47,
0.111,0.223,0.37,0.191,0.145,0.11,0.137,0.186,0.107,0.123,
-0.202,0.263,0.28,0.139,0.29,0.176,0.102,0.113,0.189,0.01,
-0.111,0.307,0.295,0.181,0.212,0.209,0.171,0.134,0.201,0.106,
0.074,0.437,0.298,0.405,0.454,0.461,0.439,0.465,0.455,0.449,
0.193,0.272,0.218,0.186,0.423,0.269,0.253,0.198,0.262,0.267,
-0.143,0.2,0.267,0.266,0.184,0.199,0.197,0.138,0.204,0.138,
0.033,0.475,0.538,0.549,0.491,0.55,0.49,0.488,0.465,0.475,
0.05,0.531,0.578,0.566,0.493,0.493,0.49,0.472,0.51,0.5,
0.242,0.309,0.104,0.052,0.26,0.138,0.181,-0.042,0.173,0.105,
0.291,0.216,0.191,0.199,0.189,0.13,0.016,0.142,0.135,0.192,
0.115,0.282,0.369,0.287,0.137,0.209,0.189,0.086,0.146,0.046,
-0.036,0.492,0.496,0.473,0.512,0.445,0.446,0.446,0.474,0.43,
0.12,0.518,0.581,0.582,0.528,0.496,0.575,0.553,0.542,0.539,
0.239,0.175,0.195,0.114,0.168,0.082,0.074,0.126,0.076,0.066,
-0.224,0.216,0.372,0.233,0.213,0.21,0.274,0.245,0.276,0.32,
-0.195,0.348,0.404,0.168,0.252,0.293,0.265,0.293,0.274,0.145,
0.046,0.459,0.465,0.536,0.441,0.48,0.392,0.482,0.466,0.452,
0.149,0.295,0.151,0.187,0.182,0.143,0.2,0.168,0.076,0.247,
0.235,0.2,0.215,0.165,0.082,0.251,0.191,0.193,0.166,0.162,
0.112,0.529,0.449,0.416,0.461,0.488,0.493,0.468,0.439,0.479,
0.003,0.501,0.459,0.517,0.462,0.521,0.506,0.504,0.492,0.503,
0.227,0.182,0.29,0.236,0.154,0.1,0.14,0.056,0.179,0.162,
-0.112,0.139,0.234,0.324,0.137,0.153,0.117,0.122,0.091,0.058,
-0.015,0.495,0.496,0.515,0.546,0.504,0.484,0.452,0.485,0.481,
0.217,0.268,0.371,0.274,0.217,0.281,0.16,0.235,0.215,0.215,
-0.133,0.083,0.319,0.031,0.087,-0.032,0.055,0.11,0.093,0.1,
0.097,0.368,0.496,0.496,0.539,0.493,0.462,0.463,0.481,0.498,
0.219,0.239,0.244,0.239,0.188,0.144,0.232,0.266,0.246,0.114,
-0.184,0.307,0.315,0.251,0.315,0.234,0.149,0.131,0.092,0.157,
0.02,0.489,0.593,0.543,0.557,0.535,0.525,0.503,0.521,0.483,
0.071,0.439,0.488,0.495,0.485,0.459,0.461,0.472,0.453,0.457,
0.203,0.366,0.327,0.192,0.173,0.213,0.15,0.184,0.143,0.207,
-0.216,0.174,0.302,0.136,0.179,0.132,0.123,0.181,0.191,0.098,
-0.183,-0.005,0.167,0.138,0.052,0.022,0.049,0.082,-0.083,0.028,
0.196,0.257,0.276,0.093,0.153,0.158,0.124,0.091,0.131,0.039,
0.252,0.334,0.339,0.309,0.267,0.228,0.162,0.264,0.232,0.177,
-0.139,0.388,0.281,0.179,0.227,0.225,0.202,0.164,0.184,0.162,
0.066,0.47,0.545,0.506,0.457,0.494,0.451,0.454,0.48,0.491,
-0.046,0.609,0.531,0.467,0.473,0.503,0.484,0.515,0.418,0.414,
-0.111,0.124,0.232,0.338,0.299,0.233,0.204,0.157,0.237,0.194,
-0.177,0.093,0.325,0.229,0.202,0.227,0.157,0.157,0.221,0.184,
-0.225,0.315,0.287,0.219,0.221,0.172,0.152,0.186,0.215,0.213,
0.057,0.389,0.508,0.474,0.56,0.503,0.47,0.479,0.494,0.493,
0.033,0.472,0.564,0.565,0.548,0.501,0.537,0.529,0.537,0.511,
0.149,0.305,0.192,0.157,0.065,0.148,0.04,0.032,0.054,0.035,
-0.26,0.143,0.303,0.17,0.142,0.181,0.175,0.154,0.11,0.171,
0.094,0.476,0.461,0.486,0.511,0.497,0.481,0.473,0.502,0.5,
0.074,0.218,0.018,-0.099,-0.044,-0.115,-0.096,-0.067,-0.215,-0.012,
0.072,0.269,0.108,0.246,0.255,0.105,0.133,0.22,0.183,0.183,
-0.176,0.224,0.259,0.122,0.119,0.188,0.162,0.217,0.056,0.177,
0.062,0.452,0.524,0.514,0.51,0.452,0.47,0.441,0.387,0.475,
0.082,0.506,0.538,0.498,0.454,0.435,0.466,0.424,0.438,0.429,
-0.213,0.128,0.17,0.275,0.113,0.059,0.142,0.118,0.142,0.113,
-0.165,-0.01,0.161,0.169,0.143,0.092,0.105,0.098,0.058,-0.096,
0.124,-0.016,0.292,0.171,0.069,0.131,0.105,0.037,0.078,0.047,
0.132,0.216,0.266,0.268,0.308,0.234,0.257,0.241,0.165,0.23,
0.182,0.326,0.189,0.093,0.267,0.219,0.07,0.164,0.231,0.195,
0.192,0.255,0.413,0.357,0.249,0.229,0.247,0.285,0.212,0.156,
-0.189,0.167,0.202,0.294,0.227,0.149,0.198,0.146,0.154,0.159,
-0.134,0.307,0.443,0.436,0.364,0.252,0.323,0.292,0.256,0.252,
-0.1,0.277,0.372,0.259,0.104,0.156,0.24,0.125,0.213,0.196,
0.247,0.29,0.229,0.357,0.219,0.247,0.333,0.296,0.256,0.189,
0.151,0.18,0.364,0.267,0.267,0.204,0.195,0.114,0.229,0.116,
-0.096,0.183,0.344,0.313,0.17,0.146,0.177,0.234,0.166,0.141,
0.043,0.489,0.548,0.516,0.526,0.478,0.464,0.439,0.472,0.429,
0.256,0.389,0.316,0.302,0.316,0.281,0.206,0.161,0.267,0.21,
-0.09,0.165,0.144,0.343,0.173,0.142,0.279,0.236,0.249,0.164,
0.067,0.448,0.556,0.551,0.517,0.463,0.433,0.461,0.482,0.504,
-0.051,0.539,0.593,0.572,0.543,0.474,0.528,0.525,0.462,0.52,
0.197,0.223,0.346,0.263,0.163,0.18,0.198,0.128,0.214,0.19,
-0.166,0.1,0.288,0.205,0.277,0.213,0.198,0.218,0.189,0.139,
-0.109,0.285,0.326,0.252,0.211,0.223,0.183,0.229,0.148,0.143,
-0.037,0.445,0.505,0.482,0.449,0.455,0.409,0.444,0.438,0.409,
0.135,0.519,0.582,0.484,0.493,0.435,0.47,0.461,0.457,0.477,
0.19,0.302,0.287,0.285,0.254,0.271,0.253,0.214,0.158,0.271,
0.168,0.245,0.291,0.194,0.122,0.165,0.172,0.134,0.079,0.181,
0.015,0.52,0.497,0.473,0.564,0.505,0.502,0.506,0.5,0.494,
-0.035,0.531,0.583,0.532,0.508,0.485,0.485,0.488,0.483,0.49,
0.115,0.316,0.36,0.35,0.359,0.404,0.293,0.285,0.338,0.243,
0.13,0.308,0.248,0.234,0.104,0.021,0.117,0.117,0.128,0.177,
-0.199,0.111,0.227,0.174,0.111,0.163,-0.064,0.037,0.118,0.016,
0.015,0.476,0.547,0.515,0.504,0.471,0.439,0.464,0.45,0.493,
0.161,0.108,0.169,0.137,0.311,0.118,0.338,0.19,0.138,0.161,
-0.021,0.287,0.331,0.242,0.181,0.22,0.208,0.118,0.139,0.203,
-0.027,0.515,0.599,0.55,0.472,0.493,0.494,0.494,0.479,0.513,
0.189,0.351,0.189,0.418,0.273,0.131,0.2,0.269,0.189,0.257,
0.199,0.207,0.189,0.315,0.207,0.249,0.223,0.262,0.262,0.238,
-0.148,0.232,0.193,0.323,0.248,0.248,0.173,0.19,0.173,0.186,
-0.055,0.513,0.492,0.474,0.493,0.42,0.473,0.444,0.431,0.41,
-0.145,0.137,0.248,0.31,0.191,0.191,0.179,0.136,0.172,0.154,
-0.122,0.186,0.246,0.163,0.065,-0.038,0.045,0.042,-0.088,0.015,
0.18,0.462,0.323,0.178,0.365,0.169,0.196,0.19,0.266,0.247,
0.222,0.4,0.183,0.18,0.128,0.229,0.139,0.139,0.018,0.13,
-0.178,0.355,0.169,0.088,0.163,0.168,-0.119,0.01,0.149,0.01,
0.045,0.581,0.597,0.543,0.499,0.522,0.474,0.466,0.507,0.472,
0.017,0.497,0.516,0.5,0.473,0.504,0.483,0.426,0.473,0.501,
-0.229,0.252,0.185,0.1,0.102,0.189,0.1,0.035,0.062,0.051,
0.027,0.598,0.553,0.517,0.465,0.425,0.46,0.439,0.414,0.463,
0.043,0.526,0.612,0.561,0.526,0.532,0.526,0.504,0.463,0.534,
0.075,0.526,0.516,0.502,0.45,0.492,0.418,0.471,0.448,0.454,
0.217,0.307,0.33,0.18,0.147,0.134,0.067,0.07,0.159,0.131,
-0.164,0.295,0.369,0.294,0.196,0.171,0.218,0.176,0.142,0.201,
0.101,0.616,0.607,0.558,0.521,0.504,0.458,0.436,0.529,0.522,
0.118,0.392,0.318,0.095,0.124,0.093,0.196,0.068,0.108,0.179,
-0.116,0.326,0.194,0.357,0.129,0.148,0.134,0.16,0.176,0.187,
0.159,0.21,0.178,0.174,0.172,0.211,0.168,0.258,0.204,0.146,
0.0,0.459,0.471,0.563,0.503,0.486,0.427,0.459,0.383,0.486,
-0.014,0.525,0.53,0.546,0.458,0.525,0.513,0.529,0.513,0.528,
-0.031,0.577,0.574,0.52,0.54,0.552,0.462,0.516,0.483,0.51,
0.198,0.25,0.284,0.31,0.159,0.177,0.029,0.163,0.046,0.087,
-0.158,0.34,0.051,0.315,0.116,0.232,0.157,0.049,0.179,0.091,
0.107,0.519,0.543,0.517,0.462,0.543,0.425,0.474,0.473,0.392,
0.226,0.37,0.194,0.319,0.203,0.124,0.124,0.102,0.03,0.107,
-0.167,0.229,0.217,0.263,0.186,0.166,0.115,0.125,0.141,0.045,
-0.178,0.346,0.16,0.182,0.078,0.062,0.131,0.081,0.124,-0.016,
-0.002,0.568,0.431,0.456,0.433,0.363,0.453,0.435,0.42,0.389,
0.073,0.453,0.2,0.4,0.279,0.201,0.237,0.181,0.177,0.194,
0.208,0.339,0.254,0.197,0.358,0.162,0.067,0.067,0.23,0.164,
0.06,0.655,0.559,0.501,0.538,0.459,0.491,0.517,0.516,0.483,
-0.031,0.537,0.557,0.536,0.535,0.496,0.491,0.517,0.51,0.519,
0.159,0.199,0.383,0.311,0.239,0.303,0.267,0.217,0.258,0.236,
-0.046,0.505,0.636,0.533,0.428,0.51,0.484,0.434,0.515,0.509,
0.172,0.298,0.064,0.187,0.238,0.109,0.042,0.218,0.07,0.083,
0.085,0.233,0.341,0.384,0.343,0.172,0.23,0.284,0.157,0.233,
-0.204,0.314,0.373,0.262,0.18,0.278,0.199,0.195,0.148,0.187,
-0.01,0.55,0.583,0.569,0.489,0.482,0.474,0.467,0.473,0.42,
0.179,0.171,0.396,0.368,0.142,0.225,0.267,0.16,0.251,0.17,
-0.046,0.083,0.319,0.276,0.216,0.204,0.142,-0.031,0.19,0.128,
-0.196,0.396,0.355,0.249,0.27,0.309,0.204,0.113,0.191,0.179,
0.105,0.579,0.558,0.521,0.495,0.481,0.458,0.445,0.46,0.369,
0.094,0.264,0.213,0.225,0.169,0.134,0.071,0.142,0.095,0.071,
-0.222,0.385,0.25,0.215,0.208,0.155,0.13,0.16,0.208,0.127,
0.083,0.379,0.556,0.458,0.456,0.495,0.427,0.423,0.48,0.422,
0.117,0.346,0.36,0.329,0.211,0.242,0.201,0.26,0.233,0.279,
0.178,0.293,0.48,0.391,0.231,0.3,0.324,0.233,0.3,0.295,
-0.16,0.275,0.155,0.26,0.088,0.027,0.009,-0.025,-0.012,-0.009,
-0.141,0.402,0.291,0.176,-0.036,0.154,0.094,0.141,0.13,0.134,
-0.038,0.407,0.523,0.472,0.491,0.445,0.458,0.498,0.44,0.45,
0.136,0.62,0.516,0.528,0.537,0.524,0.5,0.498,0.514,0.485,
0.187,0.34,0.26,0.23,0.178,0.154,0.009,0.168,0.089,-0.025,
-0.133,0.176,0.297,0.199,0.146,0.102,0.197,-0.003,0.034,0.17,
0.135,0.567,0.543,0.518,0.484,0.483,0.433,0.394,0.458,0.442,
0.143,0.277,0.344,0.154,0.162,0.263,0.158,0.131,0.139,0.139,
0.148,0.426,0.271,0.217,0.226,0.136,0.074,0.136,0.192,0.194,
0.295,-0.101,0.345,0.217,0.234,0.209,0.213,0.075,0.19,0.13,
0.103,0.544,0.566,0.522,0.469,0.492,0.445,0.421,0.46,0.445,
0.032,0.602,0.526,0.527,0.484,0.474,0.451,0.459,0.477,0.463,
0.04,0.335,0.308,0.396,0.215,0.222,0.25,0.213,0.189,0.235,
-0.227,0.269,0.246,0.157,0.182,0.013,0.173,0.14,0.084,0.003,
0.03,0.509,0.559,0.528,0.526,0.46,0.518,0.5,0.469,0.43,
0.291,0.349,0.077,0.213,0.087,0.17,0.161,0.231,0.111,0.154,
-0.17,0.33,0.344,0.315,0.224,0.092,0.233,0.171,0.168,0.201,
-0.169,0.429,0.291,0.176,0.075,0.174,0.119,0.098,0.16,0.13,
0.198,0.267,0.173,0.368,0.204,0.173,0.124,0.193,0.158,0.103,
-0.128,0.271,0.34,0.273,0.199,0.178,0.144,0.236,0.215,0.182,
0.076,0.508,0.504,0.438,0.489,0.421,0.439,0.394,0.414,0.394,
0.105,0.198,0.165,0.245,0.24,0.118,0.232,0.169,0.23,0.035,
-0.17,0.166,0.323,0.214,0.154,0.112,0.236,0.097,0.099,0.217,
-0.135,0.19,0.301,0.063,0.152,0.073,0.063,-0.149,0.003,-0.073,
-0.114,0.274,0.303,0.235,0.239,0.111,0.152,0.145,0.106,0.137,
0.05,0.308,0.434,0.388,0.271,0.321,0.345,0.206,0.254,0.258,
0.08,0.265,0.286,0.11,0.199,0.13,0.097,0.099,0.006,0.03,
-0.004,0.508,0.451,0.55,0.446,0.448,0.468,0.416,0.393,0.363,
-0.011,0.533,0.618,0.545,0.561,0.521,0.512,0.489,0.493,0.507,
0.064,0.566,0.562,0.544,0.456,0.531,0.458,0.49,0.506,0.465,
-0.192,0.216,0.241,0.267,0.081,0.019,0.168,0.075,0.138,0.022,
-0.085,0.279,0.268,0.147,0.182,0.186,0.053,0.158,0.05,0.142,
-0.008,0.482,0.542,0.533,0.516,0.476,0.423,0.421,0.432,0.45,
0.208,0.169,0.392,0.154,0.196,0.148,0.127,0.143,0.018,0.078,
-0.015,0.507,0.519,0.395,0.519,0.494,0.428,0.435,0.412,0.469,
0.23,0.358,0.429,0.245,0.3,0.327,0.258,0.231,0.254,0.209,
-0.086,0.324,0.313,0.065,0.071,0.1,0.076,0.065,0.092,0.019,
0.084,0.454,0.571,0.516,0.505,0.505,0.468,0.48,0.501,0.501,
0.2,0.328,0.375,0.429,0.239,0.288,0.253,0.291,0.243,0.328,
0.247,0.421,0.247,0.244,0.226,0.165,0.129,0.232,0.191,0.215,
0.045,0.585,0.535,0.5,0.393,0.473,0.451,0.462,0.416,0.399,
0.137,0.577,0.565,0.501,0.497,0.484,0.469,0.447,0.455,0.464,
0.065,0.261,0.47,0.304,0.217,0.293,0.278,0.114,0.29,0.33,
-0.121,0.374,0.365,0.282,0.291,0.164,0.211,0.211,0.211,0.234,
-0.243,0.129,0.349,0.019,0.029,0.093,-0.023,0.159,0.109,-0.04,
0.031,0.466,0.565,0.534,0.474,0.442,0.432,0.438,0.402,0.424,
0.184,0.396,0.342,0.231,0.308,0.225,0.264,0.267,0.229,0.139,
-0.13,0.382,0.287,0.178,0.31,0.303,0.283,0.262,0.209,0.212,
-0.114,0.226,0.227,0.09,0.052,0.006,0.194,-0.043,0.138,0.044,
-0.06,0.574,0.503,0.447,0.401,0.455,0.362,0.425,0.417,0.429,
-0.155,0.074,0.268,0.217,0.217,0.221,0.139,0.044,0.189,0.131,
-0.058,0.574,0.528,0.58,0.519,0.516,0.503,0.518,0.508,0.507,
0.105,0.253,0.321,0.251,0.11,0.101,0.079,0.13,0.119,0.117,
0.149,0.182,0.115,0.195,0.055,0.009,-0.036,0.022,0.052,-0.041,
-0.123,0.266,0.344,0.257,0.14,0.053,0.136,0.015,0.02,0.084,
-0.053,0.556,0.457,0.461,0.463,0.451,0.469,0.485,0.478,0.458,
0.134,0.234,0.355,0.268,0.125,0.205,0.16,0.012,0.134,0.081,
-0.153,0.256,0.33,0.249,0.153,0.091,0.15,0.108,0.077,0.059,
0.017,0.577,0.559,0.541,0.437,0.46,0.527,0.484,0.517,0.499,
0.085,0.582,0.541,0.553,0.409,0.484,0.497,0.469,0.463,0.479,
0.09,0.279,0.425,0.232,0.256,0.219,0.253,0.284,0.323,0.278,
-0.108,0.391,0.338,0.262,0.251,0.172,0.198,0.174,0.169,0.153,
-0.131,0.348,0.323,0.236,0.229,0.239,0.127,0.094,0.178,0.11,
0.241,0.367,0.324,0.231,0.211,0.172,0.165,0.156,0.188,0.213,
0.071,0.236,0.309,0.171,0.218,0.199,0.209,0.147,0.157,0.083,
-0.182,0.214,0.204,0.159,0.0,0.116,0.043,0.284,0.228,0.071,
-0.117,0.165,0.251,0.146,0.153,0.146,0.096,0.094,0.061,0.106,
0.139,0.588,0.579,0.531,0.541,0.469,0.436,0.481,0.49,0.523,
0.115,0.597,0.523,0.467,0.426,0.41,0.431,0.402,0.44,0.43,
0.18,0.267,0.287,0.066,0.175,0.238,0.193,0.066,0.144,0.095,
0.239,0.216,0.278,0.29,0.165,0.125,0.048,0.114,0.114,0.121,
-0.008,0.576,0.543,0.429,0.447,0.431,0.414,0.456,0.415,0.392,
0.124,0.582,0.578,0.474,0.548,0.464,0.471,0.422,0.48,0.444,
0.146,0.324,0.311,0.292,0.246,0.246,0.339,0.229,0.276,0.238,
-0.142,0.188,0.068,0.158,-0.026,0.098,0.034,0.076,0.034,-0.003,
0.075,0.536,0.531,0.511,0.466,0.494,0.443,0.396,0.426,0.435,
0.129,0.214,0.377,0.206,0.258,0.16,0.173,0.083,0.214,0.2,
0.037,0.378,0.182,0.246,0.158,0.226,0.206,0.223,-0.006,0.119,
-0.188,0.357,0.249,0.288,0.126,0.193,0.095,0.139,0.147,0.186,
0.078,0.557,0.576,0.502,0.484,0.429,0.436,0.448,0.423,0.441,
0.017,0.39,0.408,0.463,0.501,0.449,0.423,0.374,0.443,0.439,
-0.145,0.326,0.069,0.232,0.212,0.11,0.175,0.137,0.201,0.16,
-0.038,0.547,0.603,0.519,0.489,0.485,0.487,0.464,0.439,0.432,
-0.183,0.118,0.181,0.375,0.223,0.186,0.151,0.162,0.083,0.116,
-0.17,0.39,0.302,0.239,0.148,0.121,0.138,0.07,0.143,0.111,
-0.177,0.262,0.247,0.099,0.124,0.134,0.01,0.146,0.075,0.162,
0.075,0.557,0.602,0.552,0.46,0.483,0.51,0.48,0.478,0.493,
0.241,0.355,0.206,0.123,0.16,0.153,-0.013,0.148,0.088,0.123,
-0.172,0.241,0.411,0.206,0.225,0.149,0.023,0.218,0.212,0.121,
0.052,0.536,0.549,0.582,0.49,0.514,0.501,0.445,0.427,0.45,
0.136,0.432,0.313,0.239,0.211,0.293,0.2,0.152,0.137,0.235,
0.149,0.291,0.247,0.231,0.178,0.243,0.122,0.156,0.166,0.152,
-0.158,0.244,0.165,-0.059,0.091,0.098,0.044,0.052,-0.058,0.047,
0.048,0.525,0.536,0.527,0.519,0.492,0.495,0.46,0.499,0.51,
0.089,0.487,0.549,0.506,0.458,0.432,0.413,0.413,0.406,0.328,
-0.174,0.377,0.211,0.29,0.219,0.108,0.111,0.172,0.066,0.126,
-0.105,0.295,0.223,0.259,0.101,0.066,0.142,0.098,0.095,0.048,
0.071,0.512,0.564,0.568,0.521,0.496,0.499,0.529,0.507,0.515,
-0.066,0.571,0.565,0.522,0.513,0.511,0.535,0.462,0.501,0.489,
0.135,0.259,0.207,0.251,0.212,0.13,0.235,0.177,0.143,0.191,
0.178,0.331,0.303,0.356,0.348,0.259,0.205,0.045,0.144,0.253,
-0.188,0.261,0.307,0.226,0.106,0.134,0.124,0.143,0.141,0.153,
0.043,0.608,0.535,0.489,0.476,0.495,0.45,0.441,0.404,0.41,
0.071,0.195,0.306,0.209,0.276,0.3,0.198,0.239,0.17,0.114,
0.145,0.336,0.37,0.256,0.233,0.09,0.22,0.233,0.157,0.113,
-0.065,0.246,0.281,0.228,0.11,0.035,0.033,0.087,0.114,-0.022,
0.035,0.472,0.552,0.582,0.487,0.443,0.46,0.48,0.477,0.465,
0.08,0.227,0.405,0.249,0.326,0.231,0.274,0.227,0.269,0.239,
-0.094,0.224,0.134,0.202,0.115,0.018,0.127,0.003,0.073,0.078,
-0.139,0.239,0.212,0.284,0.07,0.222,0.27,0.09,0.15,0.169,
0.051,0.557,0.51,0.501,0.468,0.352,0.36,0.434,0.408,0.435,
0.177,0.032,0.334,0.254,0.144,0.109,0.008,-0.03,0.064,-0.141,
0.225,0.107,0.279,0.247,0.308,0.247,0.191,0.193,0.093,0.151,
0.068,0.583,0.559,0.586,0.539,0.518,0.497,0.502,0.508,0.482,
-0.048,0.156,0.061,0.283,0.146,0.109,0.1,0.14,-0.026,0.064,
-0.091,0.153,0.273,0.218,0.207,0.155,0.109,0.16,0.203,0.199,
0.004,0.536,0.468,0.59,0.486,0.489,0.509,0.468,0.527,0.469,
0.138,0.244,0.254,0.195,0.178,0.143,0.136,0.172,-0.064,0.093,
-0.134,0.327,0.008,0.31,0.272,0.227,0.131,0.153,0.203,0.041,
-0.035,0.571,0.456,0.509,0.479,0.518,0.491,0.494,0.478,0.484,
-0.05,0.597,0.526,0.472,0.506,0.508,0.427,0.467,0.463,0.436,
0.126,0.582,0.582,0.507,0.608,0.545,0.541,0.492,0.505,0.483,
-0.111,0.336,0.134,0.249,0.134,0.138,0.184,0.171,0.113,0.087,
-0.099,-0.053,0.24,0.153,0.168,0.024,0.042,0.176,0.075,0.003,
-0.012,0.547,0.565,0.55,0.49,0.536,0.484,0.451,0.478,0.433,
0.101,0.408,0.299,0.287,0.179,0.213,0.162,0.173,0.164,0.184,
-0.148,0.316,0.282,0.295,0.137,0.183,0.218,0.15,0.178,0.129,
0.039,0.481,0.506,0.492,0.393,0.477,0.437,0.437,0.416,0.445,
0.191,0.413,0.264,0.332,0.205,0.254,0.245,0.242,0.17,0.217,
0.127,0.299,0.315,0.355,0.31,0.312,0.278,0.15,0.286,0.28,
0.185,0.321,0.209,0.253,0.286,0.239,0.258,0.143,0.243,0.235,
0.193,0.2,0.334,0.308,0.173,0.213,0.182,0.123,0.121,0.15,
0.008,0.49,0.489,0.513,0.457,0.427,0.401,0.402,0.443,0.418,
0.008,0.317,0.516,0.485,0.481,0.409,0.531,0.454,0.416,0.456,
0.096,0.25,0.279,0.224,0.163,0.151,0.11,0.178,0.187,0.174,
-0.132,0.3,0.182,0.269,0.234,0.104,0.03,0.191,0.062,0.081,
0.063,0.488,0.508,0.509,0.532,0.436,0.45,0.432,0.466,0.444,
0.103,0.392,0.239,0.251,0.2,0.208,0.175,0.21,0.138,0.113,
-0.236,0.083,0.238,0.106,0.068,-0.067,-0.142,0.055,-0.017,-0.023,
-0.154,0.139,0.186,0.209,0.113,0.205,0.022,0.199,0.078,0.157,
-0.177,0.253,0.388,0.338,0.265,0.189,0.228,0.239,0.228,0.199,
0.02,0.328,0.506,0.505,0.471,0.438,0.452,0.444,0.388,0.429,
0.186,0.269,0.222,0.246,0.392,0.226,0.211,0.152,0.234,0.147,
-0.121,0.335,0.203,0.171,0.14,0.053,0.099,0.091,0.086,0.051,
-0.021,0.59,0.483,0.473,0.486,0.468,0.413,0.511,0.461,0.428,
0.222,0.384,0.239,0.262,0.201,0.206,0.134,0.173,0.155,0.041,
-0.175,0.143,0.245,0.104,0.305,0.21,0.16,0.13,0.176,0.12,
0.013,0.567,0.478,0.55,0.473,0.486,0.486,0.476,0.487,0.458,
0.226,0.12,0.104,0.316,0.092,0.099,0.065,-0.05,0.006,0.076,
-0.128,0.351,0.291,0.275,0.242,0.21,0.147,0.139,0.105,0.151,
0.031,0.534,0.593,0.514,0.46,0.499,0.443,0.487,0.442,0.441,
0.065,0.57,0.535,0.459,0.49,0.499,0.501,0.485,0.479,0.468,
-0.17,0.221,0.359,0.243,0.205,0.137,0.147,0.147,0.231,0.251,
-0.113,0.175,0.349,0.199,0.152,0.081,0.219,0.18,0.197,0.078,
0.1,0.588,0.549,0.524,0.465,0.52,0.482,0.496,0.493,0.475,
0.1,0.169,0.422,0.308,0.248,0.279,0.301,0.167,0.273,0.241,
0.177,0.277,0.295,0.281,0.191,0.218,0.193,0.189,0.241,0.171,
-0.123,0.333,0.259,0.254,0.197,0.072,0.184,0.042,0.246,0.218,
0.038,0.609,0.553,0.527,0.456,0.486,0.497,0.446,0.501,0.482,
0.141,0.45,0.316,0.284,0.215,0.231,0.264,0.244,0.168,0.31,
0.162,0.438,0.374,0.238,0.236,0.232,0.244,0.168,0.249,0.244,
-0.144,0.102,0.096,0.298,0.199,0.249,0.032,0.029,0.107,0.139,
-0.126,0.133,0.265,0.291,0.249,0.16,0.207,0.169,0.117,0.132,
0.0,0.543,0.592,0.52,0.515,0.512,0.556,0.518,0.499,0.503,
-0.093,0.471,0.499,0.461,0.535,0.506,0.506,0.449,0.485,0.468,
0.074,0.343,0.415,0.242,0.288,0.253,0.285,0.236,0.212,0.26,
-0.161,0.269,0.329,0.297,0.253,0.236,0.247,0.148,0.245,0.208,
-0.032,0.398,0.568,0.428,0.449,0.464,0.388,0.442,0.421,0.416,
0.224,0.28,0.347,0.237,0.258,0.206,0.239,0.239,0.156,0.144,
0.202,0.363,0.29,0.31,0.253,0.192,0.314,0.192,0.083,0.212,
-0.128,0.235,0.108,0.235,0.189,0.151,0.101,0.108,0.072,0.195,
-0.014,0.529,0.539,0.531,0.469,0.494,0.493,0.44,0.485,0.45,
0.203,0.302,0.276,0.344,0.199,0.125,0.087,0.154,0.064,0.206,
-0.2,0.34,0.269,0.246,0.264,0.199,0.119,0.19,0.069,0.148,
-0.009,0.551,0.538,0.501,0.467,0.447,0.482,0.428,0.474,0.5,
0.1,0.467,0.604,0.568,0.5,0.483,0.467,0.482,0.443,0.407,
0.113,0.481,0.367,0.302,0.342,0.335,0.284,0.146,0.181,0.284,
0.145,0.341,0.254,0.367,0.301,0.223,0.247,0.154,0.17,0.213,
0.182,0.2,0.057,0.267,0.134,0.24,0.139,0.124,0.155,0.112,
-0.135,0.304,0.274,0.221,0.179,0.179,0.167,0.156,0.083,0.128,
-0.119,0.234,0.219,0.064,0.156,0.235,0.182,0.109,0.084,0.03,
0.035,0.515,0.481,0.531,0.475,0.464,0.473,0.447,0.492,0.486,
0.057,0.574,0.556,0.542,0.47,0.491,0.47,0.532,0.488,0.472,
-0.209,0.311,0.223,0.102,0.107,0.15,0.007,0.099,0.065,0.003,
-0.15,0.199,0.345,0.265,0.282,0.263,0.269,0.209,0.205,0.232,
0.01,0.384,0.537,0.515,0.504,0.53,0.499,0.551,0.485,0.498,
0.146,0.026,0.112,0.164,0.058,0.211,0.098,0.141,0.081,0.16,
-0.234,0.236,0.259,0.234,0.232,0.165,0.12,0.03,0.162,0.093,
0.048,0.538,0.55,0.48,0.473,0.489,0.431,0.467,0.427,0.365,
0.132,0.634,0.585,0.493,0.429,0.487,0.499,0.418,0.48,0.485,
0.181,0.336,0.288,0.24,0.317,0.226,0.202,0.159,0.148,0.242,
-0.177,0.201,0.053,0.291,0.192,0.227,0.232,0.092,0.232,0.086,
-0.202,0.338,0.314,0.162,0.066,0.258,0.211,0.176,0.151,0.19,
0.229,0.187,0.312,0.15,0.081,0.195,0.184,0.169,0.108,0.064,
0.074,0.563,0.484,0.528,0.457,0.458,0.446,0.437,0.473,0.453,
0.135,0.33,0.257,0.335,0.195,0.319,0.164,0.199,0.164,0.134,
-0.183,0.374,0.095,0.196,0.138,0.085,0.06,0.044,0.0,-0.02,
-0.08,0.619,0.529,0.523,0.539,0.526,0.467,0.477,0.535,0.499,
0.162,0.345,0.413,0.274,0.291,0.26,0.301,0.098,0.136,0.191,
0.109,0.343,0.393,0.347,0.258,0.081,0.235,0.129,0.262,0.153,
0.266,0.38,0.158,0.109,0.141,0.293,0.134,0.157,0.101,0.121,
0.074,0.457,0.553,0.503,0.471,0.489,0.431,0.409,0.447,0.421,
0.063,0.453,0.488,0.391,0.324,0.379,0.373,0.335,0.384,0.389,
-0.147,0.253,0.3,0.313,0.215,0.2,0.215,0.163,0.17,0.163,
-0.197,0.264,0.287,0.142,0.083,0.053,0.059,0.117,0.037,0.047,
-0.17,0.368,0.098,0.126,0.249,0.188,0.195,0.114,0.096,0.008,
0.093,0.085,0.31,-0.088,0.156,0.057,0.01,0.057,0.112,0.035,
0.186,0.263,0.318,0.154,0.194,0.182,0.196,0.21,0.161,0.19,
-0.26,0.191,0.22,0.219,0.207,0.101,0.121,0.061,0.149,0.113,
-0.009,0.536,0.452,0.507,0.459,0.483,0.482,0.457,0.45,0.457,
-0.194,0.285,0.395,0.296,0.306,0.255,0.196,0.175,0.207,0.17,
0.055,0.552,0.642,0.531,0.543,0.512,0.482,0.48,0.505,0.551,
-0.029,0.526,0.518,0.581,0.503,0.529,0.542,0.536,0.531,0.488,
0.196,0.33,0.257,0.36,0.246,0.195,0.176,0.131,0.305,0.124,
-0.152,0.368,0.157,0.174,0.186,0.134,0.012,0.127,0.044,0.069,
0.009,0.515,0.562,0.474,0.428,0.504,0.463,0.453,0.412,0.473,
0.089,0.559,0.563,0.459,0.518,0.475,0.435,0.432,0.44,0.407,
0.219,0.031,0.423,0.298,0.179,0.08,0.083,0.149,0.067,0.13,
-0.171,0.38,0.308,0.281,0.342,0.189,0.165,0.116,0.228,0.211,
-0.002,0.566,0.535,0.511,0.487,0.473,0.483,0.497,0.441,0.485,
0.205,0.296,0.282,0.282,0.134,0.204,0.153,0.195,0.164,0.118,
0.219,0.289,0.371,0.3,0.209,0.197,0.244,0.211,0.124,0.201,
-0.054,0.383,0.252,0.214,0.208,0.245,0.218,0.162,0.053,0.155,
0.1,0.58,0.515,0.447,0.455,0.478,0.475,0.463,0.48,0.416,
-0.019,0.584,0.511,0.543,0.548,0.494,0.483,0.496,0.519,0.509,
-0.157,0.147,0.207,0.058,0.073,0.045,-0.031,0.087,0.082,-0.031,
0.253,0.269,0.348,0.131,0.252,0.22,0.187,0.232,0.121,0.216,
-0.021,0.303,0.222,0.279,0.171,0.161,-0.052,0.009,0.13,0.12,
-0.038,0.518,0.559,0.495,0.492,0.412,0.431,0.454,0.429,0.452,
0.193,0.271,0.317,0.099,0.096,0.086,0.122,-0.012,-0.056,0.12,
-0.123,0.318,0.163,0.197,0.193,0.107,0.166,0.137,0.117,0.147,
-0.231,0.294,0.274,0.265,0.173,0.18,0.137,0.194,0.165,0.148,
-0.072,0.25,0.33,0.235,0.205,0.179,0.354,0.228,0.192,0.261,
0.165,0.276,0.259,0.365,0.119,0.172,0.105,0.085,0.073,0.029,
0.185,0.072,0.247,0.224,0.06,0.025,-0.11,-0.012,-0.099,0.025,
0.088,0.606,0.539,0.507,0.461,0.505,0.422,0.507,0.458,0.463,
0.128,0.566,0.475,0.418,0.455,0.427,0.462,0.427,0.377,0.39,
0.169,0.296,0.316,0.222,0.205,0.168,0.161,0.15,0.115,0.125,
-0.206,0.242,0.184,0.279,0.147,0.222,0.211,0.119,0.157,0.098,
-0.156,0.285,0.309,0.173,0.307,0.226,0.197,0.106,0.092,0.104,
0.001,0.51,0.553,0.522,0.489,0.507,0.463,0.481,0.511,0.487,
0.276,0.414,0.282,0.265,0.198,0.253,0.156,0.136,0.243,0.161,
-0.028,0.466,0.576,0.494,0.56,0.499,0.499,0.484,0.521,0.501,
0.061,0.482,0.488,0.532,0.461,0.508,0.5,0.496,0.473,0.461,
-0.061,0.36,0.395,0.285,0.278,0.262,0.228,0.269,0.232,0.265,
-0.224,0.363,0.212,0.333,0.213,0.211,0.217,0.123,0.137,0.172,
-0.023,0.488,0.546,0.414,0.45,0.426,0.448,0.413,0.426,0.455,
0.239,0.238,0.363,0.328,0.311,0.297,0.194,0.3,0.274,0.25,
-0.067,0.325,0.231,0.273,0.257,0.199,0.14,0.164,0.206,0.115,
0.061,0.588,0.592,0.499,0.492,0.461,0.481,0.485,0.474,0.471,
0.048,0.173,0.074,0.29,0.101,0.074,0.033,0.218,0.047,-0.046,
0.123,0.347,0.329,0.356,0.249,0.259,0.23,0.222,0.192,0.148,
0.255,0.393,0.279,0.304,0.221,0.176,0.228,0.215,0.215,0.174,
-0.188,0.271,0.275,0.353,0.294,0.24,0.216,0.221,0.225,0.214,
-0.027,0.509,0.261,0.312,0.492,0.396,0.433,0.358,0.419,0.424,
0.164,0.349,0.321,0.226,0.084,0.311,0.194,0.234,0.153,0.185,
-0.132,0.324,-0.016,0.064,0.093,0.062,0.081,-0.017,0.008,0.076,
0.077,0.435,0.484,0.443,0.519,0.491,0.402,0.448,0.465,0.427,
-0.127,0.384,0.052,0.225,0.119,0.181,0.132,0.19,0.075,0.226,
0.082,0.382,0.158,0.181,0.116,0.147,0.077,0.081,0.11,0.053,
0.207,0.285,0.454,0.339,0.309,0.248,0.21,0.206,0.162,0.284,
0.159,0.22,0.115,0.189,0.205,0.155,0.094,0.097,0.119,0.124,
-0.186,0.306,0.298,0.024,0.13,0.167,0.072,0.039,0.151,0.142,
-0.064,0.589,0.533,0.476,0.433,0.427,0.462,0.424,0.476,0.419,
0.105,0.143,0.485,0.262,0.31,0.233,0.229,0.33,0.308,0.258,
-0.08,0.225,0.192,0.126,0.174,0.167,-0.05,0.115,0.084,0.022,
0.015,0.543,0.589,0.479,0.491,0.456,0.44,0.466,0.437,0.473,
0.086,0.392,0.437,0.559,0.542,0.479,0.46,0.512,0.417,0.49,
0.197,0.417,0.286,0.228,0.03,0.181,-0.028,0.078,0.024,0.137,
-0.115,0.213,0.3,0.226,0.1,0.176,0.069,0.112,0.073,0.093,
0.109,0.598,0.52,0.577,0.53,0.517,0.487,0.51,0.485,0.524,
0.162,0.272,0.293,0.412,0.242,0.247,0.157,0.069,0.142,0.219,
0.174,0.373,0.312,0.259,0.231,0.192,0.211,0.134,0.156,0.181,
-0.188,0.368,0.383,0.254,0.155,0.082,0.131,0.134,0.109,0.175,
-0.231,0.219,0.305,0.193,0.202,0.161,0.127,0.185,0.149,0.204,
-0.154,0.217,0.094,0.16,0.132,0.069,0.158,0.117,0.107,0.138,
-0.131,0.235,0.299,0.141,0.068,0.081,0.143,0.113,0.018,0.009,
0.038,0.564,0.538,0.472,0.492,0.493,0.471,0.451,0.48,0.444,
0.192,0.275,0.302,0.225,0.204,0.281,0.132,0.16,0.202,0.21,
-0.114,0.287,0.315,0.236,0.093,0.239,0.179,0.041,0.104,0.11,
0.137,0.499,0.557,0.538,0.462,0.465,0.487,0.455,0.463,0.442,
0.029,0.45,0.597,0.488,0.527,0.486,0.423,0.421,0.47,0.454,
0.23,0.37,0.349,0.237,0.258,0.272,0.165,0.183,0.156,0.214,
-0.115,0.305,0.138,0.137,0.132,0.094,0.075,0.134,0.099,0.0,
0.081,0.493,0.556,0.519,0.451,0.485,0.459,0.459,0.439,0.461,
0.074,0.247,0.423,0.173,0.276,0.183,0.2,0.214,0.106,0.214,
-0.121,0.129,0.197,0.245,0.334,0.228,0.236,0.24,0.153,0.215,
-0.026,0.56,0.524,0.485,0.489,0.468,0.47,0.469,0.426,0.426,
0.056,0.551,0.6,0.534,0.428,0.532,0.514,0.542,0.522,0.469,
0.085,0.607,0.566,0.557,0.483,0.491,0.476,0.469,0.472,0.451,
0.199,0.109,0.297,0.148,0.353,0.063,0.263,0.128,0.2,0.133,
0.145,0.276,0.343,0.377,0.378,0.3,0.267,0.264,0.247,0.221,
-0.203,0.176,0.262,0.136,0.04,0.116,0.18,0.064,0.129,0.142,
0.055,0.587,0.585,0.503,0.508,0.503,0.482,0.455,0.503,0.453,
0.15,0.389,0.264,0.226,0.201,0.099,0.103,0.149,0.14,0.101,
-0.14,0.266,0.226,0.123,0.145,0.123,0.125,0.05,0.0,0.028,
-0.156,0.366,0.099,0.171,0.204,0.237,0.056,0.035,0.067,0.173,
-0.194,0.283,0.289,0.121,0.264,0.217,0.166,0.096,0.143,0.201,
0.259,0.262,0.356,0.244,0.333,0.137,0.161,0.058,0.156,0.068,
0.19,0.274,0.109,0.126,-0.053,0.148,0.098,0.084,0.101,-0.083,
-0.104,0.189,0.294,0.267,0.152,0.089,0.233,0.108,0.125,0.11,
0.001,0.522,0.567,0.52,0.475,0.419,0.433,0.466,0.429,0.359,
0.161,0.232,0.353,0.117,0.122,0.279,0.132,0.162,0.136,0.112,
-0.158,0.428,0.396,0.279,0.3,0.251,0.286,0.088,0.205,0.262,
0.073,0.563,0.563,0.49,0.451,0.43,0.379,0.456,0.454,0.401,
0.061,0.591,0.565,0.522,0.521,0.518,0.47,0.513,0.505,0.509,
-0.115,0.122,0.395,0.162,0.079,0.226,0.009,0.117,0.179,0.183,
0.055,0.538,0.576,0.586,0.529,0.554,0.542,0.545,0.539,0.513,
0.119,0.056,0.42,0.25,0.253,0.163,0.235,0.279,0.257,0.142,
-0.143,0.292,0.19,0.248,0.255,0.024,0.061,0.136,0.11,0.142,
0.068,0.553,0.559,0.512,0.482,0.422,0.421,0.406,0.411,0.435,
0.019,0.529,0.573,0.497,0.466,0.384,0.415,0.48,0.418,0.488,
0.128,0.596,0.559,0.577,0.509,0.51,0.529,0.494,0.529,0.506,
-0.147,0.316,0.285,0.191,0.165,0.149,0.185,0.135,0.161,0.115,
-0.052,0.353,0.259,0.216,-0.041,0.179,0.173,0.121,0.141,0.098,
0.241,0.356,0.376,0.232,0.214,0.185,0.022,0.22,0.074,0.15,
0.242,0.244,0.39,0.228,0.155,0.146,0.209,0.144,0.139,0.028,
-0.043,0.225,0.307,0.354,0.238,0.214,0.289,0.156,0.197,0.195,
0.025,0.54,0.522,0.54,0.481,0.477,0.476,0.46,0.416,0.451,
-0.027,0.56,0.548,0.556,0.502,0.469,0.451,0.488,0.469,0.436,
0.202,0.306,0.204,0.231,0.261,0.313,0.298,0.192,0.217,0.236,
-0.048,0.327,0.184,0.063,0.2,0.069,0.15,0.243,0.076,0.159,
0.269,0.264,0.189,0.255,0.176,0.061,0.115,0.153,0.122,0.061,
-0.168,0.353,0.256,0.185,0.214,0.153,0.181,0.126,0.126,0.142,
0.087,0.577,0.48,0.493,0.458,0.426,0.423,0.4,0.432,0.431,
0.066,0.25,0.151,0.22,0.284,0.156,0.145,0.179,0.091,0.081,
-0.245,0.105,0.49,0.356,0.314,0.318,0.306,0.337,0.364,0.267,
-0.085,0.08,0.195,0.212,0.156,0.012,0.058,-0.041,-0.035,-0.053,
0.128,0.242,0.35,0.224,0.112,0.198,0.107,0.168,0.206,0.097,
0.074,0.439,0.202,0.202,0.226,0.144,0.178,0.222,0.103,0.231,
-0.198,0.418,0.378,0.271,0.231,0.293,0.182,0.202,0.195,0.231,
0.03,0.587,0.477,0.493,0.413,0.463,0.401,0.412,0.428,0.431,
0.014,0.433,0.547,0.474,0.553,0.488,0.499,0.46,0.449,0.476,
-0.072,0.268,0.191,0.089,-0.022,0.042,0.181,0.073,0.122,0.061,
-0.179,0.257,0.112,0.04,0.138,0.209,0.126,0.073,0.067,0.039,
-0.055,0.57,0.577,0.511,0.459,0.487,0.491,0.446,0.501,0.488,
0.215,0.384,0.326,0.301,0.191,0.227,0.257,0.213,0.219,0.157,
0.161,0.389,0.184,0.172,0.349,0.218,0.241,0.178,0.109,0.218,
0.02,0.417,0.567,0.522,0.562,0.532,0.537,0.526,0.478,0.503,
0.268,0.236,0.327,0.188,0.135,0.062,0.142,-0.007,-0.023,0.068,
-0.201,0.364,0.375,0.332,0.325,0.315,0.324,0.351,0.332,0.29,
0.052,0.532,0.59,0.5,0.5,0.481,0.496,0.513,0.485,0.482,
0.155,0.279,0.263,0.324,0.365,0.249,0.217,0.209,0.237,0.261,
0.174,0.372,0.204,0.108,0.161,0.17,0.239,0.025,0.218,0.115,
-0.109,0.199,0.228,0.172,0.137,0.026,0.141,0.071,0.083,0.152,
0.07,0.315,0.604,0.509,0.531,0.532,0.515,0.514,0.501,0.501,
0.117,0.52,0.592,0.46,0.474,0.49,0.508,0.45,0.476,0.502,
-0.196,0.136,0.185,0.179,0.095,0.138,0.118,-0.085,0.09,0.121,
-0.198,0.276,0.297,0.14,0.219,0.217,0.227,0.229,0.16,0.196,
0.179,0.543,0.476,0.464,0.551,0.499,0.476,0.488,0.453,0.481,
0.08,0.084,0.194,0.104,0.155,0.109,0.182,0.095,0.125,0.074,
0.213,0.296,0.285,0.163,0.193,0.171,0.137,0.078,0.169,0.108,
-0.206,0.069,0.378,0.145,0.115,0.119,0.078,0.009,0.031,0.147,
0.012,0.367,0.492,0.587,0.527,0.502,0.5,0.499,0.469,0.484,
-0.155,0.189,0.31,0.263,0.173,0.168,0.234,0.05,0.132,0.151,
0.253,0.179,0.377,0.221,0.197,0.193,0.127,0.208,0.127,0.145,
0.231,0.27,0.205,0.14,0.038,0.091,0.0,0.049,0.063,0.049,
-0.18,0.17,0.143,0.396,0.161,0.13,0.238,0.166,0.148,0.094,
0.038,0.515,0.608,0.509,0.503,0.537,0.498,0.485,0.492,0.525,
0.079,0.508,0.605,0.53,0.473,0.455,0.493,0.464,0.486,0.481,
-0.102,0.151,0.174,0.201,0.262,0.172,0.144,0.198,0.178,0.201,
-0.158,0.095,0.239,0.157,-0.036,0.141,0.187,0.029,0.087,-0.01,
-0.056,0.537,0.535,0.445,0.505,0.492,0.478,0.47,0.44,0.484,
0.178,0.24,0.274,0.264,0.199,0.187,0.201,0.222,0.158,0.201,
0.181,0.138,0.265,0.084,0.044,0.155,0.025,0.163,0.025,0.027,
0.083,0.435,0.547,0.515,0.493,0.466,0.465,0.475,0.469,0.438,
0.057,0.607,0.577,0.489,0.57,0.549,0.545,0.483,0.575,0.542,
0.225,0.357,0.298,0.22,0.186,0.234,0.08,0.194,0.222,0.176,
-0.121,0.183,0.06,0.088,0.198,0.158,0.264,0.171,0.126,0.192,
-0.16,0.374,0.234,0.165,0.059,0.115,0.11,-0.015,0.054,0.049,
0.191,0.416,0.257,0.291,0.277,0.235,0.071,0.115,0.252,0.167,
0.041,0.552,0.54,0.459,0.488,0.455,0.448,0.435,0.461,0.43,
-0.043,0.529,0.515,0.473,0.455,0.481,0.471,0.466,0.43,0.461,
0.101,0.573,0.564,0.476,0.455,0.48,0.455,0.452,0.397,0.462,
0.03,0.228,0.449,0.164,0.327,0.153,0.164,0.237,0.182,0.142,
-0.17,0.349,0.223,0.271,0.28,0.106,0.119,0.129,0.204,0.169,
0.053,0.567,0.603,0.514,0.503,0.493,0.506,0.475,0.449,0.502,
0.049,0.348,0.327,0.189,0.192,0.08,0.165,0.157,0.232,0.157,
-0.271,0.236,0.33,0.225,0.108,0.14,0.19,0.111,0.217,0.135,
0.011,0.576,0.506,0.465,0.544,0.455,0.472,0.455,0.514,0.494,
0.065,0.564,0.504,0.468,0.469,0.408,0.395,0.37,0.406,0.424,
0.231,0.191,0.267,0.132,0.147,0.128,0.193,0.092,0.035,0.113,
-0.135,0.099,0.135,0.337,0.248,0.166,0.214,0.169,0.13,0.202,
0.017,0.582,0.588,0.543,0.468,0.502,0.564,0.504,0.527,0.513,
-0.004,0.531,0.502,0.513,0.46,0.495,0.484,0.498,0.471,0.501,
0.202,0.371,0.394,0.194,0.241,0.2,0.143,0.158,0.214,0.232,
0.083,0.119,0.327,0.189,0.227,0.045,0.176,0.158,0.147,0.18,
-0.12,0.229,0.292,0.406,0.236,0.374,0.269,0.161,0.22,0.294,
-0.122,0.3,0.203,0.174,0.225,0.235,0.154,0.132,0.105,0.121,
0.107,0.289,0.256,0.386,0.309,0.226,0.205,0.24,0.198,0.23,
0.127,0.33,0.364,0.253,0.165,0.283,0.278,0.245,0.159,0.189,
-0.209,0.335,0.349,0.175,0.343,0.282,0.301,0.278,0.169,0.259,
-0.025,0.292,0.384,0.219,0.057,0.095,0.14,0.223,0.152,0.101,
0.044,0.459,0.528,0.459,0.504,0.48,0.462,0.448,0.434,0.452,
0.175,0.282,0.358,0.236,0.148,0.209,0.182,0.207,0.141,0.129,
-0.164,0.027,0.228,0.427,0.315,0.307,0.235,0.266,0.155,0.111,
0.123,0.49,0.387,0.454,0.499,0.436,0.433,0.461,0.46,0.43,
-0.061,0.503,0.455,0.525,0.499,0.429,0.419,0.421,0.425,0.453,
-0.098,0.133,0.237,0.304,0.167,0.081,0.076,0.046,0.125,0.073,
-0.099,0.108,0.045,0.165,0.181,0.163,0.059,0.147,0.038,0.151,
-0.166,0.307,0.373,0.314,0.252,0.172,0.24,0.204,0.258,0.238,
0.023,0.186,0.292,0.245,0.224,0.218,0.111,0.156,0.094,0.135,
0.119,0.638,0.556,0.547,0.583,0.545,0.557,0.53,0.501,0.546,
0.062,0.527,0.579,0.506,0.477,0.461,0.447,0.484,0.46,0.426,
0.123,0.1,0.204,0.21,0.265,0.156,0.188,0.123,0.08,0.084,
-0.17,0.286,0.375,0.125,0.145,0.251,0.174,0.164,0.205,0.061,
-0.019,0.539,0.573,0.491,0.431,0.501,0.451,0.463,0.448,0.452,
-0.001,0.349,0.378,0.285,0.348,0.187,0.141,0.226,0.2,0.111,
0.284,0.38,0.237,0.102,0.138,0.227,0.151,0.205,0.128,0.185,
-0.076,0.15,0.145,0.222,0.134,0.127,0.136,0.043,-0.021,0.056,
0.078,0.518,0.549,0.526,0.41,0.477,0.518,0.509,0.47,0.45,
0.116,0.493,0.55,0.541,0.505,0.477,0.477,0.497,0.515,0.484,
0.232,0.349,0.277,0.227,0.199,0.158,0.251,0.187,0.16,0.105,
-0.162,0.198,0.16,0.331,0.126,0.04,0.026,0.11,0.124,0.031,
0.069,0.538,0.523,0.58,0.498,0.523,0.501,0.48,0.467,0.479,
0.158,0.308,0.173,0.192,0.194,0.128,0.181,0.214,0.179,0.185,
-0.145,0.43,0.221,0.244,0.209,0.138,0.155,0.159,0.143,0.186,
-0.179,0.244,0.322,0.254,0.029,0.163,0.161,0.186,0.216,0.207,


