

Data analysis for each instance 
AVG,MED,MAX,MIN
NaN,-1,-1,-1,NaN,-1,-1,NaN,NaN,NaN,
NaN,-1,-1,-1,-1,-1,-1,-1,-1,-1,
NaN,-1,-1,-1,NaN,-1,-1,NaN,NaN,NaN,
NaN,-1,-1,-1,-1,-1,-1,-1,-1,-1,
NaN,-1,-1,-1,-1,-1,-1,-1,-1,-1,
NaN,-1,-1,-1,NaN,-1,-1,-1,-1,-1,
NaN,-1,-1,-1,-1,-1,-1,-1,-1,-1,
NaN,-1,-1,-1,-1,-1,-1,-1,-1,-1,
NaN,-1,-1,-1,-1,-1,-1,-1,-1,-1,
NaN,-1,-1,-1,-1,-1,-1,-1,-1,-1,
NaN,-1,-1,-1,-1,-1,NaN,-1,NaN,-1,
NaN,-1,-1,-1,-1,-1,-1,-1,-1,-1,
NaN,NaN,-1,-1,-1,-1,-1,-1,-1,NaN,
NaN,-1,-1,-1,NaN,-1,NaN,NaN,-1,NaN,
NaN,-1,-1,-1,-1,-1,-1,NaN,-1,-1,
NaN,-1,-1,-1,-1,-1,-1,-1,-1,-1,
NaN,-1,-1,-1,-1,-1,-1,-1,-1,-1,
NaN,-1,-1,-1,-1,-1,-1,-1,-1,-1,
NaN,-1,NaN,NaN,-1,NaN,-1,-1,-1,-1,
NaN,-1,-1,NaN,-1,-1,-1,-1,-1,-1,
NaN,-1,-1,-1,-1,-1,-1,-1,-1,-1,
NaN,-1,-1,-1,-1,-1,-1,-1,-1,-1,
NaN,-1,-1,-1,NaN,-1,-1,NaN,NaN,NaN,
NaN,-1,-1,-1,-1,-1,-1,-1,-1,-1,
NaN,-1,-1,-1,-1,-1,-1,-1,-1,-1,
NaN,-1,-1,-1,-1,-1,-1,-1,-1,-1,
NaN,-1,-1,NaN,NaN,NaN,NaN,NaN,NaN,NaN,
NaN,-1,-1,-1,-1,-1,-1,-1,-1,-1,
NaN,-1,-1,-1,-1,-1,-1,-1,-1,-1,
NaN,-1,-1,-1,-1,-1,-1,-1,-1,-1,
NaN,-1,-1,-1,-1,-1,-1,-1,-1,-1,
NaN,-1,-1,-1,-1,-1,-1,-1,-1,-1,
NaN,-1,-1,-1,-1,-1,-1,-1,-1,-1,
NaN,-1,-1,-1,-1,-1,-1,NaN,-1,NaN,
NaN,-1,-1,-1,-1,-1,-1,-1,-1,-1,
NaN,-1,-1,-1,-1,NaN,-1,-1,-1,-1,
NaN,-1,-1,-1,-1,-1,-1,-1,-1,-1,
NaN,-1,-1,NaN,NaN,NaN,-1,-1,-1,NaN,
NaN,-1,-1,-1,-1,-1,-1,-1,-1,-1,
NaN,-1,-1,-1,NaN,-1,NaN,-1,-1,NaN,
NaN,-1,-1,-1,-1,-1,-1,-1,-1,NaN,
NaN,NaN,-1,-1,-1,NaN,-1,-1,-1,-1,
NaN,NaN,NaN,NaN,NaN,NaN,NaN,NaN,NaN,NaN,
NaN,NaN,NaN,NaN,NaN,NaN,NaN,NaN,NaN,NaN,
NaN,-1,-1,-1,-1,-1,-1,-1,-1,-1,
NaN,-1,-1,-1,-1,-1,-1,-1,-1,-1,
NaN,-1,-1,-1,-1,NaN,NaN,-1,-1,-1,
NaN,-1,-1,-1,-1,-1,-1,-1,-1,-1,
NaN,-1,-1,-1,-1,-1,-1,-1,-1,-1,
NaN,-1,-1,NaN,-1,-1,NaN,-1,-1,-1,
NaN,-1,-1,-1,-1,-1,-1,-1,-1,-1,
NaN,NaN,-1,-1,-1,NaN,-1,-1,-1,-1,
NaN,-1,-1,-1,-1,-1,-1,-1,-1,-1,
NaN,-1,-1,-1,-1,-1,-1,-1,-1,-1,
NaN,-1,-1,-1,-1,-1,-1,-1,-1,-1,
NaN,-1,-1,-1,-1,-1,-1,-1,-1,-1,
NaN,-1,-1,-1,-1,-1,-1,-1,NaN,NaN,
NaN,-1,-1,-1,-1,-1,-1,-1,-1,-1,
NaN,-1,NaN,-1,-1,NaN,-1,NaN,NaN,-1,
NaN,-1,-1,-1,-1,-1,-1,-1,-1,-1,
NaN,NaN,NaN,NaN,NaN,NaN,NaN,NaN,NaN,NaN,
NaN,-1,-1,-1,NaN,NaN,-1,-1,-1,-1,
NaN,-1,-1,-1,-1,-1,-1,-1,-1,-1,
NaN,-1,-1,-1,-1,NaN,-1,NaN,-1,NaN,
NaN,-1,-1,-1,-1,-1,-1,-1,-1,-1,
NaN,-1,-1,-1,NaN,-1,NaN,-1,-1,-1,
NaN,-1,-1,-1,-1,-1,-1,-1,-1,-1,
NaN,-1,-1,-1,NaN,-1,NaN,-1,-1,NaN,
NaN,-1,-1,-1,-1,-1,-1,-1,-1,-1,
NaN,-1,-1,-1,-1,-1,-1,-1,-1,-1,
NaN,-1,-1,-1,-1,-1,-1,-1,-1,-1,
NaN,-1,-1,-1,-1,-1,-1,-1,-1,-1,
NaN,-1,-1,-1,-1,NaN,-1,-1,-1,-1,
NaN,-1,-1,-1,-1,NaN,-1,NaN,-1,-1,
NaN,-1,-1,-1,-1,-1,-1,-1,-1,-1,
NaN,-1,-1,-1,-1,-1,-1,-1,-1,-1,
NaN,-1,-1,-1,-1,NaN,-1,-1,NaN,-1,
NaN,-1,-1,-1,-1,-1,-1,-1,-1,NaN,
NaN,-1,-1,-1,-1,-1,-1,-1,-1,-1,
NaN,-1,-1,-1,-1,-1,-1,-1,-1,-1,
NaN,-1,-1,-1,-1,-1,NaN,NaN,NaN,NaN,
NaN,-1,-1,-1,-1,-1,-1,-1,-1,-1,
NaN,-1,NaN,-1,-1,-1,-1,-1,-1,-1,
NaN,-1,-1,-1,-1,-1,-1,-1,-1,-1,
NaN,-1,-1,-1,-1,-1,-1,-1,-1,NaN,
NaN,-1,-1,-1,-1,-1,-1,-1,-1,-1,
NaN,NaN,NaN,NaN,NaN,NaN,NaN,NaN,NaN,NaN,
NaN,NaN,NaN,-1,-1,-1,-1,-1,NaN,NaN,
NaN,-1,NaN,NaN,NaN,NaN,NaN,NaN,NaN,NaN,
NaN,-1,-1,-1,-1,-1,-1,-1,-1,-1,
NaN,-1,-1,-1,-1,-1,-1,-1,-1,-1,
NaN,-1,-1,-1,-1,-1,-1,-1,-1,-1,
NaN,-1,-1,-1,-1,-1,-1,-1,-1,-1,
NaN,-1,-1,-1,-1,-1,-1,NaN,-1,NaN,
NaN,NaN,NaN,NaN,NaN,NaN,-1,NaN,-1,-1,
NaN,-1,-1,NaN,-1,-1,-1,NaN,-1,-1,
NaN,-1,-1,-1,-1,-1,-1,-1,-1,-1,
NaN,-1,-1,-1,-1,-1,-1,-1,-1,-1,
NaN,-1,-1,NaN,NaN,NaN,-1,NaN,NaN,NaN,
NaN,-1,-1,-1,-1,-1,-1,-1,-1,-1,
NaN,NaN,-1,-1,-1,-1,-1,NaN,-1,-1,
NaN,-1,-1,-1,-1,-1,-1,-1,-1,-1,
NaN,-1,-1,-1,-1,-1,-1,-1,-1,-1,
NaN,-1,-1,-1,NaN,-1,NaN,-1,-1,-1,
NaN,-1,-1,-1,-1,-1,-1,-1,-1,-1,
NaN,-1,-1,-1,-1,-1,-1,-1,-1,-1,
NaN,-1,-1,-1,-1,-1,NaN,-1,-1,NaN,
NaN,-1,-1,-1,-1,NaN,NaN,-1,-1,-1,
NaN,-1,-1,-1,-1,NaN,-1,-1,-1,-1,
NaN,-1,NaN,-1,-1,-1,NaN,-1,NaN,NaN,
NaN,-1,-1,-1,-1,-1,-1,-1,-1,-1,
NaN,-1,-1,-1,-1,NaN,-1,NaN,NaN,NaN,
NaN,-1,-1,-1,-1,-1,-1,NaN,-1,NaN,
NaN,-1,-1,-1,-1,-1,-1,-1,-1,-1,
NaN,-1,-1,-1,-1,-1,-1,-1,-1,-1,
NaN,-1,NaN,-1,-1,-1,-1,-1,-1,NaN,
NaN,-1,-1,-1,-1,-1,-1,-1,-1,-1,
NaN,-1,NaN,NaN,-1,NaN,-1,NaN,NaN,NaN,
NaN,-1,NaN,-1,-1,-1,-1,-1,-1,-1,
NaN,-1,-1,-1,-1,-1,-1,-1,-1,-1,
NaN,-1,-1,NaN,-1,-1,-1,-1,-1,NaN,
NaN,-1,-1,-1,-1,-1,-1,-1,-1,-1,
NaN,-1,-1,-1,-1,-1,-1,-1,-1,-1,
NaN,-1,-1,-1,-1,-1,NaN,-1,-1,-1,
NaN,-1,-1,-1,-1,-1,-1,-1,-1,-1,
NaN,-1,-1,-1,-1,-1,-1,-1,-1,-1,
NaN,-1,-1,-1,-1,-1,-1,-1,-1,-1,
NaN,-1,-1,-1,-1,-1,-1,-1,-1,NaN,
NaN,-1,-1,-1,-1,-1,-1,-1,-1,-1,
NaN,-1,-1,-1,-1,-1,-1,-1,-1,-1,
NaN,-1,-1,-1,-1,-1,-1,-1,-1,-1,
NaN,-1,-1,-1,-1,-1,-1,-1,-1,-1,
NaN,-1,-1,-1,NaN,NaN,-1,-1,-1,-1,
NaN,NaN,NaN,NaN,NaN,NaN,NaN,NaN,NaN,NaN,
NaN,-1,-1,-1,-1,-1,-1,-1,-1,-1,
NaN,-1,-1,-1,-1,-1,-1,NaN,-1,-1,
NaN,NaN,NaN,NaN,NaN,NaN,NaN,NaN,NaN,NaN,
NaN,-1,-1,-1,NaN,-1,-1,-1,-1,-1,
NaN,-1,-1,-1,-1,-1,-1,-1,-1,-1,
NaN,-1,-1,-1,-1,-1,-1,-1,-1,-1,
NaN,-1,-1,-1,-1,-1,-1,-1,-1,-1,
NaN,NaN,-1,-1,-1,-1,NaN,-1,-1,-1,
NaN,-1,-1,-1,-1,-1,-1,-1,-1,-1,
NaN,-1,-1,-1,-1,-1,-1,-1,-1,-1,
NaN,-1,-1,-1,-1,NaN,-1,-1,-1,-1,
NaN,-1,-1,-1,-1,-1,-1,-1,-1,NaN,
NaN,-1,-1,-1,-1,-1,-1,-1,-1,-1,
NaN,-1,-1,-1,-1,-1,-1,-1,-1,-1,
NaN,-1,-1,NaN,-1,NaN,-1,-1,-1,NaN,
NaN,-1,-1,-1,-1,NaN,-1,-1,-1,-1,
NaN,NaN,NaN,NaN,NaN,NaN,NaN,NaN,NaN,NaN,
NaN,-1,-1,-1,-1,-1,-1,-1,-1,-1,
NaN,-1,-1,-1,-1,-1,-1,-1,-1,-1,
NaN,-1,-1,-1,-1,-1,-1,-1,-1,-1,
NaN,-1,-1,-1,-1,-1,-1,-1,-1,-1,
NaN,-1,-1,-1,-1,-1,-1,-1,-1,-1,
NaN,-1,-1,-1,-1,-1,-1,-1,-1,-1,
NaN,-1,-1,-1,-1,-1,-1,-1,-1,-1,
NaN,NaN,NaN,-1,NaN,NaN,NaN,-1,NaN,NaN,
NaN,-1,-1,-1,-1,-1,NaN,-1,-1,-1,
NaN,-1,-1,-1,-1,-1,-1,-1,-1,-1,
NaN,-1,-1,-1,-1,-1,NaN,NaN,NaN,-1,
NaN,NaN,NaN,NaN,NaN,NaN,NaN,NaN,NaN,NaN,
NaN,NaN,NaN,-1,-1,NaN,-1,-1,-1,NaN,
NaN,-1,-1,-1,-1,-1,-1,-1,-1,-1,
NaN,-1,-1,-1,-1,-1,-1,-1,-1,-1,
NaN,-1,-1,-1,-1,-1,-1,-1,-1,-1,
NaN,-1,-1,-1,-1,-1,-1,-1,-1,-1,
NaN,-1,-1,-1,-1,-1,-1,-1,-1,-1,
NaN,-1,-1,-1,-1,NaN,NaN,-1,-1,-1,
NaN,-1,-1,-1,-1,-1,-1,-1,-1,-1,
NaN,-1,-1,-1,-1,-1,-1,-1,-1,-1,
NaN,-1,NaN,NaN,-1,-1,NaN,NaN,-1,NaN,
NaN,-1,-1,-1,-1,-1,-1,-1,-1,-1,
NaN,-1,-1,-1,-1,-1,-1,-1,-1,-1,
NaN,NaN,NaN,NaN,NaN,NaN,NaN,NaN,NaN,NaN,
NaN,-1,-1,-1,NaN,-1,-1,-1,-1,-1,
NaN,-1,-1,-1,-1,-1,-1,-1,-1,-1,
NaN,-1,-1,-1,-1,NaN,NaN,NaN,-1,-1,
NaN,-1,-1,NaN,-1,-1,-1,-1,-1,-1,
NaN,-1,-1,-1,-1,-1,-1,-1,-1,-1,
NaN,-1,-1,NaN,-1,-1,NaN,-1,-1,NaN,
NaN,-1,-1,-1,NaN,-1,-1,-1,-1,-1,
NaN,-1,-1,-1,-1,-1,-1,-1,-1,-1,
NaN,-1,-1,-1,-1,-1,-1,NaN,NaN,NaN,
NaN,-1,-1,-1,-1,-1,-1,-1,-1,-1,
NaN,-1,-1,-1,-1,-1,-1,-1,-1,NaN,
NaN,-1,-1,-1,-1,-1,-1,-1,-1,NaN,
NaN,-1,NaN,-1,NaN,-1,-1,-1,-1,-1,
NaN,-1,-1,-1,-1,-1,-1,-1,-1,-1,
NaN,-1,-1,-1,-1,NaN,-1,-1,-1,NaN,
NaN,-1,-1,-1,-1,-1,-1,-1,-1,-1,
NaN,-1,-1,-1,-1,-1,-1,-1,-1,-1,
NaN,-1,-1,-1,-1,-1,-1,-1,-1,NaN,
NaN,-1,-1,-1,-1,-1,-1,-1,-1,-1,
NaN,-1,-1,-1,-1,-1,-1,-1,-1,-1,
NaN,-1,-1,NaN,-1,NaN,NaN,NaN,NaN,-1,
NaN,-1,-1,-1,-1,-1,-1,-1,-1,-1,
NaN,-1,-1,-1,-1,-1,-1,-1,-1,-1,
NaN,-1,-1,-1,-1,-1,-1,-1,-1,-1,
NaN,-1,-1,-1,-1,-1,-1,-1,-1,-1,
NaN,NaN,NaN,-1,-1,-1,-1,-1,-1,-1,
NaN,-1,-1,-1,-1,-1,-1,-1,NaN,-1,
NaN,NaN,-1,-1,-1,-1,NaN,-1,NaN,NaN,
NaN,-1,-1,NaN,NaN,-1,-1,-1,NaN,NaN,
NaN,-1,-1,-1,-1,-1,-1,-1,-1,-1,
NaN,-1,-1,-1,-1,-1,NaN,-1,NaN,-1,
NaN,-1,-1,-1,-1,-1,-1,-1,-1,-1,
NaN,NaN,NaN,-1,-1,NaN,-1,-1,-1,-1,
NaN,-1,-1,-1,NaN,-1,NaN,-1,-1,-1,
NaN,-1,-1,-1,-1,NaN,NaN,NaN,NaN,NaN,
NaN,-1,-1,-1,-1,-1,-1,-1,-1,-1,
NaN,-1,-1,-1,-1,-1,-1,-1,-1,-1,
NaN,-1,-1,-1,-1,-1,-1,-1,-1,-1,
NaN,NaN,-1,NaN,-1,-1,NaN,NaN,-1,-1,
NaN,-1,-1,-1,-1,-1,-1,-1,-1,-1,
NaN,-1,-1,NaN,-1,-1,NaN,-1,NaN,NaN,
NaN,NaN,NaN,NaN,NaN,NaN,NaN,NaN,NaN,NaN,
NaN,-1,-1,-1,-1,-1,-1,-1,-1,-1,
NaN,-1,-1,-1,-1,-1,-1,-1,NaN,NaN,
NaN,NaN,NaN,-1,NaN,NaN,NaN,NaN,NaN,NaN,
NaN,-1,-1,-1,-1,-1,-1,NaN,NaN,-1,
NaN,NaN,-1,-1,-1,-1,NaN,-1,-1,-1,
NaN,-1,-1,-1,-1,-1,-1,-1,-1,-1,
NaN,-1,-1,-1,-1,-1,-1,-1,-1,-1,
NaN,-1,NaN,-1,-1,-1,-1,-1,-1,-1,
NaN,-1,-1,-1,-1,-1,-1,-1,-1,-1,
NaN,-1,-1,-1,-1,-1,-1,-1,-1,-1,
NaN,-1,-1,-1,-1,-1,-1,-1,-1,-1,
NaN,-1,-1,-1,NaN,NaN,-1,-1,-1,-1,
NaN,-1,-1,-1,-1,-1,-1,-1,-1,-1,
NaN,-1,-1,-1,-1,-1,-1,-1,-1,-1,
NaN,-1,-1,-1,-1,-1,-1,-1,-1,-1,
NaN,-1,-1,-1,-1,-1,-1,-1,-1,-1,
NaN,-1,-1,-1,-1,-1,-1,-1,-1,-1,
NaN,-1,-1,-1,-1,-1,-1,-1,-1,-1,
NaN,NaN,NaN,NaN,NaN,NaN,NaN,NaN,NaN,NaN,
NaN,-1,-1,-1,-1,-1,-1,-1,-1,-1,
NaN,-1,-1,-1,-1,-1,-1,-1,-1,-1,
NaN,-1,-1,-1,-1,-1,-1,-1,-1,-1,
NaN,NaN,-1,-1,-1,-1,-1,-1,-1,-1,
NaN,-1,-1,-1,-1,-1,-1,-1,NaN,NaN,
NaN,-1,-1,-1,-1,NaN,-1,-1,NaN,-1,
NaN,-1,-1,-1,-1,-1,-1,-1,-1,-1,
NaN,NaN,-1,NaN,NaN,-1,NaN,NaN,-1,NaN,
NaN,-1,-1,-1,-1,-1,-1,-1,-1,-1,
NaN,-1,-1,-1,-1,-1,-1,-1,-1,-1,
NaN,-1,-1,-1,-1,-1,-1,-1,-1,-1,
NaN,-1,-1,-1,-1,-1,-1,-1,-1,-1,
NaN,-1,NaN,NaN,NaN,NaN,NaN,NaN,NaN,NaN,
NaN,-1,-1,-1,NaN,-1,-1,-1,-1,-1,
NaN,NaN,-1,-1,-1,-1,-1,-1,-1,NaN,
NaN,-1,-1,-1,-1,-1,-1,-1,-1,-1,
NaN,-1,-1,-1,-1,-1,-1,-1,-1,NaN,
NaN,-1,-1,-1,-1,-1,-1,-1,-1,-1,
NaN,-1,-1,-1,-1,-1,-1,-1,-1,-1,
NaN,-1,-1,-1,-1,-1,-1,-1,-1,-1,
NaN,-1,-1,-1,-1,-1,-1,-1,-1,-1,
NaN,-1,-1,-1,-1,-1,-1,NaN,NaN,NaN,
NaN,-1,-1,NaN,-1,NaN,NaN,-1,-1,NaN,
NaN,-1,-1,-1,-1,-1,-1,-1,-1,-1,
NaN,-1,-1,-1,-1,-1,-1,-1,-1,-1,
NaN,-1,-1,-1,-1,-1,NaN,-1,-1,-1,
NaN,-1,-1,-1,-1,-1,NaN,-1,-1,-1,
NaN,-1,-1,-1,-1,-1,-1,-1,-1,-1,
NaN,-1,-1,-1,-1,-1,-1,-1,-1,-1,
NaN,NaN,-1,-1,-1,-1,-1,-1,-1,-1,
NaN,-1,-1,-1,-1,-1,-1,-1,-1,-1,
NaN,-1,-1,-1,-1,-1,-1,-1,-1,-1,
NaN,-1,-1,-1,-1,-1,-1,-1,-1,-1,
NaN,-1,-1,-1,-1,-1,-1,-1,-1,-1,
NaN,-1,-1,-1,-1,-1,-1,-1,-1,-1,
NaN,-1,-1,-1,-1,-1,-1,NaN,-1,-1,
NaN,-1,-1,-1,-1,-1,-1,-1,-1,-1,
NaN,-1,-1,-1,-1,-1,-1,-1,-1,NaN,
NaN,-1,-1,-1,-1,-1,-1,-1,-1,-1,
NaN,-1,NaN,-1,-1,-1,-1,-1,-1,-1,
NaN,-1,-1,-1,NaN,NaN,-1,NaN,-1,NaN,
NaN,-1,-1,-1,-1,-1,-1,-1,-1,-1,
NaN,-1,-1,NaN,NaN,-1,-1,-1,-1,-1,
NaN,-1,-1,-1,-1,-1,-1,-1,-1,-1,
NaN,-1,-1,-1,-1,-1,-1,-1,-1,-1,
NaN,-1,-1,-1,-1,-1,-1,-1,-1,-1,
NaN,-1,NaN,-1,NaN,-1,-1,-1,NaN,NaN,
NaN,-1,-1,-1,-1,NaN,-1,-1,-1,-1,
NaN,-1,-1,-1,-1,-1,-1,-1,NaN,NaN,
NaN,-1,-1,NaN,-1,-1,-1,-1,NaN,-1,
NaN,-1,-1,-1,-1,-1,-1,-1,-1,-1,
NaN,-1,-1,-1,-1,-1,-1,-1,-1,-1,
NaN,-1,-1,NaN,NaN,NaN,-1,-1,-1,-1,
NaN,-1,-1,-1,-1,-1,-1,-1,-1,-1,
NaN,-1,-1,-1,-1,-1,-1,-1,-1,-1,
NaN,NaN,-1,-1,-1,-1,-1,-1,-1,-1,
NaN,-1,-1,-1,-1,-1,NaN,-1,NaN,-1,
NaN,-1,-1,NaN,-1,-1,NaN,-1,-1,-1,
NaN,NaN,NaN,NaN,NaN,NaN,NaN,NaN,NaN,NaN,
NaN,-1,-1,-1,-1,-1,-1,-1,-1,-1,
NaN,-1,NaN,-1,-1,-1,-1,-1,-1,-1,
NaN,NaN,NaN,-1,-1,-1,-1,NaN,NaN,-1,
NaN,-1,-1,-1,-1,-1,-1,-1,-1,-1,
NaN,-1,-1,-1,-1,-1,-1,-1,-1,-1,
NaN,-1,-1,-1,-1,-1,-1,-1,-1,-1,
NaN,-1,NaN,NaN,-1,-1,NaN,-1,NaN,NaN,
NaN,-1,-1,-1,-1,NaN,-1,-1,-1,-1,
NaN,NaN,NaN,NaN,NaN,NaN,NaN,NaN,NaN,NaN,
NaN,-1,-1,-1,-1,NaN,NaN,-1,-1,-1,
NaN,-1,-1,-1,-1,-1,-1,-1,-1,-1,
NaN,-1,-1,-1,-1,-1,-1,-1,-1,-1,
NaN,-1,-1,-1,-1,-1,-1,-1,-1,-1,
NaN,-1,-1,-1,-1,-1,-1,-1,-1,-1,
NaN,-1,-1,-1,-1,NaN,NaN,-1,-1,-1,
NaN,-1,-1,-1,-1,-1,-1,-1,-1,-1,
NaN,-1,-1,-1,-1,-1,-1,-1,-1,-1,
NaN,-1,-1,-1,-1,-1,-1,-1,-1,-1,
NaN,-1,-1,-1,-1,NaN,-1,-1,NaN,-1,
NaN,-1,-1,-1,-1,NaN,-1,-1,-1,-1,
NaN,-1,-1,-1,NaN,-1,-1,-1,-1,NaN,
NaN,-1,-1,-1,-1,-1,-1,-1,-1,-1,
NaN,-1,-1,-1,-1,-1,-1,-1,-1,-1,
NaN,-1,-1,-1,-1,-1,-1,-1,-1,-1,
NaN,-1,-1,-1,-1,-1,-1,-1,NaN,NaN,
NaN,-1,-1,-1,-1,-1,-1,-1,-1,-1,
NaN,-1,-1,-1,-1,NaN,-1,NaN,-1,-1,
NaN,-1,-1,-1,-1,-1,-1,-1,-1,-1,
NaN,-1,-1,-1,-1,-1,-1,-1,-1,-1,
NaN,NaN,NaN,NaN,-1,-1,-1,-1,-1,-1,
NaN,-1,-1,-1,-1,-1,-1,-1,-1,-1,
NaN,NaN,-1,NaN,NaN,-1,NaN,-1,-1,-1,
NaN,NaN,-1,-1,-1,-1,-1,-1,-1,-1,
NaN,-1,-1,-1,-1,-1,-1,-1,-1,-1,
NaN,-1,NaN,-1,-1,-1,NaN,NaN,NaN,-1,
NaN,-1,-1,-1,-1,-1,-1,-1,-1,-1,
NaN,-1,-1,-1,NaN,-1,NaN,NaN,-1,-1,
NaN,-1,-1,-1,-1,NaN,NaN,NaN,-1,-1,
NaN,-1,-1,-1,NaN,NaN,NaN,NaN,NaN,NaN,
NaN,-1,NaN,-1,-1,NaN,-1,-1,-1,-1,
NaN,-1,-1,NaN,NaN,-1,NaN,-1,-1,-1,
NaN,-1,-1,-1,-1,-1,-1,-1,-1,-1,
NaN,-1,-1,-1,-1,-1,-1,-1,-1,-1,
NaN,-1,-1,-1,-1,-1,-1,-1,-1,-1,
NaN,-1,-1,-1,-1,-1,-1,-1,-1,-1,
NaN,NaN,-1,-1,-1,NaN,-1,NaN,-1,-1,
NaN,-1,-1,-1,-1,-1,-1,NaN,-1,-1,
NaN,-1,-1,NaN,-1,-1,NaN,-1,-1,-1,
NaN,-1,-1,-1,-1,-1,-1,-1,-1,-1,
NaN,NaN,-1,-1,-1,-1,-1,-1,-1,-1,
NaN,-1,-1,-1,-1,-1,-1,-1,-1,NaN,
NaN,-1,-1,-1,-1,-1,-1,-1,-1,-1,
NaN,-1,-1,-1,-1,-1,-1,-1,-1,-1,
NaN,-1,-1,-1,-1,-1,-1,-1,-1,-1,
NaN,-1,-1,-1,-1,-1,-1,-1,-1,-1,
NaN,-1,-1,-1,-1,-1,-1,-1,-1,-1,
NaN,NaN,-1,NaN,-1,-1,NaN,-1,NaN,NaN,
NaN,-1,-1,-1,-1,-1,-1,-1,-1,-1,
NaN,-1,-1,-1,-1,-1,-1,-1,-1,-1,
NaN,-1,-1,-1,-1,-1,-1,-1,-1,-1,
NaN,-1,-1,-1,-1,-1,NaN,-1,-1,-1,
NaN,-1,-1,-1,-1,-1,-1,-1,-1,NaN,
NaN,-1,-1,-1,-1,-1,-1,-1,-1,-1,
NaN,-1,-1,-1,-1,-1,-1,-1,-1,-1,
NaN,-1,-1,-1,-1,-1,-1,-1,NaN,-1,
NaN,-1,-1,-1,-1,-1,-1,-1,-1,-1,
NaN,-1,NaN,-1,NaN,-1,-1,-1,-1,-1,
NaN,-1,-1,-1,-1,-1,-1,-1,-1,-1,
NaN,NaN,NaN,NaN,NaN,NaN,NaN,NaN,NaN,-1,
NaN,-1,NaN,NaN,NaN,NaN,NaN,NaN,NaN,NaN,
NaN,-1,-1,-1,-1,-1,-1,-1,-1,-1,
NaN,-1,-1,-1,-1,-1,-1,-1,-1,-1,
NaN,-1,-1,-1,-1,NaN,-1,NaN,NaN,-1,
NaN,-1,-1,-1,-1,-1,-1,NaN,-1,-1,
NaN,-1,-1,-1,-1,-1,-1,-1,-1,-1,
NaN,-1,NaN,-1,-1,-1,-1,-1,-1,-1,
NaN,-1,-1,-1,-1,-1,-1,-1,-1,-1,
NaN,-1,-1,-1,-1,NaN,-1,-1,-1,-1,
NaN,-1,-1,-1,NaN,-1,NaN,NaN,-1,-1,
NaN,-1,-1,-1,-1,-1,-1,-1,-1,-1,
NaN,NaN,-1,-1,NaN,NaN,NaN,NaN,NaN,-1,
NaN,-1,-1,-1,-1,-1,-1,-1,-1,-1,
NaN,-1,-1,-1,-1,-1,-1,-1,-1,-1,
NaN,-1,-1,-1,-1,-1,-1,-1,-1,-1,
NaN,NaN,NaN,NaN,NaN,NaN,NaN,NaN,NaN,NaN,
NaN,-1,-1,NaN,-1,NaN,NaN,-1,-1,-1,
NaN,-1,-1,-1,-1,-1,-1,-1,-1,-1,
NaN,-1,-1,-1,-1,NaN,NaN,-1,-1,-1,
NaN,-1,-1,-1,-1,-1,-1,-1,-1,-1,
NaN,-1,-1,-1,-1,-1,NaN,-1,-1,-1,
NaN,-1,-1,-1,-1,-1,-1,-1,-1,-1,
NaN,-1,-1,NaN,-1,-1,-1,-1,-1,-1,
NaN,-1,-1,-1,-1,-1,-1,-1,-1,-1,
NaN,-1,-1,-1,-1,-1,-1,-1,-1,-1,
NaN,-1,-1,NaN,NaN,NaN,NaN,NaN,NaN,NaN,
NaN,-1,-1,NaN,-1,-1,-1,-1,-1,-1,
NaN,-1,-1,-1,-1,-1,-1,NaN,-1,-1,
NaN,-1,-1,-1,-1,-1,-1,-1,-1,NaN,
NaN,-1,-1,-1,-1,-1,-1,-1,-1,-1,
NaN,-1,-1,-1,NaN,-1,-1,-1,-1,-1,
NaN,-1,-1,-1,-1,-1,-1,-1,-1,-1,
NaN,-1,-1,-1,-1,-1,-1,-1,-1,-1,
NaN,-1,-1,-1,NaN,-1,-1,-1,-1,-1,
NaN,-1,-1,-1,-1,-1,-1,-1,-1,-1,
NaN,-1,-1,-1,-1,-1,-1,-1,-1,-1,
NaN,-1,-1,-1,-1,-1,-1,-1,-1,-1,
NaN,-1,-1,-1,-1,-1,-1,NaN,-1,-1,
NaN,-1,-1,-1,-1,-1,-1,-1,-1,-1,
NaN,-1,-1,-1,-1,-1,-1,NaN,NaN,NaN,
NaN,-1,-1,-1,-1,-1,-1,-1,-1,-1,
NaN,-1,NaN,NaN,NaN,-1,NaN,-1,NaN,NaN,
NaN,-1,NaN,NaN,NaN,-1,NaN,-1,NaN,NaN,
NaN,-1,-1,-1,-1,-1,-1,-1,-1,-1,
NaN,-1,-1,-1,NaN,-1,-1,-1,-1,-1,
NaN,-1,-1,-1,-1,-1,-1,-1,-1,-1,
NaN,-1,-1,-1,NaN,-1,-1,-1,-1,-1,
NaN,-1,-1,-1,-1,-1,NaN,-1,-1,NaN,
NaN,-1,-1,NaN,-1,NaN,-1,-1,-1,-1,
NaN,-1,-1,-1,-1,-1,-1,-1,-1,-1,
NaN,-1,-1,-1,-1,-1,-1,NaN,-1,-1,
NaN,-1,-1,-1,-1,-1,-1,-1,-1,-1,
NaN,-1,-1,-1,-1,-1,-1,-1,-1,-1,
NaN,-1,-1,-1,-1,-1,-1,-1,-1,-1,
NaN,-1,-1,-1,-1,-1,-1,-1,-1,-1,
NaN,-1,-1,NaN,NaN,NaN,NaN,NaN,NaN,NaN,
NaN,-1,NaN,-1,NaN,NaN,NaN,NaN,NaN,-1,
NaN,-1,-1,-1,-1,-1,-1,-1,-1,-1,
NaN,-1,-1,-1,-1,NaN,-1,-1,-1,-1,
NaN,-1,-1,NaN,NaN,-1,-1,-1,NaN,-1,
NaN,-1,-1,-1,-1,-1,-1,-1,-1,-1,
NaN,-1,-1,-1,-1,-1,-1,-1,NaN,-1,
NaN,-1,-1,-1,-1,-1,-1,-1,-1,-1,
NaN,-1,-1,-1,-1,-1,-1,-1,-1,-1,
NaN,-1,-1,-1,-1,-1,-1,-1,-1,-1,
NaN,-1,-1,-1,-1,-1,-1,-1,-1,-1,
NaN,-1,-1,-1,-1,-1,-1,-1,-1,-1,
NaN,-1,-1,-1,-1,-1,-1,-1,-1,-1,
NaN,-1,-1,-1,-1,-1,-1,-1,-1,-1,
NaN,-1,-1,-1,-1,-1,-1,-1,-1,-1,
NaN,-1,-1,-1,-1,-1,-1,-1,-1,-1,
NaN,-1,-1,-1,-1,-1,NaN,-1,NaN,NaN,
NaN,-1,-1,-1,-1,-1,-1,-1,-1,-1,
NaN,NaN,NaN,NaN,NaN,NaN,NaN,NaN,NaN,NaN,
NaN,-1,-1,-1,-1,-1,-1,-1,-1,-1,
NaN,-1,-1,-1,-1,-1,-1,-1,-1,-1,
NaN,-1,-1,NaN,-1,-1,-1,-1,-1,-1,
NaN,-1,-1,-1,-1,-1,-1,-1,-1,-1,
NaN,-1,-1,-1,-1,-1,-1,-1,-1,-1,
NaN,-1,-1,-1,-1,-1,NaN,-1,-1,-1,
NaN,-1,-1,-1,-1,-1,NaN,-1,-1,NaN,
NaN,-1,-1,-1,-1,-1,-1,-1,-1,-1,
NaN,-1,-1,-1,-1,-1,-1,-1,-1,-1,
NaN,-1,-1,-1,-1,-1,NaN,-1,-1,-1,
NaN,NaN,-1,-1,-1,-1,-1,-1,NaN,NaN,
NaN,NaN,-1,NaN,-1,NaN,-1,-1,NaN,-1,
NaN,-1,-1,-1,-1,NaN,NaN,NaN,-1,NaN,
NaN,-1,-1,-1,-1,-1,-1,-1,-1,-1,
NaN,-1,-1,-1,-1,-1,-1,-1,-1,-1,
NaN,NaN,NaN,NaN,NaN,NaN,NaN,NaN,NaN,NaN,
NaN,-1,-1,NaN,-1,-1,-1,NaN,-1,-1,
NaN,-1,-1,-1,-1,-1,-1,-1,-1,-1,
NaN,-1,-1,-1,-1,-1,-1,-1,-1,-1,
NaN,-1,NaN,-1,NaN,-1,-1,-1,-1,-1,
NaN,-1,-1,-1,-1,-1,-1,-1,-1,-1,
NaN,-1,-1,-1,-1,-1,-1,-1,-1,-1,
NaN,-1,-1,-1,-1,-1,-1,-1,-1,-1,
NaN,-1,-1,NaN,NaN,NaN,NaN,-1,NaN,-1,
NaN,-1,-1,-1,-1,-1,-1,-1,-1,-1,
NaN,-1,-1,-1,-1,-1,-1,-1,NaN,-1,
NaN,-1,-1,-1,-1,-1,-1,-1,-1,-1,
NaN,-1,-1,-1,-1,NaN,-1,-1,NaN,-1,
NaN,-1,NaN,NaN,NaN,NaN,NaN,NaN,NaN,NaN,
NaN,-1,-1,-1,-1,NaN,-1,-1,NaN,NaN,
NaN,-1,-1,-1,-1,-1,-1,-1,-1,-1,
NaN,-1,NaN,-1,-1,NaN,-1,-1,-1,-1,
NaN,-1,-1,NaN,-1,-1,NaN,NaN,-1,-1,
NaN,-1,-1,-1,-1,-1,-1,-1,-1,-1,
NaN,-1,-1,-1,-1,-1,-1,NaN,-1,-1,
NaN,NaN,-1,NaN,NaN,NaN,NaN,NaN,NaN,NaN,
NaN,NaN,-1,NaN,-1,-1,NaN,NaN,NaN,NaN,
NaN,-1,-1,-1,-1,-1,-1,-1,-1,-1,
NaN,-1,-1,-1,-1,-1,-1,-1,-1,-1,
NaN,-1,-1,NaN,NaN,-1,-1,-1,-1,-1,
NaN,-1,-1,-1,-1,NaN,-1,-1,-1,NaN,
NaN,-1,-1,-1,-1,-1,-1,-1,-1,-1,
NaN,-1,-1,-1,-1,-1,-1,-1,-1,-1,
NaN,-1,-1,-1,NaN,-1,-1,-1,-1,-1,
NaN,-1,-1,-1,-1,-1,-1,NaN,-1,-1,
NaN,-1,NaN,-1,NaN,-1,NaN,-1,NaN,NaN,
NaN,-1,-1,-1,-1,-1,-1,-1,-1,-1,
NaN,-1,-1,-1,-1,-1,-1,-1,-1,-1,
NaN,-1,-1,-1,-1,-1,NaN,-1,-1,-1,
NaN,-1,-1,-1,NaN,-1,NaN,-1,-1,-1,
NaN,-1,-1,-1,-1,-1,-1,-1,-1,-1,
NaN,-1,-1,-1,-1,-1,-1,-1,-1,-1,
NaN,-1,-1,-1,-1,NaN,NaN,-1,NaN,-1,
NaN,-1,-1,-1,NaN,-1,-1,-1,-1,-1,
NaN,-1,-1,-1,-1,-1,-1,-1,-1,-1,
NaN,-1,-1,-1,-1,-1,-1,-1,-1,NaN,
NaN,-1,-1,-1,-1,-1,-1,NaN,-1,NaN,
NaN,-1,-1,-1,-1,-1,-1,-1,-1,-1,
NaN,-1,NaN,NaN,NaN,NaN,NaN,NaN,NaN,NaN,
NaN,-1,-1,-1,-1,-1,-1,-1,-1,-1,
NaN,-1,-1,-1,-1,-1,-1,-1,-1,-1,
NaN,NaN,NaN,-1,-1,NaN,-1,-1,-1,-1,
NaN,-1,-1,-1,-1,-1,-1,-1,-1,-1,
NaN,-1,-1,-1,-1,-1,-1,-1,-1,-1,
NaN,-1,-1,-1,-1,NaN,-1,-1,-1,-1,
NaN,NaN,NaN,NaN,NaN,NaN,-1,-1,-1,-1,
NaN,-1,-1,-1,-1,-1,-1,-1,-1,-1,
NaN,-1,-1,NaN,-1,-1,NaN,-1,-1,-1,
NaN,-1,-1,-1,-1,-1,-1,-1,-1,-1,
NaN,-1,-1,-1,-1,-1,-1,-1,-1,-1,
NaN,-1,-1,-1,-1,-1,-1,-1,-1,-1,
NaN,-1,-1,-1,NaN,NaN,-1,-1,-1,-1,
NaN,NaN,NaN,-1,-1,-1,-1,-1,-1,-1,
NaN,NaN,-1,-1,-1,-1,-1,-1,-1,-1,
NaN,NaN,-1,NaN,NaN,-1,-1,-1,-1,-1,
NaN,-1,-1,NaN,-1,-1,-1,-1,-1,-1,
NaN,-1,-1,-1,-1,-1,-1,NaN,-1,-1,
NaN,-1,-1,NaN,-1,-1,NaN,NaN,NaN,NaN,
NaN,-1,-1,-1,-1,-1,-1,-1,-1,-1,
NaN,-1,-1,NaN,-1,-1,-1,-1,-1,-1,
NaN,-1,-1,-1,-1,-1,-1,-1,-1,-1,
NaN,-1,-1,-1,-1,-1,-1,-1,NaN,NaN,
NaN,NaN,NaN,NaN,-1,-1,-1,-1,-1,-1,
NaN,-1,-1,-1,-1,-1,NaN,-1,-1,-1,
NaN,-1,-1,-1,-1,-1,-1,-1,NaN,-1,
NaN,-1,-1,-1,-1,-1,-1,-1,-1,-1,
NaN,-1,NaN,-1,-1,-1,-1,-1,-1,-1,
NaN,NaN,-1,-1,-1,-1,-1,-1,-1,-1,
NaN,-1,-1,-1,NaN,-1,-1,-1,-1,-1,
NaN,-1,-1,-1,-1,-1,-1,-1,-1,-1,
NaN,-1,-1,-1,-1,-1,-1,-1,-1,-1,
NaN,-1,-1,NaN,NaN,-1,-1,-1,-1,NaN,
NaN,-1,-1,-1,-1,-1,-1,-1,-1,-1,
NaN,-1,-1,-1,-1,-1,-1,-1,-1,-1,
NaN,-1,-1,NaN,-1,-1,-1,-1,-1,-1,
NaN,-1,-1,-1,-1,-1,-1,-1,-1,-1,
NaN,-1,-1,-1,-1,-1,-1,NaN,-1,-1,
NaN,-1,-1,-1,-1,-1,-1,-1,-1,-1,
NaN,-1,-1,-1,-1,-1,-1,-1,-1,-1,
NaN,-1,-1,-1,-1,-1,-1,-1,-1,-1,
NaN,-1,-1,-1,-1,-1,-1,-1,-1,-1,
NaN,-1,-1,-1,-1,-1,-1,-1,-1,NaN,
NaN,-1,-1,NaN,-1,NaN,NaN,-1,-1,-1,
NaN,-1,NaN,-1,NaN,-1,NaN,-1,NaN,-1,
NaN,NaN,NaN,NaN,NaN,NaN,NaN,NaN,NaN,NaN,
NaN,-1,-1,-1,-1,-1,-1,-1,-1,-1,
NaN,-1,-1,-1,-1,NaN,NaN,-1,-1,-1,
NaN,-1,-1,-1,-1,-1,-1,-1,-1,-1,
NaN,NaN,-1,-1,-1,-1,-1,-1,-1,-1,
NaN,-1,NaN,NaN,NaN,NaN,NaN,NaN,NaN,-1,
NaN,NaN,-1,-1,-1,-1,-1,-1,-1,-1,
NaN,-1,-1,-1,-1,-1,-1,-1,-1,-1,
NaN,-1,-1,-1,-1,-1,-1,-1,-1,-1,
NaN,-1,NaN,-1,-1,-1,-1,-1,-1,-1,
NaN,NaN,NaN,NaN,NaN,NaN,NaN,NaN,NaN,NaN,
NaN,-1,-1,-1,-1,-1,-1,-1,-1,-1,
NaN,NaN,NaN,NaN,NaN,NaN,NaN,NaN,NaN,NaN,
NaN,-1,NaN,-1,-1,-1,-1,-1,-1,-1,
NaN,-1,-1,-1,-1,-1,-1,-1,-1,-1,
NaN,-1,-1,-1,-1,-1,-1,-1,-1,-1,
NaN,-1,-1,-1,-1,-1,-1,-1,NaN,-1,
NaN,-1,-1,-1,-1,-1,-1,NaN,-1,-1,
NaN,-1,NaN,NaN,NaN,NaN,NaN,NaN,NaN,NaN,
NaN,-1,-1,-1,-1,-1,-1,-1,-1,-1,
NaN,-1,-1,NaN,-1,-1,NaN,-1,-1,NaN,
NaN,-1,NaN,NaN,NaN,-1,NaN,-1,NaN,-1,
NaN,-1,-1,-1,-1,-1,-1,-1,-1,-1,
NaN,-1,-1,-1,-1,-1,-1,-1,-1,-1,
NaN,-1,-1,-1,-1,-1,-1,-1,-1,-1,
NaN,NaN,NaN,NaN,NaN,NaN,NaN,NaN,NaN,NaN,
NaN,-1,-1,NaN,-1,-1,-1,-1,-1,-1,
NaN,NaN,-1,NaN,-1,NaN,-1,-1,-1,NaN,
NaN,-1,NaN,NaN,NaN,NaN,-1,NaN,NaN,NaN,
NaN,-1,-1,NaN,-1,-1,-1,-1,-1,-1,
NaN,-1,-1,-1,-1,-1,-1,-1,-1,-1,
NaN,-1,-1,-1,-1,-1,-1,-1,-1,NaN,
NaN,-1,-1,-1,-1,-1,-1,-1,-1,-1,
NaN,NaN,-1,-1,-1,-1,-1,-1,-1,-1,
NaN,-1,-1,NaN,NaN,-1,NaN,-1,-1,-1,
NaN,-1,-1,-1,-1,-1,-1,-1,NaN,NaN,
NaN,-1,-1,-1,-1,-1,-1,-1,-1,-1,
NaN,-1,-1,-1,-1,NaN,-1,-1,-1,-1,
NaN,-1,-1,NaN,-1,-1,-1,-1,-1,NaN,
NaN,NaN,-1,-1,-1,-1,-1,NaN,NaN,-1,
NaN,-1,-1,-1,-1,-1,-1,-1,NaN,-1,
NaN,-1,-1,-1,-1,-1,-1,-1,NaN,-1,
NaN,-1,-1,-1,NaN,-1,-1,-1,NaN,NaN,
NaN,-1,-1,-1,-1,NaN,-1,NaN,-1,NaN,
NaN,NaN,-1,-1,-1,-1,-1,-1,-1,-1,
NaN,NaN,-1,-1,-1,-1,-1,NaN,NaN,NaN,
NaN,-1,-1,-1,-1,-1,-1,-1,-1,-1,
NaN,-1,-1,NaN,-1,-1,-1,-1,-1,-1,
NaN,-1,NaN,-1,-1,-1,-1,-1,-1,-1,
NaN,-1,NaN,-1,-1,NaN,-1,NaN,-1,NaN,
NaN,NaN,NaN,NaN,NaN,NaN,NaN,NaN,NaN,NaN,
NaN,-1,-1,NaN,NaN,NaN,NaN,NaN,NaN,NaN,
NaN,-1,-1,-1,-1,-1,-1,-1,-1,-1,
NaN,-1,-1,-1,-1,-1,-1,-1,-1,-1,
NaN,NaN,-1,-1,-1,-1,NaN,-1,NaN,-1,
NaN,-1,-1,-1,-1,-1,-1,-1,-1,-1,
NaN,-1,NaN,NaN,NaN,-1,NaN,NaN,NaN,-1,
NaN,-1,-1,-1,-1,-1,-1,-1,-1,-1,
NaN,NaN,NaN,NaN,NaN,NaN,NaN,NaN,NaN,NaN,
NaN,-1,NaN,NaN,NaN,-1,-1,-1,-1,NaN,
NaN,NaN,NaN,-1,-1,NaN,NaN,NaN,NaN,NaN,
NaN,-1,-1,-1,-1,-1,NaN,-1,NaN,-1,
NaN,-1,-1,-1,-1,-1,-1,-1,-1,-1,
NaN,-1,-1,-1,-1,-1,-1,-1,-1,-1,
NaN,-1,-1,-1,-1,-1,-1,-1,-1,-1,
NaN,-1,-1,-1,-1,NaN,-1,-1,-1,-1,
NaN,-1,-1,-1,-1,-1,-1,-1,-1,-1,
NaN,NaN,-1,-1,-1,NaN,NaN,-1,-1,-1,
NaN,-1,-1,-1,-1,-1,-1,-1,-1,-1,
NaN,NaN,-1,-1,NaN,-1,-1,-1,-1,-1,
NaN,-1,-1,-1,-1,-1,-1,-1,-1,-1,
NaN,-1,-1,NaN,-1,-1,-1,-1,-1,-1,
NaN,NaN,NaN,-1,-1,-1,-1,-1,-1,-1,
NaN,NaN,-1,-1,NaN,-1,-1,-1,-1,NaN,
NaN,-1,NaN,-1,-1,-1,-1,-1,-1,-1,
NaN,-1,-1,NaN,-1,-1,-1,-1,-1,-1,
NaN,-1,-1,-1,-1,-1,-1,-1,-1,-1,
NaN,-1,-1,NaN,-1,-1,-1,NaN,-1,NaN,
NaN,NaN,-1,-1,-1,-1,-1,-1,-1,-1,
NaN,NaN,NaN,NaN,NaN,NaN,NaN,NaN,NaN,NaN,
NaN,NaN,NaN,NaN,NaN,NaN,NaN,NaN,NaN,-1,
NaN,-1,-1,-1,-1,NaN,-1,-1,-1,-1,
NaN,-1,NaN,-1,-1,NaN,-1,-1,-1,-1,
NaN,-1,-1,-1,-1,-1,-1,-1,-1,-1,
NaN,-1,NaN,NaN,-1,-1,-1,-1,NaN,-1,
NaN,-1,NaN,-1,-1,-1,-1,-1,-1,-1,
NaN,NaN,NaN,-1,-1,-1,NaN,-1,-1,-1,
NaN,-1,NaN,-1,-1,NaN,-1,NaN,-1,NaN,
NaN,-1,-1,-1,-1,-1,-1,-1,-1,-1,
NaN,-1,-1,-1,-1,-1,-1,-1,-1,-1,
NaN,NaN,NaN,-1,NaN,-1,NaN,-1,NaN,NaN,
NaN,-1,-1,-1,NaN,NaN,NaN,NaN,NaN,NaN,
NaN,-1,-1,-1,-1,-1,-1,-1,-1,-1,
NaN,-1,-1,-1,-1,-1,-1,-1,NaN,-1,
NaN,-1,-1,-1,-1,-1,-1,-1,-1,-1,
NaN,-1,-1,-1,-1,NaN,-1,-1,-1,-1,
NaN,-1,-1,-1,-1,NaN,-1,-1,-1,-1,
NaN,NaN,NaN,NaN,NaN,NaN,NaN,NaN,NaN,NaN,
NaN,NaN,-1,-1,-1,-1,-1,-1,-1,-1,
NaN,-1,-1,-1,-1,-1,NaN,-1,-1,-1,
NaN,-1,-1,-1,-1,-1,-1,-1,-1,-1,
NaN,-1,-1,-1,-1,-1,-1,-1,-1,-1,
NaN,-1,NaN,-1,NaN,-1,-1,-1,-1,-1,
NaN,-1,-1,-1,-1,-1,-1,-1,-1,-1,
NaN,-1,NaN,NaN,NaN,NaN,NaN,NaN,NaN,NaN,
NaN,-1,-1,-1,-1,-1,-1,-1,NaN,-1,
NaN,-1,-1,-1,-1,-1,-1,-1,-1,-1,
NaN,NaN,-1,-1,-1,-1,-1,-1,-1,-1,
NaN,NaN,-1,-1,-1,-1,-1,-1,-1,-1,
NaN,-1,-1,-1,-1,-1,-1,-1,-1,-1,
NaN,NaN,NaN,NaN,NaN,NaN,NaN,NaN,NaN,NaN,
NaN,-1,-1,-1,-1,-1,-1,-1,-1,-1,
NaN,-1,-1,-1,-1,-1,-1,-1,-1,-1,
NaN,NaN,-1,NaN,-1,-1,-1,NaN,-1,NaN,
NaN,-1,-1,-1,NaN,-1,-1,NaN,-1,NaN,
NaN,-1,-1,-1,NaN,-1,-1,-1,-1,NaN,
NaN,-1,-1,-1,-1,-1,-1,-1,-1,-1,
NaN,-1,-1,-1,-1,-1,-1,-1,-1,-1,
NaN,-1,-1,-1,-1,-1,-1,-1,NaN,-1,
NaN,-1,-1,-1,-1,-1,-1,-1,NaN,-1,
NaN,-1,-1,-1,-1,-1,-1,-1,-1,-1,
NaN,-1,-1,-1,-1,-1,-1,-1,-1,-1,
NaN,-1,-1,-1,-1,-1,-1,-1,-1,-1,
NaN,-1,NaN,-1,-1,-1,-1,-1,NaN,-1,
NaN,-1,-1,-1,-1,-1,-1,-1,-1,-1,
NaN,NaN,NaN,-1,-1,-1,-1,-1,-1,-1,
NaN,-1,-1,-1,-1,-1,-1,-1,-1,-1,
NaN,NaN,NaN,-1,-1,-1,-1,-1,-1,-1,
NaN,-1,NaN,-1,-1,-1,-1,-1,-1,-1,
NaN,NaN,NaN,NaN,-1,-1,-1,-1,NaN,-1,
NaN,-1,-1,-1,-1,-1,-1,-1,-1,-1,
NaN,-1,-1,-1,-1,-1,-1,-1,-1,-1,
NaN,-1,-1,NaN,-1,-1,-1,NaN,-1,-1,
NaN,-1,-1,-1,-1,-1,-1,-1,-1,-1,
NaN,NaN,-1,-1,-1,-1,-1,-1,-1,NaN,
NaN,-1,-1,-1,NaN,NaN,-1,-1,-1,NaN,
NaN,-1,-1,-1,-1,NaN,-1,-1,-1,-1,
NaN,-1,-1,-1,-1,NaN,-1,-1,-1,-1,
NaN,-1,-1,-1,-1,-1,-1,-1,-1,-1,
NaN,NaN,NaN,NaN,NaN,NaN,NaN,NaN,NaN,NaN,
NaN,NaN,NaN,NaN,NaN,NaN,NaN,NaN,NaN,NaN,
NaN,-1,-1,-1,-1,-1,-1,-1,-1,-1,
NaN,-1,NaN,NaN,NaN,NaN,-1,-1,-1,NaN,
NaN,-1,-1,-1,-1,-1,-1,-1,-1,-1,
NaN,NaN,-1,NaN,NaN,NaN,NaN,NaN,NaN,NaN,
NaN,NaN,NaN,NaN,NaN,NaN,NaN,NaN,NaN,NaN,
NaN,-1,-1,-1,-1,-1,-1,-1,-1,-1,
NaN,-1,-1,-1,-1,-1,-1,-1,-1,-1,
NaN,-1,-1,NaN,-1,-1,-1,NaN,-1,-1,
NaN,-1,-1,-1,-1,NaN,-1,-1,-1,-1,
NaN,NaN,-1,NaN,-1,-1,-1,NaN,-1,-1,
NaN,-1,-1,-1,-1,-1,-1,NaN,-1,-1,
NaN,-1,-1,-1,-1,-1,-1,-1,-1,-1,
NaN,-1,-1,-1,-1,-1,-1,-1,-1,-1,
NaN,-1,NaN,NaN,NaN,NaN,NaN,NaN,NaN,NaN,
NaN,-1,-1,-1,-1,-1,-1,-1,-1,-1,
NaN,-1,-1,-1,-1,-1,-1,-1,NaN,-1,
NaN,NaN,NaN,NaN,NaN,NaN,NaN,NaN,NaN,NaN,
NaN,-1,-1,-1,NaN,NaN,-1,NaN,-1,NaN,
NaN,NaN,-1,-1,-1,-1,-1,-1,-1,-1,
NaN,-1,-1,-1,-1,-1,-1,-1,-1,-1,
NaN,NaN,-1,-1,-1,-1,-1,-1,-1,-1,
NaN,-1,-1,-1,-1,-1,-1,-1,-1,-1,
NaN,NaN,NaN,NaN,-1,-1,-1,NaN,-1,-1,
NaN,NaN,-1,-1,NaN,-1,-1,NaN,NaN,NaN,
NaN,-1,-1,-1,-1,NaN,NaN,NaN,NaN,-1,
NaN,NaN,NaN,NaN,NaN,NaN,NaN,NaN,NaN,NaN,
NaN,-1,-1,-1,-1,-1,-1,-1,-1,-1,
NaN,-1,-1,-1,-1,-1,-1,-1,-1,-1,
NaN,NaN,-1,-1,-1,NaN,-1,-1,-1,-1,
NaN,-1,NaN,-1,-1,-1,NaN,NaN,NaN,NaN,
NaN,-1,-1,-1,-1,-1,-1,-1,NaN,-1,
NaN,-1,NaN,NaN,-1,-1,-1,NaN,-1,-1,
NaN,-1,-1,-1,-1,-1,-1,-1,-1,-1,
NaN,NaN,NaN,NaN,NaN,NaN,NaN,NaN,NaN,NaN,
NaN,NaN,-1,NaN,NaN,NaN,NaN,NaN,NaN,NaN,
NaN,-1,NaN,NaN,NaN,NaN,NaN,NaN,-1,NaN,
NaN,-1,NaN,-1,NaN,-1,-1,-1,-1,-1,
NaN,NaN,-1,-1,-1,-1,-1,-1,-1,-1,
NaN,-1,-1,-1,-1,-1,-1,-1,-1,-1,
NaN,NaN,-1,NaN,NaN,NaN,NaN,NaN,NaN,NaN,
NaN,-1,-1,-1,-1,-1,-1,-1,-1,-1,
NaN,NaN,NaN,NaN,NaN,NaN,NaN,NaN,NaN,NaN,
NaN,NaN,-1,-1,-1,-1,-1,-1,-1,-1,
NaN,-1,-1,-1,-1,-1,-1,-1,-1,-1,
NaN,-1,-1,-1,-1,NaN,-1,-1,-1,-1,
NaN,-1,-1,-1,-1,-1,-1,-1,-1,-1,
NaN,-1,NaN,NaN,NaN,NaN,NaN,NaN,NaN,NaN,
NaN,-1,-1,-1,-1,-1,-1,-1,-1,NaN,
NaN,-1,-1,-1,-1,-1,-1,-1,NaN,NaN,
NaN,NaN,-1,-1,-1,-1,-1,-1,-1,-1,
NaN,NaN,-1,NaN,-1,-1,-1,-1,-1,-1,
NaN,-1,-1,-1,-1,-1,-1,-1,-1,-1,
NaN,-1,-1,-1,-1,-1,NaN,-1,-1,-1,
NaN,-1,-1,NaN,NaN,NaN,NaN,NaN,NaN,NaN,
NaN,-1,-1,-1,-1,NaN,-1,-1,-1,-1,
NaN,NaN,-1,-1,-1,-1,-1,-1,-1,NaN,
NaN,NaN,NaN,NaN,NaN,NaN,NaN,-1,NaN,NaN,
NaN,-1,-1,-1,-1,-1,-1,-1,-1,-1,
NaN,-1,-1,-1,-1,-1,-1,-1,-1,-1,
NaN,-1,-1,-1,-1,-1,-1,-1,-1,-1,
NaN,-1,-1,-1,-1,-1,-1,-1,NaN,-1,
NaN,-1,NaN,NaN,NaN,NaN,NaN,NaN,NaN,NaN,
NaN,-1,-1,-1,-1,-1,-1,-1,-1,-1,
NaN,NaN,-1,-1,-1,-1,-1,-1,-1,NaN,
NaN,-1,-1,-1,-1,-1,-1,-1,-1,-1,
NaN,NaN,-1,-1,-1,-1,-1,-1,-1,-1,
NaN,-1,-1,-1,-1,-1,-1,-1,-1,-1,
NaN,NaN,-1,-1,NaN,-1,-1,NaN,-1,-1,
NaN,-1,-1,-1,-1,NaN,-1,-1,NaN,-1,
NaN,-1,-1,-1,-1,-1,-1,-1,-1,-1,
NaN,-1,-1,NaN,NaN,-1,-1,NaN,-1,NaN,
NaN,-1,NaN,NaN,NaN,NaN,NaN,NaN,NaN,NaN,
NaN,-1,NaN,NaN,-1,NaN,NaN,NaN,-1,NaN,
NaN,-1,-1,-1,NaN,-1,-1,-1,-1,-1,
NaN,-1,-1,-1,-1,NaN,NaN,NaN,NaN,NaN,
NaN,-1,-1,-1,-1,-1,-1,-1,-1,-1,
NaN,-1,-1,-1,-1,-1,NaN,-1,NaN,-1,
NaN,NaN,-1,-1,-1,-1,NaN,-1,-1,-1,
NaN,-1,-1,-1,-1,-1,-1,NaN,NaN,-1,
NaN,-1,-1,NaN,-1,-1,-1,-1,-1,-1,
NaN,NaN,NaN,NaN,NaN,NaN,NaN,NaN,NaN,NaN,
NaN,-1,-1,NaN,-1,-1,-1,-1,-1,-1,
NaN,-1,-1,-1,-1,-1,NaN,-1,NaN,-1,
NaN,-1,-1,-1,-1,-1,-1,NaN,NaN,-1,
NaN,NaN,-1,-1,-1,-1,-1,-1,-1,-1,
NaN,-1,-1,-1,-1,-1,-1,-1,-1,-1,
NaN,-1,-1,-1,-1,-1,-1,-1,-1,-1,
NaN,-1,-1,-1,-1,-1,-1,-1,-1,-1,
NaN,-1,-1,-1,-1,-1,-1,-1,-1,-1,
NaN,-1,-1,-1,-1,-1,NaN,-1,-1,-1,
NaN,NaN,NaN,NaN,-1,-1,-1,-1,-1,-1,
NaN,-1,-1,-1,-1,-1,-1,-1,-1,NaN,
NaN,NaN,-1,NaN,-1,-1,-1,-1,-1,-1,
NaN,-1,NaN,-1,NaN,NaN,NaN,NaN,NaN,NaN,
NaN,-1,-1,-1,-1,-1,-1,-1,-1,-1,
NaN,NaN,NaN,NaN,NaN,NaN,NaN,NaN,NaN,NaN,
NaN,-1,NaN,NaN,NaN,NaN,NaN,NaN,NaN,NaN,
NaN,-1,-1,-1,-1,-1,-1,-1,-1,-1,
NaN,-1,NaN,NaN,-1,NaN,NaN,-1,NaN,NaN,
NaN,-1,-1,-1,-1,-1,-1,NaN,NaN,NaN,
NaN,-1,-1,-1,-1,-1,-1,-1,-1,-1,
NaN,-1,-1,-1,NaN,NaN,NaN,NaN,NaN,NaN,
NaN,NaN,-1,-1,-1,NaN,-1,-1,NaN,-1,
NaN,-1,-1,NaN,-1,-1,-1,-1,NaN,NaN,
NaN,-1,-1,-1,-1,-1,-1,-1,-1,-1,
NaN,NaN,-1,-1,-1,-1,-1,-1,-1,-1,
NaN,-1,-1,-1,-1,-1,-1,-1,-1,-1,
NaN,-1,-1,-1,-1,-1,-1,-1,-1,-1,
NaN,-1,-1,-1,-1,-1,-1,-1,-1,-1,
NaN,-1,-1,NaN,NaN,NaN,NaN,NaN,NaN,NaN,
NaN,-1,-1,-1,-1,-1,-1,-1,-1,-1,
NaN,-1,-1,NaN,-1,-1,-1,-1,-1,-1,
NaN,NaN,NaN,NaN,NaN,NaN,NaN,NaN,NaN,NaN,
NaN,-1,-1,-1,NaN,-1,-1,-1,-1,-1,
NaN,-1,-1,-1,-1,-1,-1,-1,-1,-1,
NaN,-1,-1,-1,NaN,-1,-1,NaN,NaN,-1,
NaN,-1,-1,-1,-1,-1,-1,-1,-1,-1,
NaN,-1,-1,-1,NaN,NaN,-1,NaN,NaN,-1,
NaN,-1,NaN,NaN,NaN,NaN,NaN,NaN,NaN,NaN,
NaN,-1,-1,-1,-1,-1,-1,-1,-1,-1,
NaN,NaN,-1,-1,-1,-1,-1,-1,-1,-1,
NaN,NaN,NaN,-1,-1,-1,-1,NaN,-1,-1,
NaN,NaN,NaN,NaN,NaN,NaN,NaN,NaN,NaN,NaN,
NaN,-1,NaN,NaN,NaN,NaN,NaN,-1,-1,-1,
NaN,-1,-1,-1,-1,-1,-1,-1,-1,-1,
NaN,-1,-1,-1,-1,-1,-1,-1,-1,-1,
NaN,NaN,-1,-1,-1,-1,-1,-1,-1,NaN,
NaN,-1,-1,-1,-1,-1,NaN,-1,-1,-1,
NaN,-1,-1,-1,NaN,-1,-1,-1,-1,-1,
NaN,-1,-1,-1,-1,-1,-1,NaN,NaN,NaN,
NaN,-1,-1,-1,-1,-1,-1,-1,-1,-1,
NaN,-1,NaN,-1,-1,NaN,-1,-1,-1,-1,
NaN,-1,-1,-1,-1,-1,-1,-1,-1,-1,
NaN,-1,-1,-1,NaN,-1,-1,-1,-1,-1,
NaN,-1,-1,NaN,-1,NaN,NaN,-1,-1,NaN,
NaN,NaN,NaN,NaN,NaN,NaN,NaN,NaN,NaN,NaN,
NaN,-1,-1,-1,-1,-1,-1,-1,-1,-1,
NaN,-1,-1,-1,-1,-1,-1,NaN,NaN,NaN,
NaN,-1,-1,-1,NaN,NaN,-1,-1,-1,-1,
NaN,-1,-1,-1,NaN,-1,-1,-1,-1,-1,
NaN,-1,NaN,NaN,NaN,NaN,NaN,NaN,NaN,NaN,
NaN,-1,-1,-1,-1,-1,-1,-1,-1,-1,
NaN,-1,NaN,-1,NaN,-1,-1,-1,NaN,-1,
NaN,-1,-1,-1,-1,-1,-1,NaN,-1,-1,
NaN,-1,-1,-1,-1,-1,-1,-1,-1,-1,
NaN,-1,-1,-1,-1,-1,-1,-1,NaN,NaN,
NaN,NaN,-1,-1,NaN,NaN,-1,NaN,NaN,NaN,
NaN,-1,NaN,-1,NaN,NaN,NaN,NaN,NaN,NaN,
NaN,-1,-1,-1,-1,-1,-1,-1,-1,-1,
NaN,-1,-1,-1,NaN,-1,-1,-1,-1,-1,
NaN,NaN,NaN,NaN,NaN,NaN,NaN,-1,-1,NaN,
NaN,-1,-1,-1,-1,-1,-1,-1,-1,-1,
NaN,-1,-1,-1,-1,-1,-1,-1,NaN,-1,
NaN,-1,-1,-1,-1,-1,-1,-1,-1,-1,
NaN,-1,-1,-1,-1,-1,-1,-1,-1,-1,
NaN,-1,-1,-1,-1,-1,-1,NaN,-1,-1,
NaN,-1,-1,-1,-1,-1,-1,-1,-1,NaN,
NaN,-1,-1,-1,-1,-1,-1,-1,-1,-1,
NaN,-1,NaN,-1,NaN,NaN,NaN,-1,-1,NaN,
NaN,-1,-1,NaN,-1,-1,NaN,-1,-1,-1,
NaN,-1,-1,-1,NaN,-1,-1,-1,-1,-1,
NaN,-1,-1,-1,-1,-1,-1,NaN,-1,-1,
NaN,NaN,NaN,NaN,NaN,NaN,NaN,NaN,NaN,NaN,
NaN,-1,-1,-1,-1,-1,NaN,-1,-1,-1,
NaN,-1,NaN,-1,-1,-1,NaN,NaN,-1,-1,
NaN,-1,-1,-1,-1,-1,-1,-1,-1,-1,
NaN,-1,-1,-1,-1,NaN,-1,-1,-1,-1,
NaN,NaN,NaN,NaN,NaN,NaN,NaN,NaN,NaN,NaN,
NaN,-1,-1,-1,-1,-1,-1,-1,-1,-1,
NaN,-1,-1,NaN,-1,-1,-1,NaN,-1,-1,
NaN,-1,-1,-1,-1,-1,NaN,-1,-1,-1,
NaN,-1,-1,NaN,NaN,-1,-1,-1,-1,-1,
NaN,-1,-1,-1,-1,-1,-1,-1,-1,-1,
NaN,NaN,-1,-1,-1,-1,-1,-1,NaN,NaN,
NaN,-1,-1,-1,-1,-1,-1,-1,-1,-1,
NaN,-1,-1,-1,-1,-1,-1,-1,-1,-1,
NaN,-1,-1,-1,-1,-1,-1,-1,-1,-1,
NaN,-1,-1,-1,-1,-1,-1,-1,-1,-1,
NaN,-1,-1,-1,-1,-1,-1,NaN,-1,-1,
NaN,NaN,NaN,NaN,NaN,NaN,NaN,NaN,NaN,NaN,
NaN,-1,NaN,NaN,NaN,NaN,NaN,NaN,NaN,NaN,
NaN,NaN,-1,-1,-1,NaN,-1,-1,NaN,-1,
NaN,NaN,-1,NaN,-1,-1,-1,-1,-1,-1,
NaN,-1,-1,-1,-1,-1,-1,-1,-1,-1,
NaN,-1,NaN,-1,NaN,-1,-1,-1,-1,-1,
NaN,-1,-1,-1,-1,-1,NaN,-1,-1,-1,
NaN,NaN,-1,-1,-1,-1,NaN,-1,-1,-1,
NaN,-1,NaN,NaN,NaN,NaN,NaN,NaN,NaN,NaN,
NaN,-1,-1,-1,-1,-1,-1,-1,NaN,-1,
NaN,-1,-1,-1,-1,-1,-1,-1,-1,-1,
NaN,-1,-1,-1,-1,NaN,-1,-1,-1,-1,
NaN,-1,-1,-1,-1,-1,-1,-1,-1,-1,
NaN,NaN,-1,-1,-1,-1,-1,-1,-1,-1,
NaN,NaN,-1,NaN,-1,NaN,NaN,-1,-1,-1,
NaN,-1,-1,-1,-1,-1,-1,-1,-1,-1,
NaN,-1,NaN,NaN,NaN,NaN,NaN,NaN,NaN,NaN,
NaN,-1,-1,-1,-1,-1,-1,-1,-1,-1,
NaN,-1,NaN,NaN,NaN,NaN,NaN,NaN,NaN,NaN,
NaN,-1,-1,-1,-1,-1,-1,-1,-1,NaN,
NaN,-1,-1,-1,-1,-1,-1,NaN,-1,-1,
NaN,NaN,NaN,NaN,-1,-1,-1,-1,NaN,-1,
NaN,-1,-1,-1,-1,-1,-1,NaN,-1,-1,
NaN,NaN,-1,-1,-1,NaN,-1,-1,-1,-1,
NaN,-1,-1,-1,-1,-1,-1,-1,-1,-1,
NaN,-1,NaN,NaN,NaN,NaN,NaN,NaN,NaN,NaN,
NaN,-1,-1,-1,-1,-1,-1,-1,-1,-1,
NaN,-1,NaN,-1,-1,-1,-1,-1,-1,-1,
NaN,-1,-1,-1,-1,-1,-1,-1,NaN,NaN,
NaN,-1,-1,-1,-1,-1,-1,NaN,-1,NaN,
NaN,NaN,NaN,NaN,NaN,NaN,NaN,NaN,NaN,NaN,
NaN,-1,-1,-1,-1,-1,-1,-1,-1,-1,
NaN,-1,-1,-1,-1,-1,-1,-1,-1,-1,
NaN,-1,-1,-1,-1,-1,-1,-1,-1,-1,
NaN,-1,-1,NaN,NaN,NaN,-1,-1,-1,-1,
NaN,-1,-1,-1,-1,NaN,NaN,NaN,NaN,NaN,
NaN,-1,NaN,-1,-1,-1,-1,-1,-1,-1,
NaN,-1,-1,-1,-1,-1,-1,-1,-1,NaN,
NaN,NaN,NaN,-1,NaN,-1,-1,-1,-1,-1,
NaN,NaN,NaN,NaN,NaN,NaN,NaN,NaN,NaN,NaN,
NaN,-1,-1,-1,-1,-1,-1,-1,-1,-1,
NaN,-1,-1,-1,NaN,-1,-1,-1,-1,-1,
NaN,NaN,NaN,NaN,NaN,NaN,NaN,NaN,NaN,NaN,
NaN,-1,-1,-1,-1,-1,-1,-1,-1,-1,
NaN,NaN,-1,NaN,-1,-1,-1,-1,-1,-1,
NaN,-1,-1,-1,-1,-1,-1,-1,-1,-1,
NaN,-1,-1,-1,-1,-1,NaN,-1,-1,-1,
NaN,-1,-1,-1,NaN,-1,NaN,-1,-1,-1,
NaN,-1,-1,-1,-1,-1,-1,-1,-1,-1,
NaN,-1,-1,-1,-1,-1,-1,-1,-1,-1,
NaN,-1,-1,-1,-1,-1,-1,-1,-1,-1,
NaN,-1,-1,-1,-1,-1,-1,-1,-1,-1,
NaN,-1,NaN,-1,-1,NaN,-1,-1,-1,-1,
NaN,-1,-1,-1,-1,-1,-1,-1,-1,-1,
NaN,NaN,-1,NaN,-1,-1,-1,-1,-1,-1,
NaN,-1,-1,-1,-1,-1,-1,-1,-1,-1,
NaN,-1,NaN,-1,-1,NaN,-1,-1,-1,-1,
NaN,-1,-1,-1,-1,-1,-1,-1,-1,-1,
NaN,-1,-1,-1,-1,-1,-1,-1,-1,-1,
NaN,-1,-1,-1,-1,-1,-1,-1,-1,-1,
NaN,-1,-1,NaN,-1,-1,-1,-1,-1,-1,
NaN,-1,-1,-1,-1,-1,-1,-1,NaN,NaN,
NaN,-1,-1,-1,-1,-1,-1,-1,-1,NaN,
NaN,-1,-1,-1,-1,-1,-1,-1,NaN,-1,
NaN,-1,-1,-1,-1,-1,-1,-1,-1,-1,
NaN,-1,NaN,NaN,NaN,-1,-1,NaN,NaN,NaN,
NaN,-1,NaN,-1,-1,NaN,NaN,-1,-1,-1,
NaN,-1,-1,-1,-1,-1,-1,-1,-1,-1,
NaN,-1,-1,-1,-1,-1,-1,-1,-1,-1,
NaN,-1,-1,-1,NaN,NaN,-1,-1,-1,NaN,
NaN,NaN,-1,-1,-1,NaN,-1,-1,-1,-1,
NaN,-1,-1,-1,-1,-1,-1,-1,-1,-1,
NaN,-1,-1,-1,-1,-1,NaN,-1,-1,-1,
NaN,-1,-1,-1,-1,-1,NaN,NaN,-1,-1,
NaN,-1,NaN,-1,-1,-1,-1,NaN,-1,-1,
NaN,-1,-1,-1,-1,-1,-1,-1,-1,-1,
NaN,-1,-1,-1,-1,-1,-1,-1,NaN,-1,
NaN,-1,-1,-1,-1,-1,-1,NaN,-1,-1,
NaN,NaN,NaN,-1,-1,-1,-1,-1,-1,-1,
NaN,-1,NaN,-1,-1,-1,NaN,-1,-1,-1,
NaN,-1,-1,-1,-1,-1,-1,-1,-1,-1,
NaN,-1,-1,-1,-1,-1,-1,-1,-1,-1,
NaN,-1,-1,-1,-1,-1,-1,NaN,NaN,-1,
NaN,-1,-1,-1,-1,-1,-1,-1,-1,-1,
NaN,-1,-1,-1,-1,-1,-1,-1,-1,-1,
NaN,-1,NaN,-1,-1,NaN,-1,NaN,-1,NaN,
NaN,-1,-1,-1,-1,NaN,-1,-1,-1,-1,
NaN,-1,-1,-1,-1,-1,-1,-1,-1,NaN,
NaN,-1,-1,-1,-1,-1,-1,-1,-1,-1,
NaN,NaN,NaN,NaN,NaN,NaN,NaN,NaN,NaN,NaN,
NaN,-1,NaN,NaN,NaN,NaN,NaN,NaN,NaN,NaN,
NaN,NaN,-1,-1,-1,-1,-1,-1,-1,NaN,
NaN,-1,-1,-1,-1,-1,NaN,-1,NaN,NaN,
NaN,-1,-1,-1,-1,-1,-1,-1,NaN,-1,
NaN,NaN,NaN,NaN,NaN,NaN,NaN,-1,-1,-1,
NaN,-1,-1,-1,-1,-1,-1,-1,-1,-1,
NaN,-1,-1,-1,-1,-1,-1,-1,-1,-1,
NaN,-1,-1,-1,-1,NaN,-1,-1,-1,-1,
NaN,-1,-1,-1,NaN,-1,NaN,NaN,NaN,NaN,
NaN,-1,-1,-1,-1,-1,-1,-1,-1,-1,
NaN,-1,-1,-1,-1,-1,-1,-1,-1,-1,
NaN,-1,-1,-1,-1,-1,-1,-1,-1,-1,
NaN,-1,-1,NaN,-1,-1,-1,-1,-1,-1,
NaN,-1,-1,-1,-1,-1,-1,-1,-1,-1,
NaN,-1,-1,-1,-1,-1,-1,-1,-1,-1,
NaN,-1,-1,-1,-1,-1,-1,-1,-1,-1,
NaN,-1,-1,-1,-1,-1,-1,NaN,-1,-1,
NaN,-1,-1,-1,-1,-1,-1,-1,-1,-1,
NaN,-1,-1,-1,NaN,-1,NaN,NaN,NaN,-1,
NaN,-1,-1,-1,-1,-1,-1,-1,-1,-1,
NaN,-1,-1,-1,-1,-1,-1,-1,-1,-1,
NaN,NaN,NaN,NaN,NaN,NaN,NaN,NaN,NaN,NaN,
NaN,-1,-1,-1,-1,-1,-1,-1,-1,-1,
NaN,-1,-1,-1,-1,-1,-1,-1,-1,-1,
NaN,-1,-1,-1,-1,-1,-1,-1,-1,-1,
NaN,-1,-1,-1,-1,-1,-1,-1,-1,-1,
NaN,-1,-1,-1,-1,-1,-1,-1,-1,-1,
NaN,-1,-1,NaN,-1,-1,NaN,NaN,-1,NaN,
NaN,-1,-1,-1,-1,-1,-1,-1,-1,-1,
NaN,-1,-1,-1,-1,-1,-1,-1,-1,-1,
NaN,-1,NaN,-1,-1,-1,NaN,NaN,NaN,-1,
NaN,-1,-1,-1,NaN,NaN,-1,-1,-1,-1,
NaN,-1,NaN,-1,-1,-1,-1,-1,-1,-1,
NaN,-1,-1,NaN,-1,-1,-1,-1,-1,NaN,
NaN,-1,-1,-1,-1,-1,-1,-1,-1,-1,
NaN,-1,-1,-1,-1,-1,-1,-1,-1,-1,
NaN,-1,-1,-1,-1,-1,-1,-1,-1,-1,
NaN,-1,-1,-1,-1,-1,-1,-1,-1,-1,
NaN,-1,-1,-1,-1,-1,-1,-1,-1,-1,
NaN,-1,-1,-1,NaN,NaN,-1,-1,-1,-1,
NaN,-1,-1,-1,-1,-1,-1,-1,-1,-1,
NaN,-1,NaN,NaN,NaN,NaN,NaN,NaN,NaN,NaN,
NaN,NaN,-1,-1,-1,-1,NaN,-1,NaN,-1,
NaN,-1,NaN,NaN,NaN,NaN,NaN,-1,NaN,-1,
NaN,-1,-1,-1,-1,-1,-1,-1,-1,-1,
NaN,-1,-1,-1,-1,-1,-1,-1,-1,-1,
NaN,-1,-1,-1,-1,-1,-1,-1,-1,-1,


NaN,0.25,-0.5,-0.5,NaN,-0.5,1,NaN,NaN,-1,
NaN,-0.333,0.333,0,0.75,-0.4,0.4,0,0,0.333,
NaN,0.667,0.25,-0.833,-1,0.6,1,-1,-1,-1,
NaN,0,-0.429,1,0.357,-0.214,-0.667,-0.75,-0.8,0.4,
NaN,0.2,-0.2,0.8,0.5,-0.667,1,0,-0.6,0.667,
NaN,0,0.5,0.75,-1,0,0,0,0.714,0.333,
NaN,-0.4,0.571,0.75,0,0.857,0.75,0.6,0.667,0.667,
NaN,0,0,0,0.333,0,-0.333,0,-0.333,0.5,
NaN,-0.25,1,0.8,0.333,1,1,1,1,0,
NaN,0.333,1,1,1,1,0,1,1,0,
NaN,0.125,0,0.5,0,1,-1,1,NaN,1,
NaN,0,0,-0.6,0.167,1,-0.667,-0.2,0.5,-0.333,
NaN,NaN,0,0.5,1,0.6,0.667,0,-0.5,-1,
NaN,0.2,1,1,-1,0.333,-1,-1,-0.5,-1,
NaN,0,0,-0.5,-0.667,0,0,NaN,-0.5,-0.833,
NaN,0,-0.667,0.571,0,-0.667,0,0.167,-0.5,-0.25,
NaN,0.667,0,-0.8,-0.5,0.333,0,-0.333,-0.667,-0.75,
NaN,0,-0.333,0.6,0.667,-0.8,-0.2,0,-0.333,-0.714,
NaN,0,NaN,NaN,0,-1,1,0.5,0.667,0.667,
NaN,0.6,0.5,-1,0.286,-0.2,0.778,0.4,0.667,0.333,
NaN,0,0.8,-0.333,-0.5,0.5,-0.875,0.5,0.2,-0.5,
NaN,0,0,0.286,1,0.75,1,0.833,-0.5,0,
NaN,0,0.25,0,NaN,0,1,NaN,-1,-1,
NaN,-0.6,-0.667,0.75,0.5,1,0,0.75,1,1,
NaN,0.6,0,1,-0.75,0.75,1,0.571,-0.5,-0.8,
NaN,0.333,0,0.444,0,0.5,-0.5,0,1,0,
NaN,1,0,NaN,NaN,NaN,NaN,NaN,NaN,NaN,
NaN,0,-0.5,0.667,-0.75,0.5,-0.5,-0.667,-0.6,0.5,
NaN,0.667,-0.5,-0.636,0.6,0,1,-0.857,0.5,0,
NaN,0,0,0.75,-0.75,-0.5,0.5,0.75,0.833,0.5,
NaN,0.143,0.333,-0.4,0.5,-0.5,0.5,0.2,0.4,-0.667,
NaN,0,0,-0.5,-0.5,-0.5,-0.5,-0.667,-0.8,-0.5,
NaN,0,0,0.4,0.75,0.2,0.8,1,0.889,0.667,
NaN,1,0,-0.9,0.667,0,0.333,-1,0,-1,
NaN,0.333,-0.222,0.333,0.5,1,1,0.833,-0.25,-0.4,
NaN,0.5,-0.5,-0.667,-0.75,-1,-0.667,-0.333,-0.5,0,
NaN,0,1,1,0.333,0.167,0.5,-0.4,0.5,1,
NaN,0,-0.5,NaN,NaN,NaN,0,0.875,1,NaN,
NaN,0,0.25,0,-0.333,-0.4,0.833,-0.75,0.778,0.5,
NaN,0,-0.5,1,NaN,1,-1,0.5,1,-1,
NaN,0,0.5,0.4,-0.333,0.25,0.75,0,0,NaN,
NaN,-1,0,0.5,1,NaN,1,1,1,1,
NaN,NaN,NaN,NaN,NaN,NaN,NaN,NaN,NaN,NaN,
NaN,NaN,NaN,NaN,NaN,NaN,NaN,NaN,NaN,NaN,
NaN,0,0,1,0.667,-0.333,-0.333,1,1,1,
NaN,0.333,0.6,-0.6,0.25,0.667,0.833,0,-0.167,0.5,
NaN,-0.2,0.25,0.333,0,-1,NaN,-0.833,0.75,-0.5,
NaN,0,-0.625,-0.571,0,-0.75,-0.667,-0.167,-0.2,0,
NaN,0,0,0.25,0.429,-0.667,0.833,-0.667,0.333,-0.333,
NaN,0,1,-1,0.75,-0.333,-1,0.75,0,1,
NaN,0,0.6,-0.25,0,0.4,0.5,-0.333,0,0.5,
NaN,NaN,0.111,0,0,-1,-0.333,0,-0.25,0,
NaN,0,-0.143,0.5,0.75,0.5,1,-0.333,0.25,-0.4,
NaN,0,0,-0.25,0.6,-0.25,-0.75,-0.222,0,-0.5,
NaN,0,0.6,0,0.5,0.5,-0.6,0,0,-0.5,
NaN,0,0,0.25,0,0.5,-0.667,0.5,1,0,
NaN,0,0.857,0,0,0.75,1,0,NaN,NaN,
NaN,0,-0.6,0,0,0.8,1,1,0,-0.5,
NaN,0,-1,0.2,0,-1,-0.75,-1,-1,1,
NaN,0,0.6,0.4,0,-0.6,0,0,0,-0.25,
NaN,NaN,NaN,NaN,NaN,NaN,NaN,NaN,NaN,NaN,
NaN,1,0.5,0.333,-1,NaN,0,1,-0.5,0.5,
NaN,0,1,0,1,1,0,1,1,0,
NaN,0.833,0.667,-0.5,-0.75,-1,0,-1,0.5,NaN,
NaN,-0.2,-0.778,0.8,-0.6,-0.2,0.6,0.5,0.5,-0.333,
NaN,0,1,0,-1,-0.5,-1,0,1,0,
NaN,0.25,0,-0.25,-0.333,0.714,0.333,0.5,0.6,0.667,
NaN,0,-0.333,-0.667,-1,1,NaN,1,0,-1,
NaN,0,0,0.4,-0.667,-0.25,0.333,0.429,0.625,0.667,
NaN,0.5,0.5,0.333,0.25,0,-0.333,0.333,1,0.5,
NaN,0.333,0.4,0.429,1,0,0.333,0.8,0,-0.2,
NaN,-0.6,0.667,0.5,0,0.667,-0.143,-0.25,-0.571,0,
NaN,0,-0.25,1,1,-1,0.5,-0.6,1,-0.5,
NaN,0,1,1,1,NaN,1,NaN,1,1,
NaN,0.667,0,0.8,0.333,-0.75,-0.25,0.333,-0.6,-0.25,
NaN,0,0,0,0.222,-0.6,0.5,-0.429,-0.714,0,
NaN,0,0.333,0,1,-1,-0.5,-0.75,-1,0.5,
NaN,0,0.25,0,0.889,1,0,0.75,1,NaN,
NaN,0,0,1,0.333,0,0.5,-0.8,1,-0.8,
NaN,-0.4,-0.75,-0.333,-0.4,0.167,0.25,-0.25,0.25,0.75,
NaN,0.143,1,0.75,0,1,-1,-1,-1,-1,
NaN,0.286,0,0.667,0.4,0.25,0,0.5,0.4,-0.25,
NaN,0,NaN,0,0.75,0.6,0,-0.5,-0.5,0.333,
NaN,0,1,-0.5,0.667,0.5,1,0.5,0.5,0.25,
NaN,0,-0.25,0.6,-0.2,-0.75,0,-0.6,0.333,-1,
NaN,0,0,0,0.5,-0.5,0.333,0.5,0,0,
NaN,NaN,NaN,NaN,NaN,NaN,NaN,NaN,NaN,NaN,
NaN,NaN,-1,-0.667,0.75,1,-0.5,0,-1,-1,
NaN,0,NaN,NaN,NaN,NaN,NaN,NaN,NaN,NaN,
NaN,0,-0.5,0.75,-0.333,1,-0.875,-0.25,0,-0.75,
NaN,-0.333,0.556,-0.4,-0.5,-0.429,0.4,-0.2,0,-0.5,
NaN,0,0,0.429,0,-0.286,0.875,-0.7,0.778,0.75,
NaN,0,0,0.25,0.667,0.667,0.2,0.5,-0.667,-0.667,
NaN,0,0.667,0,0.6,-0.5,-0.5,-1,0,-1,
NaN,NaN,-1,NaN,-1,-1,-0.6,-1,-0.6,-0.4,
NaN,-0.25,1,-1,0.2,1,-0.75,-1,-0.333,-0.667,
NaN,-0.5,-0.333,0.5,0.571,0,0.5,-0.6,-0.2,0.5,
NaN,0,-0.333,0.8,0,0,0.333,0.667,0.5,-0.5,
NaN,0,1,NaN,NaN,NaN,1,NaN,NaN,NaN,
NaN,0,0,0,-0.5,0.5,0,-0.5,0,-0.25,
NaN,NaN,-0.5,-0.75,0.5,0.333,0.5,NaN,0,1,
NaN,0,0,0,0.333,0,0.5,-0.667,-0.4,-0.5,
NaN,0,0,-0.25,0,1,0.667,0.333,0.5,-0.333,
NaN,0.5,1,1,NaN,-0.5,-1,0.5,-0.4,0.75,
NaN,0,0.5,0,0,0,0.25,-0.75,1,0,
NaN,0,-0.2,0.25,0.333,-0.714,0,0.667,0.333,-0.667,
NaN,0,0.5,1,0.917,0,-1,0.333,1,NaN,
NaN,0.4,0.333,0.143,0.4,-1,-1,0.2,0.6,-0.333,
NaN,0,0,-0.333,0.714,-1,0,-0.5,1,0.5,
NaN,0.2,NaN,0,-0.6,1,-1,1,-1,-1,
NaN,1,0.143,0.667,-0.286,-0.429,0.6,0.25,1,0,
NaN,0,-0.333,-0.75,-0.333,-1,-0.5,-1,-1,-1,
NaN,0.6,-0.2,1,0.667,-0.5,0.667,NaN,0.5,NaN,
NaN,0.333,0,0.333,-0.5,1,0.6,1,0.833,-0.5,
NaN,0,0.4,-0.75,-0.25,0,-0.333,0.667,-0.5,0.75,
NaN,-0.333,-1,0,0,1,0,0.667,0,-1,
NaN,0,0,-0.875,0.333,0.5,-0.5,-0.75,0.2,-0.25,
NaN,1,NaN,NaN,1,-1,1,NaN,NaN,NaN,
NaN,-0.75,NaN,-0.4,0.333,0.333,-0.2,-0.333,-0.5,0.5,
NaN,0.2,0,-0.5,-0.5,-0.5,-0.5,0.375,-0.75,0.4,
NaN,0,0,-1,0.75,-0.667,0,0.667,0.667,-1,
NaN,0,0.714,1,0.6,-0.667,0,0.5,0,0.5,
NaN,0,-0.2,-0.6,0.25,0,0,0.4,-0.2,-0.333,
NaN,0.6,-0.429,-0.25,0.6,-0.667,-1,0.5,-0.667,-0.2,
NaN,0,0,0.667,-0.5,0.5,0,1,0,-0.25,
NaN,0.5,0,0.667,1,0,-0.833,1,0,1,
NaN,0,-0.5,-0.5,0.75,0,-0.8,-0.75,-0.333,0.571,
NaN,0.625,0.625,-0.625,-0.75,0.333,0.25,0.667,0,NaN,
NaN,0.667,0.333,0.5,0,0.6,-0.4,0.667,-0.429,0,
NaN,0.667,-0.2,0,0,-0.25,0,-0.25,0,0.5,
NaN,-0.25,0,0.5,0,0.667,0.333,-0.5,-0.667,-0.5,
NaN,0,0,0.75,1,0.25,-0.833,0.5,1,0.5,
NaN,0.75,0.333,0.5,NaN,-1,0.75,1,-0.5,1,
NaN,NaN,NaN,NaN,NaN,NaN,NaN,NaN,NaN,NaN,
NaN,0.6,0,0,-0.75,-0.25,0.333,0.5,-0.6,0,
NaN,0,0.5,0,0.75,0.75,-0.75,-1,0.75,0.714,
NaN,NaN,NaN,NaN,NaN,NaN,NaN,NaN,NaN,NaN,
NaN,-0.25,0.5,0.2,-1,-0.6,-0.5,0.333,-0.5,0.8,
NaN,0,0,0.778,-0.75,-0.667,0.5,0.5,0.5,0.333,
NaN,-0.667,0,-0.75,-0.75,-0.5,-0.6,-0.75,0.5,0.5,
NaN,0.333,1,0.625,0.4,0.5,0.6,0.75,0.75,0.833,
NaN,NaN,0,1,0.25,1,-1,-0.333,-0.667,0,
NaN,0,-0.4,0,0.25,0.333,0,1,0.25,0,
NaN,0,-0.25,1,1,-0.5,0.333,-0.75,-0.333,0.5,
NaN,0,0.5,0,0.333,-1,0.333,0.667,0.778,0.167,
NaN,0,-0.5,1,0,1,1,1,1,-1,
NaN,0,0,0.889,0.5,0.667,-0.667,-0.7,1,0.25,
NaN,0,0.667,0,-0.5,0.25,0.571,0.429,-0.5,0.167,
NaN,0.714,0,-1,1,-1,0.667,0.8,0.75,-1,
NaN,-0.25,-0.5,0,0,NaN,0.5,1,1,0.5,
NaN,NaN,NaN,NaN,NaN,NaN,NaN,NaN,NaN,NaN,
NaN,0.143,-0.333,0.333,1,0.6,-0.333,0.5,0.75,0.4,
NaN,0,0.857,0.5,1,0.25,0,0,0.667,0.75,
NaN,0.125,0.667,0.333,0.333,1,0.75,1,-0.429,1,
NaN,0,0.2,0.429,0.75,0.286,0.8,0.857,0.25,-0.75,
NaN,0.25,-0.167,0.333,0.5,1,-0.4,0.5,0.8,0.5,
NaN,-0.286,-0.714,0,0.556,0.333,0,0.75,0,0.857,
NaN,0.333,0.571,0.5,-0.667,0.5,0.6,0,0.714,0.714,
NaN,NaN,NaN,1,NaN,NaN,NaN,0,-1,-1,
NaN,1,-0.75,1,1,1,NaN,1,1,1,
NaN,0.077,0.6,1,0.333,-0.333,0.6,0.667,0,0,
NaN,0,-0.25,-0.5,0,-0.5,NaN,NaN,-1,1,
NaN,NaN,NaN,NaN,NaN,NaN,NaN,NaN,NaN,NaN,
NaN,NaN,NaN,0,0,-1,1,1,1,-1,
NaN,0.333,0,0,0,1,1,1,0.5,1,
NaN,0.5,1,-0.5,0.4,0.5,0.667,0.667,-0.75,-0.6,
NaN,0,0.167,0.333,0.667,0.25,-0.727,0,0.462,0,
NaN,0.667,0.5,0.667,-0.5,-0.5,0.667,0.75,1,0.5,
NaN,0.333,0.571,-0.571,-0.333,-0.75,-0.5,0,-0.667,-0.6,
NaN,0.333,0,0,-0.667,-1,-1,-0.667,-0.8,-0.667,
NaN,0,-0.571,-0.667,-0.667,-0.5,-0.333,-0.5,0.5,-0.25,
NaN,-0.25,1,0.333,0.6,0.625,0.25,0.25,0,0.25,
NaN,0,NaN,NaN,-0.75,1,NaN,NaN,1,NaN,
NaN,0.333,0.5,0.25,0.444,0,0,-0.75,0,-0.25,
NaN,0,0.25,0,1,-0.5,0,1,0,1,
NaN,NaN,NaN,NaN,NaN,NaN,NaN,NaN,NaN,NaN,
NaN,0.5,0,0.5,-1,0.667,1,-0.25,-0.75,1,
NaN,0.714,0,-0.25,0.2,0.5,0.5,0.5,0.75,-0.25,
NaN,0.667,0,0,1,-1,-1,-1,-0.5,1,
NaN,-0.286,1,-1,1,1,-0.5,1,0,-0.857,
NaN,0.5,0.857,0.25,0.75,1,0.5,-0.25,0,0,
NaN,0,0.25,-1,0,0,-1,0,0,NaN,
NaN,-0.286,0.333,-0.4,-1,0,0.667,-0.667,0,0.5,
NaN,0,0.667,-0.333,0.667,0,0.444,0.143,-0.5,0,
NaN,0,0,1,1,1,1,NaN,NaN,NaN,
NaN,-0.333,0.5,-0.5,0.333,0,0.6,0.5,0.857,-0.6,
NaN,0.556,0.5,0.5,-0.4,-0.8,0,-0.333,-0.833,-1,
NaN,0,0,0,0,1,1,1,1,NaN,
NaN,1,NaN,1,-1,1,-0.5,1,0,0,
NaN,0,0,-0.75,-0.286,1,-0.4,-0.25,0.6,0.2,
NaN,0,0,0,0,NaN,0,0,0,-1,
NaN,0,0.5,0.667,0,0.5,0,0.5,0,0.5,
NaN,0,0.5,0.2,-0.5,-0.667,-0.75,0.2,-0.75,0,
NaN,0,-0.833,0.5,0.667,1,1,0.25,-0.667,NaN,
NaN,0.8,-0.2,1,0.75,0.833,-0.667,1,0.5,1,
NaN,0,0.667,0.667,-0.5,0,0.8,0.667,0.857,0.667,
NaN,0.667,1,-1,1,-1,-1,-1,NaN,1,
NaN,0.4,-0.714,-0.5,0,0.667,0.5,0.4,0.333,0,
NaN,0.2,-0.25,1,0,-0.667,-0.75,0.667,-0.667,0.25,
NaN,0.125,0,-0.25,0.714,-0.5,-0.909,0.5,0,-0.667,
NaN,0,0,0,0,0.167,0,-0.571,0,1,
NaN,NaN,NaN,0,0,0,0.5,0.667,-0.714,0,
NaN,0,0.25,0.333,0,0.333,-0.2,-0.5,-1,0,
NaN,-1,1,1,0.5,1,NaN,1,NaN,NaN,
NaN,0,1,NaN,-1,0.5,0.75,0.857,-1,-1,
NaN,0,0.5,0.5,0,0.333,0.545,0.5,-0.8,0.444,
NaN,0.333,0.5,0.5,0.5,0,-1,0.5,NaN,1,
NaN,0,0,-0.5,0,-0.5,-0.333,0.4,-0.5,-0.5,
NaN,NaN,NaN,0.5,0.5,NaN,-0.333,0.333,0.5,1,
NaN,0.333,0.5,0.75,NaN,1,NaN,1,1,1,
NaN,0.167,0,0,-0.667,-1,-1,-1,NaN,-1,
NaN,0.5,0.25,-0.2,0.25,0.667,-0.2,0.75,0.75,0.5,
NaN,0,0.667,0.5,0.5,0,0,0,-0.667,-0.5,
NaN,0.6,0.833,0.333,0.167,0.167,0,0.333,0.4,0,
NaN,NaN,0,NaN,0.5,1,NaN,-1,0.5,1,
NaN,0.2,-0.333,-0.5,-0.25,0.2,0,0.5,0,0,
NaN,0,0.667,NaN,0.8,1,NaN,1,NaN,NaN,
NaN,NaN,NaN,NaN,-1,NaN,-1,-1,NaN,-1,
NaN,-0.667,-0.5,-0.75,-0.75,0.667,1,-0.5,0.333,0.333,
NaN,0,0,1,1,1,1,-0.5,NaN,NaN,
NaN,NaN,NaN,0,NaN,NaN,NaN,NaN,NaN,NaN,
NaN,0,0,0.6,-0.5,-0.667,-0.833,-1,-1,0,
NaN,NaN,0,0.833,1,1,-1,-0.5,-0.5,1,
NaN,-0.333,0.8,0.333,-0.5,0.5,0.714,-0.833,0.2,0.25,
NaN,-0.167,-0.6,-0.8,-0.333,0.636,-0.2,0.556,-0.5,0.778,
NaN,0,-1,0.6,-0.75,1,1,0.5,0,0.5,
NaN,0,0,0,1,0.333,-0.833,0.333,0,0,
NaN,0,0.714,-0.8,0.5,-0.8,-0.333,0,-0.5,-0.5,
NaN,0.4,0,-0.5,-0.5,0.5,0,0,-0.667,1,
NaN,1,0,-0.143,-1,NaN,0.5,0.667,0.8,-0.333,
NaN,0.333,-0.625,1,0.75,1,0,0,1,0,
NaN,-0.25,0,0,0,0.25,0.538,0,0,0,
NaN,0,0.333,0.5,1,-0.5,-0.5,1,0,0.5,
NaN,0,0.333,0,-0.625,0.5,0,-0.5,0,0.5,
NaN,0,0.667,0.5,-0.4,0.857,0.5,0.625,0.222,0.8,
NaN,-0.333,0,0.333,-0.333,-0.429,0.667,0.6,0.778,0.667,
NaN,NaN,NaN,-1,NaN,NaN,-1,-1,NaN,NaN,
NaN,0,-0.5,-0.5,-0.5,-0.2,0.6,0.333,0.6,0.333,
NaN,0.6,0.5,-0.333,-0.4,-0.5,-0.6,0.8,-0.2,0.5,
NaN,0,0.333,-0.6,0.5,0.25,-0.429,0.6,-0.5,-0.5,
NaN,NaN,0.5,-0.2,0.5,0.5,0.25,0.8,0,0.333,
NaN,0,-0.667,0.167,-0.833,1,1,1,-1,NaN,
NaN,0,0,1,0.6,-1,1,-0.778,-1,1,
NaN,0,0.4,0.4,0.333,-0.5,-0.75,-0.25,0.6,0.333,
NaN,NaN,1,NaN,NaN,1,NaN,NaN,1,NaN,
NaN,-0.25,-0.8,-0.625,0.429,0.75,0,-0.5,0.333,0.857,
NaN,0,1,0,1,1,0.25,-0.714,1,-0.667,
NaN,0.5,-0.25,0.333,-0.5,0.667,-0.5,0.667,-0.667,0.5,
NaN,0,0,0.667,0.583,0.2,0,0.333,0.5,0.667,
NaN,0,NaN,NaN,NaN,NaN,NaN,NaN,NaN,NaN,
NaN,0,1,0,NaN,1,1,1,1,1,
NaN,NaN,1,1,1,1,1,1,1,NaN,
NaN,0,0.25,0.667,-0.667,-0.5,-0.333,-0.714,0.625,0.923,
NaN,0,0.125,-0.333,0.25,-0.6,-0.667,0.667,0.333,-1,
NaN,0,-0.6,0.667,0.286,0,0.333,-0.286,0.143,0.8,
NaN,0,-0.25,0.333,-0.429,0.167,-0.4,0.833,-0.75,-0.5,
NaN,0,0.2,-0.333,0.5,-0.5,-0.5,0,-0.333,0,
NaN,0,0.6,0,0,-0.857,0,1,-0.25,-0.833,
NaN,1,0.5,-0.857,0,-0.667,0.667,-1,-1,-1,
NaN,0.25,0,-1,1,-1,-1,0,-0.5,-1,
NaN,0,0.75,0.143,0.5,0.75,0.667,-0.25,-0.25,0.667,
NaN,1,-0.429,0.875,0.667,-0.667,-0.333,0,-0.75,-0.667,
NaN,0.714,-0.625,-0.667,0,0.6,-1,-0.333,-0.25,0,
NaN,0,0.5,0,-0.5,0.667,NaN,1,1,1,
NaN,-0.6,0.333,-0.5,0.6,-0.2,-0.625,-0.429,-0.571,-0.167,
NaN,1,0.5,-0.25,0.4,1,0.857,0.333,-0.25,-0.4,
NaN,NaN,0,0,0,0,0,0,0,0,
NaN,0,0.2,0.75,0,-0.5,-0.25,0,-0.25,-0.5,
NaN,0.4,-0.333,0,-0.714,-0.571,-0.714,0.5,0.333,0.5,
NaN,0.5,0.4,0.25,-0.8,-0.75,0,0,-0.75,-0.333,
NaN,0,0,0,0,0,-0.667,0.25,-0.5,0.5,
NaN,-0.6,-0.143,-0.333,0.909,-0.667,1,0,0.5,0.727,
NaN,-0.25,-0.714,-0.444,0,0.667,1,-1,1,0.4,
NaN,0.333,0.833,0,0.333,-0.4,0,0,0,0.6,
NaN,-0.4,0.75,-0.667,0.333,0,0,0.4,-0.6,-1,
NaN,0,1,0.714,1,0.714,0.667,0.625,-0.5,0.857,
NaN,0,NaN,0,0.5,0.833,-0.333,0.5,-0.667,0.4,
NaN,1,0,-0.667,-1,-1,0,NaN,-0.667,NaN,
NaN,0.286,0.6,-0.167,-0.333,-0.5,0.857,-0.5,-0.333,-0.5,
NaN,0,0.5,NaN,-1,1,1,1,1,1,
NaN,0,0.5,0,-0.5,-0.5,1,1,0.667,0.5,
NaN,0,0.667,0.5,-0.722,0,0,1,0.667,0.25,
NaN,0.2,0,-0.333,0.333,0.6,0.333,0.222,-0.6,0.333,
NaN,0,-1,-0.333,NaN,0,1,-0.5,-1,-1,
NaN,0,0,-0.75,0.333,NaN,1,-0.8,1,0,
NaN,0,0,-0.6,-0.2,0.333,-0.5,-0.6,NaN,-1,
NaN,0,0.5,-1,-0.5,0.333,-0.333,-0.5,-1,-0.571,
NaN,0,0.75,-0.667,0.5,0,0.875,0,0.5,-0.2,
NaN,0.333,-0.333,0.8,0,0,0.5,0.857,0,0.5,
NaN,0.75,1,-1,-1,-1,0.667,-0.5,0,1,
NaN,-0.75,-0.5,0.75,0.9,0,0.667,0.333,-0.167,0.333,
NaN,0,0.2,0.2,-0.6,0.25,-0.778,-0.8,0.4,0.4,
NaN,-1,0.182,-0.667,-0.5,0.5,-0.5,1,0.889,0.5,
NaN,-0.5,0.6,-0.4,0.333,0.75,-1,-0.5,-1,0.5,
NaN,0.25,-0.6,-1,0.5,-0.5,-1,-0.5,-0.75,0.667,
NaN,NaN,NaN,NaN,NaN,NaN,NaN,NaN,NaN,NaN,
NaN,0,0.333,1,1,1,0.5,1,1,0.5,
NaN,0,-1,0.667,0.4,0.833,0.5,-0.667,0,0.5,
NaN,NaN,NaN,0,1,1,1,NaN,NaN,1,
NaN,0,0.333,0.2,0,0.4,1,0.5,-0.714,-0.857,
NaN,0,0,-0.333,0.333,0.75,0.5,0.333,-0.5,1,
NaN,0.333,0,0,0.5,0.75,0.667,-0.333,0.333,0,
NaN,0,NaN,NaN,0,0,NaN,0,NaN,NaN,
NaN,0,-0.25,1,-0.5,-1,-0.75,0,-0.5,-0.625,
NaN,NaN,NaN,NaN,NaN,NaN,NaN,NaN,NaN,NaN,
NaN,0,-0.25,1,0,-1,NaN,0.5,1,1,
NaN,0,0,1,-0.333,0.667,-0.667,1,0,-0.5,
NaN,-0.2,0.444,-0.4,0.4,-0.333,0.571,-0.5,0.5,0.4,
NaN,0.5,0.167,-0.667,-0.75,0.25,-0.75,0.5,0.75,-0.4,
NaN,0.2,-0.8,0.6,0.7,0.5,-0.167,0.75,0.4,0,
NaN,0,0.333,0.667,0,-1,-1,-0.5,0.6,0,
NaN,0.25,0.5,1,0.333,0.5,0.5,0.333,1,0.5,
NaN,0.4,0.5,0.667,0.5,0.4,0.714,-0.167,0.2,0.2,
NaN,0.4,0.4,0,0.667,0,0.5,0.75,0.8,0.667,
NaN,0,0,1,1,NaN,0.5,0,-1,0.5,
NaN,0.25,-0.167,0.571,0.917,-1,0.5,0.571,0,0.571,
NaN,0,0.333,0,-1,0,1,1,0.667,-1,
NaN,0,-0.2,0,-0.4,-0.6,0.818,0.5,0.5,-0.5,
NaN,0.5,-0.4,1,0.75,-0.571,-0.333,0.8,0.833,0.5,
NaN,-0.333,0,-0.143,0.667,0,-0.25,0.4,0.6,-0.444,
NaN,0.333,0.4,-0.333,-0.667,0.5,0,0.167,-1,-1,
NaN,0,0.8,0,-0.25,0,-0.667,0,0,0.4,
NaN,0,0.667,1,-0.75,-1,-0.6,-1,-0.857,0.167,
NaN,0,0,0,-0.25,0.5,0,0.833,-0.667,0.333,
NaN,0,-0.667,0,0,0.25,-0.333,0.25,-0.667,-0.25,
NaN,NaN,NaN,NaN,0.167,0.667,1,0.333,0,-0.4,
NaN,-0.2,0,-0.667,-0.667,-0.333,0,0.75,0.6,0.6,
NaN,NaN,0.6,-1,NaN,-0.5,NaN,1,1,1,
NaN,NaN,0.25,0.8,1,1,1,1,0.5,0.5,
NaN,-0.5,0.5,-0.667,-0.667,0.333,0.75,-0.75,-0.75,-0.333,
NaN,0,NaN,1,1,0.667,NaN,NaN,NaN,1,
NaN,0,0,-0.25,0.333,0,0.286,1,-0.5,0.9,
NaN,0,-0.75,1,-1,-0.75,-1,-1,0.667,0.667,
NaN,0,1,1,1,NaN,NaN,NaN,1,1,
NaN,0,0,1,-1,NaN,NaN,NaN,NaN,NaN,
NaN,0.714,-1,0.8,-0.333,-1,-0.5,0,0.556,0.25,
NaN,0,-0.5,-1,NaN,1,NaN,0,0.5,0,
NaN,0,0.6,-0.4,0.375,-0.333,0.6,-0.667,0.667,0.5,
NaN,0,0,-0.333,-0.25,1,1,-0.5,1,0,
NaN,0,0.333,0,0,-0.5,0.5,0.333,0.833,0,
NaN,0.111,0,-0.667,-0.333,0.6,0,0.5,1,1,
NaN,-1,-0.667,-0.5,1,-1,0.8,-1,-0.667,0,
NaN,0,-0.2,1,0,-0.25,1,-1,0.5,0,
NaN,0.5,1,-1,0.333,0,-1,0,0.75,0.667,
NaN,0,-0.333,0.667,0.75,-0.5,0.6,0.4,0,0.5,
NaN,-1,0.667,0.5,-0.5,1,0,-0.5,1,1,
NaN,0,0,0,0.5,1,1,1,1,NaN,
NaN,0.5,0.667,1,-0.5,-0.5,-0.6,-0.8,-0.714,-0.8,
NaN,-0.667,-0.25,-0.333,0,0.25,-0.5,-0.25,-0.167,-0.5,
NaN,0.333,0,0.333,-0.333,0,0.667,-0.333,0.25,0.75,
NaN,0,-0.333,0.667,0.667,0,0.333,-0.5,-0.5,-0.25,
NaN,0,-0.25,0.333,0,1,0.833,0.333,-0.25,0.833,
NaN,NaN,0,NaN,0,0,NaN,-0.667,-1,-1,
NaN,0,1,0,0.667,1,-0.333,0.667,0.8,0.5,
NaN,-0.167,-0.5,-0.5,-0.667,-0.75,0.714,-0.75,-0.143,-0.75,
NaN,0.5,-0.833,0.667,0.333,0.5,-0.286,0.625,0.667,-0.75,
NaN,-0.111,0.571,0,-0.182,-0.5,-1,-0.667,-0.6,-0.625,
NaN,1,0,1,0.667,0,1,0.5,1,NaN,
NaN,0,0.5,0,0,-0.167,-0.2,0,0.75,0.8,
NaN,0,0.5,0.333,-0.5,-0.5,-0.333,0.6,0.667,0.5,
NaN,0,0,0,0,0,1,1,-1,1,
NaN,0.778,0,0.25,-0.833,0.571,0.2,-0.125,-0.5,0.4,
NaN,0,-1,-0.75,NaN,0.5,0,0.875,0.4,-0.2,
NaN,0,0.667,0,-0.667,0.333,0,0.333,0.75,1,
NaN,NaN,NaN,NaN,NaN,NaN,NaN,NaN,NaN,0,
NaN,1,NaN,NaN,NaN,NaN,NaN,NaN,NaN,NaN,
NaN,-0.125,-0.25,0.667,0.333,0.25,-0.571,-0.636,-0.571,0.889,
NaN,0.857,0.667,-0.8,-0.75,0.5,-0.2,0,0,0.2,
NaN,0,0,1,1,-1,0.5,-1,-1,-0.25,
NaN,0.4,0.75,-0.455,0.5,1,0,-1,0,1,
NaN,0.833,0.667,0,-0.5,-0.75,-0.75,-0.5,-0.667,-0.667,
NaN,0,-1,0.143,-0.5,0.667,0.25,1,0.231,0,
NaN,0.25,0.333,-0.5,0.667,-0.667,-0.571,0.2,-0.5,-0.4,
NaN,0,-0.667,0,-0.857,NaN,-0.5,0.5,0.667,1,
NaN,0,0,0,NaN,0,-1,NaN,1,1,
NaN,0.25,-0.4,0.2,-0.778,-0.857,-0.727,-0.5,-0.5,-0.6,
NaN,NaN,1,-0.667,NaN,NaN,NaN,NaN,NaN,-0.25,
NaN,-0.5,-0.571,-0.5,-0.222,0.333,0.2,0.571,0.4,0.778,
NaN,0,-0.667,0.333,0,0.667,1,-0.5,0,0,
NaN,-0.5,0.6,1,0,-0.667,0,-0.5,1,1,
NaN,NaN,NaN,NaN,NaN,NaN,NaN,NaN,NaN,NaN,
NaN,1,0,-1,0,NaN,NaN,1,0,1,
NaN,0,-0.333,-0.5,-0.5,0,-0.75,-0.75,-0.25,0,
NaN,0,0.833,0,0.833,-1,-1,-0.5,0.4,0.833,
NaN,0,-0.2,-0.714,0.556,0.75,-0.2,0.333,0.667,-0.25,
NaN,0.333,-0.4,-0.5,0,0,-1,-0.5,1,0,
NaN,0,0.5,0.167,0.333,-0.333,-0.333,-0.667,0.5,-0.875,
NaN,0,0,NaN,-0.5,-0.75,-0.5,-0.667,-0.667,-0.667,
NaN,0,-0.5,0.6,0.286,1,0.75,0,-0.2,-0.714,
NaN,0,-0.5,0.5,-0.2,0.333,-0.6,0.7,0.5,-0.833,
NaN,0.5,0,NaN,NaN,NaN,NaN,NaN,NaN,NaN,
NaN,-0.667,0.667,-1,0.4,-0.5,0.667,0,0.571,-0.286,
NaN,0.25,-0.4,0.75,0.75,0.2,0.667,-1,0,1,
NaN,0.857,0,0.75,1,0.75,0.8,0.778,0,-1,
NaN,0.333,0,0.8,0.6,0.5,0.333,0.5,0.25,0,
NaN,0,0,0.667,-1,0.75,0,0.25,-0.571,-0.667,
NaN,0.333,0.444,-0.5,0.429,0.25,0,-0.6,0.2,-0.4,
NaN,-0.25,0.714,-0.25,0.5,1,0.667,-0.5,0.2,-0.5,
NaN,0,0.667,0,-1,-0.333,-0.5,0.667,0,0.5,
NaN,0,-0.75,0.333,0.857,0.5,0.5,0.667,0.875,0.5,
NaN,-0.667,-0.333,0,-0.6,0.667,0.333,0,0,0,
NaN,0.25,0.667,-0.667,0.6,0.75,0.5,1,0,0,
NaN,1,0,-0.25,0,0.333,-0.75,-1,0,0,
NaN,0,0,1,1,1,1,1,1,1,
NaN,0,0,0,1,1,0,-1,NaN,NaN,
NaN,0,0.167,0.75,-0.667,0,0,-0.5,1,0.25,
NaN,0,-1,NaN,NaN,1,-1,-0.6,-1,-1,
NaN,1,NaN,NaN,NaN,1,NaN,1,NaN,NaN,
NaN,0.25,-0.667,-0.75,0.6,-0.5,-0.25,0,0.5,0.2,
NaN,-0.667,0.857,-0.8,-1,0,-0.667,1,0.167,1,
NaN,0,0.778,0.667,0.2,0.333,0.6,0.75,-0.2,0.667,
NaN,0,0,0,NaN,0,0.5,0.25,-0.667,1,
NaN,0.727,1,1,1,1,-1,1,1,NaN,
NaN,0.2,0.5,-1,0.333,-1,0.444,0.6,1,-0.75,
NaN,0,-0.5,0.667,0,-0.5,0.833,0.714,0.5,0.5,
NaN,0.333,-0.333,-0.333,-0.667,-0.8,0.6,-1,0,0,
NaN,0.5,-0.6,-0.333,0.75,0.5,0,0,1,0.333,
NaN,0.333,0.2,0.667,0.667,1,0.5,0.75,1,-0.25,
NaN,0,0,-0.5,0.333,-0.333,0.333,-0.8,-0.6,-0.6,
NaN,0,0,0.667,1,0.75,-0.667,0,0,1,
NaN,0,0,NaN,NaN,NaN,NaN,NaN,NaN,NaN,
NaN,0,NaN,1,NaN,NaN,NaN,NaN,-1,1,
NaN,-0.4,1,0,-0.333,-0.25,1,-0.5,0.5,0.5,
NaN,0,0,0,0.6,-1,-0.5,0,0.5,-0.5,
NaN,0,0.5,NaN,-1,0,0,0.667,-1,-0.667,
NaN,0,0,0,0,0,0,0,0,0.667,
NaN,0.25,0.714,-0.667,0,-0.5,-0.875,0.333,-1,0,
NaN,0.5,1,-0.667,0,0.667,0.667,0,-0.5,1,
NaN,-0.571,-0.167,-0.333,-0.9,-0.333,0.5,0.889,0.5,0.857,
NaN,1,-0.5,1,0.667,0,0.333,0.75,0,0.667,
NaN,-0.5,0,0.167,0,-0.333,-0.429,0,-0.333,-0.75,
NaN,-0.5,-0.333,1,0,0,0,0.333,0.667,0,
NaN,0,0.625,0.875,0.286,-0.4,0.667,0,0.778,-0.5,
NaN,1,0,1,1,1,-0.5,0.333,-0.75,0.5,
NaN,0,0.25,0.5,1,1,0.333,0.5,0.6,-0.571,
NaN,-0.667,-0.25,1,0,-0.2,0.333,0.8,0.5,0.714,
NaN,0,0,1,1,1,NaN,1,NaN,NaN,
NaN,0,-0.667,0.667,1,1,-0.333,-0.5,0.6,0.5,
NaN,NaN,NaN,NaN,NaN,NaN,NaN,NaN,NaN,NaN,
NaN,0.6,-0.667,0.6,0.75,0.5,0,0.667,0.667,1,
NaN,0,0.667,-0.5,0,0.714,0.333,0.8,0.833,0.5,
NaN,0,0,-1,0,0.4,-0.333,-0.625,0.5,-0.5,
NaN,0,0,0.5,0.167,-0.545,0.824,0.4,0,0.25,
NaN,0,0,-0.667,0.4,-0.333,0,0.6,0,0.25,
NaN,0,0.333,0.667,0.714,-0.5,-1,1,0.667,0.5,
NaN,0.333,0,0,-0.5,-0.875,-1,-0.5,-0.667,-1,
NaN,0,0.167,-0.5,0.333,0.4,0.333,0.4,-0.6,0.4,
NaN,0.25,0.667,-0.667,-0.5,-0.4,0.667,0.8,1,0.5,
NaN,0,0.5,-0.8,0.667,0.5,-1,0.5,0.833,0.333,
NaN,NaN,1,1,0.6,1,0,1,-1,-1,
NaN,NaN,0.8,-1,0,NaN,1,1,NaN,1,
NaN,0,0,0.75,-0.333,-1,-1,-1,-0.333,-1,
NaN,-0.333,0.6,0.5,0,0.333,0.333,-0.833,-0.714,-0.75,
NaN,0.25,0.5,0.5,0.6,-0.25,0,-0.75,-0.5,-0.5,
NaN,NaN,NaN,NaN,NaN,NaN,NaN,NaN,NaN,NaN,
NaN,0,0,NaN,1,1,-0.5,-1,1,0,
NaN,0.5,0.875,0.25,0.333,-0.5,0.5,0,0,1,
NaN,-0.25,-0.375,0,0.833,0.5,0.714,0.5,0.8,0.8,
NaN,0.333,-1,0.25,-1,1,1,0.857,0.5,0.4,
NaN,-0.833,0.25,1,-0.833,0.667,-0.5,0.667,0,0.5,
NaN,0,-0.2,-0.5,0.2,0.5,0.333,0,-0.6,0.167,
NaN,0,0,-0.667,0.556,1,0.4,-0.333,-0.667,0,
NaN,0,1,-1,-1,NaN,-1,0.8,-1,0.8,
NaN,0,0.2,-0.6,-0.2,0.667,0.25,0.2,0.4,0.8,
NaN,0,1,-0.6,-0.5,0,1,-0.5,-1,0.667,
NaN,0.25,0.25,0,-0.5,0,-0.333,0.5,0.5,0.333,
NaN,-0.286,0.333,0,0,-1,-0.75,1,-1,-0.667,
NaN,1,NaN,NaN,NaN,NaN,NaN,NaN,NaN,NaN,
NaN,0,0,0,0,-1,-0.667,-0.5,-1,-1,
NaN,0.286,0.333,0,-0.333,0.333,0,0,0.333,0.333,
NaN,0.25,-1,0.333,-0.4,-1,0.4,0.8,0.6,-0.333,
NaN,-0.333,-0.667,-1,0,-0.143,-1,-1,0.333,-0.5,
NaN,-0.625,-0.571,0.8,-0.75,-0.2,0,1,0.6,0,
NaN,0,-0.5,0.857,0,0,-0.5,-1,0.667,0.5,
NaN,NaN,0,NaN,NaN,NaN,-1,-1,NaN,-1,
NaN,-1,1,-1,1,1,NaN,NaN,NaN,-1,
NaN,0.429,0.714,-0.6,-0.2,0,-0.333,0,0.5,0.667,
NaN,0,0,-0.167,0,0.667,0.75,-0.333,-0.75,-0.333,
NaN,0,0.5,NaN,NaN,1,-0.5,1,1,-0.5,
NaN,0,1,1,1,NaN,1,-0.333,-0.6,NaN,
NaN,0,0,0.6,0.5,0.2,-0.167,-0.286,-0.667,0.714,
NaN,0,0,0,-0.333,-0.5,0,0.8,0.143,0.1,
NaN,0,1,1,NaN,0.833,1,0,1,1,
NaN,-0.333,-0.4,0.25,-0.429,-0.667,0,-1,0.667,0,
NaN,0.333,NaN,1,NaN,1,-1,1,NaN,-1,
NaN,0.667,0.25,0,-0.667,-0.2,-0.833,0.2,-0.2,0.25,
NaN,0,0,0,0.333,-0.5,0,0,-0.25,0,
NaN,0.429,1,0.6,1,-0.333,-1,-0.667,1,1,
NaN,0,0.333,0.9,-1,-0.333,-1,0,0,-0.889,
NaN,0,0.25,-0.5,0.333,-0.143,-0.667,0.75,-0.4,-0.5,
NaN,0.2,-0.333,0,0.667,0,0.333,1,-0.444,0.333,
NaN,0,1,1,1,-1,NaN,0.5,-1,1,
NaN,0,0.4,0.5,-1,0,1,0.667,0,0,
NaN,0.333,0.25,0.25,0.25,0.5,0,0.667,-0.5,0.571,
NaN,1,0.5,-0.5,1,0,1,1,0.4,-1,
NaN,0.667,0.75,1,-0.5,-0.5,0,-1,0,-1,
NaN,0.333,0.5,0,0,0,0,0.625,0,-0.571,
NaN,0,NaN,NaN,NaN,NaN,NaN,NaN,NaN,NaN,
NaN,0,-0.25,0.556,0.8,0.667,0.667,0.333,0.333,0.667,
NaN,0,0.4,0.5,-0.857,0.667,-0.75,-0.6,-0.2,-0.75,
NaN,NaN,NaN,-0.333,1,NaN,0.833,1,0,0.75,
NaN,-0.625,0.8,0.75,-0.25,-0.571,0,0.25,0.667,0.25,
NaN,0,0,0.429,1,1,1,-0.556,0.333,0.857,
NaN,0,0,0.5,0,-1,0.5,0.25,0.8,1,
NaN,NaN,NaN,NaN,NaN,NaN,0,0.5,0.5,1,
NaN,0.25,0.5,-0.75,-0.2,0.2,0.25,-0.2,-0.571,-0.625,
NaN,0.333,0,-1,0.667,1,-1,0,0.8,-0.333,
NaN,-0.333,0.5,0.25,0.75,-0.75,1,0.25,0.2,0.625,
NaN,0,-0.5,-0.333,1,0.5,0,0.667,0.667,0.571,
NaN,0,-0.667,1,0.8,0.333,0.4,0.5,0,0.5,
NaN,0,0.333,-0.333,-1,-1,-0.25,0.5,0.667,-0.5,
NaN,NaN,NaN,0,0,0.875,1,-0.714,0.5,-0.333,
NaN,NaN,-0.333,0.333,0,1,0.625,0,-0.667,0.5,
NaN,NaN,0,NaN,NaN,1,0,1,0,0,
NaN,0.5,-0.667,NaN,0.4,0,0,-0.25,0.5,0.5,
NaN,0,-0.5,0.5,0,0.5,0,-1,-0.333,1,
NaN,0,1,NaN,0,0.75,NaN,NaN,-1,NaN,
NaN,0.25,-0.75,-0.75,0,-0.333,0,1,-0.667,1,
NaN,0,0.4,-1,0.375,0.5,0.667,0.25,0.667,0,
NaN,0,0,0.333,-0.667,0,0.25,-0.5,-0.333,-0.75,
NaN,-0.714,1,-0.5,0.667,0.714,0.6,0,NaN,NaN,
NaN,NaN,NaN,-1,0,0,0,0,0,-0.8,
NaN,0,0,-0.25,-0.667,0,-1,0,0.333,0.75,
NaN,0.5,-0.667,0.6,0.6,1,1,0.75,NaN,1,
NaN,0.333,-0.2,-0.714,0.667,0.667,-0.5,0.8,0.25,1,
NaN,0,NaN,-0.333,0.4,0.667,0.5,0,0,1,
NaN,-1,0.75,0,0,0.667,0.75,-0.75,0.556,-0.429,
NaN,-0.429,-0.5,-0.333,-1,0.5,1,0.571,0.333,0.5,
NaN,0.6,-0.375,0.5,-0.5,1,0,-0.2,0.667,0.75,
NaN,0,0,0.667,0.667,1,1,0,0.75,0.75,
NaN,0,0.5,-1,-1,1,-0.8,1,1,NaN,
NaN,0.333,0.125,-0.6,0.333,0.8,0,0.5,0.8,-0.667,
NaN,0,0.286,0.5,0.75,-0.333,0.5,0,0.25,0.667,
NaN,0.4,-0.125,NaN,-0.5,0.333,0,-0.667,0.25,0.25,
NaN,0.333,1,1,1,1,1,1,1,1,
NaN,1,1,-0.5,1,0.5,0.5,NaN,0.5,-0.333,
NaN,0,0,0,0,0,0,0,0,0,
NaN,1,0,1,1,0.5,1,0.5,1,1,
NaN,0,-0.333,0.25,-0.833,0.5,0.667,1,1,1,
NaN,0,0,0,0.5,-0.8,-0.4,0,0.6,-0.6,
NaN,0.5,0.5,-0.286,-0.2,0.5,0.4,0.333,0.8,-1,
NaN,1,0,-1,0.5,NaN,NaN,1,0.5,-0.5,
NaN,1,-1,1,NaN,0,NaN,1,NaN,1,
NaN,NaN,NaN,NaN,NaN,NaN,NaN,NaN,NaN,NaN,
NaN,0.5,-0.5,0.5,-0.333,1,0.667,1,0.667,1,
NaN,0,0.6,0.333,-0.667,-1,-1,1,0,0,
NaN,0,0,0,0.667,-0.333,0.667,0,0.5,0.333,
NaN,NaN,1,0.5,1,1,1,1,0.75,0.2,
NaN,1,NaN,NaN,-1,NaN,NaN,NaN,NaN,1,
NaN,NaN,-0.5,0.5,-0.5,-0.556,0.727,-0.667,0,0.25,
NaN,0,-0.429,-0.667,0,0.714,1,-0.25,-0.333,0,
NaN,0,0,0,0,-0.75,0,0.333,0.75,-0.75,
NaN,0,NaN,-0.5,-0.25,0.667,0.5,-0.5,-0.667,0.5,
NaN,NaN,NaN,NaN,NaN,NaN,NaN,NaN,NaN,NaN,
NaN,0,0.429,0.333,-0.667,-0.667,0.5,-0.5,0.5,1,
NaN,NaN,NaN,NaN,NaN,NaN,NaN,NaN,NaN,NaN,
NaN,0,NaN,0,0,0,0,0,0,0,
NaN,-0.571,-0.4,-0.571,-0.667,-0.571,0.25,-0.5,-0.667,0,
NaN,1,1,1,0,0.667,0.2,0.6,0.667,-0.5,
NaN,1,-0.6,-0.5,0.25,-0.333,0.6,0,-1,0.5,
NaN,0,0,-0.8,0,0,1,NaN,0,1,
NaN,0.667,NaN,NaN,NaN,NaN,NaN,NaN,NaN,-1,
NaN,0,0.5,0.25,0.429,0.25,0.333,0.333,-0.5,1,
NaN,0,-0.5,-1,0.5,1,-1,-0.667,-0.75,-1,
NaN,0,NaN,-1,-1,1,NaN,1,NaN,0,
NaN,0,1,-0.6,0,0.667,-0.4,1,0,0,
NaN,0,-0.125,0,-0.5,0.75,0,0.667,0,0.5,
NaN,0.333,0,0,-0.5,0.5,-0.667,0,-0.75,-0.25,
NaN,NaN,NaN,NaN,NaN,NaN,NaN,NaN,NaN,NaN,
NaN,0,0,-1,-0.5,-0.429,-0.5,0.667,0.5,0.667,
NaN,NaN,1,NaN,1,NaN,1,1,1,NaN,
NaN,0,NaN,NaN,NaN,NaN,0,NaN,NaN,-1,
NaN,1,0,NaN,1,1,0.75,1,1,1,
NaN,0,-0.615,0.6,0.833,0.2,-0.333,0.333,0.8,0.75,
NaN,0.667,0.333,0.667,0.6,0,-0.667,-0.5,0,-1,
NaN,0.333,0.75,0.4,0,-0.5,0,0.8,1,0.25,
NaN,NaN,1,0,1,1,1,-0.667,1,1,
NaN,1,0,NaN,NaN,1,NaN,1,1,0.167,
NaN,1,0,-0.75,1,1,1,0,NaN,-1,
NaN,0.167,0.4,0.667,1,0.75,0,-0.333,-0.333,0.25,
NaN,0,0,-0.5,-0.5,-1,1,0,0.333,-0.6,
NaN,0,1,-1,0.333,1,0.5,0.667,0,NaN,
NaN,NaN,0,0,1,0,0.5,NaN,-1,-0.5,
NaN,0,-0.25,1,0.2,-0.667,-0.25,0.333,-1,1,
NaN,1,-0.5,0,0,-0.333,0.167,0,-1,0.6,
NaN,0,0.857,0.333,NaN,-0.667,1,0,-1,-1,
NaN,0.667,0.25,-0.75,0,-1,0,-1,-0.5,-1,
NaN,NaN,0.4,1,1,1,1,1,1,1,
NaN,NaN,-0.667,1,1,1,1,NaN,-1,NaN,
NaN,0,0.333,1,0,0,1,0,0.667,0.5,
NaN,0.5,0.6,-1,-0.333,-0.5,-0.5,-0.429,-0.2,-0.5,
NaN,0,NaN,0,0,0,0,0,0,0,
NaN,0,NaN,1,-0.5,-1,1,-1,0.25,-1,
NaN,NaN,NaN,NaN,NaN,NaN,NaN,NaN,NaN,NaN,
NaN,0,1,-1,NaN,-1,NaN,NaN,NaN,NaN,
NaN,-0.2,0,0,-0.5,-0.5,-0.222,0,-0.2,0,
NaN,0,-0.667,0,0.2,0.75,0.714,0.167,0.8,-0.4,
NaN,-1,0.5,0.5,-0.25,0.333,-1,-0.333,-1,-0.5,
NaN,0,0.25,0,0.667,-0.5,0.25,0.8,0.667,0.667,
NaN,0,NaN,NaN,NaN,1,NaN,NaN,NaN,0,
NaN,0,0.533,0.5,-0.25,0.833,0,0,0.333,-0.8,
NaN,NaN,NaN,NaN,NaN,NaN,NaN,NaN,NaN,NaN,
NaN,0.5,-1,NaN,-1,-0.5,0,0,1,NaN,
NaN,-1,NaN,0.5,1,-1,-1,-1,-1,-1,
NaN,0,-0.5,-0.8,-0.4,-0.333,-1,-0.5,-1,0,
NaN,1,0,0,1,1,1,1,1,0,
NaN,0.75,0.667,0.25,0,0.6,0,0.75,0.667,0.75,
NaN,0.6,0.571,0.333,-0.667,0.5,-0.25,0.4,0.333,0,
NaN,1,0,0.333,1,-1,1,-0.5,0,1,
NaN,0,0.333,0.8,-0.5,0.75,0,0,0.857,0.667,
NaN,NaN,0.8,0.75,1,-1,NaN,1,1,1,
NaN,0,0,0,0,0,0,0,0,0,
NaN,NaN,0.8,-0.8,-1,-0.5,-0.2,-0.929,-0.667,-0.5,
NaN,0,0.8,0.5,0,0,0.75,-0.25,-0.25,0.714,
NaN,1,0,-1,-0.5,1,0.571,0.6,0.5,1,
NaN,NaN,NaN,1,1,1,1,1,1,1,
NaN,NaN,-0.667,1,-1,-0.8,1,-0.333,0.75,NaN,
NaN,0,-1,0.5,0.8,0,1,-0.667,1,0.5,
NaN,0.5,0,-1,-0.5,1,-0.75,0,1,-0.833,
NaN,0,0,0.5,0.857,0.833,0,0.5,0,0.667,
NaN,1,0.125,NaN,1,0,0,NaN,1,NaN,
NaN,NaN,0,0,0.5,0.8,0.8,0.8,0.75,0,
NaN,NaN,NaN,NaN,NaN,NaN,NaN,NaN,NaN,NaN,
NaN,NaN,NaN,NaN,NaN,NaN,NaN,NaN,NaN,0,
NaN,1,1,1,1,NaN,1,1,1,1,
NaN,0,-1,0.5,0.714,-1,0,0.5,0.333,0,
NaN,0,-0.333,-0.75,-0.833,-0.5,0.667,0,0.5,0.4,
NaN,0,NaN,NaN,1,-0.8,0.75,-0.5,NaN,1,
NaN,0.333,NaN,1,1,-0.5,0,0,0,0.5,
NaN,NaN,NaN,1,1,0.4,NaN,1,1,1,
NaN,1,NaN,0,1,-1,-0.8,-1,1,NaN,
NaN,0,0.333,0.667,0.5,1,1,0.75,1,1,
NaN,0,0,-0.667,0,1,0,-0.25,-0.857,-0.333,
NaN,NaN,-1,1,-1,1,-1,0,-1,-1,
NaN,0,0,1,NaN,NaN,NaN,NaN,NaN,NaN,
NaN,0,0,0,0.75,0,0.5,0.75,1,0,
NaN,0.545,0.5,0,0.5,-0.333,0.5,-0.333,-1,0.5,
NaN,0,0,-0.444,-0.25,0.625,0.75,0.667,0.2,0.875,
NaN,0,0,0,0,-1,1,1,0.333,0,
NaN,1,0,1,1,-1,1,0,1,1,
NaN,NaN,NaN,NaN,NaN,NaN,NaN,NaN,NaN,NaN,
NaN,NaN,0,-0.5,0,-0.5,1,1,0,0.75,
NaN,0,0,1,0,0.333,-1,1,0,1,
NaN,0,0.25,0.5,0,-0.5,-0.667,1,1,0,
NaN,0.25,-0.5,-0.4,0,0,0.7,0.25,0.667,0.4,
NaN,0,NaN,-0.5,-1,0,0,1,0,0.5,
NaN,0,0,0.5,0,-0.5,0.667,0.333,0,0.667,
NaN,0,NaN,NaN,NaN,NaN,NaN,NaN,NaN,NaN,
NaN,1,1,0,1,0.25,1,1,-1,-0.833,
NaN,0,0.333,0.444,0.2,0.4,-0.5,0.6,0.5,-0.5,
NaN,NaN,-0.667,0,0,0,0,0.5,1,-0.333,
NaN,NaN,1,0.5,0.5,-0.25,0,1,-0.333,1,
NaN,0.5,-0.75,0,-0.5,-0.5,0,-0.5,0,0.5,
NaN,NaN,NaN,NaN,NaN,NaN,NaN,NaN,NaN,NaN,
NaN,0,0.714,0.5,0.2,0.5,0.667,1,0.909,0.286,
NaN,0,1,-0.5,0.8,0,0.167,0.4,0.571,-0.4,
NaN,NaN,1,-1,0,1,1,NaN,1,NaN,
NaN,0.667,0.5,1,NaN,1,1,NaN,1,NaN,
NaN,0.667,1,-0.857,-1,-0.5,1,0.4,1,-1,
NaN,0.5,0,0.917,0.833,-0.8,-0.5,-0.333,0.25,0,
NaN,0,0,-0.333,-0.5,0,0,-0.75,0,0.333,
NaN,0,0.9,1,1,1,1,1,NaN,0.8,
NaN,1,0,1,-0.333,1,1,1,NaN,-0.5,
NaN,0,-0.333,0,-0.8,-0.8,-0.75,0,0,-0.75,
NaN,0,0,0,0,0.333,-0.5,1,0.889,-0.5,
NaN,0,0,0.5,0,0.25,0,0,-0.25,0,
NaN,0,NaN,0,0.667,1,1,1,-1,-0.5,
NaN,0,0,-0.25,0.429,0.5,0.25,-0.5,-0.333,0,
NaN,NaN,NaN,0.6,0.333,0,-0.833,0,0.5,0.5,
NaN,0.5,-0.5,-0.5,0.833,1,1,-0.333,0.818,1,
NaN,NaN,NaN,1,0.833,0.5,0.5,1,1,1,
NaN,0,-1,0,0,0.5,0.667,1,0.2,0.333,
NaN,NaN,NaN,NaN,0,0.667,1,1,NaN,0,
NaN,0,0.5,0,-0.25,0.5,0.667,0.5,1,1,
NaN,0.5,1,0.667,0,0.8,-0.333,0.5,-0.6,0.667,
NaN,0.714,-0.667,NaN,-0.667,1,0,NaN,1,0.8,
NaN,0.5,0.5,0,0,-0.333,-0.667,0.333,-0.429,0,
NaN,NaN,0,0,-0.667,-0.5,1,-0.5,0.5,NaN,
NaN,0,1,1,-1,NaN,1,1,1,-1,
NaN,0,0,0,1,-1,0.75,0,0.667,0,
NaN,0,-0.5,-0.5,0.5,-1,0.5,-0.5,0.4,-0.4,
NaN,0,-0.8,-0.333,0.5,0,0,0,0.5,0.8,
NaN,NaN,NaN,NaN,NaN,NaN,NaN,NaN,NaN,NaN,
NaN,NaN,NaN,NaN,NaN,NaN,NaN,NaN,NaN,NaN,
NaN,0,0,0.2,0.143,-0.667,0.625,0.75,0.75,-0.4,
NaN,0,NaN,NaN,NaN,NaN,1,1,1,NaN,
NaN,1,0.5,1,1,1,1,0.333,1,0,
NaN,NaN,0.333,NaN,NaN,NaN,NaN,-1,-1,-1,
NaN,NaN,NaN,NaN,NaN,NaN,NaN,NaN,NaN,NaN,
NaN,0,0.125,-0.8,0,0.333,-0.333,0.333,0.333,0.5,
NaN,-0.333,0.5,0.667,0.667,0.5,0.75,0.5,0.333,-0.5,
NaN,0.5,0.5,-1,0.5,1,0,-1,-0.5,0.5,
NaN,0,0,0.667,0.333,-1,0.5,-0.5,0,-0.333,
NaN,NaN,1,NaN,0,1,1,NaN,1,-0.667,
NaN,-0.4,0.5,0.125,0,-0.5,0.333,-1,-0.5,0.5,
NaN,0.75,-0.333,0.5,1,-0.5,0,0,-0.571,0.667,
NaN,0,-0.5,0.6,-0.5,0.833,0,-0.5,1,1,
NaN,0,NaN,NaN,NaN,NaN,NaN,NaN,NaN,NaN,
NaN,0.75,1,0,1,1,0,1,0,1,
NaN,0.333,1,0.333,0.667,1,0,0.667,-1,0.667,
NaN,NaN,NaN,NaN,NaN,NaN,NaN,NaN,NaN,NaN,
NaN,0,0,0,NaN,-1,1,NaN,-0.5,NaN,
NaN,-1,1,0,1,0,0,0,0,0,
NaN,0,0,-0.5,-0.667,-0.667,-0.333,-0.857,-0.667,-0.333,
NaN,-1,-0.75,1,1,1,1,1,0.333,1,
NaN,0,-0.5,0,-0.75,-0.5,-0.8,1,0.75,-0.667,
NaN,-1,-1,-1,-0.5,0.636,-0.75,-1,1,1,
NaN,NaN,0.333,1,NaN,1,1,NaN,NaN,NaN,
NaN,0,0.333,-0.2,-0.5,NaN,-1,NaN,-1,-0.833,
NaN,NaN,NaN,NaN,NaN,NaN,NaN,NaN,NaN,NaN,
NaN,0,1,0,1,0,0,0,-0.833,0.667,
NaN,0,0.143,0.364,0.6,0,-0.75,0.375,0.333,0.333,
NaN,NaN,0.571,1,-0.5,-1,1,1,1,0.667,
NaN,1,NaN,0,0,0,NaN,NaN,NaN,NaN,
NaN,0,0,0.333,-0.667,0.5,0.4,1,-1,-0.8,
NaN,0,NaN,NaN,1,-0.625,0,NaN,-0.5,1,
NaN,0,0,0,-0.333,-0.333,-0.8,1,-0.6,0.333,
NaN,NaN,NaN,NaN,NaN,NaN,NaN,NaN,NaN,NaN,
NaN,NaN,0,NaN,NaN,NaN,NaN,NaN,NaN,NaN,
NaN,-0.5,-1,-1,-1,NaN,NaN,NaN,1,NaN,
NaN,1,NaN,-0.5,-1,0.75,0.25,0.667,0.667,1,
NaN,NaN,0.375,1,1,0.6,1,1,1,0.6,
NaN,0,0,-0.2,0,-0.4,0.25,0.2,0.5,-0.286,
NaN,NaN,0,NaN,NaN,NaN,NaN,NaN,NaN,NaN,
NaN,0.333,0.25,-0.6,-0.333,0,-0.4,-0.25,-0.333,-0.5,
NaN,NaN,-1,-1,-1,-1,NaN,-1,-1,-1,
NaN,NaN,0.75,0.6,0.667,1,1,0.2,0.2,-0.25,
NaN,0,0,0,1,-0.333,-0.333,0.8,0.75,0,
NaN,0,-0.5,-0.625,-0.75,-1,0.6,0.75,1,1,
NaN,1,0.5,1,0,0.5,0.75,0,-0.75,0,
NaN,0,NaN,NaN,NaN,NaN,NaN,NaN,NaN,NaN,
NaN,0,0.6,0.8,0.75,-0.571,1,1,0.5,-1,
NaN,0,0.6,0,1,0,1,0,-1,-1,
NaN,NaN,1,-0.5,1,1,-0.5,-0.667,1,0.5,
NaN,NaN,0,NaN,1,-0.25,0.5,1,-0.75,0,
NaN,0.333,0.5,0.333,1,-0.6,1,-0.333,-0.75,0.6,
NaN,0.333,0.667,0,1,-0.5,-1,1,0.5,0,
NaN,0,1,-1,-1,-1,NaN,NaN,-1,NaN,
NaN,0,1,0.778,0.75,NaN,0.2,0,-0.4,-0.25,
NaN,NaN,-0.5,0,1,1,1,0,0,-1,
NaN,NaN,NaN,NaN,NaN,NaN,NaN,1,NaN,NaN,
NaN,1,0.5,0.2,-0.167,1,0.5,-0.5,0.333,0.667,
NaN,0,0,-0.778,-0.5,0.75,0.75,0.5,1,0.9,
NaN,-0.333,-0.5,0,-0.5,-0.333,-0.5,-0.75,-0.5,-0.5,
NaN,0,-0.5,0.833,0.667,0.5,0,0.75,-1,-0.5,
NaN,0.5,NaN,NaN,NaN,NaN,NaN,-1,-1,-1,
NaN,0,0.667,0,0,0,0.4,-0.75,0,0.333,
NaN,NaN,0.667,0.875,0.667,0.75,0.667,1,1,NaN,
NaN,0.571,0,0.8,-0.333,0.667,0,0,-0.5,0,
NaN,NaN,0.5,0,0.667,-0.5,-0.333,0,0,1,
NaN,0,1,1,1,1,0.5,1,0,1,
NaN,NaN,0,0.5,-1,1,0,-1,0.5,0,
NaN,-0.4,1,1,-0.5,-1,-0.6,-0.5,NaN,1,
NaN,0,0,0.4,0,-0.667,0.571,-0.667,0,-0.25,
NaN,0,0,NaN,-1,-0.25,0,-1,0.5,NaN,
NaN,1,NaN,NaN,NaN,-1,NaN,NaN,NaN,NaN,
NaN,0,NaN,NaN,0.5,NaN,NaN,NaN,1,NaN,
NaN,0.333,0.75,0.667,-1,0.75,0.75,0.333,0.4,0.333,
NaN,0,0,-0.5,1,-1,-1,-1,-1,NaN,
NaN,0,0,0,-0.25,0.5,0.333,-0.4,0.2,0,
NaN,0.833,1,-0.6,0.8,0,-1,0,-1,0.5,
NaN,NaN,1,1,0.5,0,-1,0,0,0,
NaN,0,0.75,0,1,0,0.5,-1,-1,-0.333,
NaN,0,0,NaN,1,1,1,1,1,1,
NaN,NaN,NaN,NaN,NaN,NaN,NaN,NaN,NaN,NaN,
NaN,0,0,-1,0.5,0.5,1,0.6,0.667,0.667,
NaN,0,0.4,-0.833,0.143,0.75,-1,0,-1,-0.4,
NaN,1,1,1,1,1,1,NaN,-1,-0.5,
NaN,-1,0.333,-0.545,-0.857,0,0,0,0.5,-0.5,
NaN,-0.5,0,0.667,-0.667,1,1,0.667,-0.5,0.667,
NaN,0,0,0,0,0,0,0,0,0,
NaN,0.625,0,0,0.8,0.571,0.333,-0.2,0.333,0.5,
NaN,-0.333,-0.667,-0.5,-0.667,-0.5,-0.8,-0.333,0,0.333,
NaN,0,0,0.5,1,0,-1,0,-0.5,-0.889,
NaN,NaN,NaN,-1,0.5,1,1,0,-0.5,1,
NaN,0.333,0.167,0,0.25,0.5,0.75,0,0,-1,
NaN,NaN,0,NaN,1,0.667,1,1,1,1,
NaN,1,NaN,1,NaN,NaN,NaN,NaN,NaN,NaN,
NaN,0,0.2,0.5,0.25,0.75,1,0.333,0.571,-0.2,
NaN,NaN,NaN,NaN,NaN,NaN,NaN,NaN,NaN,NaN,
NaN,1,NaN,NaN,NaN,NaN,NaN,NaN,NaN,NaN,
NaN,0,0,0.375,0.8,1,1,-0.875,0,1,
NaN,0.667,NaN,NaN,0.667,NaN,NaN,-0.5,NaN,NaN,
NaN,1,-0.667,-0.5,0.667,-0.5,1,NaN,NaN,NaN,
NaN,0.333,-0.4,0.429,-0.25,-0.5,-0.286,0.75,-0.333,0.6,
NaN,-0.667,1,1,NaN,NaN,NaN,NaN,NaN,NaN,
NaN,NaN,0,0,0.75,-1,-0.667,1,NaN,1,
NaN,0,1,-1,1,0,-0.5,1,NaN,NaN,
NaN,0,0.667,1,0,1,1,1,1,1,
NaN,NaN,0,0,0,0,0,0,0,0,
NaN,-0.5,0,-0.5,0.333,0,0.5,1,-0.5,-0.333,
NaN,0,0.333,0,0.8,1,0.5,1,-0.714,0.8,
NaN,0,0,-0.25,0.5,1,-0.5,0,0.4,1,
NaN,0,1,NaN,NaN,NaN,NaN,NaN,NaN,NaN,
NaN,0,-0.5,-0.75,0,0.333,0.5,0.333,0.75,1,
NaN,0,1,NaN,0.5,-0.5,0.333,1,0.5,1,
NaN,NaN,NaN,NaN,NaN,NaN,NaN,NaN,NaN,NaN,
NaN,0,0.5,-0.5,-1,-0.75,-0.25,1,1,1,
NaN,-0.667,0.429,-0.5,0.25,-0.333,0,-0.25,0.429,0.5,
NaN,0,0,0,NaN,0.8,0.857,NaN,-1,-0.667,
NaN,0.667,0,0,0.667,-0.333,0.714,0.667,-0.833,-0.25,
NaN,0,1,1,NaN,NaN,1,NaN,NaN,1,
NaN,0,NaN,NaN,NaN,NaN,NaN,NaN,NaN,NaN,
NaN,0,-0.667,0.25,-0.25,0,1,0.714,1,0.5,
NaN,NaN,0,0,0,0,0,0,0,0,
NaN,NaN,NaN,0,0,-0.167,0,NaN,0,1,
NaN,NaN,NaN,NaN,NaN,NaN,NaN,NaN,NaN,NaN,
NaN,0,NaN,NaN,NaN,-1,NaN,1,0.75,0,
NaN,1,-0.333,0,0.75,0.5,-0.5,0,1,0.833,
NaN,0,0,0.25,0.5,0.857,-0.333,0.571,0,0.167,
NaN,NaN,0.5,-0.5,1,0.75,-0.667,-0.75,1,-1,
NaN,0.167,-0.667,-0.6,0,0.25,-1,-0.75,0,-0.4,
NaN,-0.4,-0.2,-0.2,-1,1,0.333,0.667,-0.8,-0.75,
NaN,0,-0.333,-0.5,0.333,-0.5,-0.5,-1,-1,-1,
NaN,0.8,0.75,-0.5,0.75,0,1,0.5,0,0.75,
NaN,1,NaN,0,1,-1,1,1,1,1,
NaN,-0.25,-0.6,-0.75,0.75,-0.4,-0.6,0,-0.5,-0.5,
NaN,-0.333,0.667,0,-1,1,0.5,1,-0.5,1,
NaN,0,1,-1,0.75,NaN,-1,-0.75,-0.667,NaN,
NaN,NaN,NaN,NaN,NaN,NaN,NaN,NaN,NaN,NaN,
NaN,0,0.5,1,0,0.667,0.25,0.667,0.75,0.25,
NaN,0.5,-0.667,-0.667,-0.333,-0.75,0.333,-1,-1,-1,
NaN,0.5,0.5,0.5,NaN,NaN,1,-0.875,1,-0.667,
NaN,0,0,0,-1,0.25,-0.571,-0.25,-0.667,-0.8,
NaN,0,NaN,NaN,NaN,NaN,NaN,NaN,NaN,NaN,
NaN,0,0,0,-0.4,0.25,0.286,0.5,-0.75,0.75,
NaN,0,NaN,1,NaN,1,0,-0.5,NaN,1,
NaN,0,0.6,0.4,0.75,-0.5,0.333,-1,0,-0.667,
NaN,0.667,-0.5,0.167,0.75,0,0.25,-0.667,0.333,0.333,
NaN,0,-0.6,-0.333,0.5,0,-0.5,1,NaN,NaN,
NaN,NaN,0.25,1,NaN,-1,-0.5,NaN,NaN,NaN,
NaN,-0.5,NaN,1,-1,-1,NaN,NaN,NaN,NaN,
NaN,0,0,0,0,0,0,0,0,0,
NaN,0,-0.75,0.5,-1,0.25,0.333,-0.167,-0.571,-0.6,
NaN,NaN,NaN,NaN,NaN,NaN,NaN,0,1,-1,
NaN,0,-0.5,0.5,0.444,-0.2,-0.5,-0.167,-0.333,-0.6,
NaN,0.5,0,0,-0.75,-0.8,-0.333,0,-1,0.25,
NaN,0,0,0.4,-0.4,0.167,-0.333,-0.5,0.8,0.5,
NaN,0.667,1,0,-0.667,1,0.8,-0.5,0.5,0,
NaN,0,0,0,1,0.5,0.778,-1,-0.75,0.8,
NaN,0.25,-0.333,-0.8,-0.5,0,0,-0.5,-0.5,-1,
NaN,0.2,-0.667,0.6,0.8,-0.333,0.25,-0.6,0.75,1,
NaN,0,NaN,1,NaN,NaN,-1,0,0,-1,
NaN,0.25,0.8,-1,0,-0.333,-1,0,0.722,1,
NaN,0,0,-0.857,-1,0.333,0.5,0.333,0.167,-0.667,
NaN,0,0.667,0,1,-0.667,-0.333,NaN,1,-0.75,
NaN,NaN,-1,-1,-1,-1,-1,-1,-1,-1,
NaN,0.333,0.5,1,1,-0.75,-1,1,0,0.5,
NaN,0,NaN,1,1,1,NaN,NaN,0.5,-0.6,
NaN,0,1,1,-0.2,0,0.833,0.4,0.6,0.6,
NaN,0.333,-0.857,0.5,-0.5,-1,0,-0.5,1,0,
NaN,NaN,NaN,NaN,NaN,NaN,NaN,NaN,NaN,NaN,
NaN,0,0,0.3,0.5,0.429,0.857,0,0.667,0.5,
NaN,1,0,NaN,0,0.5,0,-1,0.75,-0.6,
NaN,0.333,0,0,0.5,0,NaN,0,0.667,0.333,
NaN,1,0,NaN,-1,0.5,-0.5,1,0.286,1,
NaN,0,0,-0.5,1,0.5,0,0.75,0.333,0.5,
NaN,NaN,0.667,0.6,0.25,0.667,0.167,1,-1,-1,
NaN,1,1,1,1,1,1,1,1,1,
NaN,0,-0.286,-0.333,0,-0.25,-0.25,0.333,-0.2,0.25,
NaN,0,1,0,0,0.625,0.5,0.375,-0.222,0.857,
NaN,0.5,-0.5,0.5,0,0,0.5,0,0,0.8,
NaN,0,-0.25,0.5,1,0.5,0.25,NaN,-0.333,-0.5,
NaN,NaN,NaN,NaN,NaN,NaN,NaN,NaN,NaN,NaN,
NaN,0,NaN,NaN,NaN,NaN,NaN,NaN,NaN,NaN,
NaN,NaN,0.75,0.25,0,-1,-0.667,0,-1,0.5,
NaN,NaN,0.286,-1,0.333,0.333,0.5,0,-0.333,0.25,
NaN,0,0.2,0.6,0.833,0.667,0,0,0,0.5,
NaN,0,-1,0.5,NaN,0.5,0.5,0.25,0.5,-0.5,
NaN,0,0.75,0.2,0.375,-0.667,-1,0.4,0,0.667,
NaN,NaN,0.143,0,0.667,1,NaN,1,1,1,
NaN,1,NaN,NaN,NaN,NaN,NaN,NaN,NaN,NaN,
NaN,0.25,0,1,-0.667,0.333,0.667,0.667,-1,1,
NaN,0,0.333,0,-0.333,0.6,-0.143,0.25,-0.5,-0.4,
NaN,0,0.5,0.25,0.5,-1,0,0.8,-0.5,0.5,
NaN,0.25,0.5,0,0.5,0.5,-0.333,-0.5,0,-0.333,
NaN,NaN,0,0.5,0.8,0.5,-0.5,0.667,0.5,0.667,
NaN,NaN,-0.2,-1,1,-1,NaN,1,-0.25,1,
NaN,0,0,-0.8,0,-0.333,1,-0.25,0,0,
NaN,1,-1,NaN,NaN,NaN,NaN,NaN,NaN,NaN,
NaN,-0.333,0.25,0.5,0.6,0.6,-0.5,0.5,-0.25,-0.333,
NaN,0,NaN,NaN,NaN,NaN,NaN,NaN,NaN,NaN,
NaN,0,0,-0.6,0.333,0.667,-0.5,-0.6,-0.333,-1,
NaN,0,0.5,-0.667,0,-0.75,0.5,-1,0,-0.833,
NaN,NaN,NaN,NaN,1,1,1,0.5,NaN,1,
NaN,0,-0.25,0.333,0.167,0.2,0,-1,-0.333,0.333,
NaN,NaN,0,0,1,-1,0.667,-0.8,1,1,
NaN,0,0.333,0,1,0,-0.667,-0.667,-0.25,-0.25,
NaN,0,NaN,NaN,NaN,NaN,NaN,NaN,NaN,NaN,
NaN,0,-0.333,-0.5,0.5,0,0.429,0,-0.333,0,
NaN,1,-1,-0.5,-0.5,-0.667,1,0,0,0,
NaN,0,0,0,0,1,1,1,NaN,NaN,
NaN,0,0.667,1,1,0.5,-0.5,NaN,0,-1,
NaN,NaN,NaN,NaN,NaN,NaN,NaN,NaN,NaN,NaN,
NaN,0,0,0,-0.5,0.333,0.5,0.4,0.5,0,
NaN,-0.5,0,0,0.5,-0.714,0.5,-0.4,0.5,0.75,
NaN,0,0,-0.5,-0.5,0,1,1,1,1,
NaN,0,0,-1,-1,-1,1,-0.5,-0.5,1,
NaN,0,0,0,0,NaN,NaN,NaN,NaN,NaN,
NaN,0,NaN,0,0,0.833,0.6,0.5,0.333,0,
NaN,0,-0.6,0.167,0.8,0,-0.25,-0.333,-0.333,-1,
NaN,NaN,NaN,1,-1,0.333,0.667,0,-0.5,1,
NaN,NaN,NaN,NaN,NaN,NaN,NaN,NaN,NaN,NaN,
NaN,0,0.25,-0.429,-0.25,0.75,0.333,-0.2,0.8,0,
NaN,0,-0.667,-0.4,-1,-0.5,0.75,1,0,0,
NaN,NaN,NaN,NaN,NaN,NaN,NaN,NaN,NaN,NaN,
NaN,0,0.75,0.2,1,-0.333,0,-0.5,-0.25,-0.571,
NaN,-1,1,-1,0.5,0.75,1,0.75,0.5,0.667,
NaN,0.333,-0.25,0.556,-0.286,-0.571,0,0.333,-0.5,0.714,
NaN,-0.667,-0.5,0.833,0.8,0.857,NaN,1,0.6,1,
NaN,0,1,0.5,-1,1,NaN,0,0,0.5,
NaN,0.5,-0.667,-0.667,-0.333,-0.333,-0.333,-0.333,-0.333,-0.333,
NaN,0,0.667,-0.667,1,0.2,0.6,0,0.4,0.4,
NaN,-0.25,1,-0.5,-0.333,-0.6,0.25,0,0,-0.2,
NaN,1,1,1,1,1,1,1,1,1,
NaN,0.5,-1,0.5,-0.667,NaN,1,0,-0.571,1,
NaN,1,1,1,1,1,0.5,1,1,0,
NaN,NaN,-0.25,-1,1,0.5,0.5,0,0,-0.25,
NaN,0.5,0.667,-0.667,1,0,1,1,0,0,
NaN,0.571,NaN,-0.333,0.8,NaN,0.8,1,0.5,1,
NaN,0,0,1,0.333,0,0,1,-0.25,-0.9,
NaN,-0.167,0,0.556,0.4,-0.5,0.2,-0.167,0,0.25,
NaN,0,0,0.833,0,0,0.5,0,-0.333,0.667,
NaN,0.667,0.25,-1,0.8,0.667,0,-0.5,0.667,0,
NaN,0,0,-0.4,0,0,0,-0.5,NaN,-1,
NaN,1,0,1,1,0,0,-0.333,-0.5,NaN,
NaN,-0.75,-0.75,0.667,0.5,0.75,0.4,-0.667,-1,1,
NaN,0,-0.6,0.5,0.333,0.667,0.25,1,0.333,-0.5,
NaN,1,NaN,NaN,-1,0,1,NaN,NaN,-1,
NaN,0,NaN,1,1,NaN,NaN,1,1,1,
NaN,0.5,0.333,0.5,0.333,-0.5,0.571,0.667,0.667,0,
NaN,-0.143,0,1,0.75,-0.25,0.333,-0.4,-0.375,-0.75,
NaN,0,1,1,NaN,-1,1,1,1,NaN,
NaN,NaN,1,1,1,NaN,1,0.5,0,1,
NaN,0.2,0.2,-0.6,-0.5,-0.5,-0.6,-0.25,0.25,-0.6,
NaN,-0.667,0.5,0.5,0.75,0.75,-1,-0.75,1,0.8,
NaN,0.4,-0.6,0.667,-0.8,0.4,-1,-1,1,-0.5,
NaN,0,-1,0.5,0,-0.667,0,-1,0.5,0,
NaN,0,0,-0.5,0.5,0.8,0.75,0.667,0,0,
NaN,-0.2,1,0,1,1,-0.857,0,-1,1,
NaN,0,-0.667,0.5,0,0.6,1,-1,0.667,0,
NaN,NaN,NaN,0,0,0,0,0,0,0,
NaN,1,NaN,1,1,1,NaN,1,1,1,
NaN,0,0,0.4,0.833,0.333,1,0,-0.5,0.25,
NaN,-0.5,0.25,0,-0.4,-0.667,-0.4,-0.333,-0.8,-0.333,
NaN,1,0.5,0,1,1,1,NaN,NaN,1,
NaN,0,-0.333,0,0.714,0.25,0.25,0.5,-0.286,-0.2,
NaN,0,0.333,0.667,0.75,0.667,0.333,0,-0.833,-0.667,
NaN,0,NaN,0,0,-1,-0.5,-1,0,NaN,
NaN,0,0,-0.833,-0.8,-1,0.667,-0.333,0,-0.5,
NaN,0,0,0.286,-0.5,0.333,0.5,-0.25,0,-1,
NaN,0,0.167,0.455,0,-0.167,-0.5,-0.636,0.6,-0.667,
NaN,NaN,NaN,NaN,NaN,NaN,NaN,NaN,NaN,NaN,
NaN,0,NaN,NaN,NaN,-1,-1,NaN,-1,-1,
NaN,NaN,0,0.333,-0.6,-0.333,1,-0.333,-0.333,-1,
NaN,0,-0.667,-0.5,1,1,-1,1,-1,-1,
NaN,0,1,0.667,1,0.4,0.333,0.5,-1,0.5,
NaN,NaN,NaN,NaN,NaN,NaN,NaN,0.333,0,0,
NaN,0,0,-0.25,-0.167,-0.333,0.25,0.667,-0.333,-0.333,
NaN,0,0.333,0.5,0.5,0.5,0.4,-0.333,0.333,0.333,
NaN,0,0,-0.75,1,-1,0,1,0.667,1,
NaN,0,0,1,NaN,0.75,-1,-1,-1,-1,
NaN,0,0.75,0.5,-0.333,-0.625,-0.5,0,-0.5,0.875,
NaN,0,0.667,0.333,-0.5,0.333,0.6,0,0,0.6,
NaN,0,0,-0.6,-0.5,0,0.8,0.833,0.333,0.6,
NaN,0,0.5,-1,0,0,-0.5,0,0,1,
NaN,0.667,1,0,-0.667,-0.875,0,1,-0.75,-0.667,
NaN,0.5,0.75,0.8,0.25,-0.889,0.25,0.75,0.75,0.25,
NaN,0.625,-0.5,0.6,0.25,0.6,0.5,0,0.5,0.8,
NaN,0.75,0,0.25,0,0,0,-1,1,0,
NaN,0.25,-0.444,-0.5,-0.5,0,0,-0.5,-0.25,0.2,
NaN,0,0,1,NaN,1,NaN,NaN,NaN,-0.5,
NaN,0.333,0.083,0.4,0.333,-0.333,0,0.5,-0.75,0,
NaN,0,-0.25,-0.75,1,0,0,0.667,0.2,0,
NaN,NaN,NaN,NaN,NaN,NaN,NaN,NaN,NaN,NaN,
NaN,-0.667,-0.25,-0.4,0.5,0.75,0.5,0.625,0,-0.833,
NaN,0.667,-0.333,1,0.5,0.6,0.667,1,0.333,0.5,
NaN,0,0.6,0.25,0.6,1,-0.5,-0.333,-0.75,0.5,
NaN,-0.556,0.5,0.4,0.5,-0.667,-0.667,0,0,0,
NaN,0,-0.333,0,0,1,1,-0.2,0.333,0.8,
NaN,1,-0.4,-1,0.667,1,NaN,-1,0,-1,
NaN,0,0.333,0.333,0.667,-0.333,0.714,0.5,-0.5,0.429,
NaN,0,0,0.714,0.375,0.333,0.6,0.143,0.333,0.2,
NaN,0,NaN,1,1,1,NaN,NaN,NaN,1,
NaN,-0.333,0,0.333,-1,-1,0.667,-0.5,1,1,
NaN,0,-1,0,0.75,0,1,1,1,1,
NaN,0.5,-0.5,-1,0.333,1,-0.5,-0.333,1,NaN,
NaN,0.2,-0.6,0.444,0.2,-0.5,0,0.2,0.4,0.857,
NaN,0,-0.2,-0.2,0.4,0.5,0.25,-0.5,0.25,0.25,
NaN,-0.25,0,0.4,0.571,1,0,-0.583,0.667,0.5,
NaN,0,0.667,1,1,0.5,-0.667,0.5,1,0.5,
NaN,-0.4,0.5,0.5,-0.2,-0.8,0.333,-0.333,0.667,0.5,
NaN,0.5,-0.75,0.667,-1,-1,0,0.25,-0.5,0.667,
NaN,0,1,0.5,0.7,0.5,-0.833,0.75,-0.6,0.75,
NaN,1,NaN,NaN,NaN,NaN,NaN,-1,-1,NaN,
NaN,NaN,-0.5,0.5,1,1,NaN,1,NaN,-0.6,
NaN,0,NaN,NaN,NaN,NaN,NaN,0,NaN,0,
NaN,0,0.5,1,-0.5,0,0.333,0,0,0.75,
NaN,0,0.714,0.4,-0.5,0.444,0,0,0.4,0.5,
NaN,0.5,0.75,-0.5,0.333,1,1,1,0,0,




Further Data analysis of all test cases 
INSTANCEID avg med max min 
INSTANCE1 NaN, NaN, NaN, NaN, 
INSTANCE2 NaN, -1, NaN, NaN, 
INSTANCE3 NaN, -1, NaN, NaN, 
INSTANCE4 NaN, -1, NaN, NaN, 
INSTANCE5 NaN, -1, NaN, NaN, 
INSTANCE6 NaN, -1, NaN, NaN, 
INSTANCE7 NaN, -1, NaN, NaN, 
INSTANCE8 NaN, -1, NaN, NaN, 
INSTANCE9 NaN, -1, NaN, NaN, 
INSTANCE10 NaN, -1, NaN, NaN, 


INSTANCE1 NaN, NaN, NaN, NaN, 
INSTANCE2 NaN, 0, NaN, NaN, 
INSTANCE3 NaN, 0, NaN, NaN, 
INSTANCE4 NaN, 0, NaN, NaN, 
INSTANCE5 NaN, 0.167, NaN, NaN, 
INSTANCE6 NaN, 0, NaN, NaN, 
INSTANCE7 NaN, 0, NaN, NaN, 
INSTANCE8 NaN, 0, NaN, NaN, 
INSTANCE9 NaN, 0, NaN, NaN, 
INSTANCE10 NaN, 0.167, NaN, NaN, 



