1.0,0.406,0.347,0.336,0.335,0.335,0.335,0.335,0.335,0.335,
1.0,0.44,0.427,0.384,0.39,0.389,0.368,0.43,0.428,0.412,
1.0,0.392,0.357,0.38,0.36,0.359,0.347,0.356,0.34,0.344,
1.0,0.424,0.417,0.381,0.368,0.374,0.393,0.384,0.381,0.357,
1.0,0.416,0.364,0.381,0.383,0.348,0.344,0.344,0.344,0.344,
1.0,0.435,0.392,0.36,0.361,0.358,0.374,0.396,0.35,0.386,
1.0,0.472,0.42,0.426,0.41,0.386,0.364,0.372,0.39,0.4,
1.0,0.433,0.392,0.426,0.412,0.376,0.369,0.371,0.385,0.391,
1.0,0.484,0.417,0.385,0.407,0.408,0.389,0.408,0.402,0.403,
1.0,0.456,0.403,0.355,0.343,0.342,0.342,0.342,0.342,0.342,
1.0,0.477,0.428,0.393,0.432,0.406,0.412,0.409,0.399,0.404,
1.0,0.38,0.385,0.364,0.395,0.351,0.345,0.357,0.353,0.339,
1.0,0.386,0.356,0.342,0.336,0.336,0.335,0.335,0.335,0.335,
1.0,0.426,0.358,0.36,0.354,0.345,0.344,0.344,0.344,0.344,
1.0,0.419,0.372,0.392,0.363,0.359,0.35,0.347,0.352,0.358,
1.0,0.475,0.459,0.451,0.459,0.448,0.412,0.417,0.402,0.417,
1.0,0.394,0.373,0.382,0.374,0.353,0.352,0.341,0.355,0.352,
1.0,0.492,0.408,0.397,0.401,0.398,0.369,0.401,0.379,0.384,
1.0,0.468,0.421,0.397,0.374,0.385,0.362,0.404,0.388,0.387,
1.0,0.44,0.369,0.362,0.361,0.361,0.361,0.361,0.361,0.361,
1.0,0.488,0.419,0.421,0.433,0.413,0.435,0.417,0.406,0.428,
1.0,0.414,0.362,0.362,0.348,0.342,0.344,0.342,0.344,0.342,
1.0,0.528,0.418,0.385,0.41,0.407,0.399,0.41,0.407,0.445,
1.0,0.496,0.469,0.45,0.454,0.473,0.436,0.439,0.429,0.47,
1.0,0.432,0.442,0.394,0.371,0.36,0.373,0.366,0.358,0.367,
1.0,0.401,0.421,0.386,0.369,0.377,0.377,0.373,0.379,0.354,
1.0,0.382,0.339,0.337,0.337,0.337,0.337,0.337,0.337,0.337,
1.0,0.404,0.378,0.374,0.376,0.355,0.376,0.355,0.368,0.395,
1.0,0.418,0.416,0.404,0.379,0.375,0.383,0.367,0.368,0.403,
1.0,0.412,0.381,0.359,0.342,0.36,0.356,0.346,0.34,0.34,
1.0,0.456,0.435,0.424,0.39,0.405,0.423,0.384,0.381,0.366,
1.0,0.463,0.437,0.367,0.424,0.41,0.378,0.394,0.375,0.42,
1.0,0.404,0.374,0.368,0.375,0.356,0.347,0.344,0.343,0.343,
1.0,0.438,0.356,0.354,0.343,0.345,0.341,0.341,0.34,0.34,
1.0,0.386,0.341,0.337,0.336,0.336,0.336,0.336,0.336,0.337,
1.0,0.4,0.409,0.363,0.384,0.417,0.37,0.4,0.359,0.366,
1.0,0.475,0.446,0.404,0.409,0.442,0.448,0.446,0.48,0.445,
1.0,0.386,0.34,0.338,0.338,0.338,0.338,0.338,0.338,0.338,
1.0,0.417,0.384,0.386,0.366,0.398,0.453,0.4,0.4,0.411,
1.0,0.413,0.371,0.352,0.344,0.353,0.373,0.366,0.351,0.352,
1.0,0.422,0.349,0.352,0.342,0.341,0.341,0.341,0.341,0.341,
1.0,0.452,0.428,0.439,0.406,0.39,0.394,0.404,0.374,0.484,
1.0,0.47,0.456,0.44,0.408,0.417,0.441,0.416,0.416,0.39,
1.0,0.408,0.384,0.377,0.373,0.349,0.36,0.384,0.361,0.373,
1.0,0.375,0.373,0.34,0.336,0.336,0.336,0.336,0.336,0.336,
1.0,0.399,0.351,0.343,0.341,0.34,0.34,0.34,0.34,0.34,
1.0,0.373,0.336,0.335,0.335,0.335,0.335,0.335,0.335,0.335,
1.0,0.431,0.383,0.364,0.357,0.354,0.346,0.351,0.349,0.346,
1.0,0.546,0.462,0.473,0.461,0.462,0.463,0.422,0.441,0.469,
1.0,0.443,0.406,0.417,0.402,0.43,0.395,0.377,0.375,0.392,
1.0,0.376,0.336,0.335,0.335,0.335,0.335,0.335,0.335,0.335,
1.0,0.482,0.445,0.471,0.437,0.443,0.407,0.439,0.424,0.397,
1.0,0.475,0.393,0.38,0.373,0.354,0.353,0.367,0.349,0.357,
1.0,0.389,0.366,0.352,0.347,0.363,0.363,0.352,0.345,0.376,
1.0,0.535,0.454,0.426,0.393,0.374,0.379,0.4,0.375,0.36,
1.0,0.45,0.376,0.427,0.415,0.399,0.394,0.401,0.401,0.415,
1.0,0.382,0.342,0.341,0.34,0.339,0.339,0.339,0.339,0.339,
1.0,0.505,0.466,0.425,0.449,0.45,0.436,0.411,0.398,0.384,
1.0,0.451,0.421,0.414,0.381,0.383,0.38,0.364,0.349,0.349,
1.0,0.501,0.44,0.438,0.415,0.416,0.403,0.41,0.435,0.456,
1.0,0.424,0.367,0.347,0.377,0.386,0.381,0.356,0.352,0.346,
1.0,0.41,0.426,0.408,0.434,0.404,0.39,0.373,0.353,0.352,
1.0,0.513,0.455,0.498,0.457,0.43,0.452,0.461,0.453,0.488,
1.0,0.409,0.386,0.358,0.356,0.351,0.364,0.37,0.368,0.353,
1.0,0.404,0.353,0.351,0.351,0.351,0.351,0.351,0.351,0.351,
1.0,0.378,0.352,0.34,0.341,0.341,0.337,0.337,0.336,0.336,
1.0,0.412,0.36,0.343,0.363,0.355,0.362,0.346,0.344,0.343,
1.0,0.458,0.423,0.506,0.427,0.442,0.414,0.4,0.4,0.424,
1.0,0.391,0.386,0.349,0.336,0.335,0.335,0.358,0.336,0.336,
1.0,0.475,0.386,0.433,0.415,0.389,0.391,0.467,0.444,0.428,
1.0,0.449,0.41,0.398,0.358,0.36,0.361,0.364,0.359,0.362,
1.0,0.39,0.345,0.346,0.343,0.343,0.343,0.342,0.343,0.342,
1.0,0.499,0.494,0.485,0.464,0.484,0.456,0.473,0.44,0.45,
1.0,0.479,0.441,0.439,0.437,0.429,0.474,0.402,0.405,0.395,
1.0,0.46,0.475,0.415,0.411,0.41,0.416,0.407,0.388,0.374,
1.0,0.434,0.397,0.37,0.369,0.364,0.369,0.357,0.354,0.354,
1.0,0.468,0.423,0.382,0.369,0.35,0.347,0.356,0.361,0.347,
1.0,0.403,0.357,0.348,0.348,0.348,0.348,0.348,0.348,0.348,
1.0,0.444,0.453,0.518,0.448,0.445,0.478,0.44,0.432,0.433,
1.0,0.445,0.444,0.471,0.401,0.395,0.403,0.419,0.401,0.397,
1.0,0.451,0.367,0.399,0.367,0.373,0.387,0.373,0.382,0.346,
1.0,0.496,0.452,0.396,0.387,0.425,0.415,0.379,0.404,0.412,
1.0,0.369,0.355,0.341,0.355,0.345,0.341,0.337,0.362,0.346,
1.0,0.526,0.444,0.449,0.432,0.419,0.42,0.405,0.424,0.43,
1.0,0.435,0.41,0.432,0.393,0.358,0.372,0.384,0.377,0.376,
1.0,0.481,0.425,0.411,0.363,0.411,0.41,0.405,0.392,0.404,
1.0,0.399,0.434,0.453,0.399,0.358,0.381,0.361,0.357,0.416,
1.0,0.438,0.358,0.345,0.338,0.349,0.345,0.341,0.341,0.34,
1.0,0.475,0.387,0.39,0.372,0.381,0.432,0.383,0.358,0.358,
1.0,0.488,0.435,0.45,0.434,0.422,0.414,0.425,0.414,0.412,
1.0,0.386,0.364,0.381,0.411,0.371,0.374,0.371,0.36,0.353,
1.0,0.428,0.394,0.362,0.352,0.35,0.41,0.429,0.4,0.439,
1.0,0.479,0.422,0.475,0.458,0.454,0.495,0.44,0.432,0.388,
1.0,0.438,0.437,0.446,0.428,0.445,0.432,0.421,0.416,0.437,
1.0,0.415,0.372,0.393,0.367,0.368,0.348,0.346,0.374,0.389,
1.0,0.456,0.403,0.43,0.42,0.413,0.431,0.397,0.413,0.418,
1.0,0.365,0.332,0.331,0.331,0.331,0.331,0.331,0.331,0.331,
1.0,0.473,0.429,0.42,0.41,0.392,0.369,0.388,0.414,0.431,
1.0,0.425,0.417,0.393,0.392,0.387,0.377,0.391,0.384,0.39,
1.0,0.397,0.346,0.343,0.338,0.338,0.338,0.34,0.338,0.338,
1.0,0.502,0.469,0.447,0.449,0.446,0.443,0.43,0.457,0.44,
1.0,0.444,0.427,0.418,0.38,0.41,0.372,0.36,0.366,0.376,
1.0,0.414,0.365,0.394,0.383,0.375,0.384,0.368,0.354,0.385,
1.0,0.46,0.433,0.442,0.414,0.441,0.416,0.379,0.359,0.398,
1.0,0.49,0.448,0.417,0.436,0.407,0.414,0.411,0.415,0.397,
1.0,0.39,0.355,0.352,0.371,0.39,0.399,0.393,0.392,0.386,
1.0,0.412,0.392,0.384,0.383,0.366,0.377,0.367,0.357,0.361,
1.0,0.389,0.346,0.344,0.344,0.344,0.344,0.344,0.344,0.344,
1.0,0.427,0.372,0.423,0.402,0.389,0.404,0.392,0.401,0.389,
1.0,0.419,0.383,0.359,0.362,0.34,0.341,0.339,0.34,0.339,
1.0,0.444,0.422,0.377,0.365,0.359,0.351,0.347,0.411,0.41,
1.0,0.443,0.399,0.406,0.401,0.461,0.448,0.41,0.407,0.415,
1.0,0.419,0.365,0.361,0.366,0.357,0.353,0.348,0.348,0.348,
1.0,0.399,0.345,0.341,0.341,0.341,0.341,0.341,0.341,0.341,
1.0,0.484,0.409,0.437,0.434,0.442,0.431,0.431,0.437,0.418,
1.0,0.518,0.446,0.427,0.421,0.416,0.424,0.409,0.407,0.401,
1.0,0.441,0.393,0.393,0.347,0.343,0.338,0.338,0.338,0.338,
1.0,0.415,0.393,0.379,0.373,0.375,0.383,0.41,0.389,0.382,
1.0,0.418,0.42,0.382,0.366,0.377,0.355,0.344,0.343,0.381,
1.0,0.403,0.371,0.357,0.364,0.35,0.396,0.36,0.353,0.39,
1.0,0.446,0.378,0.356,0.344,0.348,0.345,0.352,0.356,0.37,
1.0,0.365,0.33,0.329,0.329,0.329,0.329,0.329,0.329,0.329,
1.0,0.384,0.347,0.342,0.34,0.339,0.339,0.339,0.339,0.34,
1.0,0.431,0.392,0.387,0.377,0.382,0.379,0.379,0.378,0.4,
1.0,0.381,0.334,0.333,0.333,0.333,0.333,0.333,0.333,0.333,
1.0,0.51,0.466,0.441,0.448,0.452,0.437,0.431,0.416,0.433,
1.0,0.394,0.475,0.423,0.481,0.419,0.405,0.437,0.408,0.373,
1.0,0.394,0.365,0.374,0.354,0.342,0.342,0.34,0.341,0.34,
1.0,0.454,0.485,0.429,0.415,0.423,0.421,0.375,0.441,0.425,
1.0,0.433,0.374,0.372,0.36,0.349,0.349,0.347,0.403,0.369,
1.0,0.459,0.417,0.427,0.424,0.4,0.405,0.399,0.43,0.395,
1.0,0.471,0.532,0.471,0.477,0.447,0.449,0.419,0.436,0.436,
1.0,0.418,0.401,0.38,0.366,0.378,0.361,0.347,0.344,0.346,
1.0,0.441,0.377,0.404,0.378,0.349,0.379,0.359,0.345,0.344,
1.0,0.381,0.341,0.339,0.339,0.339,0.339,0.339,0.339,0.339,
1.0,0.454,0.402,0.416,0.435,0.378,0.365,0.347,0.342,0.341,
1.0,0.465,0.405,0.427,0.429,0.438,0.403,0.416,0.406,0.408,
1.0,0.394,0.362,0.349,0.359,0.343,0.34,0.344,0.339,0.338,
1.0,0.454,0.42,0.409,0.401,0.391,0.389,0.379,0.383,0.38,
1.0,0.38,0.339,0.338,0.338,0.338,0.338,0.338,0.338,0.338,
1.0,0.462,0.426,0.373,0.364,0.38,0.39,0.398,0.394,0.393,
1.0,0.41,0.352,0.428,0.411,0.352,0.37,0.378,0.386,0.352,
1.0,0.405,0.399,0.376,0.393,0.371,0.362,0.365,0.387,0.446,
1.0,0.47,0.438,0.449,0.431,0.426,0.429,0.44,0.461,0.416,
1.0,0.435,0.367,0.367,0.361,0.363,0.374,0.379,0.371,0.351,
1.0,0.447,0.416,0.437,0.414,0.379,0.367,0.362,0.381,0.4,
1.0,0.434,0.416,0.4,0.395,0.371,0.378,0.373,0.363,0.354,
1.0,0.472,0.413,0.412,0.377,0.428,0.38,0.382,0.422,0.39,
1.0,0.413,0.377,0.374,0.35,0.365,0.352,0.342,0.34,0.37,
1.0,0.408,0.38,0.395,0.384,0.377,0.395,0.394,0.389,0.387,
1.0,0.4,0.347,0.341,0.34,0.34,0.34,0.34,0.34,0.34,
1.0,0.487,0.433,0.433,0.426,0.44,0.429,0.43,0.439,0.469,
1.0,0.435,0.433,0.405,0.373,0.359,0.346,0.343,0.345,0.342,
1.0,0.492,0.434,0.437,0.42,0.427,0.42,0.437,0.429,0.433,
1.0,0.43,0.388,0.39,0.388,0.378,0.37,0.365,0.346,0.34,
1.0,0.466,0.413,0.419,0.421,0.423,0.412,0.421,0.396,0.404,
1.0,0.483,0.405,0.416,0.42,0.429,0.42,0.41,0.462,0.481,
1.0,0.393,0.375,0.342,0.362,0.342,0.351,0.348,0.34,0.339,
1.0,0.521,0.528,0.467,0.431,0.421,0.416,0.454,0.458,0.438,
1.0,0.44,0.408,0.363,0.374,0.375,0.369,0.346,0.343,0.343,
1.0,0.424,0.416,0.39,0.378,0.389,0.401,0.375,0.363,0.357,
1.0,0.474,0.449,0.396,0.434,0.415,0.431,0.419,0.401,0.371,
1.0,0.397,0.349,0.364,0.349,0.356,0.349,0.36,0.352,0.353,
1.0,0.458,0.404,0.377,0.385,0.407,0.405,0.395,0.377,0.375,
1.0,0.486,0.406,0.468,0.438,0.455,0.444,0.402,0.443,0.403,
1.0,0.43,0.383,0.366,0.383,0.369,0.354,0.422,0.4,0.379,
1.0,0.381,0.34,0.339,0.339,0.339,0.339,0.339,0.339,0.339,
1.0,0.428,0.414,0.369,0.356,0.342,0.352,0.345,0.344,0.343,
1.0,0.476,0.46,0.427,0.4,0.444,0.437,0.425,0.392,0.467,
1.0,0.403,0.413,0.417,0.382,0.399,0.429,0.386,0.388,0.406,
1.0,0.403,0.35,0.348,0.344,0.343,0.343,0.343,0.343,0.343,
1.0,0.365,0.326,0.325,0.325,0.325,0.325,0.325,0.325,0.325,
1.0,0.46,0.408,0.402,0.414,0.407,0.379,0.36,0.362,0.424,
1.0,0.375,0.349,0.352,0.363,0.352,0.345,0.349,0.337,0.335,
1.0,0.373,0.348,0.338,0.34,0.335,0.335,0.335,0.344,0.339,
1.0,0.465,0.431,0.392,0.455,0.45,0.447,0.439,0.437,0.454,
1.0,0.381,0.338,0.332,0.332,0.332,0.332,0.332,0.332,0.332,
1.0,0.45,0.389,0.371,0.369,0.352,0.346,0.346,0.345,0.345,
1.0,0.496,0.482,0.413,0.433,0.434,0.449,0.423,0.431,0.422,
1.0,0.448,0.413,0.385,0.37,0.391,0.398,0.382,0.422,0.414,
1.0,0.41,0.388,0.367,0.355,0.353,0.36,0.35,0.348,0.348,
1.0,0.448,0.419,0.38,0.441,0.415,0.429,0.393,0.431,0.416,
1.0,0.407,0.387,0.38,0.393,0.38,0.375,0.364,0.349,0.342,
1.0,0.41,0.38,0.393,0.375,0.366,0.363,0.393,0.361,0.347,
1.0,0.382,0.341,0.34,0.34,0.34,0.34,0.34,0.34,0.34,
1.0,0.461,0.45,0.429,0.428,0.423,0.401,0.412,0.429,0.436,
1.0,0.432,0.39,0.393,0.381,0.36,0.381,0.404,0.353,0.38,
1.0,0.471,0.403,0.426,0.412,0.394,0.406,0.397,0.386,0.373,
1.0,0.426,0.385,0.405,0.423,0.402,0.409,0.381,0.387,0.371,
1.0,0.476,0.392,0.382,0.364,0.369,0.359,0.362,0.347,0.34,
1.0,0.494,0.417,0.404,0.38,0.428,0.441,0.415,0.434,0.413,
1.0,0.42,0.361,0.358,0.338,0.348,0.336,0.334,0.333,0.333,
1.0,0.472,0.426,0.436,0.423,0.443,0.467,0.443,0.404,0.403,
1.0,0.453,0.38,0.471,0.393,0.393,0.421,0.473,0.473,0.394,
1.0,0.414,0.347,0.342,0.342,0.342,0.342,0.342,0.342,0.342,
1.0,0.427,0.43,0.414,0.365,0.376,0.421,0.421,0.398,0.385,
1.0,0.454,0.442,0.447,0.447,0.423,0.396,0.431,0.405,0.437,
1.0,0.473,0.415,0.483,0.424,0.409,0.462,0.463,0.412,0.415,
1.0,0.416,0.408,0.352,0.355,0.353,0.348,0.341,0.34,0.34,
1.0,0.527,0.483,0.458,0.486,0.47,0.467,0.455,0.427,0.479,
1.0,0.411,0.402,0.386,0.353,0.344,0.343,0.343,0.343,0.343,
1.0,0.425,0.384,0.343,0.337,0.337,0.337,0.337,0.337,0.337,
1.0,0.415,0.373,0.343,0.34,0.34,0.34,0.34,0.34,0.34,
1.0,0.425,0.379,0.371,0.37,0.355,0.353,0.359,0.354,0.347,
1.0,0.444,0.453,0.418,0.417,0.382,0.37,0.404,0.403,0.384,
1.0,0.457,0.448,0.403,0.4,0.386,0.409,0.41,0.405,0.395,
1.0,0.406,0.37,0.42,0.386,0.378,0.364,0.355,0.369,0.352,
1.0,0.463,0.379,0.379,0.375,0.413,0.434,0.397,0.383,0.363,
1.0,0.401,0.355,0.335,0.332,0.332,0.334,0.333,0.332,0.332,
1.0,0.382,0.342,0.34,0.339,0.339,0.339,0.339,0.339,0.339,
1.0,0.469,0.409,0.425,0.38,0.404,0.4,0.376,0.399,0.398,
1.0,0.394,0.345,0.366,0.375,0.373,0.36,0.377,0.352,0.347,
1.0,0.454,0.441,0.404,0.429,0.408,0.402,0.405,0.406,0.393,
1.0,0.458,0.442,0.423,0.394,0.392,0.424,0.391,0.374,0.382,
1.0,0.442,0.357,0.356,0.339,0.338,0.338,0.338,0.338,0.338,
1.0,0.397,0.348,0.341,0.354,0.362,0.348,0.354,0.346,0.355,
1.0,0.386,0.344,0.339,0.339,0.339,0.339,0.339,0.339,0.339,
1.0,0.487,0.451,0.417,0.431,0.443,0.416,0.429,0.416,0.412,
1.0,0.425,0.391,0.389,0.447,0.44,0.41,0.381,0.407,0.398,
1.0,0.359,0.331,0.328,0.328,0.328,0.328,0.328,0.328,0.328,
1.0,0.425,0.417,0.408,0.427,0.404,0.389,0.396,0.369,0.361,
1.0,0.532,0.467,0.407,0.431,0.417,0.446,0.419,0.387,0.41,
1.0,0.447,0.437,0.399,0.421,0.379,0.377,0.368,0.362,0.348,
1.0,0.404,0.368,0.347,0.343,0.342,0.342,0.342,0.342,0.342,
1.0,0.412,0.363,0.383,0.369,0.353,0.347,0.342,0.356,0.354,
1.0,0.498,0.431,0.411,0.419,0.417,0.393,0.376,0.407,0.448,
1.0,0.389,0.356,0.342,0.34,0.34,0.34,0.34,0.34,0.34,
1.0,0.447,0.43,0.415,0.379,0.359,0.395,0.406,0.408,0.43,
1.0,0.391,0.361,0.343,0.337,0.336,0.336,0.336,0.336,0.336,
1.0,0.449,0.405,0.358,0.357,0.374,0.359,0.357,0.349,0.344,
1.0,0.421,0.417,0.379,0.357,0.341,0.373,0.361,0.346,0.368,
1.0,0.436,0.386,0.416,0.451,0.428,0.413,0.404,0.412,0.399,
1.0,0.41,0.369,0.358,0.389,0.378,0.363,0.394,0.376,0.365,
1.0,0.468,0.381,0.379,0.367,0.372,0.367,0.377,0.378,0.381,
1.0,0.423,0.351,0.341,0.341,0.339,0.339,0.339,0.339,0.339,
1.0,0.462,0.392,0.396,0.393,0.412,0.403,0.393,0.469,0.429,
1.0,0.407,0.426,0.457,0.44,0.391,0.374,0.417,0.383,0.368,
1.0,0.467,0.427,0.482,0.46,0.441,0.44,0.471,0.438,0.417,
1.0,0.484,0.436,0.464,0.429,0.414,0.422,0.467,0.421,0.466,
1.0,0.436,0.449,0.375,0.366,0.35,0.344,0.343,0.343,0.343,
1.0,0.372,0.336,0.335,0.335,0.335,0.335,0.335,0.335,0.335,
1.0,0.454,0.381,0.382,0.356,0.34,0.338,0.338,0.338,0.338,
1.0,0.463,0.448,0.393,0.415,0.371,0.408,0.384,0.41,0.391,
1.0,0.402,0.413,0.408,0.392,0.382,0.358,0.343,0.342,0.342,
1.0,0.403,0.372,0.373,0.338,0.338,0.338,0.338,0.338,0.338,
1.0,0.417,0.391,0.378,0.401,0.384,0.373,0.398,0.375,0.382,
1.0,0.373,0.338,0.332,0.331,0.331,0.331,0.331,0.335,0.335,
1.0,0.445,0.365,0.358,0.34,0.338,0.338,0.338,0.338,0.338,
1.0,0.388,0.365,0.338,0.331,0.333,0.335,0.341,0.335,0.335,
1.0,0.47,0.428,0.412,0.408,0.426,0.399,0.403,0.445,0.419,
1.0,0.399,0.353,0.346,0.339,0.339,0.339,0.339,0.339,0.339,
1.0,0.361,0.33,0.329,0.329,0.329,0.329,0.329,0.329,0.329,
1.0,0.489,0.413,0.431,0.437,0.45,0.43,0.479,0.462,0.467,
1.0,0.398,0.35,0.346,0.345,0.345,0.345,0.345,0.345,0.345,
1.0,0.417,0.373,0.367,0.359,0.34,0.338,0.338,0.338,0.338,
1.0,0.443,0.386,0.375,0.395,0.434,0.394,0.385,0.367,0.372,
1.0,0.404,0.355,0.348,0.345,0.343,0.343,0.343,0.343,0.343,
1.0,0.418,0.357,0.365,0.384,0.364,0.354,0.346,0.351,0.348,
1.0,0.468,0.41,0.412,0.439,0.395,0.444,0.402,0.419,0.412,
1.0,0.446,0.362,0.418,0.405,0.405,0.39,0.385,0.394,0.372,
1.0,0.399,0.382,0.412,0.379,0.418,0.384,0.389,0.371,0.363,
1.0,0.438,0.386,0.391,0.409,0.376,0.387,0.374,0.422,0.405,
1.0,0.442,0.385,0.394,0.391,0.381,0.374,0.352,0.353,0.367,
1.0,0.446,0.416,0.396,0.372,0.375,0.426,0.407,0.388,0.4,
1.0,0.443,0.445,0.462,0.429,0.402,0.424,0.39,0.417,0.374,
1.0,0.422,0.357,0.341,0.339,0.339,0.339,0.34,0.339,0.339,
1.0,0.445,0.365,0.345,0.339,0.338,0.338,0.338,0.338,0.338,
1.0,0.421,0.385,0.407,0.383,0.392,0.345,0.34,0.364,0.342,
1.0,0.445,0.379,0.363,0.364,0.345,0.337,0.331,0.33,0.33,
1.0,0.382,0.427,0.435,0.403,0.389,0.361,0.362,0.392,0.383,
1.0,0.432,0.451,0.445,0.418,0.389,0.391,0.447,0.398,0.433,
1.0,0.468,0.384,0.381,0.349,0.41,0.401,0.41,0.418,0.419,
1.0,0.494,0.44,0.427,0.387,0.392,0.412,0.392,0.423,0.405,
1.0,0.426,0.413,0.363,0.395,0.399,0.407,0.37,0.382,0.378,
1.0,0.405,0.428,0.465,0.434,0.421,0.393,0.376,0.369,0.35,
1.0,0.394,0.449,0.414,0.378,0.385,0.379,0.353,0.383,0.395,
1.0,0.401,0.423,0.382,0.39,0.379,0.384,0.398,0.374,0.398,
1.0,0.476,0.467,0.468,0.427,0.471,0.457,0.424,0.411,0.423,
1.0,0.406,0.37,0.365,0.376,0.335,0.338,0.328,0.328,0.328,
1.0,0.36,0.347,0.366,0.35,0.331,0.353,0.337,0.342,0.331,
1.0,0.433,0.364,0.333,0.33,0.33,0.33,0.33,0.33,0.33,
1.0,0.4,0.401,0.38,0.374,0.391,0.396,0.402,0.43,0.405,
1.0,0.407,0.381,0.394,0.437,0.409,0.365,0.396,0.356,0.343,
1.0,0.411,0.368,0.352,0.356,0.342,0.34,0.335,0.336,0.332,
1.0,0.431,0.393,0.376,0.364,0.396,0.345,0.348,0.344,0.332,
1.0,0.381,0.333,0.328,0.328,0.328,0.328,0.328,0.328,0.328,
1.0,0.381,0.371,0.371,0.379,0.367,0.391,0.372,0.378,0.353,
1.0,0.47,0.454,0.378,0.372,0.348,0.368,0.375,0.371,0.362,
1.0,0.403,0.429,0.38,0.372,0.365,0.379,0.358,0.366,0.378,
1.0,0.388,0.353,0.357,0.353,0.348,0.336,0.349,0.334,0.332,
1.0,0.39,0.367,0.339,0.348,0.341,0.334,0.327,0.327,0.327,
1.0,0.474,0.351,0.337,0.336,0.336,0.336,0.336,0.336,0.336,
1.0,0.366,0.333,0.332,0.332,0.332,0.332,0.332,0.332,0.332,
1.0,0.398,0.392,0.361,0.355,0.359,0.341,0.338,0.335,0.335,
1.0,0.436,0.395,0.407,0.414,0.368,0.402,0.377,0.382,0.371,
1.0,0.394,0.351,0.346,0.334,0.339,0.331,0.355,0.373,0.358,
1.0,0.432,0.377,0.389,0.367,0.383,0.339,0.332,0.334,0.363,
1.0,0.46,0.377,0.372,0.362,0.35,0.341,0.348,0.365,0.35,
1.0,0.374,0.332,0.33,0.33,0.33,0.33,0.33,0.33,0.33,
1.0,0.394,0.421,0.425,0.403,0.388,0.408,0.409,0.387,0.374,
1.0,0.363,0.332,0.33,0.33,0.33,0.33,0.33,0.33,0.33,
1.0,0.387,0.379,0.397,0.385,0.368,0.361,0.377,0.361,0.357,
1.0,0.428,0.406,0.421,0.372,0.366,0.375,0.36,0.356,0.357,
1.0,0.379,0.341,0.36,0.35,0.338,0.331,0.34,0.419,0.417,
1.0,0.406,0.398,0.379,0.362,0.361,0.352,0.383,0.346,0.347,
1.0,0.457,0.434,0.398,0.399,0.394,0.366,0.39,0.369,0.384,
1.0,0.469,0.423,0.418,0.397,0.392,0.39,0.406,0.392,0.395,
1.0,0.404,0.414,0.391,0.394,0.356,0.351,0.366,0.407,0.385,
1.0,0.438,0.386,0.408,0.376,0.414,0.418,0.416,0.362,0.365,
1.0,0.388,0.381,0.416,0.387,0.4,0.369,0.384,0.376,0.355,
1.0,0.36,0.33,0.328,0.328,0.328,0.328,0.328,0.328,0.328,
1.0,0.464,0.411,0.397,0.36,0.345,0.338,0.336,0.349,0.35,
1.0,0.447,0.421,0.394,0.369,0.355,0.343,0.337,0.348,0.343,
1.0,0.468,0.381,0.383,0.375,0.368,0.375,0.386,0.404,0.385,
1.0,0.349,0.336,0.326,0.331,0.326,0.323,0.323,0.323,0.323,
1.0,0.391,0.377,0.352,0.387,0.367,0.372,0.363,0.354,0.376,
1.0,0.44,0.373,0.362,0.369,0.349,0.341,0.358,0.348,0.337,
1.0,0.432,0.353,0.333,0.333,0.33,0.33,0.33,0.33,0.33,
1.0,0.404,0.343,0.333,0.332,0.332,0.332,0.332,0.332,0.332,
1.0,0.404,0.36,0.336,0.34,0.354,0.351,0.343,0.349,0.344,
1.0,0.467,0.407,0.409,0.362,0.339,0.336,0.354,0.368,0.39,
1.0,0.41,0.339,0.352,0.33,0.328,0.357,0.331,0.328,0.328,
1.0,0.411,0.392,0.39,0.41,0.373,0.378,0.358,0.344,0.334,
1.0,0.419,0.392,0.362,0.407,0.361,0.353,0.333,0.33,0.33,
1.0,0.445,0.388,0.366,0.349,0.347,0.348,0.363,0.425,0.375,
1.0,0.364,0.336,0.328,0.329,0.328,0.329,0.328,0.33,0.328,
1.0,0.383,0.36,0.334,0.326,0.326,0.326,0.326,0.326,0.326,
1.0,0.457,0.377,0.373,0.384,0.373,0.382,0.403,0.376,0.408,
1.0,0.46,0.409,0.438,0.429,0.412,0.386,0.429,0.403,0.372,
1.0,0.432,0.407,0.377,0.365,0.358,0.342,0.331,0.357,0.334,
1.0,0.416,0.385,0.383,0.372,0.374,0.379,0.38,0.364,0.349,
1.0,0.439,0.396,0.442,0.431,0.396,0.38,0.362,0.349,0.343,
1.0,0.428,0.416,0.413,0.42,0.444,0.402,0.369,0.414,0.422,
1.0,0.448,0.394,0.396,0.4,0.385,0.355,0.341,0.337,0.334,
1.0,0.379,0.341,0.331,0.332,0.337,0.328,0.342,0.328,0.333,
1.0,0.393,0.337,0.329,0.332,0.336,0.325,0.324,0.324,0.324,
1.0,0.37,0.328,0.327,0.327,0.327,0.327,0.327,0.327,0.327,
1.0,0.377,0.352,0.358,0.348,0.369,0.353,0.35,0.339,0.33,
1.0,0.413,0.364,0.387,0.4,0.381,0.362,0.351,0.377,0.366,
1.0,0.384,0.332,0.33,0.33,0.33,0.33,0.33,0.33,0.33,
1.0,0.44,0.403,0.4,0.392,0.388,0.406,0.381,0.389,0.373,
1.0,0.418,0.355,0.343,0.352,0.344,0.331,0.33,0.33,0.33,
1.0,0.417,0.357,0.368,0.364,0.381,0.367,0.39,0.357,0.353,
1.0,0.436,0.386,0.391,0.383,0.37,0.36,0.338,0.34,0.332,
1.0,0.357,0.326,0.325,0.325,0.325,0.325,0.325,0.325,0.325,
1.0,0.424,0.388,0.395,0.354,0.356,0.36,0.351,0.36,0.369,
1.0,0.408,0.372,0.358,0.354,0.372,0.353,0.34,0.338,0.334,
1.0,0.415,0.399,0.352,0.326,0.325,0.325,0.325,0.325,0.325,
1.0,0.411,0.362,0.368,0.372,0.353,0.385,0.354,0.345,0.365,
1.0,0.431,0.401,0.388,0.425,0.387,0.397,0.445,0.39,0.37,
1.0,0.363,0.339,0.341,0.33,0.329,0.329,0.329,0.329,0.329,
1.0,0.48,0.35,0.358,0.34,0.335,0.333,0.332,0.331,0.331,
1.0,0.366,0.376,0.415,0.377,0.365,0.358,0.384,0.374,0.392,
1.0,0.457,0.364,0.355,0.445,0.401,0.417,0.398,0.388,0.389,
1.0,0.458,0.383,0.344,0.388,0.393,0.366,0.349,0.35,0.335,
1.0,0.387,0.367,0.398,0.358,0.354,0.335,0.335,0.332,0.334,
1.0,0.35,0.324,0.324,0.324,0.324,0.324,0.324,0.324,0.324,
1.0,0.482,0.453,0.414,0.44,0.393,0.405,0.412,0.378,0.405,
1.0,0.348,0.323,0.323,0.323,0.323,0.323,0.323,0.323,0.323,
1.0,0.411,0.449,0.432,0.407,0.413,0.388,0.38,0.374,0.354,
1.0,0.384,0.425,0.369,0.34,0.33,0.329,0.329,0.329,0.329,
1.0,0.441,0.357,0.352,0.375,0.362,0.39,0.39,0.378,0.363,
1.0,0.382,0.367,0.349,0.342,0.336,0.333,0.34,0.335,0.332,
1.0,0.407,0.374,0.398,0.376,0.365,0.364,0.36,0.363,0.348,
1.0,0.341,0.32,0.319,0.319,0.319,0.319,0.319,0.319,0.319,
1.0,0.443,0.4,0.398,0.369,0.373,0.361,0.368,0.364,0.356,
1.0,0.39,0.341,0.349,0.347,0.331,0.348,0.332,0.33,0.33,
1.0,0.447,0.406,0.351,0.346,0.372,0.425,0.431,0.397,0.359,
1.0,0.405,0.386,0.366,0.361,0.37,0.354,0.358,0.353,0.338,
1.0,0.423,0.375,0.392,0.376,0.357,0.338,0.348,0.337,0.338,
1.0,0.445,0.405,0.381,0.399,0.383,0.409,0.399,0.392,0.383,
1.0,0.355,0.33,0.326,0.325,0.325,0.325,0.325,0.325,0.325,
1.0,0.39,0.354,0.346,0.34,0.371,0.38,0.337,0.329,0.329,
1.0,0.422,0.384,0.359,0.419,0.379,0.373,0.344,0.344,0.368,
1.0,0.434,0.41,0.39,0.373,0.34,0.34,0.347,0.341,0.333,
1.0,0.416,0.366,0.408,0.352,0.331,0.329,0.328,0.329,0.328,
1.0,0.435,0.391,0.377,0.374,0.381,0.356,0.379,0.346,0.349,
1.0,0.379,0.334,0.335,0.352,0.365,0.367,0.344,0.325,0.324,
1.0,0.432,0.394,0.381,0.395,0.363,0.359,0.342,0.333,0.333,
1.0,0.4,0.366,0.328,0.326,0.326,0.326,0.326,0.326,0.326,
1.0,0.457,0.369,0.349,0.355,0.406,0.399,0.365,0.35,0.408,
1.0,0.419,0.4,0.417,0.378,0.385,0.369,0.362,0.369,0.368,
1.0,0.407,0.346,0.328,0.327,0.327,0.327,0.327,0.327,0.342,
1.0,0.39,0.344,0.411,0.367,0.353,0.392,0.362,0.35,0.382,
1.0,0.365,0.352,0.345,0.336,0.345,0.335,0.324,0.324,0.324,
1.0,0.44,0.401,0.359,0.342,0.337,0.344,0.332,0.362,0.386,
1.0,0.414,0.36,0.331,0.329,0.327,0.327,0.327,0.327,0.327,
1.0,0.377,0.333,0.331,0.33,0.33,0.33,0.33,0.33,0.33,
1.0,0.366,0.342,0.401,0.337,0.33,0.33,0.33,0.348,0.334,
1.0,0.431,0.393,0.379,0.345,0.342,0.333,0.332,0.332,0.332,
1.0,0.36,0.346,0.337,0.351,0.367,0.359,0.339,0.333,0.33,
1.0,0.485,0.383,0.379,0.384,0.369,0.37,0.383,0.412,0.411,
1.0,0.408,0.348,0.348,0.335,0.334,0.334,0.333,0.334,0.333,
1.0,0.361,0.321,0.32,0.32,0.32,0.32,0.32,0.32,0.32,
1.0,0.423,0.401,0.396,0.37,0.341,0.384,0.383,0.357,0.37,
1.0,0.423,0.375,0.372,0.343,0.349,0.395,0.356,0.365,0.375,
1.0,0.413,0.45,0.457,0.425,0.405,0.37,0.346,0.339,0.335,
1.0,0.478,0.448,0.393,0.404,0.421,0.395,0.418,0.4,0.39,
1.0,0.395,0.341,0.342,0.347,0.331,0.33,0.33,0.33,0.33,
1.0,0.378,0.369,0.364,0.332,0.328,0.328,0.328,0.328,0.328,
1.0,0.399,0.349,0.375,0.374,0.344,0.333,0.332,0.332,0.332,
1.0,0.446,0.387,0.369,0.403,0.38,0.388,0.372,0.396,0.399,
1.0,0.389,0.337,0.331,0.331,0.332,0.331,0.331,0.331,0.331,
1.0,0.383,0.34,0.338,0.332,0.41,0.391,0.389,0.382,0.347,
1.0,0.357,0.348,0.355,0.355,0.347,0.345,0.372,0.353,0.343,
1.0,0.381,0.353,0.395,0.369,0.369,0.364,0.346,0.334,0.333,
1.0,0.388,0.358,0.337,0.339,0.331,0.329,0.329,0.329,0.329,
1.0,0.452,0.392,0.396,0.421,0.426,0.363,0.389,0.366,0.378,
1.0,0.415,0.391,0.368,0.401,0.423,0.372,0.365,0.342,0.33,
1.0,0.436,0.396,0.421,0.397,0.384,0.351,0.345,0.341,0.34,
1.0,0.42,0.398,0.36,0.333,0.337,0.338,0.332,0.334,0.332,
1.0,0.396,0.35,0.341,0.348,0.338,0.333,0.335,0.341,0.335,
1.0,0.401,0.342,0.331,0.329,0.329,0.328,0.329,0.328,0.329,
1.0,0.409,0.399,0.369,0.344,0.352,0.415,0.43,0.377,0.389,
1.0,0.376,0.336,0.332,0.332,0.332,0.332,0.332,0.332,0.332,
1.0,0.417,0.388,0.378,0.371,0.357,0.425,0.376,0.356,0.338,
1.0,0.42,0.388,0.373,0.359,0.39,0.367,0.368,0.356,0.358,
1.0,0.376,0.333,0.328,0.328,0.328,0.328,0.328,0.328,0.328,
1.0,0.433,0.428,0.371,0.418,0.416,0.407,0.38,0.375,0.356,
1.0,0.405,0.377,0.41,0.436,0.39,0.386,0.394,0.387,0.384,
1.0,0.358,0.328,0.328,0.328,0.328,0.328,0.328,0.328,0.328,
1.0,0.438,0.407,0.425,0.41,0.376,0.367,0.361,0.376,0.35,
1.0,0.366,0.39,0.391,0.378,0.346,0.36,0.355,0.329,0.328,
1.0,0.356,0.325,0.324,0.324,0.324,0.324,0.324,0.324,0.324,
1.0,0.413,0.351,0.344,0.36,0.34,0.358,0.348,0.363,0.341,
1.0,0.401,0.355,0.327,0.325,0.325,0.325,0.325,0.325,0.325,
1.0,0.468,0.426,0.414,0.442,0.431,0.383,0.392,0.39,0.433,
1.0,0.423,0.361,0.36,0.338,0.352,0.344,0.353,0.348,0.331,
1.0,0.448,0.411,0.386,0.391,0.389,0.375,0.367,0.375,0.356,
1.0,0.401,0.352,0.349,0.352,0.338,0.35,0.347,0.336,0.336,
1.0,0.441,0.407,0.386,0.377,0.355,0.365,0.436,0.374,0.364,
1.0,0.44,0.431,0.383,0.388,0.416,0.397,0.374,0.35,0.365,
1.0,0.41,0.338,0.34,0.365,0.357,0.341,0.347,0.345,0.349,
1.0,0.373,0.372,0.386,0.373,0.341,0.343,0.34,0.337,0.356,
1.0,0.485,0.46,0.398,0.41,0.4,0.405,0.382,0.368,0.359,
1.0,0.4,0.354,0.353,0.336,0.333,0.333,0.333,0.333,0.333,
1.0,0.378,0.378,0.377,0.373,0.442,0.395,0.351,0.401,0.362,
1.0,0.392,0.345,0.343,0.336,0.333,0.333,0.333,0.333,0.341,
1.0,0.361,0.328,0.365,0.319,0.318,0.318,0.318,0.318,0.318,
1.0,0.361,0.397,0.375,0.335,0.326,0.325,0.354,0.338,0.329,
1.0,0.409,0.399,0.387,0.401,0.427,0.399,0.395,0.408,0.388,
1.0,0.377,0.334,0.331,0.355,0.337,0.331,0.333,0.33,0.329,
1.0,0.349,0.324,0.323,0.323,0.323,0.323,0.323,0.323,0.323,
1.0,0.456,0.413,0.432,0.404,0.383,0.365,0.392,0.349,0.348,
1.0,0.425,0.397,0.396,0.357,0.356,0.366,0.397,0.365,0.352,
1.0,0.374,0.336,0.328,0.331,0.327,0.327,0.327,0.327,0.327,
1.0,0.407,0.36,0.366,0.392,0.373,0.365,0.353,0.368,0.357,
1.0,0.452,0.43,0.406,0.415,0.417,0.422,0.404,0.395,0.382,
1.0,0.398,0.389,0.425,0.368,0.346,0.34,0.351,0.383,0.341,
1.0,0.372,0.329,0.324,0.322,0.322,0.322,0.322,0.322,0.322,
1.0,0.401,0.341,0.33,0.33,0.33,0.33,0.33,0.33,0.33,
1.0,0.364,0.331,0.328,0.328,0.328,0.328,0.328,0.328,0.328,
1.0,0.424,0.409,0.38,0.406,0.388,0.361,0.372,0.353,0.369,
1.0,0.376,0.343,0.335,0.332,0.342,0.339,0.396,0.35,0.342,
1.0,0.431,0.422,0.402,0.407,0.364,0.392,0.369,0.359,0.352,
1.0,0.367,0.333,0.332,0.331,0.33,0.33,0.33,0.33,0.33,
1.0,0.374,0.335,0.333,0.333,0.333,0.333,0.333,0.333,0.333,
1.0,0.437,0.428,0.409,0.414,0.416,0.396,0.374,0.398,0.402,
1.0,0.369,0.339,0.328,0.328,0.328,0.328,0.328,0.328,0.328,
1.0,0.392,0.351,0.352,0.338,0.34,0.35,0.341,0.369,0.343,
1.0,0.467,0.391,0.364,0.348,0.422,0.399,0.401,0.401,0.396,
1.0,0.51,0.426,0.463,0.459,0.448,0.425,0.414,0.418,0.43,
1.0,0.377,0.338,0.337,0.336,0.336,0.336,0.336,0.336,0.336,
1.0,0.507,0.457,0.449,0.427,0.452,0.429,0.45,0.44,0.462,
1.0,0.459,0.449,0.443,0.423,0.428,0.433,0.402,0.424,0.451,
1.0,0.409,0.42,0.394,0.374,0.377,0.37,0.382,0.36,0.396,
1.0,0.418,0.374,0.371,0.387,0.362,0.34,0.352,0.339,0.338,
1.0,0.434,0.435,0.384,0.39,0.356,0.344,0.342,0.342,0.342,
1.0,0.382,0.373,0.345,0.345,0.357,0.367,0.401,0.401,0.383,
1.0,0.404,0.343,0.34,0.34,0.34,0.34,0.34,0.34,0.34,
1.0,0.494,0.414,0.429,0.415,0.417,0.443,0.453,0.407,0.372,
1.0,0.455,0.401,0.411,0.447,0.43,0.436,0.478,0.415,0.448,
1.0,0.426,0.396,0.385,0.389,0.398,0.391,0.376,0.393,0.398,
1.0,0.365,0.331,0.327,0.326,0.326,0.325,0.326,0.325,0.326,
1.0,0.429,0.382,0.361,0.36,0.347,0.343,0.342,0.342,0.342,
1.0,0.392,0.362,0.366,0.387,0.36,0.355,0.351,0.347,0.344,
1.0,0.424,0.382,0.366,0.362,0.358,0.369,0.359,0.382,0.391,
1.0,0.45,0.384,0.401,0.447,0.424,0.457,0.422,0.414,0.385,
1.0,0.417,0.389,0.387,0.374,0.359,0.37,0.373,0.37,0.39,
1.0,0.432,0.388,0.367,0.438,0.462,0.464,0.416,0.42,0.406,
1.0,0.387,0.332,0.329,0.329,0.329,0.329,0.329,0.329,0.329,
1.0,0.375,0.334,0.331,0.331,0.331,0.331,0.331,0.331,0.331,
1.0,0.357,0.33,0.327,0.327,0.327,0.327,0.327,0.327,0.327,
1.0,0.392,0.346,0.332,0.331,0.331,0.331,0.335,0.334,0.331,
1.0,0.526,0.462,0.425,0.44,0.448,0.414,0.442,0.444,0.442,
1.0,0.442,0.393,0.374,0.394,0.371,0.364,0.364,0.383,0.428,
1.0,0.43,0.391,0.4,0.391,0.367,0.378,0.37,0.387,0.376,
1.0,0.414,0.377,0.384,0.361,0.348,0.341,0.356,0.347,0.346,
1.0,0.397,0.379,0.413,0.385,0.349,0.374,0.406,0.362,0.376,
1.0,0.462,0.436,0.398,0.415,0.412,0.429,0.425,0.421,0.447,
1.0,0.385,0.379,0.379,0.37,0.345,0.341,0.346,0.346,0.341,
1.0,0.412,0.423,0.393,0.369,0.375,0.382,0.371,0.366,0.365,
1.0,0.44,0.383,0.38,0.362,0.352,0.36,0.373,0.379,0.381,
1.0,0.376,0.336,0.343,0.378,0.372,0.358,0.344,0.328,0.327,
1.0,0.365,0.332,0.33,0.33,0.33,0.33,0.33,0.33,0.33,
1.0,0.375,0.333,0.327,0.327,0.327,0.327,0.327,0.327,0.327,
1.0,0.372,0.414,0.386,0.399,0.42,0.384,0.407,0.393,0.437,
1.0,0.453,0.398,0.372,0.385,0.355,0.354,0.339,0.397,0.373,
1.0,0.429,0.37,0.382,0.362,0.389,0.36,0.385,0.378,0.375,
1.0,0.359,0.329,0.329,0.327,0.329,0.327,0.329,0.327,0.329,

1.0,0.441,0.359,0.339,0.338,0.334,0.333,0.333,0.333,0.333,
1.0,0.485,0.395,0.46,0.431,0.392,0.4,0.416,0.403,0.424,
1.0,0.432,0.424,0.4,0.376,0.413,0.385,0.381,0.421,0.377,
1.0,0.468,0.418,0.444,0.417,0.412,0.401,0.42,0.428,0.476,
1.0,0.397,0.35,0.345,0.345,0.344,0.345,0.344,0.345,0.344,
1.0,0.444,0.456,0.448,0.436,0.398,0.427,0.412,0.395,0.398,
1.0,0.515,0.485,0.426,0.448,0.456,0.418,0.402,0.405,0.413,
1.0,0.57,0.466,0.428,0.402,0.382,0.379,0.367,0.379,0.356,
1.0,0.498,0.507,0.497,0.473,0.505,0.463,0.48,0.441,0.497,
1.0,0.45,0.389,0.395,0.378,0.364,0.351,0.342,0.349,0.342,
1.0,0.554,0.485,0.445,0.497,0.487,0.465,0.466,0.456,0.435,
1.0,0.413,0.381,0.355,0.346,0.353,0.339,0.337,0.337,0.337,
1.0,0.429,0.361,0.372,0.353,0.345,0.351,0.339,0.345,0.337,
1.0,0.44,0.391,0.414,0.407,0.4,0.398,0.365,0.381,0.395,
1.0,0.489,0.465,0.442,0.418,0.428,0.459,0.443,0.447,0.434,
1.0,0.548,0.527,0.52,0.459,0.503,0.47,0.474,0.456,0.483,
1.0,0.442,0.363,0.353,0.366,0.35,0.359,0.376,0.377,0.355,
1.0,0.546,0.516,0.458,0.512,0.507,0.492,0.469,0.472,0.478,
1.0,0.514,0.458,0.466,0.482,0.453,0.401,0.423,0.414,0.45,
1.0,0.44,0.369,0.362,0.361,0.361,0.361,0.361,0.361,0.361,
1.0,0.505,0.454,0.446,0.424,0.432,0.421,0.414,0.437,0.399,
1.0,0.415,0.365,0.383,0.376,0.352,0.345,0.346,0.344,0.343,
1.0,0.558,0.464,0.446,0.454,0.463,0.433,0.414,0.439,0.455,
1.0,0.579,0.474,0.479,0.55,0.5,0.455,0.478,0.461,0.497,
1.0,0.462,0.465,0.452,0.425,0.429,0.402,0.392,0.42,0.408,
1.0,0.447,0.422,0.452,0.427,0.403,0.439,0.429,0.406,0.388,
1.0,0.382,0.339,0.337,0.337,0.337,0.337,0.337,0.337,0.337,
1.0,0.439,0.405,0.39,0.427,0.38,0.414,0.388,0.4,0.398,
1.0,0.558,0.516,0.498,0.492,0.501,0.498,0.471,0.453,0.463,
1.0,0.446,0.391,0.376,0.407,0.385,0.359,0.366,0.349,0.384,
1.0,0.514,0.469,0.47,0.467,0.468,0.463,0.448,0.461,0.451,
1.0,0.498,0.398,0.43,0.373,0.389,0.38,0.414,0.4,0.418,
1.0,0.481,0.46,0.41,0.436,0.414,0.424,0.417,0.411,0.4,
1.0,0.456,0.373,0.396,0.352,0.344,0.345,0.347,0.343,0.345,
1.0,0.448,0.417,0.387,0.355,0.358,0.358,0.356,0.358,0.345,
1.0,0.424,0.388,0.37,0.403,0.376,0.364,0.383,0.359,0.348,
1.0,0.479,0.496,0.499,0.456,0.429,0.467,0.459,0.433,0.462,
1.0,0.386,0.34,0.338,0.338,0.338,0.338,0.338,0.338,0.338,
1.0,0.455,0.398,0.369,0.404,0.442,0.409,0.404,0.388,0.399,
1.0,0.448,0.402,0.392,0.401,0.437,0.425,0.404,0.379,0.387,
1.0,0.462,0.442,0.415,0.418,0.37,0.362,0.347,0.349,0.343,
1.0,0.497,0.498,0.493,0.467,0.46,0.436,0.44,0.488,0.453,
1.0,0.491,0.449,0.476,0.456,0.433,0.423,0.401,0.403,0.451,
1.0,0.408,0.405,0.381,0.37,0.367,0.37,0.374,0.371,0.358,
1.0,0.411,0.38,0.368,0.373,0.368,0.344,0.338,0.337,0.354,
1.0,0.399,0.364,0.344,0.356,0.357,0.345,0.35,0.343,0.347,
1.0,0.373,0.336,0.335,0.335,0.335,0.335,0.335,0.335,0.335,
1.0,0.472,0.46,0.485,0.466,0.48,0.448,0.439,0.437,0.473,
1.0,0.624,0.522,0.596,0.526,0.516,0.51,0.503,0.528,0.517,
1.0,0.447,0.415,0.402,0.405,0.381,0.411,0.406,0.376,0.375,
1.0,0.379,0.337,0.336,0.336,0.335,0.335,0.335,0.335,0.335,
1.0,0.528,0.527,0.466,0.454,0.448,0.448,0.466,0.49,0.465,
1.0,0.475,0.404,0.379,0.39,0.372,0.386,0.369,0.367,0.374,
1.0,0.478,0.423,0.416,0.414,0.407,0.395,0.397,0.404,0.39,
1.0,0.59,0.524,0.467,0.468,0.42,0.462,0.416,0.418,0.466,
1.0,0.537,0.476,0.481,0.449,0.448,0.489,0.447,0.463,0.47,
1.0,0.391,0.364,0.341,0.405,0.372,0.363,0.374,0.349,0.345,
1.0,0.549,0.515,0.504,0.476,0.441,0.453,0.435,0.402,0.428,
1.0,0.518,0.461,0.468,0.466,0.452,0.441,0.438,0.439,0.418,
1.0,0.601,0.546,0.536,0.505,0.531,0.494,0.505,0.503,0.482,
1.0,0.444,0.386,0.371,0.372,0.374,0.368,0.358,0.353,0.345,
1.0,0.463,0.434,0.455,0.453,0.398,0.386,0.468,0.42,0.431,
1.0,0.61,0.541,0.523,0.51,0.494,0.492,0.514,0.531,0.486,
1.0,0.445,0.387,0.353,0.348,0.347,0.365,0.363,0.347,0.37,
1.0,0.404,0.353,0.351,0.351,0.351,0.351,0.351,0.351,0.351,
1.0,0.462,0.409,0.404,0.403,0.389,0.392,0.392,0.416,0.385,
1.0,0.47,0.415,0.398,0.413,0.415,0.398,0.418,0.401,0.381,
1.0,0.518,0.512,0.461,0.412,0.471,0.488,0.483,0.447,0.49,
1.0,0.488,0.379,0.398,0.356,0.364,0.392,0.361,0.372,0.362,
1.0,0.493,0.467,0.437,0.441,0.418,0.422,0.428,0.411,0.426,
1.0,0.47,0.467,0.405,0.406,0.431,0.44,0.44,0.46,0.39,
1.0,0.391,0.345,0.346,0.343,0.342,0.342,0.342,0.342,0.342,
1.0,0.532,0.548,0.54,0.554,0.497,0.542,0.49,0.467,0.522,
1.0,0.579,0.507,0.54,0.496,0.502,0.493,0.503,0.485,0.539,
1.0,0.508,0.483,0.483,0.486,0.445,0.464,0.474,0.488,0.478,
1.0,0.527,0.525,0.523,0.478,0.453,0.457,0.455,0.437,0.439,
1.0,0.591,0.489,0.467,0.407,0.431,0.436,0.424,0.405,0.422,
1.0,0.403,0.357,0.348,0.348,0.348,0.348,0.348,0.348,0.348,
1.0,0.577,0.525,0.506,0.491,0.546,0.525,0.481,0.502,0.552,
1.0,0.451,0.417,0.435,0.391,0.398,0.376,0.397,0.397,0.41,
1.0,0.437,0.46,0.446,0.455,0.429,0.39,0.367,0.375,0.402,
1.0,0.555,0.51,0.493,0.5,0.495,0.493,0.508,0.482,0.498,
1.0,0.389,0.348,0.344,0.335,0.333,0.334,0.335,0.333,0.334,
1.0,0.548,0.572,0.531,0.5,0.494,0.503,0.503,0.467,0.512,
1.0,0.475,0.408,0.367,0.359,0.351,0.39,0.388,0.376,0.355,
1.0,0.513,0.45,0.437,0.45,0.429,0.428,0.415,0.381,0.423,
1.0,0.45,0.393,0.401,0.394,0.381,0.381,0.394,0.391,0.383,
1.0,0.438,0.359,0.345,0.338,0.349,0.345,0.341,0.34,0.34,
1.0,0.509,0.447,0.461,0.42,0.442,0.394,0.407,0.416,0.401,
1.0,0.512,0.471,0.492,0.439,0.474,0.49,0.442,0.474,0.441,
1.0,0.479,0.452,0.44,0.414,0.396,0.399,0.399,0.435,0.419,
1.0,0.516,0.493,0.464,0.462,0.482,0.436,0.438,0.434,0.472,
1.0,0.537,0.468,0.501,0.514,0.481,0.457,0.436,0.485,0.467,
1.0,0.537,0.456,0.466,0.462,0.445,0.438,0.479,0.488,0.467,
1.0,0.523,0.473,0.453,0.449,0.425,0.431,0.467,0.438,0.444,
1.0,0.52,0.447,0.444,0.425,0.423,0.431,0.455,0.425,0.435,
1.0,0.365,0.332,0.331,0.331,0.331,0.331,0.331,0.331,0.331,
1.0,0.513,0.501,0.492,0.436,0.448,0.436,0.464,0.443,0.422,
1.0,0.454,0.416,0.385,0.394,0.39,0.374,0.376,0.367,0.374,
1.0,0.403,0.342,0.337,0.337,0.337,0.337,0.337,0.337,0.337,
1.0,0.595,0.528,0.496,0.499,0.474,0.463,0.469,0.47,0.454,
1.0,0.475,0.415,0.424,0.439,0.403,0.393,0.405,0.377,0.404,
1.0,0.501,0.441,0.414,0.436,0.428,0.41,0.42,0.398,0.43,
1.0,0.539,0.473,0.472,0.477,0.473,0.464,0.443,0.464,0.45,
1.0,0.571,0.53,0.543,0.502,0.497,0.475,0.498,0.472,0.498,
1.0,0.533,0.414,0.452,0.43,0.44,0.462,0.447,0.425,0.457,
1.0,0.48,0.465,0.438,0.401,0.413,0.4,0.419,0.417,0.4,
1.0,0.411,0.37,0.372,0.392,0.402,0.391,0.41,0.431,0.388,
1.0,0.47,0.436,0.398,0.396,0.406,0.409,0.43,0.382,0.401,
1.0,0.419,0.351,0.339,0.338,0.341,0.342,0.339,0.341,0.339,
1.0,0.45,0.439,0.427,0.424,0.406,0.463,0.461,0.457,0.424,
1.0,0.511,0.493,0.489,0.455,0.493,0.438,0.466,0.459,0.435,
1.0,0.519,0.466,0.469,0.423,0.426,0.419,0.429,0.43,0.405,
1.0,0.399,0.345,0.341,0.341,0.341,0.341,0.341,0.341,0.341,
1.0,0.585,0.542,0.517,0.51,0.509,0.496,0.495,0.525,0.498,
1.0,0.553,0.546,0.504,0.486,0.477,0.476,0.49,0.5,0.497,
1.0,0.433,0.396,0.375,0.393,0.365,0.362,0.345,0.343,0.348,
1.0,0.504,0.461,0.458,0.47,0.461,0.464,0.481,0.466,0.432,
1.0,0.466,0.44,0.438,0.411,0.378,0.392,0.396,0.425,0.38,
1.0,0.521,0.453,0.432,0.431,0.446,0.411,0.429,0.396,0.418,
1.0,0.469,0.376,0.407,0.377,0.39,0.367,0.375,0.362,0.375,
1.0,0.365,0.33,0.329,0.329,0.329,0.329,0.329,0.329,0.329,
1.0,0.457,0.388,0.381,0.375,0.399,0.384,0.38,0.382,0.387,
1.0,0.431,0.431,0.414,0.386,0.434,0.419,0.42,0.411,0.391,
1.0,0.381,0.334,0.333,0.333,0.333,0.333,0.333,0.333,0.333,
1.0,0.552,0.487,0.437,0.509,0.528,0.473,0.537,0.468,0.463,
1.0,0.507,0.476,0.436,0.472,0.44,0.394,0.411,0.413,0.404,
1.0,0.394,0.388,0.368,0.374,0.345,0.34,0.34,0.34,0.34,
1.0,0.579,0.502,0.468,0.489,0.474,0.498,0.463,0.504,0.455,
1.0,0.515,0.441,0.432,0.423,0.444,0.433,0.429,0.461,0.431,
1.0,0.497,0.58,0.532,0.526,0.467,0.536,0.507,0.497,0.516,
1.0,0.603,0.514,0.55,0.563,0.524,0.552,0.522,0.525,0.537,
1.0,0.455,0.413,0.398,0.371,0.399,0.381,0.424,0.434,0.397,
1.0,0.484,0.392,0.393,0.363,0.403,0.392,0.379,0.369,0.396,
1.0,0.381,0.341,0.339,0.339,0.339,0.339,0.339,0.339,0.339,
1.0,0.437,0.391,0.386,0.357,0.377,0.354,0.362,0.37,0.389,
1.0,0.496,0.471,0.477,0.43,0.449,0.438,0.445,0.434,0.416,
1.0,0.424,0.35,0.358,0.358,0.358,0.361,0.357,0.354,0.354,
1.0,0.488,0.423,0.445,0.428,0.427,0.425,0.435,0.416,0.395,
1.0,0.399,0.369,0.355,0.34,0.339,0.339,0.339,0.339,0.339,
1.0,0.476,0.479,0.44,0.429,0.425,0.393,0.408,0.386,0.38,
1.0,0.446,0.41,0.41,0.428,0.396,0.374,0.369,0.396,0.395,
1.0,0.499,0.462,0.4,0.447,0.426,0.452,0.42,0.443,0.426,
1.0,0.551,0.497,0.477,0.477,0.488,0.505,0.493,0.462,0.489,
1.0,0.444,0.432,0.385,0.396,0.365,0.374,0.351,0.348,0.37,
1.0,0.505,0.442,0.476,0.438,0.483,0.434,0.42,0.443,0.425,
1.0,0.441,0.391,0.399,0.42,0.393,0.391,0.411,0.397,0.413,
1.0,0.565,0.559,0.489,0.477,0.479,0.451,0.482,0.43,0.451,
1.0,0.495,0.399,0.422,0.428,0.384,0.382,0.395,0.419,0.396,
1.0,0.497,0.491,0.481,0.477,0.459,0.463,0.455,0.47,0.432,
1.0,0.478,0.414,0.41,0.385,0.416,0.411,0.42,0.417,0.428,
1.0,0.619,0.535,0.525,0.501,0.492,0.515,0.551,0.521,0.497,
1.0,0.44,0.374,0.356,0.348,0.344,0.376,0.395,0.363,0.35,
1.0,0.555,0.527,0.48,0.521,0.5,0.467,0.522,0.481,0.498,
1.0,0.479,0.432,0.407,0.402,0.42,0.433,0.395,0.42,0.398,
1.0,0.5,0.452,0.471,0.44,0.435,0.436,0.414,0.399,0.439,
1.0,0.589,0.487,0.551,0.541,0.505,0.497,0.492,0.49,0.512,
1.0,0.422,0.361,0.371,0.354,0.363,0.378,0.356,0.348,0.346,
1.0,0.649,0.566,0.603,0.561,0.519,0.551,0.529,0.548,0.528,
1.0,0.474,0.402,0.424,0.411,0.408,0.37,0.355,0.36,0.36,
1.0,0.464,0.443,0.432,0.426,0.414,0.416,0.416,0.428,0.403,
1.0,0.581,0.532,0.496,0.48,0.52,0.468,0.479,0.514,0.467,
1.0,0.461,0.399,0.385,0.447,0.391,0.389,0.362,0.398,0.386,
1.0,0.528,0.475,0.456,0.466,0.499,0.463,0.474,0.479,0.512,
1.0,0.491,0.431,0.429,0.504,0.503,0.449,0.399,0.42,0.415,
1.0,0.491,0.443,0.435,0.433,0.434,0.451,0.454,0.414,0.424,
1.0,0.381,0.34,0.339,0.339,0.339,0.339,0.339,0.339,0.339,
1.0,0.476,0.43,0.4,0.38,0.415,0.393,0.387,0.38,0.396,
1.0,0.502,0.466,0.462,0.441,0.438,0.465,0.432,0.448,0.42,
1.0,0.408,0.459,0.456,0.381,0.387,0.368,0.364,0.371,0.363,
1.0,0.468,0.452,0.435,0.43,0.412,0.378,0.388,0.361,0.368,
1.0,0.365,0.326,0.325,0.325,0.325,0.325,0.325,0.325,0.325,
1.0,0.517,0.418,0.455,0.446,0.411,0.362,0.386,0.427,0.433,
1.0,0.414,0.396,0.374,0.375,0.368,0.368,0.375,0.378,0.364,
1.0,0.417,0.358,0.359,0.345,0.345,0.346,0.343,0.338,0.339,
1.0,0.504,0.55,0.521,0.487,0.526,0.499,0.545,0.516,0.499,
1.0,0.381,0.338,0.332,0.332,0.332,0.332,0.332,0.332,0.332,
1.0,0.467,0.398,0.388,0.441,0.372,0.374,0.394,0.392,0.423,
1.0,0.505,0.495,0.518,0.485,0.481,0.449,0.417,0.446,0.475,
1.0,0.49,0.45,0.435,0.43,0.407,0.416,0.444,0.441,0.444,
1.0,0.41,0.391,0.358,0.368,0.392,0.38,0.375,0.352,0.361,
1.0,0.539,0.502,0.47,0.463,0.467,0.448,0.446,0.46,0.464,
1.0,0.472,0.419,0.406,0.407,0.397,0.399,0.41,0.403,0.414,
1.0,0.423,0.429,0.386,0.367,0.363,0.397,0.354,0.349,0.37,
1.0,0.382,0.341,0.34,0.34,0.34,0.34,0.34,0.34,0.34,
1.0,0.515,0.526,0.551,0.491,0.476,0.462,0.505,0.465,0.476,
1.0,0.472,0.43,0.404,0.391,0.402,0.437,0.417,0.393,0.385,
1.0,0.467,0.5,0.438,0.466,0.459,0.43,0.46,0.419,0.404,
1.0,0.468,0.406,0.423,0.433,0.38,0.388,0.401,0.427,0.4,
1.0,0.466,0.415,0.397,0.416,0.407,0.398,0.419,0.406,0.375,
1.0,0.579,0.527,0.478,0.473,0.485,0.472,0.506,0.481,0.474,
1.0,0.462,0.4,0.412,0.382,0.369,0.338,0.336,0.358,0.338,
1.0,0.529,0.496,0.532,0.487,0.468,0.488,0.455,0.456,0.438,
1.0,0.552,0.506,0.443,0.411,0.443,0.44,0.453,0.455,0.414,
1.0,0.429,0.393,0.381,0.362,0.361,0.366,0.366,0.374,0.36,
1.0,0.439,0.395,0.43,0.383,0.393,0.373,0.353,0.364,0.346,
1.0,0.549,0.489,0.448,0.526,0.457,0.467,0.461,0.427,0.44,
1.0,0.568,0.515,0.486,0.483,0.483,0.448,0.437,0.449,0.432,
1.0,0.394,0.373,0.364,0.344,0.356,0.34,0.339,0.339,0.339,
1.0,0.601,0.573,0.602,0.541,0.55,0.555,0.537,0.547,0.528,
1.0,0.451,0.445,0.419,0.399,0.403,0.412,0.423,0.394,0.373,
1.0,0.442,0.362,0.376,0.377,0.356,0.351,0.35,0.343,0.347,
1.0,0.415,0.383,0.357,0.34,0.34,0.339,0.339,0.339,0.339,
1.0,0.534,0.455,0.423,0.434,0.476,0.438,0.437,0.453,0.423,
1.0,0.53,0.481,0.453,0.412,0.44,0.446,0.394,0.422,0.438,
1.0,0.579,0.518,0.513,0.467,0.5,0.495,0.465,0.493,0.496,
1.0,0.504,0.483,0.425,0.459,0.413,0.43,0.442,0.451,0.421,
1.0,0.501,0.459,0.419,0.405,0.407,0.386,0.384,0.364,0.386,
1.0,0.392,0.346,0.344,0.335,0.333,0.332,0.332,0.332,0.332,
1.0,0.418,0.36,0.351,0.341,0.349,0.345,0.345,0.344,0.345,
1.0,0.477,0.467,0.442,0.415,0.406,0.395,0.381,0.419,0.4,
1.0,0.413,0.443,0.436,0.399,0.399,0.415,0.401,0.447,0.431,
1.0,0.552,0.459,0.463,0.464,0.418,0.463,0.45,0.444,0.442,
1.0,0.544,0.447,0.487,0.446,0.493,0.469,0.507,0.499,0.474,
1.0,0.472,0.426,0.357,0.359,0.355,0.35,0.346,0.338,0.337,
1.0,0.413,0.367,0.381,0.354,0.359,0.348,0.364,0.351,0.371,
1.0,0.386,0.344,0.339,0.339,0.339,0.339,0.339,0.339,0.339,
1.0,0.509,0.449,0.425,0.409,0.45,0.44,0.428,0.388,0.457,
1.0,0.47,0.385,0.4,0.366,0.37,0.362,0.351,0.426,0.393,
1.0,0.361,0.33,0.329,0.328,0.328,0.328,0.328,0.328,0.328,
1.0,0.495,0.387,0.369,0.395,0.464,0.433,0.433,0.447,0.414,
1.0,0.571,0.493,0.483,0.515,0.465,0.461,0.408,0.492,0.439,
1.0,0.543,0.468,0.499,0.478,0.453,0.464,0.433,0.474,0.447,
1.0,0.404,0.368,0.347,0.343,0.342,0.342,0.342,0.342,0.342,
1.0,0.434,0.426,0.403,0.369,0.388,0.414,0.382,0.401,0.386,
1.0,0.542,0.518,0.529,0.469,0.476,0.495,0.477,0.454,0.5,
1.0,0.462,0.389,0.392,0.368,0.37,0.35,0.357,0.395,0.376,
1.0,0.487,0.532,0.426,0.443,0.474,0.411,0.462,0.448,0.418,
1.0,0.391,0.361,0.343,0.337,0.336,0.336,0.336,0.336,0.336,
1.0,0.449,0.414,0.359,0.344,0.343,0.343,0.343,0.343,0.343,
1.0,0.451,0.358,0.354,0.339,0.338,0.338,0.338,0.338,0.338,
1.0,0.507,0.471,0.451,0.449,0.434,0.422,0.433,0.449,0.459,
1.0,0.48,0.382,0.348,0.365,0.376,0.367,0.372,0.388,0.358,
1.0,0.459,0.4,0.412,0.449,0.416,0.417,0.403,0.407,0.426,
1.0,0.456,0.395,0.373,0.389,0.437,0.43,0.418,0.392,0.386,
1.0,0.477,0.417,0.461,0.451,0.451,0.445,0.433,0.43,0.446,
1.0,0.526,0.488,0.455,0.412,0.452,0.451,0.466,0.424,0.422,
1.0,0.537,0.491,0.481,0.483,0.471,0.478,0.443,0.453,0.464,
1.0,0.524,0.469,0.462,0.46,0.47,0.433,0.451,0.459,0.466,
1.0,0.471,0.479,0.456,0.437,0.397,0.438,0.447,0.388,0.437,
1.0,0.372,0.336,0.335,0.335,0.335,0.335,0.335,0.335,0.335,
1.0,0.436,0.432,0.403,0.387,0.398,0.376,0.372,0.344,0.365,
1.0,0.475,0.455,0.406,0.459,0.42,0.438,0.472,0.462,0.469,
1.0,0.455,0.394,0.375,0.352,0.349,0.343,0.342,0.342,0.342,
1.0,0.403,0.372,0.373,0.338,0.338,0.338,0.338,0.338,0.338,
1.0,0.456,0.414,0.367,0.401,0.442,0.42,0.377,0.373,0.376,
1.0,0.387,0.346,0.334,0.335,0.333,0.333,0.333,0.333,0.333,
1.0,0.445,0.39,0.388,0.395,0.358,0.383,0.36,0.381,0.355,
1.0,0.388,0.342,0.332,0.332,0.332,0.332,0.332,0.332,0.332,
1.0,0.525,0.491,0.499,0.469,0.476,0.472,0.476,0.466,0.48,
1.0,0.408,0.41,0.384,0.353,0.387,0.409,0.368,0.374,0.369,
1.0,0.361,0.33,0.329,0.329,0.329,0.329,0.329,0.329,0.329,
1.0,0.553,0.485,0.475,0.473,0.488,0.49,0.472,0.492,0.474,
1.0,0.414,0.402,0.387,0.368,0.371,0.364,0.361,0.359,0.36,
1.0,0.417,0.373,0.367,0.359,0.34,0.338,0.338,0.338,0.338,
1.0,0.573,0.512,0.51,0.483,0.487,0.493,0.465,0.448,0.441,
1.0,0.502,0.434,0.418,0.404,0.43,0.394,0.394,0.413,0.435,
1.0,0.462,0.4,0.394,0.394,0.366,0.377,0.368,0.358,0.369,
1.0,0.538,0.45,0.525,0.467,0.456,0.432,0.468,0.485,0.48,
1.0,0.414,0.356,0.346,0.384,0.361,0.35,0.342,0.386,0.358,
1.0,0.426,0.404,0.406,0.38,0.392,0.373,0.368,0.384,0.388,
1.0,0.453,0.435,0.416,0.44,0.423,0.445,0.424,0.436,0.404,
1.0,0.437,0.419,0.401,0.428,0.382,0.37,0.385,0.392,0.404,
1.0,0.575,0.547,0.498,0.455,0.498,0.473,0.475,0.481,0.45,
1.0,0.568,0.542,0.518,0.494,0.481,0.489,0.495,0.492,0.521,
1.0,0.422,0.357,0.341,0.339,0.339,0.339,0.339,0.339,0.339,
1.0,0.479,0.384,0.365,0.35,0.339,0.338,0.338,0.338,0.338,
1.0,0.484,0.372,0.419,0.416,0.376,0.403,0.364,0.381,0.358,
1.0,0.454,0.369,0.374,0.346,0.335,0.344,0.336,0.343,0.338,
1.0,0.503,0.476,0.433,0.42,0.412,0.441,0.415,0.42,0.411,
1.0,0.526,0.481,0.456,0.457,0.433,0.43,0.415,0.406,0.402,
1.0,0.533,0.452,0.478,0.439,0.411,0.393,0.415,0.396,0.409,
1.0,0.578,0.488,0.477,0.485,0.45,0.452,0.449,0.441,0.459,
1.0,0.508,0.513,0.452,0.459,0.411,0.437,0.412,0.496,0.434,
1.0,0.465,0.421,0.417,0.421,0.417,0.427,0.436,0.404,0.405,
1.0,0.433,0.405,0.406,0.371,0.355,0.381,0.393,0.358,0.35,
1.0,0.513,0.457,0.422,0.467,0.453,0.426,0.417,0.405,0.4,
1.0,0.6,0.506,0.48,0.481,0.455,0.501,0.462,0.467,0.469,
1.0,0.406,0.37,0.361,0.367,0.345,0.337,0.331,0.336,0.329,
1.0,0.381,0.369,0.34,0.34,0.354,0.34,0.352,0.336,0.328,
1.0,0.433,0.364,0.37,0.335,0.331,0.331,0.33,0.33,0.33,
1.0,0.398,0.367,0.403,0.402,0.383,0.387,0.391,0.416,0.399,
1.0,0.531,0.439,0.439,0.486,0.434,0.413,0.46,0.422,0.419,
1.0,0.443,0.356,0.338,0.345,0.335,0.333,0.332,0.332,0.332,
1.0,0.449,0.403,0.405,0.388,0.365,0.354,0.37,0.383,0.38,
1.0,0.39,0.336,0.339,0.332,0.33,0.328,0.328,0.328,0.328,
1.0,0.474,0.395,0.415,0.394,0.365,0.371,0.379,0.37,0.369,
1.0,0.459,0.451,0.409,0.4,0.391,0.402,0.381,0.376,0.381,
1.0,0.459,0.403,0.38,0.384,0.412,0.377,0.381,0.416,0.4,
1.0,0.395,0.369,0.363,0.344,0.353,0.335,0.333,0.331,0.333,
1.0,0.442,0.444,0.385,0.404,0.388,0.378,0.37,0.384,0.388,
1.0,0.474,0.351,0.337,0.336,0.336,0.336,0.336,0.336,0.336,
1.0,0.394,0.346,0.404,0.357,0.346,0.339,0.34,0.334,0.334,
1.0,0.436,0.368,0.393,0.42,0.368,0.366,0.369,0.357,0.363,
1.0,0.459,0.389,0.408,0.387,0.425,0.463,0.384,0.382,0.392,
1.0,0.479,0.452,0.407,0.375,0.488,0.438,0.405,0.37,0.382,
1.0,0.447,0.376,0.428,0.406,0.414,0.407,0.434,0.403,0.424,
1.0,0.524,0.437,0.412,0.43,0.414,0.414,0.38,0.441,0.417,
1.0,0.374,0.332,0.33,0.33,0.33,0.33,0.33,0.33,0.33,
1.0,0.535,0.48,0.489,0.455,0.435,0.486,0.442,0.461,0.449,
1.0,0.456,0.397,0.396,0.361,0.366,0.365,0.357,0.363,0.376,
1.0,0.493,0.398,0.403,0.435,0.413,0.403,0.37,0.378,0.4,
1.0,0.562,0.467,0.511,0.469,0.437,0.438,0.444,0.459,0.431,
1.0,0.486,0.416,0.391,0.373,0.403,0.394,0.392,0.399,0.413,
1.0,0.469,0.415,0.427,0.391,0.384,0.354,0.383,0.403,0.434,
1.0,0.553,0.511,0.487,0.485,0.445,0.458,0.435,0.449,0.43,
1.0,0.469,0.452,0.442,0.426,0.431,0.405,0.403,0.439,0.397,
1.0,0.456,0.393,0.361,0.367,0.376,0.345,0.374,0.352,0.366,
1.0,0.554,0.468,0.487,0.455,0.473,0.441,0.452,0.419,0.412,
1.0,0.443,0.438,0.403,0.473,0.422,0.416,0.428,0.4,0.401,
1.0,0.384,0.391,0.378,0.352,0.367,0.36,0.358,0.346,0.383,
1.0,0.558,0.473,0.438,0.421,0.416,0.44,0.428,0.411,0.418,
1.0,0.461,0.421,0.378,0.367,0.43,0.411,0.366,0.369,0.351,
1.0,0.49,0.435,0.394,0.401,0.409,0.4,0.456,0.417,0.393,
1.0,0.363,0.331,0.332,0.325,0.323,0.323,0.323,0.323,0.323,
1.0,0.443,0.408,0.388,0.374,0.36,0.391,0.401,0.377,0.387,
1.0,0.43,0.388,0.409,0.364,0.359,0.353,0.41,0.374,0.35,
1.0,0.518,0.429,0.38,0.405,0.426,0.394,0.373,0.356,0.349,
1.0,0.402,0.395,0.351,0.373,0.359,0.347,0.344,0.342,0.336,
1.0,0.472,0.361,0.384,0.344,0.37,0.376,0.387,0.374,0.353,
1.0,0.443,0.403,0.425,0.422,0.392,0.362,0.366,0.371,0.363,
1.0,0.426,0.372,0.373,0.378,0.358,0.358,0.342,0.35,0.354,
1.0,0.447,0.393,0.356,0.359,0.394,0.387,0.358,0.378,0.375,
1.0,0.414,0.463,0.405,0.388,0.365,0.377,0.362,0.357,0.361,
1.0,0.506,0.412,0.411,0.392,0.374,0.363,0.363,0.355,0.383,
1.0,0.365,0.333,0.357,0.337,0.329,0.329,0.328,0.329,0.328,
1.0,0.383,0.36,0.355,0.361,0.377,0.341,0.327,0.336,0.355,
1.0,0.412,0.408,0.423,0.426,0.423,0.411,0.4,0.379,0.401,
1.0,0.514,0.488,0.48,0.449,0.418,0.411,0.442,0.414,0.385,
1.0,0.454,0.359,0.366,0.347,0.371,0.34,0.336,0.34,0.353,
1.0,0.479,0.457,0.424,0.386,0.401,0.398,0.386,0.413,0.415,
1.0,0.57,0.465,0.429,0.433,0.421,0.414,0.42,0.407,0.38,
1.0,0.537,0.495,0.478,0.45,0.473,0.453,0.482,0.455,0.45,
1.0,0.522,0.439,0.421,0.446,0.431,0.397,0.454,0.413,0.437,
1.0,0.38,0.358,0.34,0.336,0.336,0.355,0.347,0.335,0.338,
1.0,0.393,0.379,0.339,0.336,0.325,0.324,0.324,0.324,0.324,
1.0,0.37,0.328,0.327,0.327,0.327,0.327,0.327,0.327,0.327,
1.0,0.452,0.401,0.366,0.382,0.365,0.363,0.35,0.336,0.353,
1.0,0.45,0.417,0.426,0.395,0.385,0.407,0.384,0.38,0.412,
1.0,0.393,0.379,0.382,0.345,0.334,0.331,0.331,0.331,0.331,
1.0,0.448,0.502,0.41,0.37,0.415,0.456,0.426,0.407,0.434,
1.0,0.442,0.35,0.368,0.364,0.355,0.357,0.366,0.342,0.333,
1.0,0.444,0.425,0.428,0.412,0.443,0.388,0.387,0.406,0.426,
1.0,0.48,0.438,0.442,0.429,0.45,0.427,0.427,0.44,0.418,
1.0,0.357,0.326,0.325,0.325,0.325,0.325,0.325,0.325,0.325,
1.0,0.471,0.429,0.408,0.433,0.424,0.405,0.402,0.389,0.386,
1.0,0.451,0.417,0.415,0.397,0.408,0.382,0.389,0.382,0.392,
1.0,0.415,0.39,0.345,0.327,0.326,0.326,0.326,0.326,0.326,
1.0,0.514,0.44,0.453,0.429,0.403,0.41,0.389,0.382,0.415,
1.0,0.496,0.469,0.51,0.462,0.49,0.455,0.443,0.42,0.434,
1.0,0.363,0.339,0.341,0.33,0.329,0.329,0.329,0.329,0.329,
1.0,0.48,0.405,0.386,0.348,0.335,0.331,0.332,0.331,0.331,
1.0,0.432,0.469,0.401,0.471,0.378,0.394,0.395,0.396,0.383,
1.0,0.551,0.45,0.452,0.447,0.437,0.396,0.428,0.41,0.407,
1.0,0.495,0.416,0.4,0.385,0.359,0.388,0.357,0.349,0.338,
1.0,0.46,0.428,0.377,0.374,0.356,0.384,0.369,0.361,0.37,
1.0,0.385,0.348,0.398,0.378,0.35,0.344,0.327,0.337,0.33,
1.0,0.571,0.464,0.461,0.443,0.444,0.405,0.494,0.414,0.434,
1.0,0.37,0.33,0.323,0.323,0.323,0.323,0.323,0.323,0.323,
1.0,0.544,0.514,0.538,0.531,0.458,0.451,0.452,0.457,0.475,
1.0,0.442,0.363,0.373,0.369,0.356,0.368,0.337,0.334,0.352,
1.0,0.499,0.391,0.403,0.367,0.347,0.336,0.337,0.339,0.337,
1.0,0.532,0.461,0.443,0.436,0.448,0.41,0.453,0.452,0.433,
1.0,0.461,0.414,0.398,0.423,0.403,0.373,0.383,0.386,0.382,
1.0,0.341,0.32,0.319,0.319,0.319,0.319,0.319,0.319,0.319,
1.0,0.514,0.498,0.442,0.453,0.421,0.414,0.406,0.377,0.38,
1.0,0.389,0.367,0.356,0.337,0.371,0.39,0.356,0.374,0.36,
1.0,0.562,0.458,0.428,0.416,0.445,0.427,0.388,0.4,0.397,
1.0,0.413,0.386,0.382,0.448,0.396,0.4,0.353,0.374,0.397,
1.0,0.506,0.45,0.44,0.399,0.467,0.394,0.429,0.379,0.395,
1.0,0.536,0.494,0.508,0.478,0.496,0.458,0.439,0.459,0.469,
1.0,0.355,0.328,0.327,0.326,0.325,0.325,0.325,0.325,0.325,
1.0,0.396,0.351,0.348,0.336,0.329,0.328,0.328,0.328,0.328,
1.0,0.456,0.457,0.405,0.377,0.378,0.376,0.347,0.335,0.369,
1.0,0.465,0.376,0.376,0.394,0.385,0.356,0.364,0.355,0.362,
1.0,0.462,0.371,0.369,0.37,0.353,0.333,0.328,0.328,0.328,
1.0,0.44,0.393,0.396,0.363,0.392,0.417,0.41,0.377,0.404,
1.0,0.373,0.382,0.385,0.353,0.334,0.325,0.33,0.326,0.324,
1.0,0.433,0.402,0.441,0.388,0.379,0.385,0.361,0.381,0.373,
1.0,0.4,0.359,0.334,0.329,0.326,0.326,0.326,0.326,0.326,
1.0,0.583,0.508,0.532,0.501,0.455,0.459,0.44,0.442,0.429,
1.0,0.499,0.431,0.452,0.408,0.464,0.398,0.401,0.392,0.431,
1.0,0.402,0.392,0.358,0.341,0.353,0.347,0.349,0.336,0.33,
1.0,0.503,0.426,0.434,0.406,0.418,0.404,0.396,0.386,0.407,
1.0,0.372,0.354,0.329,0.333,0.327,0.33,0.326,0.325,0.324,
1.0,0.46,0.419,0.396,0.374,0.345,0.342,0.357,0.351,0.348,
1.0,0.414,0.369,0.351,0.357,0.343,0.34,0.348,0.334,0.334,
1.0,0.379,0.333,0.331,0.33,0.33,0.33,0.33,0.33,0.33,
1.0,0.376,0.333,0.33,0.332,0.33,0.33,0.33,0.33,0.33,
1.0,0.463,0.395,0.421,0.396,0.385,0.364,0.358,0.37,0.357,
1.0,0.401,0.382,0.352,0.347,0.339,0.34,0.338,0.357,0.371,
1.0,0.555,0.454,0.409,0.427,0.433,0.459,0.414,0.418,0.431,
1.0,0.429,0.383,0.4,0.357,0.347,0.356,0.378,0.347,0.372,
1.0,0.361,0.321,0.32,0.32,0.32,0.32,0.32,0.32,0.32,
1.0,0.447,0.463,0.42,0.404,0.39,0.393,0.37,0.352,0.332,
1.0,0.466,0.428,0.388,0.365,0.389,0.367,0.372,0.357,0.347,
1.0,0.436,0.467,0.423,0.402,0.397,0.416,0.414,0.405,0.386,
1.0,0.522,0.49,0.469,0.479,0.434,0.418,0.449,0.442,0.432,
1.0,0.395,0.341,0.342,0.347,0.331,0.33,0.33,0.33,0.33,
1.0,0.461,0.37,0.348,0.346,0.351,0.347,0.344,0.369,0.354,
1.0,0.46,0.386,0.345,0.337,0.349,0.358,0.341,0.334,0.342,
1.0,0.565,0.466,0.5,0.476,0.427,0.464,0.46,0.461,0.412,
1.0,0.493,0.45,0.429,0.411,0.415,0.416,0.389,0.434,0.406,
1.0,0.435,0.374,0.351,0.356,0.356,0.368,0.347,0.366,0.355,
1.0,0.4,0.353,0.352,0.349,0.35,0.347,0.339,0.348,0.35,
1.0,0.407,0.376,0.4,0.36,0.376,0.362,0.356,0.371,0.391,
1.0,0.388,0.337,0.329,0.329,0.329,0.329,0.329,0.329,0.329,
1.0,0.528,0.439,0.419,0.41,0.43,0.432,0.433,0.407,0.392,
1.0,0.463,0.417,0.397,0.402,0.378,0.399,0.391,0.37,0.373,
1.0,0.536,0.4,0.404,0.355,0.37,0.379,0.374,0.442,0.376,
1.0,0.471,0.41,0.385,0.35,0.338,0.337,0.334,0.332,0.333,
1.0,0.403,0.398,0.388,0.352,0.35,0.371,0.379,0.345,0.346,
1.0,0.402,0.343,0.335,0.329,0.329,0.338,0.333,0.329,0.329,
1.0,0.442,0.386,0.358,0.345,0.371,0.35,0.347,0.364,0.357,
1.0,0.408,0.353,0.357,0.337,0.332,0.331,0.331,0.331,0.331,
1.0,0.487,0.448,0.441,0.426,0.422,0.457,0.399,0.397,0.437,
1.0,0.518,0.464,0.406,0.437,0.406,0.414,0.467,0.408,0.394,
1.0,0.37,0.33,0.328,0.328,0.328,0.328,0.328,0.328,0.328,
1.0,0.571,0.486,0.47,0.471,0.433,0.448,0.427,0.429,0.41,
1.0,0.468,0.421,0.422,0.4,0.396,0.376,0.387,0.396,0.381,
1.0,0.358,0.328,0.328,0.328,0.328,0.328,0.328,0.328,0.328,
1.0,0.538,0.45,0.456,0.412,0.406,0.416,0.403,0.444,0.406,
1.0,0.441,0.383,0.385,0.423,0.377,0.376,0.385,0.409,0.421,
1.0,0.356,0.325,0.324,0.324,0.324,0.324,0.324,0.324,0.324,
1.0,0.58,0.472,0.464,0.408,0.424,0.413,0.45,0.406,0.435,
1.0,0.404,0.36,0.333,0.328,0.34,0.328,0.327,0.327,0.327,
1.0,0.593,0.495,0.475,0.471,0.474,0.474,0.463,0.459,0.511,
1.0,0.408,0.374,0.393,0.357,0.359,0.366,0.378,0.376,0.374,
1.0,0.518,0.437,0.406,0.386,0.386,0.372,0.407,0.401,0.37,
1.0,0.506,0.413,0.43,0.427,0.434,0.402,0.452,0.402,0.413,
1.0,0.474,0.387,0.448,0.379,0.371,0.387,0.345,0.383,0.365,
1.0,0.395,0.486,0.46,0.438,0.411,0.412,0.395,0.432,0.425,
1.0,0.425,0.446,0.429,0.417,0.384,0.361,0.354,0.375,0.366,
1.0,0.39,0.356,0.349,0.358,0.342,0.338,0.333,0.369,0.366,
1.0,0.552,0.482,0.453,0.449,0.418,0.432,0.425,0.433,0.412,
1.0,0.429,0.372,0.371,0.398,0.376,0.402,0.381,0.393,0.364,
1.0,0.502,0.439,0.394,0.461,0.422,0.412,0.396,0.404,0.386,
1.0,0.415,0.356,0.346,0.335,0.332,0.332,0.332,0.332,0.332,
1.0,0.361,0.328,0.365,0.319,0.318,0.318,0.318,0.318,0.318,
1.0,0.361,0.33,0.327,0.327,0.327,0.327,0.327,0.327,0.327,
1.0,0.489,0.412,0.401,0.37,0.42,0.369,0.384,0.39,0.395,
1.0,0.444,0.397,0.38,0.352,0.346,0.342,0.339,0.334,0.332,
1.0,0.349,0.324,0.323,0.323,0.323,0.323,0.323,0.323,0.323,
1.0,0.511,0.456,0.436,0.478,0.43,0.426,0.444,0.401,0.446,
1.0,0.43,0.435,0.392,0.365,0.361,0.367,0.367,0.36,0.384,
1.0,0.407,0.357,0.356,0.35,0.34,0.358,0.343,0.352,0.349,
1.0,0.455,0.42,0.413,0.39,0.378,0.363,0.366,0.364,0.377,
1.0,0.531,0.485,0.446,0.422,0.421,0.409,0.437,0.423,0.444,
1.0,0.402,0.392,0.372,0.377,0.358,0.344,0.382,0.357,0.388,
1.0,0.374,0.352,0.412,0.345,0.339,0.323,0.334,0.374,0.352,
1.0,0.401,0.341,0.33,0.33,0.33,0.33,0.33,0.33,0.33,
1.0,0.364,0.331,0.328,0.328,0.328,0.328,0.328,0.328,0.328,
1.0,0.521,0.499,0.444,0.438,0.402,0.387,0.42,0.421,0.406,
1.0,0.455,0.412,0.421,0.4,0.414,0.395,0.375,0.389,0.387,
1.0,0.455,0.45,0.424,0.422,0.437,0.432,0.45,0.468,0.454,
1.0,0.509,0.444,0.408,0.377,0.436,0.397,0.377,0.366,0.372,
1.0,0.374,0.335,0.333,0.333,0.333,0.333,0.333,0.333,0.333,
1.0,0.42,0.442,0.438,0.402,0.445,0.41,0.43,0.442,0.395,
1.0,0.369,0.339,0.328,0.328,0.328,0.328,0.328,0.328,0.328,
1.0,0.446,0.397,0.396,0.362,0.36,0.391,0.378,0.349,0.341,
1.0,0.477,0.456,0.489,0.413,0.431,0.419,0.395,0.411,0.415,
1.0,0.561,0.473,0.473,0.45,0.428,0.422,0.426,0.472,0.458,
1.0,0.377,0.338,0.342,0.338,0.337,0.337,0.337,0.337,0.337,
1.0,0.57,0.522,0.466,0.445,0.508,0.485,0.507,0.53,0.486,
1.0,0.548,0.493,0.485,0.458,0.437,0.448,0.458,0.485,0.454,
1.0,0.521,0.523,0.462,0.458,0.434,0.469,0.45,0.471,0.461,
1.0,0.468,0.414,0.393,0.369,0.387,0.407,0.399,0.386,0.365,
1.0,0.434,0.411,0.401,0.398,0.394,0.426,0.391,0.392,0.407,
1.0,0.51,0.462,0.422,0.432,0.388,0.406,0.392,0.396,0.427,
1.0,0.404,0.343,0.34,0.34,0.34,0.34,0.34,0.34,0.34,
1.0,0.527,0.48,0.466,0.445,0.462,0.436,0.453,0.453,0.464,
1.0,0.485,0.459,0.433,0.426,0.455,0.431,0.42,0.402,0.412,
1.0,0.491,0.426,0.44,0.449,0.425,0.413,0.436,0.409,0.42,
1.0,0.365,0.331,0.327,0.326,0.326,0.325,0.326,0.325,0.326,
1.0,0.441,0.409,0.403,0.401,0.392,0.376,0.357,0.382,0.358,
1.0,0.48,0.458,0.44,0.438,0.407,0.399,0.411,0.422,0.424,
1.0,0.445,0.476,0.416,0.445,0.395,0.386,0.419,0.432,0.379,
1.0,0.51,0.474,0.478,0.464,0.471,0.472,0.495,0.463,0.46,
1.0,0.457,0.441,0.429,0.443,0.38,0.39,0.372,0.369,0.395,
1.0,0.5,0.432,0.463,0.448,0.421,0.438,0.435,0.437,0.436,
1.0,0.387,0.332,0.329,0.329,0.329,0.329,0.329,0.329,0.329,
1.0,0.401,0.369,0.378,0.342,0.336,0.333,0.332,0.331,0.331,
1.0,0.393,0.379,0.367,0.342,0.351,0.33,0.328,0.327,0.327,
1.0,0.417,0.381,0.343,0.339,0.333,0.333,0.332,0.332,0.332,
1.0,0.57,0.492,0.51,0.513,0.48,0.498,0.469,0.473,0.472,
1.0,0.517,0.497,0.501,0.464,0.449,0.429,0.419,0.464,0.48,
1.0,0.396,0.382,0.377,0.375,0.416,0.417,0.455,0.382,0.391,
1.0,0.437,0.412,0.394,0.347,0.346,0.344,0.341,0.342,0.341,
1.0,0.458,0.465,0.45,0.467,0.466,0.438,0.454,0.419,0.474,
1.0,0.507,0.448,0.479,0.465,0.489,0.471,0.473,0.477,0.5,
1.0,0.496,0.412,0.391,0.398,0.389,0.372,0.364,0.371,0.367,
1.0,0.519,0.482,0.461,0.498,0.458,0.483,0.477,0.434,0.479,
1.0,0.475,0.433,0.393,0.374,0.372,0.395,0.384,0.365,0.379,
1.0,0.38,0.38,0.345,0.343,0.33,0.327,0.326,0.326,0.326,
1.0,0.473,0.393,0.367,0.365,0.387,0.398,0.397,0.369,0.392,
1.0,0.403,0.356,0.339,0.365,0.341,0.33,0.327,0.326,0.326,
1.0,0.487,0.446,0.458,0.459,0.43,0.44,0.415,0.41,0.411,
1.0,0.482,0.415,0.414,0.414,0.44,0.45,0.435,0.399,0.4,
1.0,0.402,0.354,0.344,0.335,0.341,0.34,0.341,0.337,0.336,
1.0,0.359,0.329,0.329,0.327,0.329,0.327,0.329,0.327,0.329,

1.0,0.406,0.344,0.334,0.333,0.333,0.333,0.333,0.333,0.333,
1.0,0.478,0.438,0.442,0.395,0.411,0.398,0.42,0.447,0.412,
1.0,0.438,0.421,0.452,0.408,0.397,0.415,0.397,0.363,0.361,
1.0,0.506,0.459,0.458,0.441,0.451,0.423,0.427,0.444,0.42,
1.0,0.434,0.393,0.365,0.366,0.367,0.365,0.357,0.343,0.342,
1.0,0.468,0.447,0.422,0.42,0.404,0.423,0.393,0.377,0.394,
1.0,0.529,0.434,0.444,0.418,0.436,0.444,0.448,0.438,0.434,
1.0,0.472,0.403,0.419,0.447,0.399,0.4,0.398,0.399,0.39,
1.0,0.511,0.506,0.461,0.451,0.47,0.469,0.452,0.486,0.461,
1.0,0.461,0.458,0.401,0.367,0.356,0.347,0.341,0.359,0.347,
1.0,0.556,0.496,0.454,0.474,0.513,0.511,0.479,0.478,0.465,
1.0,0.485,0.407,0.383,0.363,0.338,0.336,0.336,0.336,0.336,
1.0,0.424,0.355,0.342,0.342,0.346,0.338,0.336,0.348,0.339,
1.0,0.445,0.428,0.46,0.406,0.392,0.412,0.42,0.38,0.383,
1.0,0.478,0.464,0.456,0.44,0.418,0.398,0.44,0.453,0.427,
1.0,0.577,0.543,0.521,0.501,0.485,0.529,0.495,0.486,0.468,
1.0,0.442,0.444,0.404,0.413,0.392,0.401,0.41,0.396,0.414,
1.0,0.522,0.501,0.508,0.474,0.464,0.477,0.501,0.485,0.51,
1.0,0.487,0.508,0.416,0.434,0.447,0.423,0.406,0.442,0.412,
1.0,0.36,0.314,0.308,0.308,0.308,0.308,0.308,0.308,0.308,
1.0,0.536,0.458,0.447,0.45,0.431,0.431,0.405,0.387,0.385,
1.0,0.421,0.408,0.386,0.355,0.38,0.37,0.379,0.37,0.385,
1.0,0.539,0.46,0.459,0.411,0.452,0.476,0.474,0.492,0.397,
1.0,0.568,0.48,0.513,0.537,0.487,0.467,0.464,0.493,0.499,
1.0,0.452,0.453,0.424,0.445,0.448,0.425,0.408,0.429,0.408,
1.0,0.424,0.422,0.421,0.442,0.423,0.405,0.392,0.412,0.422,
1.0,0.379,0.337,0.335,0.335,0.335,0.335,0.335,0.335,0.335,
1.0,0.459,0.407,0.4,0.374,0.407,0.401,0.385,0.383,0.38,
1.0,0.545,0.482,0.494,0.48,0.466,0.485,0.468,0.475,0.478,
1.0,0.452,0.351,0.34,0.339,0.339,0.339,0.339,0.339,0.339,
1.0,0.507,0.495,0.471,0.454,0.458,0.479,0.45,0.461,0.465,
1.0,0.48,0.453,0.418,0.399,0.413,0.379,0.387,0.411,0.43,
1.0,0.447,0.427,0.418,0.441,0.448,0.43,0.46,0.429,0.434,
1.0,0.411,0.416,0.404,0.379,0.395,0.351,0.364,0.354,0.344,
1.0,0.439,0.392,0.371,0.369,0.382,0.384,0.379,0.377,0.359,
1.0,0.449,0.398,0.396,0.413,0.397,0.387,0.375,0.371,0.36,
1.0,0.536,0.551,0.467,0.48,0.487,0.464,0.464,0.462,0.47,
1.0,0.435,0.341,0.399,0.413,0.35,0.339,0.336,0.336,0.336,
1.0,0.428,0.426,0.398,0.404,0.412,0.388,0.395,0.409,0.412,
1.0,0.452,0.423,0.447,0.442,0.437,0.404,0.412,0.42,0.418,
1.0,0.495,0.419,0.379,0.463,0.377,0.374,0.408,0.37,0.346,
1.0,0.503,0.488,0.466,0.52,0.47,0.428,0.474,0.416,0.459,
1.0,0.493,0.472,0.464,0.453,0.459,0.42,0.476,0.479,0.433,
1.0,0.467,0.387,0.432,0.409,0.405,0.388,0.357,0.366,0.378,
1.0,0.445,0.372,0.356,0.404,0.389,0.391,0.402,0.389,0.368,
1.0,0.492,0.39,0.351,0.345,0.342,0.342,0.341,0.341,0.341,
1.0,0.405,0.336,0.328,0.328,0.328,0.328,0.328,0.328,0.328,
1.0,0.497,0.499,0.463,0.475,0.474,0.469,0.448,0.451,0.464,
1.0,0.61,0.578,0.54,0.507,0.546,0.528,0.519,0.499,0.531,
1.0,0.477,0.465,0.411,0.407,0.376,0.415,0.368,0.412,0.386,
1.0,0.385,0.342,0.336,0.335,0.334,0.334,0.334,0.334,0.334,
1.0,0.555,0.467,0.474,0.46,0.435,0.503,0.491,0.5,0.463,
1.0,0.496,0.445,0.398,0.404,0.425,0.392,0.417,0.438,0.389,
1.0,0.447,0.425,0.418,0.416,0.414,0.392,0.424,0.4,0.396,
1.0,0.534,0.485,0.47,0.464,0.435,0.443,0.469,0.447,0.433,
1.0,0.57,0.485,0.437,0.471,0.478,0.482,0.47,0.437,0.471,
1.0,0.508,0.389,0.359,0.371,0.358,0.341,0.421,0.39,0.36,
1.0,0.577,0.528,0.487,0.477,0.439,0.428,0.412,0.415,0.413,
1.0,0.488,0.495,0.465,0.497,0.46,0.478,0.444,0.443,0.482,
1.0,0.604,0.484,0.534,0.509,0.535,0.511,0.529,0.508,0.509,
1.0,0.417,0.387,0.383,0.37,0.38,0.373,0.373,0.386,0.368,
1.0,0.505,0.459,0.419,0.402,0.417,0.473,0.451,0.397,0.434,
1.0,0.583,0.547,0.55,0.512,0.524,0.501,0.47,0.518,0.515,
1.0,0.477,0.367,0.388,0.395,0.376,0.359,0.376,0.394,0.369,
1.0,0.393,0.341,0.335,0.335,0.335,0.335,0.335,0.335,0.335,
1.0,0.51,0.42,0.424,0.377,0.431,0.413,0.394,0.375,0.413,
1.0,0.474,0.415,0.446,0.378,0.397,0.408,0.417,0.442,0.413,
1.0,0.51,0.507,0.495,0.455,0.502,0.45,0.477,0.471,0.455,
1.0,0.441,0.391,0.397,0.38,0.399,0.378,0.391,0.361,0.369,
1.0,0.548,0.427,0.424,0.406,0.418,0.448,0.416,0.409,0.439,
1.0,0.506,0.508,0.501,0.44,0.467,0.499,0.441,0.434,0.424,
1.0,0.453,0.362,0.343,0.34,0.34,0.34,0.34,0.34,0.34,
1.0,0.576,0.553,0.516,0.528,0.504,0.54,0.524,0.569,0.548,
1.0,0.59,0.525,0.515,0.529,0.513,0.526,0.511,0.513,0.512,
1.0,0.491,0.5,0.49,0.483,0.474,0.477,0.489,0.467,0.456,
1.0,0.501,0.514,0.483,0.451,0.441,0.468,0.452,0.419,0.469,
1.0,0.488,0.446,0.464,0.407,0.42,0.408,0.393,0.386,0.385,
1.0,0.323,0.311,0.311,0.311,0.311,0.311,0.311,0.311,0.311,
1.0,0.568,0.532,0.516,0.522,0.513,0.485,0.523,0.502,0.522,
1.0,0.496,0.447,0.412,0.411,0.41,0.395,0.384,0.381,0.357,
1.0,0.436,0.464,0.419,0.471,0.438,0.403,0.428,0.399,0.432,
1.0,0.579,0.526,0.504,0.485,0.514,0.535,0.463,0.448,0.515,
1.0,0.416,0.355,0.362,0.34,0.339,0.343,0.338,0.332,0.331,
1.0,0.557,0.502,0.533,0.504,0.508,0.491,0.547,0.497,0.508,
1.0,0.458,0.413,0.435,0.387,0.41,0.393,0.401,0.385,0.398,
1.0,0.496,0.455,0.418,0.422,0.419,0.428,0.428,0.454,0.414,
1.0,0.457,0.374,0.383,0.394,0.384,0.394,0.4,0.381,0.372,
1.0,0.447,0.366,0.346,0.34,0.338,0.338,0.338,0.338,0.338,
1.0,0.531,0.449,0.445,0.423,0.436,0.405,0.428,0.432,0.46,
1.0,0.555,0.492,0.472,0.47,0.463,0.468,0.482,0.463,0.444,
1.0,0.502,0.486,0.434,0.448,0.394,0.411,0.402,0.408,0.43,
1.0,0.585,0.488,0.447,0.451,0.454,0.455,0.442,0.449,0.467,
1.0,0.533,0.473,0.462,0.473,0.469,0.476,0.474,0.474,0.463,
1.0,0.562,0.499,0.499,0.472,0.514,0.466,0.445,0.482,0.455,
1.0,0.513,0.486,0.485,0.478,0.442,0.479,0.471,0.455,0.419,
1.0,0.48,0.461,0.459,0.473,0.427,0.438,0.409,0.467,0.43,
1.0,0.371,0.328,0.325,0.325,0.325,0.325,0.325,0.325,0.325,
1.0,0.484,0.489,0.468,0.491,0.432,0.441,0.45,0.462,0.491,
1.0,0.466,0.421,0.418,0.411,0.388,0.397,0.443,0.416,0.392,
1.0,0.416,0.348,0.337,0.337,0.337,0.337,0.337,0.337,0.337,
1.0,0.606,0.544,0.482,0.449,0.437,0.457,0.458,0.439,0.471,
1.0,0.499,0.486,0.443,0.393,0.369,0.394,0.41,0.453,0.401,
1.0,0.506,0.453,0.44,0.43,0.415,0.4,0.421,0.392,0.446,
1.0,0.523,0.494,0.471,0.496,0.453,0.475,0.466,0.46,0.455,
1.0,0.594,0.509,0.51,0.476,0.517,0.5,0.506,0.495,0.47,
1.0,0.495,0.443,0.454,0.422,0.428,0.413,0.438,0.487,0.457,
1.0,0.541,0.454,0.416,0.413,0.458,0.437,0.437,0.451,0.418,
1.0,0.438,0.428,0.418,0.402,0.398,0.373,0.41,0.432,0.382,
1.0,0.45,0.441,0.414,0.416,0.427,0.433,0.419,0.407,0.416,
1.0,0.38,0.337,0.336,0.332,0.332,0.332,0.332,0.332,0.332,
1.0,0.489,0.479,0.404,0.415,0.499,0.391,0.442,0.433,0.379,
1.0,0.536,0.488,0.47,0.463,0.471,0.463,0.423,0.429,0.467,
1.0,0.518,0.518,0.496,0.464,0.462,0.469,0.428,0.433,0.457,
1.0,0.455,0.439,0.412,0.369,0.35,0.352,0.342,0.341,0.341,
1.0,0.569,0.54,0.474,0.538,0.503,0.507,0.477,0.51,0.492,
1.0,0.6,0.534,0.49,0.492,0.476,0.483,0.49,0.465,0.496,
1.0,0.43,0.364,0.352,0.34,0.34,0.338,0.338,0.338,0.338,
1.0,0.511,0.492,0.466,0.46,0.443,0.437,0.454,0.46,0.451,
1.0,0.472,0.399,0.395,0.379,0.365,0.39,0.405,0.383,0.366,
1.0,0.524,0.461,0.447,0.461,0.436,0.407,0.43,0.453,0.451,
1.0,0.42,0.379,0.393,0.392,0.397,0.397,0.36,0.346,0.342,
1.0,0.348,0.323,0.323,0.323,0.323,0.323,0.323,0.323,0.323,
1.0,0.461,0.431,0.412,0.382,0.364,0.379,0.393,0.388,0.379,
1.0,0.48,0.427,0.408,0.398,0.441,0.429,0.427,0.431,0.403,
1.0,0.443,0.347,0.332,0.332,0.332,0.332,0.332,0.332,0.332,
1.0,0.544,0.521,0.479,0.486,0.484,0.482,0.506,0.506,0.455,
1.0,0.498,0.446,0.496,0.486,0.471,0.44,0.416,0.447,0.452,
1.0,0.468,0.457,0.384,0.377,0.364,0.343,0.34,0.339,0.339,
1.0,0.586,0.515,0.528,0.508,0.478,0.477,0.491,0.469,0.48,
1.0,0.532,0.496,0.495,0.456,0.416,0.447,0.451,0.469,0.455,
1.0,0.566,0.523,0.547,0.521,0.514,0.507,0.513,0.512,0.519,
1.0,0.634,0.547,0.504,0.558,0.541,0.527,0.515,0.508,0.476,
1.0,0.5,0.428,0.419,0.402,0.413,0.442,0.406,0.419,0.439,
1.0,0.466,0.405,0.415,0.401,0.387,0.369,0.372,0.352,0.388,
1.0,0.433,0.374,0.36,0.343,0.34,0.34,0.34,0.34,0.34,
1.0,0.44,0.43,0.435,0.427,0.373,0.364,0.37,0.386,0.355,
1.0,0.554,0.471,0.456,0.43,0.439,0.424,0.442,0.444,0.468,
1.0,0.441,0.381,0.379,0.368,0.355,0.361,0.359,0.352,0.368,
1.0,0.501,0.457,0.416,0.404,0.396,0.396,0.415,0.404,0.408,
1.0,0.426,0.351,0.341,0.341,0.339,0.338,0.338,0.338,0.338,
1.0,0.479,0.406,0.395,0.388,0.368,0.362,0.375,0.359,0.359,
1.0,0.47,0.43,0.431,0.404,0.406,0.372,0.404,0.395,0.375,
1.0,0.47,0.472,0.494,0.413,0.446,0.476,0.451,0.455,0.431,
1.0,0.551,0.53,0.473,0.494,0.54,0.5,0.46,0.453,0.433,
1.0,0.455,0.415,0.375,0.352,0.361,0.389,0.41,0.363,0.359,
1.0,0.542,0.486,0.475,0.43,0.451,0.432,0.429,0.437,0.436,
1.0,0.534,0.446,0.46,0.408,0.412,0.407,0.386,0.394,0.425,
1.0,0.529,0.485,0.495,0.468,0.497,0.439,0.46,0.496,0.501,
1.0,0.491,0.408,0.392,0.403,0.381,0.371,0.363,0.367,0.366,
1.0,0.537,0.523,0.465,0.47,0.457,0.442,0.422,0.427,0.467,
1.0,0.515,0.465,0.421,0.381,0.429,0.454,0.42,0.405,0.381,
1.0,0.57,0.557,0.544,0.538,0.535,0.563,0.537,0.514,0.488,
1.0,0.482,0.412,0.372,0.393,0.348,0.346,0.356,0.368,0.341,
1.0,0.58,0.532,0.544,0.49,0.471,0.485,0.497,0.485,0.479,
1.0,0.513,0.459,0.475,0.45,0.43,0.409,0.422,0.401,0.411,
1.0,0.461,0.472,0.442,0.434,0.466,0.449,0.441,0.439,0.424,
1.0,0.577,0.539,0.511,0.478,0.505,0.481,0.498,0.45,0.504,
1.0,0.462,0.379,0.381,0.37,0.366,0.354,0.362,0.35,0.346,
1.0,0.586,0.528,0.561,0.512,0.533,0.534,0.541,0.566,0.549,
1.0,0.458,0.42,0.431,0.425,0.395,0.368,0.368,0.359,0.346,
1.0,0.496,0.433,0.423,0.427,0.41,0.439,0.412,0.412,0.445,
1.0,0.587,0.519,0.458,0.512,0.496,0.491,0.491,0.47,0.498,
1.0,0.481,0.41,0.402,0.441,0.44,0.409,0.385,0.368,0.385,
1.0,0.472,0.548,0.503,0.443,0.474,0.444,0.414,0.51,0.471,
1.0,0.495,0.466,0.445,0.533,0.506,0.466,0.463,0.522,0.466,
1.0,0.489,0.467,0.447,0.472,0.433,0.449,0.423,0.435,0.444,
1.0,0.405,0.349,0.34,0.339,0.339,0.339,0.339,0.339,0.339,
1.0,0.467,0.424,0.386,0.38,0.374,0.364,0.391,0.389,0.374,
1.0,0.497,0.489,0.465,0.46,0.46,0.432,0.467,0.437,0.451,
1.0,0.497,0.421,0.391,0.369,0.344,0.34,0.34,0.34,0.34,
1.0,0.462,0.405,0.398,0.431,0.415,0.386,0.372,0.355,0.351,
1.0,0.304,0.301,0.301,0.301,0.301,0.301,0.301,0.301,0.301,
1.0,0.541,0.467,0.403,0.383,0.402,0.421,0.426,0.426,0.424,
1.0,0.42,0.419,0.375,0.41,0.411,0.39,0.37,0.373,0.357,
1.0,0.447,0.381,0.352,0.342,0.374,0.35,0.349,0.355,0.372,
1.0,0.607,0.546,0.52,0.515,0.549,0.469,0.531,0.534,0.542,
1.0,0.367,0.332,0.331,0.33,0.33,0.33,0.33,0.33,0.33,
1.0,0.514,0.441,0.416,0.376,0.387,0.363,0.406,0.407,0.367,
1.0,0.523,0.463,0.485,0.481,0.466,0.486,0.437,0.448,0.475,
1.0,0.546,0.488,0.456,0.441,0.43,0.452,0.426,0.454,0.446,
1.0,0.437,0.376,0.382,0.411,0.395,0.367,0.363,0.353,0.35,
1.0,0.516,0.503,0.479,0.495,0.455,0.45,0.432,0.457,0.464,
1.0,0.473,0.437,0.416,0.421,0.458,0.417,0.435,0.401,0.39,
1.0,0.454,0.412,0.376,0.366,0.379,0.368,0.419,0.385,0.379,
1.0,0.465,0.396,0.379,0.393,0.378,0.389,0.411,0.368,0.382,
1.0,0.565,0.521,0.53,0.539,0.51,0.509,0.494,0.521,0.489,
1.0,0.452,0.423,0.425,0.406,0.375,0.365,0.405,0.437,0.426,
1.0,0.539,0.471,0.449,0.479,0.465,0.457,0.44,0.454,0.441,
1.0,0.453,0.456,0.441,0.425,0.399,0.389,0.409,0.399,0.393,
1.0,0.531,0.469,0.401,0.459,0.443,0.374,0.365,0.384,0.363,
1.0,0.588,0.506,0.452,0.477,0.47,0.487,0.497,0.475,0.463,
1.0,0.474,0.394,0.391,0.375,0.352,0.36,0.366,0.342,0.339,
1.0,0.564,0.498,0.477,0.469,0.46,0.482,0.475,0.457,0.454,
1.0,0.543,0.475,0.468,0.413,0.434,0.419,0.382,0.384,0.364,
1.0,0.44,0.382,0.384,0.375,0.373,0.354,0.347,0.37,0.351,
1.0,0.466,0.431,0.434,0.426,0.423,0.433,0.396,0.373,0.377,
1.0,0.512,0.533,0.467,0.46,0.44,0.483,0.418,0.493,0.471,
1.0,0.569,0.477,0.45,0.479,0.477,0.499,0.447,0.436,0.433,
1.0,0.454,0.346,0.339,0.338,0.338,0.338,0.338,0.338,0.338,
1.0,0.579,0.536,0.562,0.543,0.536,0.534,0.531,0.568,0.501,
1.0,0.489,0.455,0.429,0.419,0.431,0.432,0.423,0.413,0.409,
1.0,0.416,0.388,0.343,0.346,0.339,0.338,0.337,0.337,0.337,
1.0,0.383,0.341,0.338,0.338,0.337,0.337,0.337,0.337,0.337,
1.0,0.531,0.446,0.428,0.466,0.444,0.433,0.44,0.44,0.444,
1.0,0.523,0.455,0.438,0.41,0.48,0.418,0.408,0.406,0.386,
1.0,0.58,0.53,0.508,0.498,0.491,0.499,0.484,0.485,0.501,
1.0,0.542,0.469,0.482,0.436,0.434,0.432,0.42,0.475,0.432,
1.0,0.503,0.42,0.441,0.425,0.42,0.414,0.396,0.406,0.37,
1.0,0.385,0.333,0.33,0.33,0.33,0.33,0.33,0.33,0.33,
1.0,0.404,0.347,0.348,0.341,0.341,0.356,0.35,0.344,0.343,
1.0,0.471,0.455,0.465,0.398,0.44,0.421,0.432,0.398,0.407,
1.0,0.499,0.407,0.41,0.399,0.395,0.417,0.404,0.437,0.435,
1.0,0.475,0.482,0.459,0.469,0.457,0.443,0.457,0.438,0.448,
1.0,0.551,0.425,0.473,0.478,0.485,0.48,0.495,0.441,0.493,
1.0,0.455,0.408,0.422,0.357,0.37,0.352,0.344,0.34,0.351,
1.0,0.464,0.415,0.399,0.387,0.389,0.378,0.365,0.371,0.364,
1.0,0.379,0.341,0.338,0.337,0.337,0.337,0.337,0.337,0.337,
1.0,0.478,0.521,0.46,0.43,0.442,0.462,0.439,0.466,0.488,
1.0,0.489,0.374,0.366,0.408,0.397,0.426,0.397,0.385,0.38,
1.0,0.403,0.335,0.329,0.328,0.328,0.328,0.328,0.328,0.328,
1.0,0.557,0.464,0.457,0.414,0.438,0.398,0.392,0.422,0.39,
1.0,0.611,0.505,0.402,0.45,0.45,0.473,0.418,0.417,0.415,
1.0,0.526,0.465,0.446,0.491,0.467,0.454,0.494,0.449,0.484,
1.0,0.479,0.375,0.347,0.343,0.343,0.343,0.343,0.343,0.343,
1.0,0.465,0.435,0.391,0.412,0.419,0.409,0.401,0.393,0.363,
1.0,0.567,0.545,0.523,0.481,0.479,0.439,0.477,0.479,0.479,
1.0,0.479,0.419,0.379,0.381,0.385,0.385,0.379,0.373,0.393,
1.0,0.571,0.485,0.474,0.438,0.423,0.416,0.388,0.378,0.377,
1.0,0.372,0.336,0.335,0.335,0.335,0.335,0.335,0.335,0.335,
1.0,0.415,0.364,0.347,0.342,0.341,0.341,0.341,0.341,0.341,
1.0,0.425,0.374,0.353,0.361,0.343,0.346,0.334,0.334,0.334,
1.0,0.454,0.453,0.433,0.437,0.475,0.451,0.48,0.43,0.474,
1.0,0.447,0.392,0.393,0.384,0.378,0.389,0.368,0.388,0.352,
1.0,0.449,0.441,0.427,0.413,0.411,0.415,0.428,0.474,0.44,
1.0,0.449,0.439,0.404,0.416,0.411,0.366,0.408,0.416,0.436,
1.0,0.5,0.479,0.455,0.497,0.446,0.413,0.414,0.407,0.44,
1.0,0.467,0.473,0.461,0.448,0.427,0.48,0.416,0.412,0.46,
1.0,0.559,0.486,0.505,0.495,0.501,0.467,0.44,0.453,0.457,
1.0,0.507,0.457,0.475,0.469,0.479,0.435,0.453,0.473,0.416,
1.0,0.478,0.462,0.461,0.448,0.457,0.438,0.44,0.414,0.453,
1.0,0.391,0.334,0.333,0.333,0.333,0.333,0.333,0.333,0.333,
1.0,0.437,0.399,0.37,0.344,0.338,0.337,0.337,0.337,0.337,
1.0,0.52,0.452,0.436,0.448,0.435,0.482,0.45,0.49,0.454,
1.0,0.496,0.44,0.472,0.449,0.399,0.397,0.39,0.39,0.41,
1.0,0.353,0.326,0.325,0.325,0.325,0.325,0.325,0.325,0.325,
1.0,0.467,0.443,0.404,0.429,0.449,0.416,0.455,0.435,0.397,
1.0,0.399,0.352,0.356,0.337,0.336,0.34,0.339,0.346,0.351,
1.0,0.466,0.399,0.381,0.377,0.352,0.341,0.339,0.338,0.338,
1.0,0.398,0.357,0.34,0.33,0.355,0.355,0.336,0.337,0.333,
1.0,0.533,0.493,0.501,0.513,0.477,0.486,0.474,0.475,0.493,
1.0,0.426,0.405,0.357,0.373,0.368,0.362,0.393,0.398,0.371,
1.0,0.38,0.329,0.327,0.327,0.327,0.327,0.327,0.327,0.327,
1.0,0.572,0.519,0.486,0.481,0.467,0.486,0.498,0.486,0.501,
1.0,0.456,0.401,0.397,0.469,0.434,0.409,0.386,0.37,0.423,
1.0,0.381,0.335,0.333,0.333,0.333,0.333,0.333,0.333,0.333,
1.0,0.54,0.514,0.503,0.521,0.462,0.456,0.441,0.415,0.413,
1.0,0.515,0.49,0.42,0.454,0.468,0.43,0.421,0.419,0.415,
1.0,0.455,0.399,0.402,0.391,0.42,0.411,0.383,0.402,0.404,
1.0,0.559,0.5,0.453,0.517,0.456,0.462,0.486,0.48,0.459,
1.0,0.431,0.389,0.365,0.365,0.357,0.378,0.374,0.369,0.351,
1.0,0.451,0.396,0.431,0.398,0.37,0.382,0.378,0.379,0.404,
1.0,0.484,0.481,0.463,0.438,0.446,0.462,0.444,0.439,0.438,
1.0,0.457,0.446,0.392,0.422,0.392,0.377,0.387,0.393,0.38,
1.0,0.562,0.52,0.53,0.514,0.47,0.483,0.468,0.487,0.47,
1.0,0.525,0.525,0.519,0.488,0.513,0.49,0.489,0.493,0.509,
1.0,0.387,0.338,0.336,0.336,0.336,0.336,0.336,0.336,0.336,
1.0,0.464,0.399,0.414,0.375,0.419,0.399,0.396,0.374,0.342,
1.0,0.424,0.387,0.376,0.364,0.419,0.386,0.382,0.402,0.386,
1.0,0.432,0.362,0.356,0.349,0.331,0.329,0.329,0.329,0.329,
1.0,0.502,0.5,0.439,0.428,0.429,0.416,0.445,0.448,0.425,
1.0,0.559,0.525,0.46,0.458,0.463,0.442,0.431,0.44,0.451,
1.0,0.484,0.442,0.392,0.41,0.422,0.413,0.392,0.396,0.415,
1.0,0.625,0.507,0.48,0.458,0.447,0.458,0.435,0.426,0.459,
1.0,0.577,0.518,0.471,0.453,0.423,0.402,0.431,0.441,0.439,
1.0,0.521,0.46,0.39,0.412,0.415,0.445,0.437,0.387,0.387,
1.0,0.475,0.378,0.375,0.388,0.362,0.379,0.362,0.367,0.374,
1.0,0.475,0.471,0.424,0.446,0.393,0.414,0.464,0.409,0.428,
1.0,0.593,0.528,0.486,0.479,0.48,0.476,0.464,0.462,0.472,
1.0,0.474,0.406,0.346,0.333,0.329,0.328,0.327,0.326,0.326,
1.0,0.393,0.35,0.34,0.347,0.339,0.366,0.36,0.332,0.338,
1.0,0.455,0.377,0.37,0.334,0.33,0.33,0.33,0.33,0.33,
1.0,0.462,0.382,0.433,0.398,0.384,0.376,0.389,0.365,0.384,
1.0,0.542,0.513,0.448,0.411,0.436,0.466,0.438,0.464,0.436,
1.0,0.378,0.36,0.342,0.366,0.34,0.333,0.332,0.331,0.331,
1.0,0.497,0.393,0.434,0.394,0.364,0.402,0.356,0.379,0.387,
1.0,0.404,0.359,0.331,0.334,0.329,0.327,0.326,0.326,0.326,
1.0,0.446,0.374,0.402,0.376,0.379,0.361,0.362,0.412,0.377,
1.0,0.398,0.411,0.388,0.356,0.376,0.392,0.389,0.367,0.37,
1.0,0.445,0.4,0.43,0.4,0.431,0.404,0.403,0.409,0.401,
1.0,0.403,0.341,0.358,0.376,0.344,0.356,0.352,0.358,0.344,
1.0,0.496,0.397,0.46,0.42,0.401,0.382,0.396,0.396,0.41,
1.0,0.355,0.325,0.324,0.324,0.324,0.324,0.324,0.324,0.324,
1.0,0.379,0.337,0.333,0.333,0.333,0.333,0.333,0.333,0.333,
1.0,0.47,0.402,0.45,0.4,0.361,0.405,0.419,0.395,0.369,
1.0,0.462,0.487,0.417,0.408,0.361,0.366,0.4,0.374,0.363,
1.0,0.505,0.43,0.437,0.442,0.406,0.395,0.424,0.39,0.382,
1.0,0.508,0.403,0.432,0.421,0.4,0.429,0.403,0.404,0.4,
1.0,0.507,0.459,0.455,0.422,0.394,0.378,0.386,0.39,0.434,
1.0,0.391,0.335,0.329,0.328,0.328,0.328,0.328,0.328,0.328,
1.0,0.544,0.517,0.476,0.509,0.444,0.475,0.473,0.449,0.469,
1.0,0.428,0.436,0.405,0.362,0.39,0.419,0.451,0.396,0.382,
1.0,0.437,0.483,0.416,0.408,0.429,0.388,0.38,0.381,0.395,
1.0,0.548,0.459,0.482,0.437,0.455,0.491,0.457,0.41,0.453,
1.0,0.491,0.427,0.435,0.411,0.395,0.393,0.387,0.392,0.38,
1.0,0.486,0.452,0.419,0.393,0.401,0.427,0.443,0.402,0.419,
1.0,0.554,0.479,0.464,0.473,0.451,0.491,0.484,0.458,0.434,
1.0,0.499,0.482,0.436,0.424,0.417,0.401,0.409,0.455,0.423,
1.0,0.438,0.426,0.39,0.368,0.355,0.348,0.343,0.346,0.336,
1.0,0.544,0.489,0.444,0.43,0.447,0.47,0.453,0.469,0.438,
1.0,0.49,0.444,0.431,0.403,0.398,0.391,0.405,0.401,0.404,
1.0,0.436,0.38,0.414,0.361,0.377,0.365,0.366,0.362,0.353,
1.0,0.529,0.475,0.453,0.432,0.42,0.39,0.41,0.451,0.414,
1.0,0.453,0.473,0.426,0.412,0.37,0.352,0.353,0.347,0.381,
1.0,0.482,0.439,0.488,0.445,0.43,0.403,0.43,0.41,0.394,
1.0,0.401,0.34,0.329,0.332,0.329,0.326,0.324,0.324,0.324,
1.0,0.509,0.397,0.393,0.391,0.446,0.373,0.411,0.381,0.401,
1.0,0.419,0.39,0.405,0.411,0.391,0.383,0.406,0.368,0.38,
1.0,0.437,0.423,0.402,0.442,0.406,0.41,0.386,0.387,0.371,
1.0,0.421,0.382,0.48,0.379,0.399,0.373,0.377,0.392,0.382,
1.0,0.505,0.412,0.389,0.395,0.413,0.371,0.375,0.369,0.388,
1.0,0.474,0.395,0.378,0.411,0.38,0.367,0.377,0.387,0.366,
1.0,0.438,0.36,0.391,0.379,0.368,0.35,0.362,0.333,0.329,
1.0,0.47,0.391,0.406,0.379,0.36,0.383,0.404,0.385,0.377,
1.0,0.463,0.415,0.487,0.417,0.395,0.435,0.41,0.394,0.369,
1.0,0.492,0.428,0.381,0.394,0.357,0.353,0.343,0.339,0.344,
1.0,0.369,0.329,0.339,0.327,0.327,0.326,0.326,0.326,0.326,
1.0,0.393,0.394,0.344,0.377,0.347,0.364,0.345,0.353,0.332,
1.0,0.479,0.429,0.428,0.407,0.393,0.368,0.463,0.424,0.441,
1.0,0.538,0.479,0.448,0.442,0.418,0.414,0.433,0.457,0.463,
1.0,0.467,0.399,0.373,0.366,0.373,0.362,0.366,0.378,0.371,
1.0,0.489,0.434,0.427,0.44,0.419,0.417,0.398,0.371,0.373,
1.0,0.556,0.483,0.449,0.456,0.436,0.385,0.409,0.388,0.41,
1.0,0.49,0.5,0.472,0.463,0.504,0.448,0.427,0.456,0.462,
1.0,0.482,0.414,0.464,0.452,0.433,0.466,0.418,0.402,0.399,
1.0,0.402,0.337,0.332,0.335,0.338,0.331,0.339,0.33,0.344,
1.0,0.391,0.344,0.323,0.322,0.322,0.322,0.322,0.322,0.322,
1.0,0.365,0.335,0.324,0.323,0.321,0.321,0.321,0.321,0.321,
1.0,0.428,0.407,0.37,0.387,0.38,0.364,0.362,0.377,0.369,
1.0,0.478,0.402,0.395,0.412,0.416,0.388,0.412,0.385,0.392,
1.0,0.458,0.356,0.367,0.341,0.383,0.345,0.333,0.331,0.331,
1.0,0.458,0.435,0.433,0.445,0.433,0.415,0.44,0.456,0.423,
1.0,0.442,0.39,0.372,0.378,0.362,0.354,0.367,0.366,0.368,
1.0,0.488,0.448,0.43,0.396,0.434,0.466,0.392,0.403,0.391,
1.0,0.491,0.436,0.464,0.44,0.446,0.415,0.432,0.413,0.406,
1.0,0.35,0.324,0.324,0.324,0.324,0.324,0.324,0.324,0.324,
1.0,0.516,0.442,0.429,0.428,0.409,0.396,0.423,0.392,0.393,
1.0,0.478,0.386,0.394,0.412,0.378,0.378,0.406,0.391,0.384,
1.0,0.471,0.341,0.324,0.346,0.328,0.323,0.323,0.323,0.323,
1.0,0.471,0.473,0.43,0.435,0.412,0.472,0.422,0.393,0.422,
1.0,0.56,0.489,0.435,0.465,0.435,0.42,0.442,0.453,0.433,
1.0,0.389,0.375,0.339,0.329,0.329,0.329,0.329,0.329,0.329,
1.0,0.409,0.348,0.333,0.331,0.331,0.331,0.331,0.331,0.331,
1.0,0.477,0.469,0.417,0.389,0.404,0.402,0.439,0.438,0.404,
1.0,0.537,0.477,0.439,0.413,0.433,0.413,0.392,0.444,0.409,
1.0,0.456,0.399,0.397,0.368,0.353,0.348,0.338,0.331,0.34,
1.0,0.451,0.416,0.387,0.384,0.376,0.408,0.41,0.376,0.383,
1.0,0.451,0.365,0.356,0.351,0.344,0.327,0.339,0.325,0.334,
1.0,0.559,0.467,0.419,0.431,0.481,0.478,0.478,0.44,0.414,
1.0,0.379,0.334,0.324,0.324,0.324,0.324,0.324,0.324,0.324,
1.0,0.562,0.479,0.445,0.464,0.504,0.448,0.48,0.509,0.48,
1.0,0.466,0.359,0.369,0.362,0.354,0.352,0.339,0.347,0.346,
1.0,0.515,0.455,0.411,0.431,0.394,0.39,0.417,0.403,0.378,
1.0,0.54,0.444,0.46,0.461,0.436,0.4,0.4,0.44,0.454,
1.0,0.444,0.423,0.401,0.401,0.439,0.409,0.375,0.388,0.382,
1.0,0.348,0.319,0.318,0.318,0.318,0.318,0.318,0.318,0.318,
1.0,0.516,0.432,0.417,0.485,0.407,0.385,0.386,0.41,0.446,
1.0,0.423,0.397,0.374,0.348,0.344,0.379,0.357,0.356,0.357,
1.0,0.505,0.453,0.385,0.434,0.407,0.42,0.418,0.467,0.438,
1.0,0.426,0.393,0.4,0.376,0.378,0.386,0.389,0.374,0.378,
1.0,0.51,0.485,0.452,0.437,0.388,0.439,0.41,0.423,0.384,
1.0,0.584,0.549,0.495,0.48,0.469,0.472,0.445,0.462,0.486,
1.0,0.367,0.336,0.331,0.327,0.326,0.326,0.326,0.326,0.326,
1.0,0.381,0.365,0.357,0.343,0.354,0.346,0.333,0.332,0.335,
1.0,0.421,0.377,0.351,0.356,0.34,0.362,0.408,0.357,0.371,
1.0,0.443,0.415,0.393,0.362,0.346,0.354,0.342,0.335,0.332,
1.0,0.494,0.377,0.336,0.338,0.375,0.427,0.366,0.353,0.374,
1.0,0.464,0.406,0.389,0.407,0.427,0.408,0.412,0.385,0.385,
1.0,0.432,0.388,0.34,0.357,0.363,0.35,0.335,0.352,0.354,
1.0,0.433,0.39,0.367,0.406,0.355,0.367,0.343,0.335,0.333,
1.0,0.373,0.34,0.329,0.331,0.329,0.328,0.328,0.328,0.328,
1.0,0.58,0.483,0.56,0.51,0.464,0.444,0.421,0.484,0.457,
1.0,0.501,0.415,0.424,0.428,0.41,0.412,0.448,0.49,0.448,
1.0,0.442,0.395,0.342,0.373,0.358,0.347,0.362,0.337,0.331,
1.0,0.446,0.431,0.407,0.418,0.422,0.41,0.402,0.413,0.385,
1.0,0.402,0.345,0.331,0.322,0.322,0.322,0.322,0.322,0.322,
1.0,0.391,0.352,0.339,0.333,0.333,0.333,0.333,0.333,0.333,
1.0,0.44,0.389,0.388,0.373,0.364,0.347,0.367,0.389,0.382,
1.0,0.382,0.335,0.331,0.33,0.33,0.33,0.33,0.33,0.33,
1.0,0.391,0.36,0.347,0.343,0.331,0.33,0.329,0.329,0.329,
1.0,0.424,0.478,0.436,0.452,0.399,0.392,0.347,0.385,0.37,
1.0,0.431,0.375,0.345,0.344,0.363,0.352,0.345,0.348,0.367,
1.0,0.559,0.476,0.464,0.454,0.424,0.451,0.418,0.428,0.405,
1.0,0.449,0.394,0.381,0.401,0.402,0.382,0.36,0.35,0.354,
1.0,0.356,0.322,0.32,0.32,0.32,0.32,0.32,0.32,0.32,
1.0,0.502,0.43,0.489,0.41,0.42,0.376,0.411,0.367,0.387,
1.0,0.462,0.389,0.412,0.42,0.384,0.391,0.357,0.361,0.402,
1.0,0.527,0.45,0.447,0.394,0.407,0.442,0.398,0.404,0.387,
1.0,0.532,0.454,0.432,0.417,0.465,0.428,0.487,0.425,0.462,
1.0,0.386,0.332,0.329,0.329,0.329,0.329,0.329,0.329,0.329,
1.0,0.442,0.367,0.372,0.38,0.364,0.388,0.375,0.358,0.355,
1.0,0.402,0.355,0.378,0.353,0.347,0.341,0.348,0.336,0.333,
1.0,0.52,0.5,0.451,0.498,0.459,0.466,0.462,0.433,0.452,
1.0,0.498,0.442,0.433,0.405,0.441,0.403,0.405,0.466,0.411,
1.0,0.408,0.388,0.347,0.347,0.34,0.338,0.343,0.336,0.342,
1.0,0.411,0.35,0.36,0.349,0.374,0.369,0.389,0.368,0.346,
1.0,0.473,0.397,0.374,0.344,0.381,0.367,0.355,0.409,0.376,
1.0,0.42,0.339,0.337,0.329,0.328,0.328,0.328,0.328,0.328,
1.0,0.557,0.424,0.458,0.425,0.429,0.403,0.394,0.454,0.421,
1.0,0.429,0.464,0.405,0.4,0.388,0.365,0.377,0.386,0.377,
1.0,0.5,0.393,0.4,0.38,0.367,0.348,0.343,0.358,0.351,
1.0,0.404,0.378,0.362,0.354,0.341,0.333,0.344,0.331,0.33,
1.0,0.46,0.408,0.409,0.394,0.396,0.384,0.386,0.394,0.374,
1.0,0.418,0.356,0.331,0.332,0.329,0.329,0.329,0.329,0.329,
1.0,0.47,0.39,0.391,0.387,0.378,0.363,0.347,0.379,0.388,
1.0,0.401,0.342,0.331,0.331,0.331,0.331,0.331,0.331,0.331,
1.0,0.492,0.503,0.456,0.442,0.443,0.403,0.42,0.42,0.437,
1.0,0.476,0.467,0.401,0.438,0.416,0.415,0.409,0.411,0.435,
1.0,0.388,0.33,0.326,0.326,0.326,0.326,0.326,0.326,0.326,
1.0,0.52,0.449,0.528,0.427,0.457,0.44,0.45,0.437,0.443,
1.0,0.466,0.444,0.391,0.387,0.385,0.395,0.422,0.39,0.43,
1.0,0.358,0.329,0.328,0.328,0.328,0.328,0.328,0.328,0.328,
1.0,0.478,0.453,0.473,0.416,0.435,0.421,0.404,0.427,0.412,
1.0,0.473,0.392,0.364,0.409,0.393,0.403,0.356,0.36,0.389,
1.0,0.379,0.334,0.321,0.32,0.32,0.32,0.32,0.32,0.32,
1.0,0.519,0.431,0.423,0.416,0.471,0.417,0.464,0.446,0.476,
1.0,0.457,0.341,0.364,0.34,0.366,0.331,0.326,0.326,0.326,
1.0,0.593,0.452,0.477,0.501,0.481,0.456,0.476,0.461,0.442,
1.0,0.438,0.387,0.416,0.351,0.339,0.402,0.376,0.38,0.348,
1.0,0.476,0.417,0.394,0.398,0.376,0.394,0.373,0.395,0.368,
1.0,0.449,0.507,0.472,0.424,0.392,0.427,0.43,0.39,0.365,
1.0,0.481,0.436,0.385,0.369,0.369,0.361,0.366,0.372,0.336,
1.0,0.522,0.436,0.463,0.429,0.421,0.426,0.415,0.395,0.423,
1.0,0.46,0.414,0.425,0.424,0.371,0.392,0.362,0.377,0.375,
1.0,0.392,0.357,0.356,0.344,0.34,0.354,0.341,0.335,0.332,
1.0,0.546,0.496,0.471,0.443,0.414,0.415,0.439,0.413,0.428,
1.0,0.418,0.404,0.404,0.37,0.384,0.396,0.367,0.362,0.361,
1.0,0.536,0.544,0.484,0.427,0.441,0.456,0.423,0.417,0.43,
1.0,0.426,0.388,0.346,0.353,0.382,0.354,0.338,0.336,0.331,
1.0,0.332,0.314,0.313,0.313,0.313,0.313,0.313,0.313,0.313,
1.0,0.36,0.328,0.325,0.325,0.325,0.325,0.325,0.325,0.325,
1.0,0.418,0.438,0.389,0.395,0.343,0.411,0.402,0.419,0.363,
1.0,0.414,0.405,0.362,0.358,0.357,0.339,0.335,0.335,0.332,
1.0,0.382,0.33,0.328,0.322,0.321,0.321,0.321,0.321,0.321,
1.0,0.511,0.452,0.435,0.475,0.45,0.434,0.425,0.433,0.433,
1.0,0.484,0.415,0.454,0.391,0.381,0.373,0.363,0.351,0.341,
1.0,0.466,0.395,0.392,0.368,0.365,0.386,0.377,0.357,0.347,
1.0,0.429,0.414,0.384,0.374,0.363,0.384,0.418,0.389,0.384,
1.0,0.545,0.473,0.455,0.453,0.437,0.431,0.426,0.414,0.464,
1.0,0.428,0.373,0.391,0.392,0.358,0.354,0.349,0.339,0.369,
1.0,0.452,0.371,0.387,0.337,0.355,0.336,0.329,0.326,0.325,
1.0,0.401,0.334,0.33,0.33,0.33,0.33,0.33,0.33,0.33,
1.0,0.438,0.362,0.348,0.329,0.328,0.327,0.327,0.327,0.327,
1.0,0.504,0.452,0.412,0.438,0.428,0.417,0.426,0.448,0.431,
1.0,0.44,0.408,0.385,0.426,0.368,0.378,0.416,0.417,0.403,
1.0,0.493,0.44,0.467,0.45,0.449,0.454,0.453,0.456,0.438,
1.0,0.527,0.45,0.393,0.384,0.438,0.402,0.399,0.396,0.4,
1.0,0.374,0.328,0.326,0.326,0.326,0.326,0.326,0.326,0.326,
1.0,0.497,0.489,0.393,0.411,0.441,0.421,0.404,0.408,0.408,
1.0,0.353,0.325,0.325,0.325,0.325,0.325,0.325,0.325,0.325,
1.0,0.502,0.423,0.387,0.396,0.373,0.381,0.383,0.362,0.369,
1.0,0.482,0.405,0.405,0.437,0.414,0.408,0.383,0.398,0.399,
1.0,0.591,0.454,0.46,0.438,0.455,0.5,0.457,0.443,0.484,
1.0,0.42,0.353,0.342,0.338,0.337,0.337,0.337,0.337,0.337,
1.0,0.559,0.495,0.533,0.478,0.505,0.501,0.512,0.482,0.468,
1.0,0.517,0.483,0.49,0.473,0.458,0.453,0.464,0.443,0.451,
1.0,0.517,0.497,0.452,0.494,0.498,0.476,0.43,0.426,0.489,
1.0,0.459,0.422,0.404,0.372,0.361,0.364,0.379,0.357,0.372,
1.0,0.489,0.421,0.43,0.394,0.402,0.4,0.374,0.407,0.386,
1.0,0.442,0.431,0.431,0.425,0.436,0.442,0.395,0.46,0.435,
1.0,0.378,0.334,0.332,0.332,0.332,0.332,0.332,0.332,0.332,
1.0,0.563,0.496,0.484,0.464,0.47,0.491,0.464,0.481,0.472,
1.0,0.522,0.451,0.442,0.389,0.407,0.451,0.401,0.415,0.425,
1.0,0.506,0.451,0.421,0.415,0.417,0.405,0.409,0.453,0.421,
1.0,0.421,0.349,0.337,0.323,0.323,0.322,0.322,0.322,0.322,
1.0,0.433,0.413,0.377,0.373,0.381,0.395,0.38,0.38,0.375,
1.0,0.51,0.447,0.436,0.428,0.426,0.441,0.419,0.424,0.418,
1.0,0.467,0.425,0.462,0.429,0.396,0.43,0.389,0.364,0.363,
1.0,0.522,0.523,0.476,0.498,0.473,0.467,0.457,0.43,0.455,
1.0,0.441,0.442,0.396,0.419,0.412,0.371,0.375,0.371,0.37,
1.0,0.478,0.47,0.425,0.461,0.416,0.414,0.411,0.434,0.398,
1.0,0.388,0.336,0.329,0.328,0.328,0.328,0.328,0.328,0.328,
1.0,0.371,0.334,0.333,0.332,0.331,0.331,0.331,0.331,0.331,
1.0,0.385,0.353,0.358,0.35,0.342,0.343,0.343,0.331,0.328,
1.0,0.408,0.363,0.36,0.343,0.336,0.33,0.332,0.359,0.354,
1.0,0.585,0.512,0.49,0.492,0.553,0.474,0.488,0.482,0.488,
1.0,0.496,0.492,0.455,0.448,0.469,0.433,0.45,0.473,0.466,
1.0,0.466,0.396,0.386,0.388,0.459,0.398,0.391,0.438,0.391,
1.0,0.437,0.374,0.409,0.412,0.377,0.37,0.357,0.381,0.358,
1.0,0.536,0.533,0.531,0.495,0.448,0.425,0.382,0.442,0.413,
1.0,0.572,0.506,0.477,0.456,0.47,0.458,0.443,0.502,0.482,
1.0,0.461,0.426,0.388,0.379,0.385,0.421,0.385,0.369,0.386,
1.0,0.511,0.511,0.497,0.511,0.493,0.469,0.477,0.437,0.444,
1.0,0.509,0.407,0.412,0.382,0.395,0.437,0.415,0.376,0.377,
1.0,0.421,0.344,0.38,0.333,0.325,0.325,0.325,0.325,0.325,
1.0,0.428,0.404,0.422,0.411,0.404,0.39,0.378,0.418,0.387,
1.0,0.39,0.345,0.329,0.326,0.326,0.326,0.326,0.326,0.326,
1.0,0.494,0.45,0.462,0.4,0.403,0.411,0.42,0.419,0.383,
1.0,0.548,0.472,0.487,0.452,0.404,0.41,0.386,0.434,0.466,
1.0,0.464,0.383,0.398,0.401,0.387,0.365,0.385,0.353,0.342,
1.0,0.342,0.326,0.321,0.321,0.321,0.321,0.321,0.321,0.321,


