

Data analysis for each instance 
AVG,MED,MAX,MIN
0.356,0.366,0.553,0,
0.352,0.391,0.485,0,
0.352,0.394,0.474,0,
0.378,0.422,0.513,0,
0.352,0.401,0.485,0,
0.349,0.375,0.521,0,
0.361,0.404,0.48,0,
0.33,0.341,0.45,0,
0.347,0.362,0.499,0,
0.347,0.37,0.574,0,
0.389,0.432,0.52,0,
0.346,0.386,0.464,0,
0.398,0.432,0.541,0,
0.323,0.368,0.451,0,
0.361,0.389,0.478,0,
0.344,0.371,0.499,0,
0.355,0.378,0.502,0,
0.327,0.366,0.485,0,
0.362,0.41,0.45,0,
0.384,0.42,0.506,0,
0.354,0.373,0.533,0,
0.356,0.385,0.524,0,
0.366,0.388,0.493,0,
0.399,0.417,0.518,0,
0.351,0.377,0.501,0,
0.377,0.427,0.456,0,
0.405,0.429,0.522,0,
0.388,0.438,0.573,0,
0.351,0.396,0.45,0,
0.361,0.395,0.482,0,
0.241,0.255,0.403,0,
0.344,0.373,0.474,0,
0.398,0.435,0.518,0,
0.316,0.347,0.423,0,
0.327,0.363,0.573,0,
0.359,0.389,0.526,0,
0.351,0.385,0.51,0,
0.363,0.366,0.562,0,
0.343,0.347,0.475,0,
0.367,0.402,0.478,0,
0.346,0.402,0.449,0,
0.381,0.413,0.48,0,
0.379,0.417,0.533,0,
0.387,0.42,0.54,0,
0.388,0.417,0.529,0,
0.365,0.401,0.504,0,
0.371,0.428,0.484,0,
0.394,0.437,0.516,0,
0.362,0.393,0.456,0,
0.354,0.383,0.481,0,
0.324,0.35,0.446,0,
0.375,0.421,0.486,0,
0.346,0.368,0.475,0,
0.369,0.398,0.521,0,
0.398,0.43,0.546,0,
0.352,0.39,0.512,0,
0.325,0.37,0.453,0,
0.306,0.324,0.481,0,
0.356,0.378,0.51,0,
0.394,0.433,0.49,0,
0.378,0.403,0.51,0,
0.36,0.369,0.534,0,
0.329,0.368,0.47,0,
0.354,0.388,0.5,0,
0.358,0.393,0.483,0,
0.248,0.267,0.331,0,
0.405,0.424,0.546,0,
0.355,0.379,0.46,0,
0.299,0.319,0.519,0,
0.348,0.386,0.541,0,
0.363,0.369,0.485,0,
0.378,0.417,0.504,0,
0.371,0.404,0.526,0,
0.306,0.333,0.515,0,
0.403,0.427,0.538,0,
0.372,0.387,0.51,0,
0.376,0.404,0.536,0,
0.359,0.391,0.458,0,
0.361,0.387,0.498,0,
0.376,0.412,0.502,0,
0.303,0.34,0.394,0,
0.169,0.176,0.317,0,
0.355,0.406,0.448,0,
0.346,0.359,0.551,0,
0.362,0.399,0.502,0,
0.373,0.417,0.466,0,
0.304,0.341,0.54,0,
0.336,0.37,0.448,0,
0.333,0.372,0.437,0,
0.385,0.419,0.524,0,
0.364,0.404,0.474,0,
0.384,0.43,0.51,0,
0.347,0.387,0.438,0,
0.382,0.419,0.469,0,
0.395,0.446,0.514,0,
0.317,0.353,0.427,0,
0.385,0.41,0.544,0,
0.284,0.293,0.462,0,
0.37,0.407,0.481,0,
0.364,0.39,0.489,0,
0.364,0.431,0.49,0,
0.308,0.322,0.511,0,
0.324,0.35,0.452,0,
0.405,0.472,0.548,0,
0.358,0.398,0.451,0,
0.373,0.421,0.495,0,
0.362,0.389,0.568,0,
0.347,0.395,0.491,0,
0.392,0.422,0.517,0,
0.318,0.324,0.51,0,
0.384,0.415,0.539,0,
0.361,0.405,0.498,0,
0.364,0.399,0.534,0,
0.349,0.382,0.468,0,
0.34,0.347,0.537,0,
0.279,0.321,0.395,0,
0.275,0.29,0.411,0,
0.333,0.354,0.436,0,
0.368,0.401,0.484,0,
0.398,0.42,0.54,0,
0.38,0.415,0.492,0,
0.348,0.381,0.506,0,
0.355,0.421,0.473,0,
0.389,0.419,0.526,0,
0.369,0.382,0.493,0,
0.345,0.388,0.548,0,
0.368,0.399,0.487,0,
0.375,0.418,0.487,0,
0.373,0.415,0.549,0,
0.353,0.403,0.44,0,
0.358,0.39,0.493,0,
0.373,0.404,0.482,0,
0.373,0.431,0.475,0,
0.353,0.388,0.484,0,
0.326,0.363,0.484,0,
0.371,0.404,0.506,0,
0.358,0.393,0.515,0,
0.342,0.381,0.488,0,
0.353,0.375,0.491,0,
0.378,0.412,0.545,0,
0.356,0.374,0.509,0,
0.351,0.377,0.492,0,
0.379,0.431,0.491,0,
0.332,0.365,0.548,0,
0.372,0.393,0.524,0,
0.37,0.385,0.498,0,
0.381,0.419,0.469,0,
0.346,0.397,0.503,0,
0.331,0.358,0.522,0,
0.377,0.4,0.468,0,
0.247,0.24,0.415,0,
0.363,0.391,0.518,0,
0.339,0.362,0.538,0,
0.309,0.325,0.436,0,
0.355,0.386,0.547,0,
0.361,0.38,0.503,0,
0.371,0.389,0.584,0,
0.38,0.412,0.483,0,
0.389,0.419,0.513,0,
0.295,0.307,0.456,0,
0.393,0.437,0.477,0,
0.338,0.378,0.496,0,
0.326,0.365,0.435,0,
0.394,0.421,0.534,0,
0.346,0.36,0.509,0,
0.346,0.384,0.496,0,
0.327,0.341,0.468,0,
0.398,0.444,0.495,0,
0.383,0.43,0.49,0,
0.364,0.4,0.543,0,
0.372,0.409,0.488,0,
0.375,0.408,0.522,0,
0.36,0.385,0.489,0,
0.34,0.386,0.585,0,
0.325,0.373,0.431,0,
0.36,0.394,0.464,0,
0.362,0.392,0.537,0,
0.36,0.372,0.536,0,
0.31,0.334,0.435,0,
0.38,0.417,0.481,0,
0.37,0.418,0.512,0,
0.322,0.336,0.457,0,
0.381,0.392,0.553,0,
0.381,0.411,0.466,0,
0.34,0.363,0.502,0,
0.382,0.404,0.511,0,
0.366,0.387,0.496,0,
0.348,0.39,0.537,0,
0.336,0.356,0.475,0,
0.35,0.39,0.477,0,
0.345,0.388,0.475,0,
0.36,0.39,0.46,0,
0.332,0.394,0.475,0,
0.385,0.431,0.506,0,
0.355,0.392,0.495,0,
0.357,0.388,0.469,0,
0.332,0.369,0.475,0,
0.385,0.412,0.531,0,
0.393,0.454,0.496,0,
0.368,0.4,0.511,0,
0.371,0.42,0.469,0,
0.361,0.408,0.484,0,
0.374,0.413,0.486,0,
0.353,0.386,0.485,0,
0.364,0.408,0.507,0,
0.366,0.4,0.494,0,
0.368,0.396,0.502,0,
0.36,0.412,0.469,0,
0.364,0.389,0.496,0,
0.362,0.395,0.483,0,
0.347,0.38,0.488,0,
0.283,0.329,0.439,0,
0.374,0.399,0.485,0,
0.341,0.368,0.492,0,
0.372,0.393,0.512,0,
0.376,0.417,0.468,0,
0.372,0.41,0.45,0,
0.361,0.387,0.502,0,
0.306,0.355,0.479,0,
0.303,0.342,0.518,0,
0.34,0.366,0.475,0,
0.383,0.411,0.468,0,
0.349,0.377,0.467,0,
0.36,0.393,0.463,0,
0.392,0.445,0.494,0,
0.384,0.413,0.513,0,
0.367,0.398,0.535,0,
0.395,0.439,0.477,0,
0.354,0.393,0.455,0,
0.382,0.422,0.492,0,
0.364,0.384,0.479,0,
0.348,0.361,0.457,0,
0.367,0.409,0.498,0,
0.403,0.449,0.498,0,
0.38,0.424,0.463,0,
0.361,0.391,0.468,0,
0.378,0.422,0.512,0,
0.393,0.436,0.481,0,
0.371,0.387,0.51,0,
0.295,0.311,0.488,0,
0.312,0.344,0.51,0,
0.383,0.424,0.553,0,
0.362,0.416,0.49,0,
0.329,0.357,0.445,0,
0.354,0.379,0.488,0,
0.37,0.421,0.469,0,
0.383,0.406,0.525,0,
0.358,0.395,0.541,0,
0.312,0.339,0.486,0,
0.363,0.386,0.519,0,
0.374,0.416,0.487,0,
0.334,0.381,0.414,0,
0.294,0.328,0.514,0,
0.328,0.364,0.569,0,
0.38,0.411,0.496,0,
0.388,0.433,0.499,0,
0.388,0.412,0.51,0,
0.38,0.438,0.495,0,
0.354,0.396,0.439,0,
0.38,0.412,0.51,0,
0.368,0.389,0.52,0,
0.387,0.398,0.509,0,
0.366,0.403,0.451,0,
0.342,0.381,0.485,0,
0.355,0.398,0.476,0,
0.346,0.383,0.451,0,
0.366,0.415,0.465,0,
0.396,0.45,0.489,0,
0.378,0.412,0.459,0,
0.363,0.397,0.501,0,
0.372,0.402,0.481,0,
0.358,0.38,0.502,0,
0.337,0.364,0.457,0,
0.374,0.407,0.499,0,
0.359,0.401,0.457,0,
0.363,0.389,0.512,0,
0.398,0.435,0.493,0,
0.29,0.326,0.405,0,
0.352,0.396,0.459,0,
0.362,0.407,0.49,0,
0.372,0.411,0.519,0,
0.371,0.406,0.498,0,
0.354,0.387,0.467,0,
0.374,0.388,0.524,0,
0.368,0.403,0.474,0,
0.349,0.407,0.534,0,
0.367,0.382,0.511,0,
0.33,0.388,0.566,0,
0.363,0.401,0.464,0,
0.368,0.395,0.507,0,
0.351,0.371,0.542,0,
0.313,0.349,0.409,0,
0.35,0.388,0.479,0,
0.36,0.391,0.453,0,
0.357,0.394,0.516,0,
0.402,0.436,0.526,0,
0.333,0.359,0.518,0,
0.393,0.428,0.58,0,
0.38,0.407,0.529,0,
0.396,0.44,0.485,0,
0.425,0.485,0.599,0,
0.393,0.442,0.501,0,
0.359,0.405,0.474,0,
0.344,0.374,0.449,0,
0.34,0.377,0.477,0,
0.39,0.424,0.498,0,
0.374,0.413,0.467,0,
0.388,0.424,0.516,0,
0.34,0.366,0.503,0,
0.356,0.407,0.451,0,
0.353,0.384,0.474,0,
0.32,0.346,0.49,0,
0.411,0.443,0.515,0,
0.337,0.357,0.459,0,
0.338,0.374,0.462,0,
0.382,0.409,0.529,0,
0.366,0.394,0.478,0,
0.254,0.263,0.417,0,
0.201,0.204,0.326,0,
0.374,0.394,0.491,0,
0.355,0.385,0.503,0,
0.344,0.368,0.457,0,
0.348,0.384,0.442,0,
0.378,0.406,0.519,0,
0.349,0.394,0.471,0,
0.368,0.374,0.526,0,
0.363,0.416,0.464,0,
0.361,0.407,0.485,0,
0.372,0.419,0.489,0,
0.377,0.426,0.498,0,
0.369,0.418,0.465,0,
0.367,0.392,0.5,0,
0.374,0.419,0.519,0,
0.344,0.379,0.436,0,
0.364,0.403,0.484,0,
0.345,0.398,0.435,0,
0.379,0.402,0.537,0,
0.397,0.437,0.493,0,
0.383,0.418,0.465,0,
0.377,0.401,0.513,0,
0.37,0.384,0.511,0,
0.344,0.363,0.539,0,
0.239,0.268,0.371,0,
0.371,0.413,0.508,0,
0.234,0.24,0.368,0,
0.379,0.415,0.468,0,
0.396,0.416,0.49,0,
0.384,0.43,0.518,0,
0.325,0.346,0.528,0,
0.386,0.401,0.493,0,
0.378,0.411,0.535,0,
0.371,0.413,0.461,0,
0.359,0.374,0.506,0,
0.38,0.421,0.487,0,
0.355,0.391,0.538,0,
0.342,0.366,0.489,0,
0.368,0.401,0.489,0,
0.352,0.386,0.487,0,
0.39,0.421,0.494,0,
0.37,0.39,0.477,0,
0.404,0.436,0.526,0,
0.307,0.334,0.416,0,
0.38,0.423,0.538,0,
0.36,0.399,0.507,0,
0.37,0.411,0.517,0,
0.347,0.385,0.527,0,
0.358,0.403,0.505,0,
0.329,0.353,0.514,0,
0.37,0.416,0.449,0,
0.321,0.329,0.447,0,
0.383,0.427,0.493,0,
0.399,0.429,0.507,0,
0.332,0.406,0.451,0,
0.401,0.456,0.505,0,
0.351,0.388,0.493,0,
0.392,0.437,0.525,0,
0.347,0.366,0.498,0,
0.35,0.376,0.455,0,
0.351,0.389,0.466,0,
0.377,0.405,0.525,0,
0.374,0.4,0.475,0,
0.343,0.364,0.498,0,
0.37,0.4,0.481,0,
0.391,0.419,0.526,0,
0.354,0.411,0.48,0,
0.402,0.427,0.503,0,
0.305,0.355,0.43,0,
0.36,0.384,0.512,0,
0.352,0.39,0.498,0,
0.385,0.419,0.472,0,
0.343,0.401,0.477,0,
0.362,0.379,0.474,0,
0.377,0.419,0.463,0,
0.388,0.433,0.56,0,
0.324,0.345,0.486,0,
0.377,0.429,0.525,0,
0.351,0.388,0.444,0,
0.382,0.431,0.489,0,
0.394,0.432,0.503,0,
0.332,0.374,0.449,0,
0.333,0.36,0.482,0,
0.378,0.404,0.51,0,
0.335,0.383,0.499,0,
0.335,0.353,0.559,0,
0.395,0.44,0.494,0,
0.373,0.405,0.471,0,
0.386,0.428,0.493,0,
0.348,0.357,0.558,0,
0.37,0.415,0.478,0,
0.352,0.406,0.457,0,
0.371,0.399,0.528,0,
0.337,0.383,0.438,0,
0.369,0.393,0.536,0,
0.357,0.394,0.463,0,
0.351,0.4,0.537,0,
0.331,0.375,0.453,0,
0.398,0.43,0.498,0,
0.381,0.411,0.551,0,
0.317,0.377,0.456,0,
0.379,0.415,0.496,0,
0.369,0.396,0.477,0,
0.336,0.384,0.43,0,
0.322,0.354,0.448,0,
0.389,0.42,0.493,0,
0.355,0.382,0.47,0,
0.367,0.408,0.49,0,
0.362,0.402,0.453,0,
0.313,0.332,0.551,0,
0.386,0.414,0.503,0,
0.359,0.397,0.498,0,
0.335,0.377,0.462,0,
0.387,0.409,0.532,0,
0.351,0.39,0.451,0,
0.354,0.397,0.486,0,
0.238,0.237,0.452,0,
0.382,0.414,0.53,0,
0.327,0.371,0.462,0,
0.373,0.405,0.496,0,
0.326,0.365,0.433,0,
0.35,0.386,0.464,0,
0.395,0.478,0.541,0,
0.34,0.371,0.529,0,
0.351,0.426,0.526,0,
0.37,0.421,0.488,0,
0.37,0.373,0.541,0,
0.379,0.408,0.526,0,
0.358,0.394,0.504,0,
0.339,0.387,0.453,0,
0.327,0.344,0.536,0,
0.323,0.337,0.459,0,
0.366,0.384,0.505,0,
0.288,0.313,0.43,0,
0.382,0.42,0.531,0,
0.385,0.42,0.49,0,
0.381,0.419,0.494,0,
0.344,0.376,0.415,0,
0.38,0.399,0.56,0,
0.373,0.392,0.497,0,
0.395,0.441,0.54,0,
0.389,0.434,0.498,0,
0.35,0.396,0.428,0,
0.381,0.41,0.481,0,
0.35,0.391,0.508,0,
0.332,0.381,0.505,0,
0.378,0.413,0.492,0,
0.329,0.321,0.508,0,
0.398,0.435,0.545,0,
0.378,0.419,0.449,0,
0.36,0.4,0.475,0,
0.371,0.403,0.473,0,
0.384,0.405,0.541,0,
0.331,0.384,0.477,0,
0.298,0.316,0.422,0,
0.377,0.43,0.472,0,
0.386,0.414,0.53,0,
0.372,0.41,0.498,0,
0.399,0.41,0.565,0,
0.364,0.407,0.473,0,
0.382,0.418,0.478,0,
0.322,0.327,0.479,0,
0.407,0.457,0.519,0,
0.325,0.348,0.453,0,
0.367,0.406,0.493,0,
0.358,0.346,0.527,0,
0.355,0.399,0.521,0,
0.354,0.388,0.457,0,
0.383,0.421,0.541,0,
0.396,0.427,0.529,0,
0.391,0.443,0.528,0,
0.384,0.424,0.507,0,
0.366,0.386,0.514,0,
0.182,0.193,0.299,0,
0.347,0.367,0.576,0,
0.343,0.373,0.448,0,
0.368,0.403,0.524,0,
0.349,0.392,0.458,0,
0.387,0.408,0.494,0,
0.363,0.405,0.466,0,
0.35,0.367,0.496,0,
0.377,0.409,0.514,0,
0.345,0.37,0.45,0,
0.339,0.341,0.525,0,
0.359,0.39,0.506,0,
0.362,0.38,0.498,0,
0.352,0.39,0.438,0,
0.298,0.328,0.479,0,
0.388,0.417,0.511,0,
0.387,0.434,0.487,0,
0.364,0.413,0.505,0,
0.356,0.391,0.483,0,
0.344,0.376,0.44,0,
0.392,0.433,0.513,0,
0.316,0.35,0.461,0,
0.3,0.331,0.41,0,
0.392,0.427,0.491,0,
0.358,0.403,0.471,0,
0.347,0.399,0.44,0,
0.389,0.425,0.482,0,
0.373,0.409,0.477,0,
0.374,0.412,0.507,0,
0.375,0.395,0.493,0,
0.342,0.376,0.441,0,
0.382,0.402,0.522,0,
0.369,0.401,0.473,0,
0.348,0.381,0.468,0,
0.34,0.369,0.553,0,
0.371,0.411,0.488,0,
0.377,0.405,0.526,0,
0.399,0.448,0.482,0,
0.392,0.415,0.562,0,
0.368,0.402,0.469,0,
0.346,0.395,0.494,0,
0.379,0.414,0.589,0,
0.341,0.379,0.491,0,
0.369,0.402,0.506,0,
0.358,0.373,0.528,0,
0.367,0.403,0.446,0,
0.366,0.388,0.519,0,
0.34,0.374,0.456,0,
0.334,0.37,0.403,0,
0.35,0.368,0.535,0,
0.36,0.369,0.514,0,
0.38,0.411,0.563,0,
0.383,0.415,0.511,0,
0.363,0.382,0.518,0,
0.359,0.395,0.482,0,
0.37,0.398,0.546,0,
0.32,0.35,0.444,0,
0.387,0.416,0.517,0,
0.359,0.4,0.507,0,
0.342,0.373,0.485,0,
0.33,0.344,0.5,0,
0.372,0.409,0.552,0,
0.358,0.373,0.497,0,
0.367,0.394,0.518,0,
0.372,0.405,0.5,0,
0.366,0.393,0.505,0,
0.373,0.4,0.494,0,
0.365,0.409,0.514,0,
0.352,0.387,0.498,0,
0.382,0.41,0.492,0,
0.387,0.419,0.556,0,
0.372,0.379,0.546,0,
0.323,0.365,0.472,0,
0.341,0.368,0.501,0,
0.35,0.388,0.476,0,
0.341,0.391,0.469,0,
0.38,0.397,0.559,0,
0.385,0.404,0.516,0,
0.335,0.34,0.528,0,
0.37,0.389,0.507,0,
0.363,0.407,0.477,0,
0.361,0.39,0.489,0,
0.351,0.378,0.471,0,
0.351,0.379,0.564,0,
0.367,0.406,0.521,0,
0.354,0.393,0.448,0,
0.375,0.386,0.518,0,
0.387,0.417,0.498,0,
0.396,0.42,0.51,0,
0.363,0.41,0.502,0,
0.35,0.361,0.554,0,
0.362,0.405,0.539,0,
0.357,0.387,0.506,0,
0.379,0.417,0.471,0,
0.338,0.385,0.481,0,
0.359,0.394,0.505,0,
0.35,0.383,0.525,0,
0.341,0.348,0.545,0,
0.313,0.327,0.509,0,
0.372,0.416,0.55,0,
0.401,0.433,0.511,0,
0.364,0.402,0.496,0,
0.377,0.397,0.511,0,
0.365,0.389,0.515,0,
0.375,0.39,0.565,0,
0.372,0.404,0.487,0,
0.36,0.384,0.526,0,
0.362,0.395,0.498,0,
0.361,0.376,0.493,0,
0.371,0.398,0.537,0,
0.348,0.364,0.509,0,
0.363,0.415,0.473,0,
0.339,0.362,0.443,0,
0.346,0.367,0.513,0,
0.371,0.402,0.491,0,
0.377,0.393,0.514,0,
0.343,0.397,0.455,0,
0.297,0.332,0.436,0,
0.363,0.407,0.52,0,
0.37,0.396,0.531,0,
0.373,0.414,0.471,0,
0.37,0.405,0.517,0,
0.376,0.401,0.485,0,
0.369,0.391,0.498,0,
0.343,0.376,0.427,0,
0.362,0.403,0.489,0,
0.32,0.357,0.518,0,
0.371,0.406,0.546,0,
0.356,0.393,0.461,0,
0.354,0.368,0.502,0,
0.365,0.396,0.489,0,
0.366,0.373,0.548,0,
0.359,0.401,0.493,0,
0.378,0.403,0.559,0,
0.333,0.356,0.474,0,
0.363,0.387,0.478,0,
0.387,0.404,0.565,0,
0.39,0.418,0.55,0,
0.327,0.349,0.504,0,
0.352,0.403,0.459,0,
0.369,0.398,0.527,0,
0.348,0.367,0.464,0,
0.356,0.388,0.557,0,
0.336,0.374,0.517,0,
0.36,0.395,0.495,0,
0.388,0.412,0.564,0,
0.369,0.394,0.523,0,
0.325,0.38,0.507,0,
0.341,0.37,0.487,0,
0.376,0.396,0.556,0,
0.366,0.404,0.551,0,
0.336,0.344,0.483,0,
0.365,0.403,0.507,0,
0.383,0.423,0.489,0,
0.32,0.357,0.472,0,
0.38,0.407,0.5,0,
0.365,0.389,0.541,0,
0.378,0.399,0.498,0,
0.362,0.377,0.516,0,
0.357,0.393,0.477,0,
0.349,0.364,0.453,0,
0.329,0.372,0.444,0,
0.38,0.406,0.495,0,
0.353,0.368,0.469,0,
0.387,0.389,0.522,0,
0.361,0.39,0.514,0,
0.366,0.38,0.503,0,
0.362,0.401,0.456,0,
0.367,0.39,0.554,0,
0.361,0.395,0.546,0,
0.354,0.354,0.537,0,
0.375,0.4,0.546,0,
0.357,0.376,0.511,0,
0.359,0.363,0.535,0,
0.356,0.383,0.504,0,
0.347,0.377,0.503,0,
0.358,0.371,0.508,0,
0.36,0.394,0.49,0,
0.365,0.388,0.556,0,
0.361,0.375,0.574,0,
0.346,0.394,0.47,0,
0.365,0.384,0.5,0,
0.361,0.399,0.493,0,
0.358,0.378,0.513,0,
0.368,0.393,0.521,0,
0.362,0.38,0.533,0,
0.37,0.396,0.505,0,
0.363,0.376,0.598,0,
0.342,0.355,0.493,0,
0.358,0.381,0.585,0,
0.356,0.387,0.486,0,
0.341,0.375,0.547,0,
0.382,0.416,0.457,0,
0.374,0.416,0.506,0,
0.372,0.402,0.484,0,
0.343,0.345,0.556,0,
0.369,0.395,0.492,0,
0.36,0.38,0.478,0,
0.373,0.394,0.512,0,
0.36,0.39,0.498,0,
0.388,0.417,0.521,0,
0.342,0.356,0.46,0,
0.351,0.38,0.465,0,
0.382,0.414,0.531,0,
0.375,0.408,0.53,0,
0.364,0.383,0.504,0,
0.356,0.391,0.539,0,
0.37,0.401,0.511,0,
0.358,0.405,0.487,0,
0.388,0.417,0.529,0,
0.358,0.381,0.526,0,
0.357,0.393,0.478,0,
0.36,0.391,0.484,0,
0.346,0.388,0.44,0,
0.384,0.403,0.567,0,
0.374,0.402,0.479,0,
0.366,0.381,0.544,0,
0.373,0.396,0.555,0,
0.376,0.419,0.52,0,
0.367,0.399,0.464,0,
0.354,0.36,0.492,0,
0.322,0.354,0.444,0,
0.309,0.337,0.473,0,
0.376,0.411,0.485,0,
0.379,0.409,0.502,0,
0.388,0.41,0.566,0,
0.348,0.373,0.484,0,
0.358,0.401,0.441,0,
0.342,0.354,0.475,0,
0.347,0.359,0.519,0,
0.343,0.372,0.473,0,
0.376,0.4,0.538,0,
0.351,0.389,0.447,0,
0.353,0.352,0.515,0,
0.37,0.397,0.502,0,
0.37,0.405,0.511,0,
0.33,0.365,0.406,0,
0.377,0.429,0.463,0,
0.376,0.398,0.537,0,
0.336,0.357,0.465,0,
0.365,0.404,0.529,0,
0.356,0.4,0.472,0,
0.355,0.386,0.532,0,
0.393,0.432,0.525,0,
0.334,0.349,0.496,0,
0.385,0.403,0.507,0,
0.403,0.423,0.536,0,
0.385,0.412,0.493,0,
0.359,0.413,0.547,0,
0.374,0.403,0.545,0,
0.376,0.399,0.492,0,
0.345,0.343,0.589,0,
0.354,0.389,0.524,0,
0.356,0.382,0.491,0,
0.353,0.385,0.488,0,
0.374,0.406,0.522,0,
0.372,0.408,0.499,0,
0.382,0.405,0.511,0,
0.346,0.387,0.52,0,
0.345,0.372,0.486,0,
0.356,0.402,0.533,0,
0.378,0.408,0.503,0,
0.381,0.401,0.544,0,
0.367,0.391,0.486,0,
0.366,0.387,0.501,0,
0.366,0.39,0.51,0,
0.362,0.377,0.541,0,
0.364,0.407,0.46,0,
0.361,0.411,0.492,0,
0.379,0.397,0.519,0,
0.349,0.382,0.5,0,
0.355,0.404,0.451,0,
0.383,0.392,0.527,0,
0.367,0.395,0.492,0,
0.366,0.409,0.506,0,
0.34,0.375,0.531,0,
0.354,0.395,0.442,0,
0.354,0.394,0.513,0,
0.362,0.394,0.488,0,
0.353,0.396,0.54,0,
0.383,0.407,0.498,0,
0.348,0.365,0.542,0,
0.363,0.396,0.469,0,
0.347,0.342,0.475,0,
0.363,0.4,0.548,0,
0.381,0.414,0.539,0,
0.35,0.347,0.485,0,
0.362,0.38,0.533,0,
0.37,0.385,0.535,0,
0.366,0.407,0.453,0,
0.327,0.386,0.463,0,
0.318,0.346,0.427,0,
0.378,0.41,0.494,0,
0.384,0.42,0.518,0,
0.382,0.417,0.528,0,
0.377,0.403,0.522,0,
0.349,0.348,0.513,0,
0.346,0.382,0.514,0,
0.369,0.386,0.492,0,
0.339,0.37,0.537,0,
0.362,0.405,0.498,0,
0.354,0.389,0.529,0,
0.338,0.363,0.451,0,
0.367,0.383,0.518,0,
0.34,0.379,0.486,0,
0.358,0.398,0.486,0,
0.366,0.401,0.489,0,
0.368,0.395,0.512,0,
0.339,0.387,0.458,0,
0.375,0.402,0.521,0,
0.379,0.414,0.501,0,
0.335,0.384,0.466,0,
0.367,0.399,0.468,0,
0.366,0.389,0.518,0,
0.353,0.381,0.515,0,
0.356,0.407,0.443,0,
0.384,0.406,0.478,0,
0.342,0.369,0.552,0,
0.37,0.402,0.481,0,
0.377,0.396,0.5,0,
0.325,0.326,0.505,0,
0.379,0.402,0.521,0,
0.347,0.392,0.48,0,
0.373,0.4,0.492,0,
0.366,0.398,0.522,0,
0.392,0.399,0.569,0,
0.376,0.411,0.469,0,
0.337,0.387,0.562,0,
0.368,0.409,0.494,0,
0.404,0.418,0.567,0,
0.35,0.347,0.582,0,
0.327,0.346,0.491,0,
0.325,0.352,0.444,0,
0.369,0.379,0.522,0,
0.35,0.391,0.459,0,
0.334,0.338,0.47,0,
0.342,0.399,0.442,0,
0.351,0.375,0.496,0,
0.336,0.378,0.512,0,
0.369,0.395,0.481,0,
0.388,0.405,0.529,0,
0.366,0.404,0.464,0,
0.371,0.379,0.569,0,
0.341,0.39,0.457,0,
0.352,0.369,0.508,0,
0.361,0.39,0.472,0,
0.354,0.364,0.526,0,
0.388,0.41,0.504,0,
0.367,0.41,0.469,0,
0.367,0.398,0.503,0,
0.354,0.396,0.505,0,
0.262,0.281,0.435,0,
0.347,0.395,0.425,0,
0.354,0.404,0.507,0,
0.398,0.412,0.55,0,
0.366,0.397,0.463,0,
0.372,0.402,0.501,0,
0.333,0.345,0.49,0,
0.372,0.383,0.554,0,
0.356,0.392,0.574,0,
0.339,0.402,0.493,0,
0.376,0.403,0.548,0,
0.36,0.397,0.516,0,
0.36,0.391,0.447,0,
0.387,0.403,0.556,0,
0.34,0.363,0.504,0,
0.382,0.416,0.511,0,
0.344,0.371,0.574,0,
0.385,0.401,0.502,0,
0.345,0.368,0.434,0,
0.369,0.398,0.523,0,
0.361,0.391,0.504,0,
0.389,0.424,0.529,0,
0.362,0.402,0.479,0,
0.342,0.364,0.491,0,
0.385,0.418,0.521,0,
0.353,0.361,0.522,0,
0.341,0.385,0.496,0,
0.363,0.41,0.494,0,
0.365,0.402,0.497,0,
0.347,0.363,0.488,0,
0.34,0.361,0.473,0,
0.36,0.378,0.599,0,
0.378,0.4,0.503,0,
0.361,0.374,0.545,0,
0.334,0.363,0.435,0,
0.351,0.358,0.501,0,
0.324,0.351,0.541,0,
0.352,0.379,0.509,0,
0.34,0.37,0.533,0,
0.336,0.383,0.464,0,
0.389,0.404,0.51,0,
0.381,0.414,0.515,0,
0.363,0.371,0.517,0,
0.336,0.35,0.491,0,
0.341,0.362,0.457,0,
0.351,0.389,0.469,0,
0.348,0.391,0.465,0,
0.402,0.408,0.582,0,
0.361,0.391,0.494,0,
0.372,0.426,0.458,0,
0.363,0.381,0.51,0,
0.382,0.408,0.516,0,
0.372,0.395,0.506,0,
0.371,0.386,0.526,0,
0.364,0.384,0.491,0,
0.348,0.369,0.563,0,
0.346,0.392,0.432,0,
0.372,0.392,0.512,0,
0.36,0.384,0.48,0,
0.359,0.388,0.487,0,
0.351,0.378,0.512,0,
0.379,0.411,0.541,0,
0.355,0.393,0.474,0,
0.346,0.376,0.53,0,
0.374,0.389,0.529,0,
0.356,0.383,0.465,0,
0.365,0.392,0.48,0,
0.361,0.401,0.498,0,
0.345,0.382,0.501,0,
0.374,0.41,0.548,0,
0.325,0.354,0.42,0,
0.363,0.405,0.522,0,
0.357,0.389,0.448,0,
0.352,0.388,0.47,0,
0.363,0.38,0.558,0,
0.386,0.415,0.516,0,
0.343,0.373,0.496,0,
0.39,0.422,0.553,0,
0.346,0.384,0.473,0,
0.375,0.391,0.52,0,
0.398,0.433,0.529,0,
0.346,0.376,0.474,0,
0.369,0.398,0.497,0,
0.374,0.422,0.456,0,
0.343,0.389,0.496,0,
0.369,0.384,0.521,0,
0.369,0.415,0.476,0,
0.385,0.426,0.487,0,
0.356,0.387,0.549,0,
0.383,0.403,0.508,0,
0.315,0.352,0.447,0,
0.356,0.384,0.467,0,
0.354,0.38,0.52,0,
0.396,0.42,0.541,0,
0.354,0.392,0.542,0,
0.366,0.398,0.471,0,
0.275,0.29,0.403,0,
0.347,0.385,0.458,0,
0.366,0.4,0.502,0,
0.358,0.409,0.481,0,
0.39,0.434,0.521,0,
0.352,0.391,0.47,0,
0.4,0.417,0.509,0,
0.318,0.341,0.436,0,
0.371,0.391,0.508,0,
0.326,0.378,0.433,0,
0.364,0.401,0.483,0,
0.376,0.422,0.495,0,
0.339,0.37,0.491,0,
0.388,0.432,0.531,0,
0.391,0.418,0.53,0,
0.374,0.402,0.547,0,
0.356,0.403,0.489,0,
0.358,0.387,0.501,0,
0.363,0.401,0.522,0,
0.387,0.408,0.508,0,
0.379,0.405,0.529,0,
0.357,0.388,0.467,0,
0.349,0.386,0.436,0,
0.35,0.367,0.52,0,
0.39,0.431,0.498,0,
0.359,0.38,0.533,0,
0.351,0.364,0.514,0,
0.362,0.388,0.491,0,
0.35,0.387,0.509,0,
0.392,0.409,0.607,0,
0.383,0.427,0.495,0,
0.339,0.373,0.471,0,
0.329,0.363,0.46,0,
0.377,0.416,0.472,0,
0.235,0.264,0.4,0,
0.335,0.367,0.451,0,
0.363,0.396,0.493,0,
0.359,0.42,0.498,0,
0.37,0.401,0.541,0,
0.383,0.414,0.487,0,
0.363,0.392,0.476,0,
0.368,0.405,0.481,0,
0.358,0.399,0.43,0,
0.388,0.435,0.491,0,
0.352,0.389,0.52,0,
0.347,0.379,0.484,0,
0.365,0.406,0.474,0,
0.347,0.366,0.521,0,
0.382,0.441,0.467,0,
0.356,0.391,0.551,0,
0.378,0.399,0.495,0,
0.38,0.399,0.564,0,
0.388,0.434,0.501,0,
0.383,0.406,0.525,0,
0.344,0.384,0.49,0,
0.358,0.387,0.467,0,
0.384,0.42,0.5,0,
0.342,0.389,0.464,0,
0.371,0.392,0.56,0,
0.344,0.378,0.491,0,
0.374,0.402,0.536,0,
0.36,0.383,0.514,0,




Further Data analysis of all test cases 
avg med max min 
AVGs,0.359,0.362,0.425,0.169,
MEDs,0.39,0.394,0.485,0.176,
MAXs,0.497,0.498,0.607,0.299,
MINs,0,0,0,0,



