

Data analysis for each instance 
AVG,MED,MAX,MIN
0,0,0,0,0,0,0,0,0,0,
0,0,0,0,0,0,0,0,0,0,
0,0,0,0,0,0,0,0,0,0,
0,0,0,0,0,0,0,0,0,0,
0,0,0,0,0,0,0,0,0,0,
0,0,0,0,0,0,0,0,0,0,
0,0,0,0,0,0,0,0,0,0,
0,0,0,0,0,0,0,0,0,0,
0,0,0,0,0,0,0,0,0,0,
0,0,0,0,0,0,0,0,0,0,
0,0,0,0,0,0,0,0,0,0,
0,0,0,0,0,0,0,0,0,0,
0,0,0,0,0,0,0,0,0,0,
0,0,0,0,0,0,0,0,0,0,
0,0,0,0,0,0,0,0,0,0,
0,0,0,0,0,0,0,0,0,0,
0,0,0,0,0,0,0,0,0,0,
0,0,0,0,0,0,0,0,0,0,
0,0,0,0,0,0,0,0,0,0,
0,0,0,0,0,0,0,0,0,0,
0,0,0,0,0,0,0,0,0,0,
0,0,0,0,0,0,0,0,0,0,
0,0,0,0,0,0,0,0,0,0,
0,0,0,0,0,0,0,0,0,0,
0,0,0,0,0,0,0,0,0,0,
0,0,0,0,0,0,0,0,0,0,
0,0,0,0,0,0,0,0,0,0,
0,0,0,0,0,0,0,0,0,0,
0,0,0,0,0,0,0,0,0,0,
0,0,0,0,0,0,0,0,0,0,
0,0,0,0,0,0,0,0,0,0,
0,0,0,0,0,0,0,0,0,0,
0,0,0,0,0,0,0,0,0,0,
0,0,0,0,0,0,0,0,0,0,
0,0,0,0,0,0,0,0,0,0,
0,0,0,0,0,0,0,0,0,0,
0,0,0,0,0,0,0,0,0,0,
0,0,0,0,0,0,0,0,0,0,
0,0,0,0,0,0,0,0,0,0,
0,0,0,0,0,0,0,0,0,0,
0,0,0,0,0,0,0,0,0,0,
0,0,0,0,0,0,0,0,0,0,
0,0,0,0,0,0,0,0,0,0,
0,0,0,0,0,0,0,0,0,0,
0,0,0,0,0,0,0,0,0,0,
0,0,0,0,0,0,0,0,0,0,
0,0,0,0,0,0,0,0,0,0,
0,0,0,0,0,0,0,0,0,0,
0,0,0,0,-0.009,-0.007,-0.033,-0.01,0.009,0.043,
0,0,-0.014,0,-0.023,0.023,-0.032,0.038,0.009,0.009,
0,0,0,0,0,0,0,0,0,0,
0,0,0,0,0,0,0,0,0,0,
0,0,0,0,0,0,0,0,0,0,
0,0,0,0,0,0,0,0,0,0,
0,0,0,0,0,0,0,0,0,0,
0,0,0,0,0,0,0,0,0,0,
0,0,0,0,0,0,0,0,0,0,
0,0,0,0,0,0,0,0,0,0,
0,0,0,0,0,0,0,0,0,0,
0,0,0,0,0,0,0,0,0,0,
0,0,0,0,0,0,0,0,0,0,
0,0,0,0,0,0,0,0,0,0,
0,0,0,0,0,0,0,0,0,0,
0,0,0,0,0,0,0,0,0,0,
0,0,0,0,0,0,0,0,0,0,
0,0,0,0,0,0,0,0,0,0,
0,0,0,0,0,0,0,0,0,0,
0,0,0,0,0,0,0,0,0,0,
0,0,0,0,0,0,0,0,0,0,
0,0,0,0,0,0,0,0,0,0,
0,0,0,0,0,0,0,0,0,0,
0,0,0,0,0,0,0,0,0,0,
0,0,0,0,0,0,0,0,0,0,
0,0,0,0,0,0,0,0,0,0,
0,0,0,0,0,0,0,0,0,0,
0,0,0,0,0,0,0,0,0,0,
0,0,0,0,0,0,0,0,0,0,
0,0,0,0,0,0,0,0,0,0,
0,0,0,0,0,0,0,0,0,0,
0,0,0,0,0,0,0,0,0,0,
0,0,0,0,0,0,0,0,0,0,
0,0,0,0,0,0,0,0,0,0,
0,0,0,0,0,0,0,0,0,0,
0,0,0,0,0,0.018,-0.017,0.093,0.061,0.091,
0,0,0,0,0,0,0,0,0,0,
0,0,0,0,0,0,0,0,0,0,
0,0,0,0,0,0,0,0,0,0,
0,0,0,0,0,0,0,0,0,0,
0,0,0,0,0,0,0,0,0,0,
0,0,0,0,0,0,0,0,0,0,
0,0,0,0,0,0,0,0,0,0,
0,0,0,0,0,0,0,0,0,0,
0,0,0,0,0,0,0,0,0,0,
0,0,0,0,0,0,0,0,0,0,
0,0,0,0,0,0,0,0,0,0,
0,0,0,0,0,0,0,0,0,0,
0,0,0,0,0,0,0,0,0,0,
0,0,0,0,0,0,0,0,0,0,
0,0,0,0,0,0,0,0,0,0,
0,0,0,0,0,0,0,0,0,0,
0,0,0,0,0,0,0,0,0,0,
0,0,0,0,0,0,0,0,0,0,
0,0,0,0,0,0,0,0,0,0,
0,0,0,0,0,0,0,0,0,0,
0,0,0,0,0,0,0,0,0,0,
0,0,0,0,0,0,0,0,0,0,
0,0,0,0,0,0,0,0,0,0,
0,0,0,0,0,0,0,0,0,0,
0,0,0,0,0,0,0,0,0,0,
0,0,0,0,0,0,0,0,0,0,
0,0,0,0,0,0,0,0,0,0,
0,0,0,0,0,0,0,0,0,0,
0,0,0,0,0,0,0,0,0.003,-0.015,
0,0,0,0,0,0,0,0,0,0,
0,0,0,0,0,0,0,0,0,0,
0,0,0,0,0,0,0,0,0,0,
0,0,0,0,0,0,0,0,0,0,
0,0,0,0,0,0,0,0,0,0,
0,0,0,0,0,0,0,0,0,0,
0,0,0,0,0,0,0,0,0,0,
0,0,0,0,0,0,0,0,0,0,
0,0,0,0,0,0,0,0,0,0,
0,0,0,0,0,0,0,0,0,0,
0,0,0,0,0,0,0,0,0,0,
0,0,0,0,0,0,0,0,0,0,
0,0,0,0,0,0,0,0,0,0,
0,0,0,0,0,0,0,0,0,0,
0,0,0,0,0,0,0,0,0,0,
0,0,0,0,0,0,0,0,0,0,
0,0,0,0,0,0,0,0,0,0,
0,0,0,0,0,0,0,0,0,0,
0,0,0,0.008,0,0.003,0,-0.016,0.029,-0.028,
0,0,0,0,0,0,0,0,0.003,-0.003,
0,0,0,0,0,0,0,0,0,0,
0,0,0,0,0,0,0,0,0,0,
0,0,0,0,0,0,0,0,0,0,
0,0,0,0,0,0,0,0,0,0,
0,0,0,0,0,0,0,0,0,0,
0,0,0,0,0,0,0,0,0,0,
0,0,0,0,0,0,0,0,0,0,
0,0,0,0,0,0,0,0,0,0,
0,0,0,0,0,0,0,0,0,0,
0,0,0,0,0,0,0,0,0,0,
0,0,0,0,0,0,0,0,0,0,
0,0,0,0,0,0,0,0,0,0,
0,0,0,0,0,0,0,0,0,0,
0,0,0,0,0,0,0,0,0,0,
0,0,0,0,0,0,0,0,0,0,
0,0,0,0,0,0,0,0,0,0,
0,0,0,0,0,0,0,0,0,0,
0,0,0,0,0,0,0,0,0,0,
0,0,0,0,0,0,0,0,0,0,
0,0,0,0,0,0,0,0,0,0,
0,0,0,0,0,0,0,0,0,0,
0,0,0,0,0,0,0,0,0,0,
0,0,0,0,0,0,0,0,0,0,
0,0,0,0,0,0,0,0,0,0,
0,0,0,0,0,0,0,0,0,0,
0,0,0,0,0,0,0,0,0.007,-0.043,
0,0,0,0,0,0,0,0,0,0,
0,0,0,0,0,0,0,0,0,0,
0,0,0,0,0,0,0,0,0,0,
0,0,0,0,0,0,0,0,0,0,
0,0,0,0,0,0,0,0,0,0,
0,0,0,0,0,0,0,0,0,0,
0,0,0,0,0,0,0,0,0,0,
0,0,0,0,0,0,0,0,0,0,
0,0,0,0,0,0,0,0,0,0,
0,0,0,0,0,0,0,0,0,0,
0,0,0,0,0,0,0,0,0,0,
0,0,0,0,0,0,0,0,0,0,
0,0,0,0,0,0,0,0,0,0,
0,0,0,0,0,0,0,0,0,0,
0,0,0,0,0,0,0,0,0,0,
0,0,0,0,0,0,0,0,0,0,
0,0,0,0,-0.002,-0.044,0.038,0.024,-0.042,-0.005,
0,0,0,0,0,0,0,0,0,0,
0,0,0,0,0,0,0,0,0,0,
0,0,0,0,0,0,0,0,0,0,
0,0,0,0,0,0,0,0,0,0,
0,0,0,0,0,0,0,0,0,0,
0,0,0,0,0,0,0,0,0,0,
0,0,0,0,0,0,0,0,0,0,
0,0,0,0,0,0,0,0,0,0,
0,0,0,0,0,0,0,0,0,0,
0,0,0,0.027,0.065,-0.01,0.04,-0.046,0.064,0.003,
0,0,0,0,0,0,0,0,0,0,
0,0,0,0,-0.003,-0.008,-0.009,-0.006,0,0,
0,0,0,0,0,0,0,0,0,0,
0,0,0,0,0,0,0,0,0,0,
0,0,0,0,0,0,0,0,0,0.043,
0,0,0,0,0,0,0,0,0,0,
0,0,0,0,0,0,0,0,0,0,
0,0,0,0,0,0,0,0,0,0,
0,0,0,0,0,0,0,0,0,0,
0,0,0,0,0,0,0,0,0,0,
0,0,0,0,0,0,0,0,0,0,
0,0,0,0,0,0,0,0,0,0,
0,0,0,0,0,0,0,0,0,0,
0,0,0,0.015,0.029,0.013,0.028,0.067,-0.046,-0.02,


0,0.023,0.102,0.08,0.078,0.078,0.078,0.078,0.078,0.078,
0,0.12,0.067,0.061,0,0.02,0.054,0.049,0.046,0.038,
0,0.056,-0.116,0.014,0.015,0.006,-0.026,-0.026,0.027,0.03,
0,-0.037,-0.041,-0.04,-0.066,-0.061,-0.023,0.024,0.015,0.027,
0,0.192,0.04,0.055,0.058,0.058,0.058,0.058,0.058,0.058,
0,-0.017,0.021,0.066,-0.038,0.056,0.003,-0.057,-0.077,-0.051,
0,-0.031,-0.032,-0.008,0.092,0.051,0.021,0.018,0.018,0.018,
0,-0.027,-0.079,0.003,0.009,0.006,0.006,0.006,0.006,0.006,
0,0.02,0.01,0.015,0.084,0.047,-0.059,-0.042,0.026,-0.043,
0,0.171,0.154,0.105,0.107,0.072,0.069,0.069,0.069,0.069,
0,0.002,-0.062,-0.045,-0.011,-0.081,0.008,0.017,0.079,0.015,
0,0.099,-0.058,0.021,0.047,0.05,0.05,0.05,0.05,0.05,
0,0.051,0.027,0.021,0.027,0.027,0.03,0.03,0.03,0.03,
0,-0.04,-0.034,0.024,0.003,-0.006,0.029,0.015,0.024,0.024,
0,-0.029,0.075,0.036,-0.03,-0.044,0,-0.051,-0.014,0.043,
0,-0.042,0.036,0.065,-0.05,-0.123,-0.086,0.005,-0.043,-0.008,
0,0.111,-0.025,-0.028,0.039,0.04,0.032,0.068,0.051,-0.04,
0,0.075,-0.09,-0.018,-0.063,-0.11,-0.151,-0.158,-0.099,-0.089,
0,0.023,-0.017,-0.003,0.003,0.018,0.009,0.018,0.018,0.018,
0,0.434,0.33,0.315,0.314,0.314,0.314,0.314,0.314,0.314,
0,0.12,0.066,0.035,0.027,0.027,0.027,0.027,0.027,0.027,
0,0.157,0.066,0.044,0.042,0.042,0.042,0.042,0.042,0.042,
0,-0.028,-0.087,-0.006,0.018,0.021,0.021,0.021,0.021,0.021,
0,-0.039,-0.099,-0.142,-0.023,0,0.012,0.015,0.015,0.015,
0,-0.11,-0.016,-0.056,0.003,0.015,0.018,0.018,0.018,0.018,
0,0.146,0.026,0.019,0.014,0.027,0.061,-0.005,0.047,-0.022,
0,0.226,0.148,0.091,0.091,0.091,0.091,0.091,0.091,0.091,
0,0.175,-0.056,-0.033,-0.02,-0.028,0.012,-0.05,-0.042,-0.006,
0,-0.057,0.035,0.072,0.068,0.031,0.053,-0.005,-0.005,0.033,
0,0.052,0.076,0.053,0.047,0.047,0.047,0.047,0.047,0.047,
0,0.008,-0.037,-0.096,-0.018,-0.053,0.012,0.008,-0.047,0.06,
0,0.005,-0.065,-0.155,-0.027,-0.049,-0.018,0.003,0.012,0,
0,-0.083,-0.087,-0.015,0.021,0.024,0.024,0.024,0.024,0.024,
0,0.088,-0.003,0.039,0.042,0.042,0.042,0.042,0.042,0.042,
0,0.02,0.032,0.047,0.012,0.036,0.033,0.024,0.024,0.024,
0,0.118,-0.017,0.024,0.03,0.027,0.03,0.027,0.03,0.027,
0,-0.2,-0.115,-0.125,-0.109,-0.15,-0.085,-0.123,-0.114,-0.067,
0,0.205,0.144,0.096,0.091,0.091,0.091,0.091,0.091,0.091,
0,0.024,0.149,0.117,0.078,0.058,0.043,0.027,0.006,0.021,
0,-0.032,0.053,-0.043,-0.058,-0.031,0.028,0.009,0.042,-0.046,
0,0.153,0.061,0.033,0.033,0.03,0.03,0.03,0.03,0.03,
0,0.035,-0.051,-0.082,-0.054,-0.029,-0.078,-0.018,0.003,0.009,
0,0.108,0.07,0.032,0.032,0.032,0.032,0.032,0.032,0.032,
0,0,0.081,0.052,0.021,0.018,0.018,0.018,0.018,0.018,
0,-0.052,0.003,-0.009,0.112,0.072,0.039,0.024,0.018,0.05,
0,0.029,0.003,0.063,0.061,0.058,0.058,0.058,0.058,0.058,
0,0.181,0.118,0.119,0.119,0.119,0.119,0.119,0.119,0.119,
0,-0.139,0.017,-0.05,-0.043,-0.003,0.003,0,0.003,0.003,
0,0.014,-0.066,0.02,0.114,-0.038,0.055,-0.105,-0.058,-0.084,
0,0.129,0.06,-0.023,-0.006,-0.067,-0.063,-0.057,-0.015,-0.012,
0,0.116,0.021,0.018,0.018,0.018,0.018,0.018,0.018,0.018,
0,-0.058,-0.039,-0.097,-0.071,-0.091,-0.041,-0.09,-0.069,-0.07,
0,0.129,0.118,0.052,0.038,0.035,0.035,0.035,0.035,0.035,
0,-0.002,0.021,0.006,0.047,0.02,0.053,0.029,0.02,0,
0,-0.115,0.041,0.064,-0.07,0.056,-0.003,-0.031,0.082,0.081,
0,-0.111,-0.093,-0.052,0.016,-0.032,-0.089,-0.068,-0.027,0.037,
0,0.153,0.097,0.027,0.024,0.024,0.024,0.024,0.024,0.024,
0,0.056,-0.02,-0.003,0.018,0.071,0.014,0.02,-0.076,-0.067,
0,-0.01,0.008,-0.024,0.045,-0.014,-0.02,-0.014,-0.024,-0.052,
0,0.039,-0.093,0.046,0.132,-0.047,-0.041,-0.023,0.034,-0.002,
0,0.074,0.108,0.058,0.047,0.047,0.047,0.047,0.047,0.047,
0,-0.018,-0.059,0.006,0.018,0.018,0.018,0.018,0.018,0.018,
0,0.085,0.194,0.13,0.16,0.156,0.214,0.168,0.187,0.117,
0,-0.152,-0.086,-0.017,0.09,0.088,0.063,0.075,0.021,0.024,
0,0.281,0.162,0.232,0.093,0.091,0.091,0.091,0.091,0.091,
0,-0.023,0.056,0.011,0.015,0.038,0.035,0.033,0,0.015,
0,0.135,0.078,-0.008,0.017,0.104,0.093,0.054,0.064,-0.033,
0,-0.147,-0.09,-0.054,0.015,0.018,0.018,0.018,0.018,0.018,
0,0.04,0.042,0.039,0.039,0.039,0.039,0.039,0.039,0.039,
0,-0.012,-0.005,-0.014,0.006,0.061,-0.042,0.026,-0.006,0.018,
0,-0.048,0.003,-0.017,0.07,0.021,0.015,0.057,0.032,0.049,
0,0.172,0.092,0.077,0.063,0.063,0.063,0.063,0.063,0.063,
0,-0.009,-0.056,-0.061,-0.099,0.018,-0.024,-0.024,0.025,-0.054,
0,-0.047,0.065,-0.046,0.005,0.035,-0.003,-0.058,0.03,-0.016,
0,-0.061,0.025,-0.024,-0.013,0.054,0.008,0.099,0.047,-0.036,
0,0.067,0.107,0.114,0.07,0.043,0.009,0.012,0.009,0.012,
0,0.005,-0.146,-0.125,-0.104,-0.032,-0.027,-0.015,0,0,
0,0.419,0.356,0.301,0.291,0.289,0.289,0.289,0.289,0.289,
0,0.081,0.057,0.112,0.03,-0.02,-0.009,-0.069,0.059,0.005,
0,0.072,-0.037,-0.097,-0.026,-0.085,0.006,0.012,0.015,0.012,
0,0.062,0.05,0.05,0.05,0.053,0.05,0.053,0.05,0.053,
0,-0.109,-0.04,-0.119,-0.037,0.036,0.006,0.029,0.018,0.093,
0,0.017,0.006,0.009,0.012,0.012,0.012,0.012,0.012,0.012,
0,-0.092,0,-0.037,-0.008,0.018,-0.074,-0.116,-0.01,0.01,
0,0.041,0.026,0.029,0.032,0.032,0.032,0.032,0.032,0.032,
0,-0.037,-0.106,-0.193,-0.109,-0.055,-0.137,-0.035,-0.051,-0.082,
0,0.017,0.093,0.056,0.065,0.046,0.064,-0.072,-0.009,0.051,
0,0.163,0.108,0.08,0.078,0.078,0.078,0.078,0.078,0.078,
0,0.005,-0.065,-0.016,0.011,-0.03,-0.089,-0.018,0.014,0.017,
0,0.041,-0.024,0.018,0.066,0.024,0.091,0.069,-0.069,-0.183,
0,0.062,-0.064,0.071,0.05,0.02,0.039,0.039,0.046,0.023,
0,-0.091,-0.139,-0.021,0.047,0.03,0.005,-0.031,0.029,0.143,
0,-0.111,-0.174,-0.093,-0.053,0.037,0.022,-0.054,0.022,-0.064,
0,0.041,-0.101,0.071,-0.012,0.009,0.009,0,-0.003,0.006,
0,0.021,-0.1,0.002,0.046,0.02,0.012,0.049,0.077,0.025,
0,0.159,0.128,0.052,-0.011,-0.031,-0.043,-0.009,0.006,0.006,
0,0.249,0.132,0.122,0.122,0.122,0.122,0.122,0.122,0.122,
0,-0.024,0.022,0.022,0.08,-0.029,-0.014,0.091,-0.03,0.064,
0,-0.012,0.019,0.081,0.047,0.041,0.041,0.041,0.041,0.041,
0,0.212,0.125,0.096,0.09,0.069,0.064,0.064,0.064,0.064,
0,-0.108,-0.089,0.019,-0.08,-0.04,-0.076,-0.087,-0.045,-0.043,
0,-0.029,0.006,-0.028,0.012,0.018,0.018,0.018,0.018,0.018,
0,-0.049,0.003,0.009,0.012,0.012,0.012,0.012,0.012,0.012,
0,0.066,0.122,-0.028,0.067,0.029,0.156,0.123,-0.073,-0.069,
0,0.045,0.072,-0.034,0.125,-0.1,-0.02,-0.059,-0.177,-0.034,
0,0.027,0.05,0.059,-0.028,0.046,0.103,-0.053,0.08,0.021,
0,-0.032,-0.055,-0.042,-0.015,-0.003,0.009,0.003,0.009,0.003,
0,0.083,0.011,0.009,0.082,0.026,0.021,0.015,0.012,0.012,
0,0.136,0.079,0.13,0.022,-0.066,0.069,0.03,-0.05,0.008,
0,0.126,0.012,0.059,0.065,0.065,0.065,0.065,0.065,0.065,
0,-0.037,-0.095,-0.039,-0.021,-0.026,0.006,0.012,0.012,0.012,
0,-0.091,-0.135,-0.149,-0.171,-0.096,0.017,0.112,0.051,0.009,
0,-0.037,-0.024,0.123,-0.012,0.012,-0.045,-0.032,-0.013,0.005,
0,0.041,0.029,0.035,0.033,0.033,0.033,0.033,0.033,0.033,
0,0.124,-0.005,-0.025,0.115,0.053,-0.019,-0.01,0.061,-0.008,
0,-0.072,-0.167,-0.033,-0.039,-0.083,-0.098,0.014,0.026,0.081,
0,0.119,0.056,0.039,0.036,0.033,0.033,0.033,0.033,0.033,
0,-0.006,-0.018,0.068,0.024,0.01,0.01,0.084,0.049,0.013,
0,-0.03,0.058,0.059,0.094,0.009,-0.031,0.015,0.034,0.073,
0,-0.05,0.026,0.069,-0.005,0.106,0.057,0.068,0.045,-0.058,
0,-0.007,0.008,0.069,-0.059,-0.112,-0.026,-0.04,-0.069,-0.048,
0,0.249,0.149,0.132,0.13,0.13,0.13,0.13,0.13,0.13,
0,0.104,0.023,0.04,0.054,0.134,0.139,0.077,0.021,0.015,
0,-0.034,0.031,0.108,0.007,-0.01,0,-0.013,0.027,-0.042,
0,0.171,0.101,0.086,0.084,0.084,0.084,0.084,0.084,0.084,
0,-0.039,0.015,-0.127,-0.068,0.021,-0.076,-0.042,0.044,0.051,
0,-0.139,-0.093,-0.073,-0.168,-0.143,-0.114,-0.081,-0.021,-0.027,
0,0.211,0.149,0.105,0.105,0.072,0.064,0.064,0.064,0.064,
0,0.022,-0.023,-0.051,-0.026,0.039,0.017,0.005,-0.071,-0.032,
0,0.019,0.037,0.026,-0.094,0.013,-0.07,0.105,0.07,0.005,
0,-0.046,-0.064,-0.106,-0.134,-0.058,-0.091,-0.208,-0.057,-0.093,
0,0.075,0.132,0.01,0.097,0.068,-0.075,-0.197,-0.067,-0.034,
0,-0.049,0.036,0.026,0.031,0.037,0.091,0.108,0.053,0.003,
0,0.116,0.063,0.038,0.06,0.066,0.038,0.035,0.035,0.035,
0,0.217,0.138,0.125,0.122,0.122,0.122,0.122,0.122,0.122,
0,0.118,0.159,0.058,0.03,0.024,0.024,0.024,0.024,0.024,
0,-0.132,-0.112,-0.152,0,-0.009,0.021,0.021,0.021,0.021,
0,0.221,0.111,0.093,0.093,0.093,0.093,0.093,0.093,0.093,
0,-0.098,0.045,-0.05,0.039,0.023,0.017,0.032,0.035,0.032,
0,0.231,0.08,0.05,0.05,0.05,0.05,0.05,0.05,0.05,
0,-0.044,0.049,0.091,0.101,0.079,0.073,0.067,0.088,0.038,
0,0.093,0,0.11,0.088,0.027,0.018,0.018,0.018,0.018,
0,0.07,-0.053,-0.047,-0.065,-0.068,-0.022,0.031,-0.011,-0.046,
0,-0.16,-0.08,-0.138,0.047,-0.062,-0.099,-0.041,0.043,-0.002,
0,0.123,0.023,0.027,-0.029,-0.006,0.015,0.036,0.027,0.047,
0,-0.02,0.045,0.092,-0.047,0.046,0.053,0.039,-0.003,-0.023,
0,-0.043,-0.05,0.041,0.027,0.018,0.018,0.018,0.018,0.018,
0,0.026,0.025,0.03,-0.033,-0.067,-0.109,0,-0.032,0.008,
0,-0.115,-0.006,0.028,0.011,0.012,-0.031,-0.012,-0.021,-0.012,
0,0.063,-0.024,-0.002,-0.032,-0.099,-0.045,0.049,-0.04,-0.034,
0,0.009,0.074,0.029,0.02,0,0.017,-0.023,0.02,0.07,
0,-0.122,-0.114,-0.089,0.018,-0.144,-0.181,-0.154,-0.008,0.071,
0,0.212,0.108,0.069,0.066,0.066,0.066,0.066,0.066,0.066,
0,0.146,-0.088,-0.068,-0.027,-0.04,-0.079,-0.02,0.037,-0.01,
0,-0.088,-0.184,-0.037,0.006,0.03,0.033,0.036,0.038,0.038,
0,-0.084,0.016,0.009,0.031,-0.039,-0.047,-0.003,-0.012,-0.059,
0,0.103,-0.016,-0.083,-0.06,-0.131,-0.109,-0.077,-0.16,-0.116,
0,0.117,0.027,0.024,0.027,0.027,0.027,0.027,0.027,0.027,
0,0.087,0,-0.005,0.127,0.025,0.117,-0.03,0.055,-0.073,
0,0.008,0.009,0.018,0.021,0.006,0.024,0.027,0.027,0.027,
0,0.048,-0.026,-0.086,0.021,-0.011,-0.058,0.014,-0.097,0,
0,0.119,-0.097,-0.208,-0.158,-0.111,-0.169,-0.083,-0.118,-0.11,
0,0.056,-0.022,-0.127,-0.058,-0.051,-0.049,-0.026,-0.018,-0.067,
0,0.028,-0.02,-0.008,-0.127,-0.176,-0.063,0.055,-0.044,-0.063,
0,-0.093,-0.088,-0.056,-0.006,0,0.015,0.018,0.018,0.018,
0,0.018,0.017,0.019,0.1,0.044,0.005,-0.079,0.012,0.133,
0,0.209,0.112,0.047,0.074,0.047,0.044,0.044,0.044,0.044,
0,0.031,0.104,0.102,0.045,0.042,0.029,0.024,0.009,0.02,
0,0.018,0.023,-0.013,-0.005,-0.072,-0.06,-0.026,-0.032,0.106,
0,-0.087,0.006,0.015,0.015,0.015,0.015,0.015,0.015,0.015,
0,-0.094,-0.032,-0.043,-0.009,0.02,-0.065,-0.042,-0.012,0.038,
0,0.189,0.096,0.088,0.088,0.088,0.088,0.088,0.088,0.088,
0,-0.056,-0.043,-0.032,0.018,0.021,0.021,0.021,0.021,0.021,
0,0.047,0.049,0.041,0.032,0.026,0.009,0.006,0.009,0.015,
0,0.005,-0.02,0.024,0.012,0.061,0.015,0.006,-0.021,0.029,
0,0.019,-0.053,0.075,0.062,0.027,0.015,0.046,-0.01,0.025,
0,0.166,0.097,0.068,0.065,0.065,0.065,0.065,0.065,0.065,
0,0.022,0.049,0.028,0.029,0.009,-0.056,-0.003,0.009,-0.026,
0,-0.096,-0.176,-0.07,0.017,-0.022,0.011,0,0,0.02,
0,-0.043,0.116,-0.082,-0.086,-0.037,0.005,-0.037,-0.044,0.057,
0,-0.023,0.029,0.032,0.032,0.032,0.032,0.032,0.032,0.032,
0,0.068,0.139,0.032,0.089,-0.045,-0.008,0,0.076,0,
0,0.032,0.106,0.123,0.094,0.071,0.041,0.035,0.044,0.041,
0,0.103,0.027,0.033,0.072,0.09,-0.008,0.044,0.059,0.045,
0,0.06,0.003,-0.014,0.055,0.078,-0.028,0.029,0.038,0.035,
0,-0.079,0.057,0.007,0.045,-0.08,-0.092,0.014,-0.041,-0.01,
0,0.027,-0.009,-0.015,0.024,0.027,0.027,0.027,0.027,0.027,
0,0.078,-0.061,0.029,0.095,0.073,0.052,0.06,0.018,0.021,
0,0.065,0.077,0.095,0.032,0.032,0.073,0.046,0.032,0.043,
0,-0.005,-0.009,0.036,0.036,0.036,0.036,0.036,0.036,0.036,
0,-0.074,0.017,-0.054,0.047,-0.113,-0.035,-0.007,-0.079,0.028,
0,0.011,0.024,0.028,0.028,0.028,0.028,0.028,0.028,0.028,
0,-0.019,-0.045,0.037,-0.058,-0.087,-0.038,-0.05,-0.027,-0.051,
0,0.082,0.093,0.048,-0.023,-0.009,-0.012,-0.044,-0.018,-0.003,
0,0.123,0.047,0.103,0.029,0.027,0.027,0.027,0.027,0.027,
0,0.018,0.009,0.012,0.012,0.012,0.012,0.012,0.012,0.012,
0,-0.106,-0.052,-0.071,0.085,0.008,0.143,-0.022,0.006,0.003,
0,0.012,-0.005,-0.022,0.015,-0.003,0.009,0.012,0.012,0.012,
0,0.147,0.09,0.08,0.08,0.08,0.08,0.08,0.08,0.08,
0,-0.011,0.022,-0.151,0.044,0.005,-0.033,0.002,-0.014,0.085,




Further Data analysis of all test cases 
INSTANCEID avg med max min 
INSTANCE1 0, 0, 0, 0, 
INSTANCE1 0, 0, 0, 0, 
INSTANCE3 -0, 0, 0, -0.014, 
INSTANCE4 0, 0, 0.027, 0, 
INSTANCE5 0, 0, 0.065, -0.023, 
INSTANCE6 -0, 0, 0.023, -0.044, 
INSTANCE7 0, 0, 0.04, -0.033, 
INSTANCE8 0.001, 0, 0.093, -0.046, 
INSTANCE9 0, 0, 0.064, -0.046, 
INSTANCE10 0, 0, 0.091, -0.043, 


INSTANCE1 0, 0, 0, 0, 
INSTANCE2 0.035, 0.022, 0.434, -0.2, 
INSTANCE3 0.015, 0.017, 0.356, -0.184, 
INSTANCE4 0.014, 0.021, 0.315, -0.208, 
INSTANCE5 0.024, 0.027, 0.314, -0.171, 
INSTANCE6 0.015, 0.024, 0.314, -0.176, 
INSTANCE7 0.015, 0.018, 0.314, -0.181, 
INSTANCE8 0.017, 0.019, 0.314, -0.208, 
INSTANCE9 0.02, 0.021, 0.314, -0.177, 
INSTANCE10 0.02, 0.021, 0.314, -0.183, 



