0.097,0.294,0.51,0.1,315.0,
0.085,0.324,0.491,0.1,1168.0,
0.067,0.329,0.504,0.1,686.0,
0.068,0.348,0.484,0.1,927.0,
0.089,0.33,0.481,0.1,1419.0,
0.078,0.333,0.489,0.1,1118.0,
0.091,0.324,0.485,0.1,1212.0,
0.093,0.318,0.489,0.1,1053.0,
0.095,0.311,0.494,0.1,1149.0,
0.112,0.333,0.454,0.1,557.0,
0.079,0.33,0.491,0.1,1522.0,
0.084,0.343,0.473,0.1,562.0,
0.074,0.319,0.507,0.1,774.0,
0.097,0.309,0.494,0.1,1454.0,
0.1,0.343,0.457,0.1,592.0,
0.073,0.332,0.495,0.1,595.0,
0.095,0.316,0.49,0.1,1298.0,
0.07,0.339,0.491,0.1,1418.0,
0.087,0.331,0.482,0.1,830.0,
0.091,0.313,0.496,0.1,1036.0,
0.099,0.315,0.486,0.1,904.0,
0.091,0.317,0.492,0.1,1261.0,
0.097,0.312,0.491,0.1,341.0,
0.093,0.318,0.489,0.1,1393.0,
0.112,0.299,0.49,0.1,764.0,
0.084,0.316,0.501,0.1,1461.0,
0.099,0.327,0.474,0.1,938.0,
0.093,0.319,0.488,0.1,1909.0,
0.083,0.314,0.503,0.1,948.0,
0.08,0.308,0.512,0.1,982.0,
0.087,0.324,0.49,0.1,1639.0,
0.095,0.31,0.495,0.1,943.0,
0.097,0.303,0.5,0.1,1405.0,
0.08,0.335,0.485,0.1,896.0,
0.079,0.315,0.506,0.1,633.0,
0.093,0.303,0.503,0.1,565.0,
0.111,0.299,0.49,0.1,985.0,
0.1,0.3,0.5,0.1,846.0,
0.086,0.322,0.492,0.1,1650.0,
0.123,0.29,0.487,0.1,855.0,
0.111,0.288,0.502,0.1,549.0,
0.084,0.329,0.487,0.1,726.0,
0.109,0.309,0.481,0.1,536.0,
0.095,0.34,0.466,0.1,570.0,
0.072,0.312,0.515,0.1,403.0,
0.083,0.335,0.482,0.1,1486.0,
0.077,0.346,0.477,0.1,1251.0,
0.09,0.319,0.491,0.1,1568.0,
0.095,0.308,0.497,0.1,1536.0,
0.094,0.324,0.482,0.1,1615.0,
0.075,0.32,0.505,0.1,609.0,
0.078,0.319,0.503,0.1,1501.0,
0.089,0.327,0.484,0.1,1540.0,
0.096,0.332,0.472,0.1,1056.0,
0.09,0.322,0.488,0.1,1066.0,
0.086,0.333,0.481,0.1,1223.0,
0.084,0.336,0.48,0.1,1117.0,
0.085,0.327,0.488,0.1,1311.0,
0.142,0.295,0.463,0.1,381.0,
0.081,0.326,0.494,0.1,1033.0,
0.078,0.326,0.496,0.1,932.0,
0.082,0.329,0.489,0.1,1267.0,
0.085,0.326,0.49,0.1,950.0,
0.096,0.32,0.484,0.1,675.0,
0.087,0.324,0.489,0.1,977.0,
0.092,0.325,0.482,0.1,394.0,
0.096,0.319,0.485,0.1,1562.0,
0.078,0.302,0.52,0.1,542.0,
0.095,0.3,0.505,0.1,1063.0,
0.083,0.332,0.486,0.1,1517.0,
0.081,0.327,0.492,0.1,1411.0,
0.087,0.34,0.473,0.1,1325.0,
0.081,0.345,0.474,0.1,756.0,
0.073,0.333,0.495,0.1,1397.0,
0.078,0.338,0.484,0.1,856.0,
0.102,0.304,0.493,0.1,458.0,
0.074,0.336,0.49,0.1,491.0,
0.09,0.32,0.489,0.1,909.0,
0.092,0.316,0.492,0.1,1570.0,
0.07,0.335,0.495,0.1,1313.0,
0.087,0.314,0.499,0.1,944.0,
0.087,0.326,0.487,0.1,1033.0,
0.12,0.316,0.464,0.1,633.0,
0.106,0.313,0.481,0.1,1031.0,
0.085,0.318,0.497,0.1,1236.0,
0.08,0.319,0.501,0.1,1133.0,
0.094,0.325,0.481,0.1,824.0,
0.083,0.343,0.474,0.1,793.0,
0.077,0.333,0.49,0.1,857.0,
0.084,0.348,0.468,0.1,979.0,
0.086,0.325,0.489,0.1,1278.0,
0.084,0.329,0.487,0.1,1220.0,
0.087,0.317,0.496,0.1,693.0,
0.085,0.328,0.487,0.1,1147.0,
0.094,0.32,0.486,0.1,1197.0,
0.078,0.318,0.504,0.1,1585.0,
0.08,0.328,0.492,0.1,503.0,
0.083,0.33,0.487,0.1,1757.0,
0.095,0.32,0.485,0.1,1319.0,
0.084,0.313,0.503,0.1,1380.0,
0.095,0.314,0.491,0.1,1579.0,
0.091,0.326,0.482,0.1,566.0,
0.074,0.342,0.485,0.1,625.0,
0.082,0.323,0.495,0.1,1331.0,
0.106,0.286,0.508,0.1,777.0,
0.087,0.324,0.489,0.1,889.0,
0.089,0.309,0.502,0.1,529.0,
0.094,0.332,0.474,0.1,472.0,
0.083,0.321,0.497,0.1,1451.0,
0.068,0.323,0.509,0.1,640.0,
0.075,0.338,0.486,0.1,1140.0,
0.119,0.305,0.477,0.1,430.0,
0.098,0.308,0.494,0.1,1202.0,
0.086,0.32,0.494,0.1,1014.0,
0.093,0.319,0.487,0.1,1414.0,
0.082,0.306,0.512,0.1,823.0,
0.088,0.326,0.486,0.1,1218.0,
0.091,0.328,0.481,0.1,1510.0,
0.092,0.301,0.507,0.1,822.0,
0.091,0.314,0.495,0.1,1457.0,
0.085,0.324,0.491,0.1,1291.0,
0.08,0.314,0.506,0.1,700.0,
0.085,0.323,0.492,0.1,1546.0,
0.082,0.328,0.49,0.1,1218.0,
0.077,0.328,0.496,0.1,875.0,
0.086,0.325,0.489,0.1,918.0,
0.085,0.333,0.481,0.1,969.0,
0.097,0.315,0.488,0.1,989.0,
0.096,0.31,0.494,0.1,925.0,
0.093,0.333,0.473,0.1,1032.0,
0.075,0.327,0.499,0.1,743.0,
0.09,0.322,0.488,0.1,1128.0,
0.084,0.336,0.48,0.1,1096.0,
0.085,0.329,0.486,0.1,1076.0,
0.079,0.324,0.496,0.1,1274.0,
0.08,0.34,0.481,0.1,1103.0,
0.094,0.317,0.489,0.1,343.0,
0.081,0.332,0.486,0.1,1192.0,
0.072,0.34,0.488,0.1,1403.0,
0.091,0.33,0.479,0.1,564.0,
0.108,0.286,0.507,0.1,725.0,
0.087,0.335,0.478,0.1,757.0,
0.087,0.318,0.495,0.1,1144.0,
0.082,0.328,0.489,0.1,1113.0,
0.081,0.33,0.489,0.1,1705.0,
0.097,0.321,0.481,0.1,1869.0,
0.077,0.324,0.499,0.1,958.0,
0.1,0.312,0.488,0.1,585.0,
0.098,0.312,0.49,0.1,1126.0,
0.074,0.34,0.487,0.1,1577.0,
0.092,0.31,0.497,0.1,393.0,
0.073,0.352,0.475,0.1,1188.0,
0.116,0.304,0.48,0.1,691.0,
0.09,0.33,0.48,0.1,1242.0,
0.103,0.297,0.5,0.1,668.0,
0.092,0.324,0.484,0.1,1079.0,
0.091,0.316,0.493,0.1,1221.0,
0.097,0.307,0.496,0.1,908.0,
0.086,0.327,0.487,0.1,1847.0,
0.09,0.317,0.494,0.1,1185.0,
0.099,0.316,0.485,0.1,1454.0,
0.086,0.34,0.474,0.1,1013.0,
0.071,0.331,0.498,0.1,1560.0,
0.085,0.322,0.494,0.1,1492.0,
0.081,0.327,0.492,0.1,1823.0,
0.082,0.32,0.498,0.1,907.0,
0.094,0.322,0.484,0.1,1140.0,
0.081,0.344,0.475,0.1,808.0,
0.092,0.322,0.486,0.1,1552.0,
0.081,0.307,0.512,0.1,667.0,
0.09,0.318,0.492,0.1,849.0,
0.084,0.339,0.477,0.1,438.0,
0.101,0.3,0.499,0.1,771.0,
0.095,0.321,0.484,0.1,1326.0,
0.085,0.344,0.471,0.1,1201.0,
0.1,0.309,0.491,0.1,868.0,
0.082,0.308,0.509,0.1,720.0,
0.085,0.32,0.495,0.1,1233.0,
0.082,0.32,0.498,0.1,1040.0,
0.08,0.341,0.479,0.1,1229.0,
0.092,0.32,0.488,0.1,1222.0,
0.101,0.32,0.479,0.1,1293.0,
0.079,0.34,0.481,0.1,750.0,
0.108,0.29,0.502,0.1,920.0,
0.09,0.324,0.486,0.1,1493.0,
0.088,0.306,0.506,0.1,516.0,
0.102,0.32,0.479,0.1,599.0,
0.094,0.314,0.492,0.1,1189.0,
0.09,0.316,0.494,0.1,1078.0,
0.08,0.324,0.496,0.1,493.0,
0.09,0.311,0.499,0.1,1265.0,
0.082,0.33,0.488,0.1,797.0,
0.088,0.332,0.479,0.1,2029.0,
0.089,0.316,0.495,0.1,431.0,
0.082,0.323,0.495,0.1,1083.0,
0.123,0.297,0.479,0.1,389.0,
0.1,0.314,0.486,0.1,562.0,
0.086,0.317,0.497,0.1,1195.0,
0.093,0.318,0.489,0.1,927.0,
0.091,0.329,0.48,0.1,1307.0,
0.096,0.324,0.481,0.1,1131.0,
0.078,0.341,0.481,0.1,1014.0,
0.082,0.323,0.495,0.1,1006.0,
0.074,0.325,0.501,0.1,889.0,
0.088,0.314,0.498,0.1,988.0,
0.094,0.335,0.471,0.1,685.0,
0.089,0.319,0.491,0.1,1782.0,
0.088,0.323,0.489,0.1,815.0,
0.08,0.323,0.497,0.1,611.0,
0.084,0.335,0.482,0.1,1251.0,
0.092,0.31,0.499,0.1,1298.0,
0.099,0.333,0.468,0.1,767.0,
0.082,0.326,0.492,0.1,1331.0,
0.073,0.33,0.497,0.1,696.0,
0.093,0.314,0.493,0.1,583.0,
0.08,0.321,0.499,0.1,1015.0,
0.099,0.32,0.481,0.1,820.0,
0.077,0.323,0.5,0.1,1026.0,
0.092,0.315,0.493,0.1,832.0,
0.09,0.312,0.498,0.1,1052.0,
0.094,0.3,0.506,0.1,797.0,
0.089,0.324,0.488,0.1,1105.0,
0.099,0.311,0.49,0.1,979.0,
0.082,0.317,0.501,0.1,1355.0,
0.096,0.314,0.489,0.1,1075.0,
0.084,0.308,0.508,0.1,1016.0,
0.084,0.334,0.482,0.1,961.0,
0.084,0.332,0.483,0.1,1074.0,
0.079,0.329,0.492,0.1,1227.0,
0.079,0.324,0.497,0.1,1581.0,
0.088,0.323,0.489,0.1,801.0,
0.08,0.324,0.496,0.1,814.0,
0.074,0.321,0.505,0.1,708.0,
0.099,0.317,0.484,0.1,946.0,
0.105,0.297,0.497,0.1,403.0,
0.083,0.331,0.486,0.1,1192.0,
0.077,0.319,0.504,0.1,1054.0,
0.086,0.319,0.495,0.1,817.0,
0.089,0.313,0.497,0.1,1521.0,
0.104,0.297,0.499,0.1,683.0,
0.073,0.328,0.499,0.1,1348.0,
0.11,0.322,0.468,0.1,887.0,
0.099,0.315,0.485,0.1,1060.0,
0.077,0.325,0.498,0.1,942.0,
0.089,0.319,0.492,0.1,959.0,
0.096,0.324,0.48,0.1,1335.0,
0.08,0.333,0.486,0.1,863.0,
0.074,0.334,0.492,0.1,957.0,
0.09,0.304,0.505,0.1,1599.0,
0.085,0.324,0.491,0.1,1276.0,
0.087,0.323,0.49,0.1,1275.0,
0.104,0.299,0.497,0.1,930.0,
0.09,0.322,0.488,0.1,908.0,
0.085,0.326,0.489,0.1,606.0,
0.081,0.315,0.504,0.1,504.0,
0.11,0.308,0.482,0.1,800.0,
0.075,0.321,0.504,0.1,948.0,
0.094,0.317,0.489,0.1,1383.0,
0.096,0.32,0.484,0.1,1068.0,
0.094,0.327,0.479,0.1,1032.0,
0.088,0.31,0.501,0.1,749.0,
0.103,0.306,0.491,0.1,837.0,
0.066,0.331,0.503,0.1,1139.0,
0.097,0.31,0.493,0.1,965.0,
0.082,0.332,0.486,0.1,1077.0,
0.075,0.327,0.497,0.1,1053.0,
0.083,0.337,0.48,0.1,590.0,
0.076,0.349,0.475,0.1,817.0,
0.1,0.309,0.491,0.1,790.0,
0.113,0.303,0.483,0.1,590.0,
0.113,0.318,0.47,0.1,1554.0,
0.092,0.312,0.496,0.1,1073.0,
0.111,0.298,0.49,0.1,1020.0,
0.111,0.291,0.498,0.1,1276.0,
0.102,0.302,0.496,0.1,881.0,
0.098,0.307,0.495,0.1,412.0,
0.129,0.292,0.479,0.1,844.0,
0.106,0.307,0.487,0.1,1590.0,
0.094,0.294,0.512,0.1,484.0,
0.105,0.307,0.488,0.1,1205.0,
0.103,0.311,0.487,0.1,751.0,
0.107,0.302,0.491,0.1,924.0,
0.124,0.293,0.484,0.1,829.0,
0.105,0.303,0.491,0.1,1117.0,
0.111,0.3,0.489,0.1,1281.0,
0.11,0.302,0.488,0.1,1171.0,
0.107,0.286,0.507,0.1,1281.0,
0.096,0.305,0.499,0.1,789.0,
0.1,0.308,0.492,0.1,1327.0,
0.124,0.266,0.51,0.1,657.0,
0.14,0.266,0.495,0.1,565.0,
0.108,0.312,0.48,0.1,1044.0,
0.097,0.31,0.493,0.1,1401.0,
0.108,0.3,0.492,0.1,731.0,
0.102,0.313,0.485,0.1,1189.0,
0.094,0.315,0.491,0.1,815.0,
0.114,0.282,0.504,0.1,1121.0,
0.084,0.312,0.504,0.1,764.0,
0.104,0.316,0.48,0.1,733.0,
0.106,0.285,0.509,0.1,665.0,
0.116,0.333,0.451,0.1,479.0,
0.093,0.308,0.498,0.1,1244.0,
0.106,0.297,0.498,0.1,1355.0,
0.114,0.285,0.501,0.1,883.0,
0.122,0.304,0.474,0.1,823.0,
0.104,0.308,0.488,0.1,1512.0,
0.09,0.314,0.495,0.1,816.0,
0.094,0.308,0.498,0.1,1403.0,
0.105,0.313,0.482,0.1,1073.0,
0.106,0.296,0.498,0.1,1286.0,
0.113,0.303,0.485,0.1,766.0,
0.102,0.3,0.498,0.1,1210.0,
0.114,0.295,0.491,0.1,1087.0,
0.112,0.295,0.492,0.1,657.0,
0.123,0.303,0.473,0.1,583.0,
0.1,0.326,0.474,0.1,849.0,
0.091,0.324,0.485,0.1,1423.0,
0.1,0.32,0.48,0.1,301.0,
0.092,0.306,0.502,0.1,653.0,
0.109,0.296,0.495,0.1,970.0,
0.098,0.302,0.499,0.1,1252.0,
0.102,0.335,0.463,0.1,490.0,
0.096,0.295,0.509,0.1,956.0,
0.111,0.319,0.47,0.1,279.0,
0.097,0.308,0.495,0.1,619.0,
0.122,0.296,0.482,0.1,980.0,
0.113,0.286,0.501,0.1,826.0,
0.096,0.31,0.494,0.1,1356.0,
0.101,0.314,0.485,0.1,1310.0,
0.084,0.312,0.504,0.1,903.0,
0.123,0.29,0.487,0.1,482.0,
0.113,0.295,0.492,0.1,1204.0,
0.104,0.308,0.488,0.1,1110.0,
0.095,0.302,0.503,0.1,935.0,
0.119,0.3,0.481,0.1,1363.0,
0.09,0.307,0.502,0.1,810.0,
0.106,0.292,0.503,0.1,1034.0,
0.097,0.31,0.493,0.1,1290.0,
0.094,0.308,0.498,0.1,828.0,
0.106,0.3,0.494,0.1,1191.0,
0.107,0.304,0.488,0.1,1259.0,
0.112,0.301,0.487,0.1,838.0,
0.116,0.301,0.483,0.1,1318.0,
0.105,0.297,0.497,0.1,405.0,
0.101,0.31,0.489,0.1,1484.0,
0.11,0.299,0.491,0.1,1606.0,
0.096,0.309,0.495,0.1,1139.0,
0.11,0.307,0.483,0.1,1144.0,
0.098,0.3,0.502,0.1,875.0,
0.106,0.304,0.49,0.1,1953.0,
0.107,0.307,0.486,0.1,1240.0,
0.096,0.302,0.501,0.1,1284.0,
0.103,0.295,0.502,0.1,1002.0,
0.108,0.298,0.494,0.1,1367.0,
0.115,0.303,0.482,0.1,1435.0,
0.111,0.304,0.485,0.1,1101.0,
0.086,0.317,0.497,0.1,1116.0,
0.12,0.303,0.477,0.1,1243.0,
0.097,0.324,0.479,0.1,835.0,
0.1,0.304,0.496,0.1,1052.0,
0.109,0.295,0.497,0.1,884.0,
0.113,0.296,0.491,0.1,1038.0,
0.103,0.291,0.505,0.1,888.0,
0.13,0.284,0.486,0.1,706.0,
0.1,0.305,0.495,0.1,965.0,
0.122,0.297,0.481,0.1,637.0,
0.115,0.312,0.473,0.1,1247.0,
0.102,0.292,0.506,0.1,518.0,
0.102,0.307,0.491,0.1,1129.0,
0.115,0.284,0.501,0.1,776.0,
0.099,0.308,0.493,0.1,1142.0,
0.109,0.295,0.496,0.1,780.0,
0.078,0.325,0.497,0.1,1170.0,
0.102,0.305,0.493,0.1,1226.0,
0.105,0.298,0.496,0.1,553.0,
0.113,0.292,0.495,0.1,606.0,
0.118,0.282,0.5,0.1,1344.0,
0.116,0.288,0.495,0.1,434.0,
0.104,0.31,0.487,0.1,1300.0,
0.097,0.302,0.502,0.1,593.0,
0.099,0.307,0.494,0.1,840.0,
0.105,0.317,0.477,0.1,907.0,
0.094,0.314,0.491,0.1,1339.0,
0.099,0.308,0.493,0.1,1411.0,
0.087,0.318,0.494,0.1,697.0,
0.104,0.295,0.501,0.1,1271.0,
0.112,0.296,0.492,0.1,1306.0,
0.105,0.304,0.491,0.1,784.0,
0.105,0.302,0.493,0.1,1302.0,
0.101,0.312,0.487,0.1,1024.0,
0.112,0.296,0.493,0.1,650.0,
0.104,0.314,0.482,0.1,799.0,
0.115,0.286,0.499,0.1,1033.0,
0.097,0.305,0.498,0.1,1391.0,
0.094,0.304,0.502,0.1,469.0,
0.087,0.325,0.488,0.1,902.0,
0.105,0.321,0.474,0.1,770.0,
0.094,0.312,0.494,0.1,1163.0,
0.106,0.311,0.483,0.1,912.0,
0.115,0.295,0.49,0.1,1436.0,
0.121,0.279,0.5,0.1,791.0,
0.121,0.297,0.482,0.1,1193.0,
0.096,0.324,0.48,0.1,484.0,
0.094,0.31,0.496,0.1,1503.0,
0.101,0.303,0.496,0.1,940.0,
0.104,0.301,0.494,0.1,1293.0,
0.106,0.304,0.49,0.1,1037.0,
0.116,0.296,0.488,0.1,1035.0,
0.127,0.305,0.468,0.1,609.0,
0.112,0.295,0.493,0.1,1447.0,
0.116,0.296,0.488,0.1,916.0,
0.108,0.31,0.482,0.1,1666.0,
0.092,0.307,0.501,0.1,1589.0,
0.095,0.31,0.494,0.1,1029.0,
0.121,0.293,0.487,0.1,1221.0,
0.114,0.296,0.491,0.1,1150.0,
0.119,0.308,0.473,0.1,503.0,
0.117,0.307,0.476,0.1,982.0,
0.104,0.283,0.513,0.1,1399.0,
0.092,0.314,0.494,0.1,1382.0,
0.104,0.303,0.492,0.1,1389.0,
0.092,0.323,0.486,0.1,802.0,
0.093,0.304,0.503,0.1,916.0,
0.119,0.291,0.49,0.1,1015.0,
0.107,0.297,0.497,0.1,1662.0,
0.138,0.277,0.485,0.1,780.0,
0.096,0.318,0.487,0.1,1572.0,
0.13,0.291,0.478,0.1,659.0,
0.12,0.304,0.476,0.1,953.0,
0.094,0.314,0.492,0.1,503.0,
0.1,0.304,0.496,0.1,1059.0,
0.113,0.297,0.49,0.1,1154.0,
0.101,0.324,0.475,0.1,949.0,
0.099,0.302,0.499,0.1,955.0,
0.114,0.305,0.481,0.1,781.0,
0.102,0.296,0.501,0.1,1330.0,
0.112,0.288,0.5,0.1,610.0,
0.112,0.313,0.476,0.1,910.0,
0.093,0.305,0.502,0.1,431.0,
0.111,0.282,0.507,0.1,1006.0,
0.104,0.304,0.493,0.1,1059.0,
0.111,0.286,0.504,0.1,558.0,
0.109,0.281,0.511,0.1,551.0,
0.104,0.308,0.487,0.1,1095.0,
0.11,0.31,0.48,0.1,1186.0,
0.119,0.276,0.505,0.1,592.0,
0.106,0.303,0.49,0.1,1632.0,
0.105,0.304,0.492,0.1,1278.0,
0.107,0.293,0.5,0.1,1246.0,
0.094,0.34,0.465,0.1,503.0,
0.102,0.295,0.503,0.1,1471.0,
0.104,0.315,0.481,0.1,538.0,
0.13,0.291,0.48,0.1,632.0,
0.104,0.295,0.501,0.1,1115.0,
0.107,0.294,0.499,0.1,868.0,
0.122,0.273,0.505,0.1,694.0,
0.107,0.311,0.482,0.1,1273.0,
0.101,0.313,0.487,0.1,1278.0,
0.12,0.314,0.466,0.1,783.0,
0.105,0.307,0.488,0.1,431.0,
0.078,0.328,0.493,0.1,1474.0,
0.093,0.319,0.488,0.1,1010.0,
0.088,0.316,0.496,0.1,1092.0,
0.067,0.308,0.524,0.1,484.0,
0.077,0.351,0.472,0.1,1368.0,
0.093,0.318,0.489,0.1,1168.0,
0.074,0.333,0.493,0.1,575.0,
0.093,0.318,0.49,0.1,1041.0,
0.083,0.32,0.497,0.1,705.0,
0.075,0.314,0.511,0.1,1064.0,
0.08,0.335,0.485,0.1,1518.0,
0.071,0.325,0.504,0.1,783.0,
0.098,0.317,0.484,0.1,972.0,
0.087,0.306,0.506,0.1,1206.0,
0.087,0.326,0.487,0.1,1630.0,
0.074,0.335,0.491,0.1,740.0,
0.133,0.255,0.512,0.1,405.0,
0.08,0.336,0.484,0.1,1665.0,
0.107,0.287,0.506,0.1,962.0,
0.099,0.308,0.492,0.1,1372.0,
0.11,0.314,0.476,0.1,890.0,
0.102,0.315,0.484,0.1,1204.0,
0.116,0.299,0.485,0.1,1189.0,
0.084,0.303,0.513,0.1,1477.0,
0.083,0.34,0.477,0.1,786.0,
0.086,0.332,0.483,0.1,903.0,
0.099,0.33,0.47,0.1,1273.0,
0.084,0.309,0.508,0.1,987.0,
0.089,0.32,0.49,0.1,1082.0,
0.078,0.332,0.489,0.1,1423.0,
0.082,0.331,0.487,0.1,1084.0,
0.102,0.298,0.5,0.1,572.0,
0.085,0.318,0.497,0.1,1346.0,
0.133,0.298,0.468,0.1,560.0,
0.107,0.313,0.479,0.1,1029.0,
0.109,0.299,0.493,0.1,795.0,
0.096,0.296,0.508,0.1,742.0,
0.137,0.293,0.47,0.1,511.0,
0.099,0.314,0.487,0.1,690.0,
0.122,0.286,0.492,0.1,880.0,


0.9,0.0,0.0,0.1,119.0,
0.864,0.016,0.021,0.1,383.0,
0.883,0.013,0.004,0.1,280.0,
0.896,0.0,0.004,0.1,298.0,
0.895,0.001,0.004,0.1,361.0,
0.875,0.011,0.014,0.1,413.0,
0.889,0.007,0.004,0.1,398.0,
0.849,0.028,0.023,0.1,436.0,
0.899,0.0,0.001,0.1,400.0,
0.87,0.019,0.011,0.1,199.0,
0.84,0.044,0.016,0.1,544.0,
0.9,0.0,0.0,0.1,179.0,
0.882,0.016,0.001,0.1,218.0,
0.891,0.004,0.005,0.1,470.0,
0.877,0.005,0.018,0.1,257.0,
0.9,0.0,0.0,0.1,170.0,
0.815,0.047,0.038,0.1,512.0,
0.879,0.012,0.009,0.1,542.0,
0.898,0.002,0.0,0.1,279.0,
0.82,0.039,0.041,0.1,338.0,
0.894,0.005,0.001,0.1,297.0,
0.86,0.024,0.016,0.1,443.0,
0.9,0.0,0.0,0.1,120.0,
0.871,0.017,0.012,0.1,457.0,
0.896,0.003,0.001,0.1,250.0,
0.866,0.024,0.01,0.1,528.0,
0.882,0.011,0.007,0.1,320.0,
0.801,0.049,0.051,0.1,684.0,
0.887,0.01,0.003,0.1,346.0,
0.869,0.026,0.005,0.1,313.0,
0.813,0.049,0.039,0.1,569.0,
0.897,0.002,0.001,0.1,309.0,
0.835,0.033,0.031,0.1,582.0,
0.897,0.001,0.002,0.1,286.0,
0.9,0.0,0.0,0.1,209.0,
0.84,0.04,0.021,0.1,239.0,
0.852,0.031,0.017,0.1,420.0,
0.889,0.001,0.009,0.1,257.0,
0.813,0.046,0.041,0.1,707.0,
0.82,0.023,0.057,0.1,318.0,
0.884,0.005,0.011,0.1,190.0,
0.853,0.023,0.024,0.1,293.0,
0.9,0.0,0.0,0.1,210.0,
0.9,0.0,0.0,0.1,140.0,
0.9,0.0,0.0,0.1,150.0,
0.841,0.034,0.025,0.1,538.0,
0.768,0.073,0.058,0.1,481.0,
0.834,0.043,0.022,0.1,501.0,
0.807,0.045,0.048,0.1,545.0,
0.832,0.045,0.024,0.1,583.0,
0.895,0.002,0.003,0.1,210.0,
0.803,0.049,0.048,0.1,577.0,
0.812,0.051,0.036,0.1,550.0,
0.9,0.0,0.0,0.1,318.0,
0.895,0.003,0.003,0.1,292.0,
0.883,0.013,0.004,0.1,390.0,
0.851,0.022,0.027,0.1,406.0,
0.89,0.002,0.008,0.1,469.0,
0.9,0.0,0.0,0.1,80.0,
0.821,0.037,0.042,0.1,436.0,
0.793,0.072,0.035,0.1,395.0,
0.875,0.011,0.014,0.1,378.0,
0.891,0.001,0.008,0.1,339.0,
0.885,0.005,0.009,0.1,194.0,
0.882,0.008,0.01,0.1,386.0,
0.9,0.0,0.0,0.1,90.0,
0.875,0.018,0.007,0.1,572.0,
0.9,0.0,0.0,0.1,160.0,
0.868,0.018,0.014,0.1,320.0,
0.817,0.05,0.034,0.1,537.0,
0.811,0.049,0.04,0.1,538.0,
0.881,0.012,0.007,0.1,489.0,
0.892,0.003,0.005,0.1,241.0,
0.9,0.0,0.0,0.1,446.0,
0.887,0.009,0.003,0.1,286.0,
0.9,0.0,0.0,0.1,160.0,
0.896,0.002,0.002,0.1,180.0,
0.891,0.003,0.005,0.1,287.0,
0.844,0.025,0.031,0.1,634.0,
0.898,0.001,0.001,0.1,329.0,
0.896,0.001,0.003,0.1,310.0,
0.873,0.021,0.007,0.1,426.0,
0.894,0.002,0.005,0.1,189.0,
0.884,0.01,0.006,0.1,344.0,
0.896,0.002,0.002,0.1,393.0,
0.892,0.006,0.003,0.1,340.0,
0.898,0.001,0.001,0.1,220.0,
0.809,0.027,0.064,0.1,297.0,
0.899,0.001,0.0,0.1,299.0,
0.871,0.008,0.021,0.1,395.0,
0.736,0.095,0.069,0.1,531.0,
0.852,0.026,0.021,0.1,472.0,
0.9,0.0,0.0,0.1,219.0,
0.888,0.008,0.003,0.1,476.0,
0.872,0.013,0.015,0.1,388.0,
0.8,0.055,0.045,0.1,614.0,
0.9,0.0,0.0,0.1,200.0,
0.837,0.036,0.027,0.1,555.0,
0.798,0.047,0.055,0.1,504.0,
0.872,0.017,0.011,0.1,544.0,
0.808,0.06,0.033,0.1,609.0,
0.886,0.009,0.005,0.1,238.0,
0.871,0.017,0.012,0.1,245.0,
0.896,0.003,0.001,0.1,459.0,
0.881,0.015,0.004,0.1,210.0,
0.866,0.015,0.019,0.1,299.0,
0.9,0.0,0.0,0.1,90.0,
0.9,0.0,0.0,0.1,160.0,
0.84,0.032,0.028,0.1,506.0,
0.888,0.012,0.0,0.1,198.0,
0.886,0.008,0.006,0.1,406.0,
0.9,0.0,0.0,0.1,171.0,
0.861,0.025,0.014,0.1,448.0,
0.894,0.003,0.003,0.1,370.0,
0.877,0.01,0.013,0.1,488.0,
0.898,0.002,0.0,0.1,258.0,
0.879,0.013,0.008,0.1,366.0,
0.858,0.03,0.012,0.1,466.0,
0.9,0.0,0.0,0.1,335.0,
0.871,0.019,0.01,0.1,436.0,
0.822,0.049,0.028,0.1,484.0,
0.892,0.006,0.003,0.1,235.0,
0.89,0.007,0.002,0.1,541.0,
0.895,0.004,0.001,0.1,408.0,
0.882,0.012,0.006,0.1,293.0,
0.9,0.0,0.0,0.1,309.0,
0.877,0.015,0.008,0.1,303.0,
0.892,0.006,0.002,0.1,302.0,
0.886,0.009,0.004,0.1,390.0,
0.882,0.011,0.007,0.1,372.0,
0.88,0.017,0.003,0.1,301.0,
0.866,0.019,0.015,0.1,462.0,
0.899,0.0,0.001,0.1,410.0,
0.883,0.011,0.006,0.1,312.0,
0.865,0.026,0.009,0.1,493.0,
0.878,0.018,0.004,0.1,419.0,
0.9,0.0,0.0,0.1,110.0,
0.895,0.002,0.002,0.1,387.0,
0.842,0.026,0.032,0.1,443.0,
0.9,0.0,0.0,0.1,178.0,
0.899,0.0,0.001,0.1,211.0,
0.894,0.001,0.005,0.1,148.0,
0.895,0.003,0.003,0.1,372.0,
0.875,0.018,0.007,0.1,416.0,
0.789,0.067,0.044,0.1,567.0,
0.771,0.071,0.058,0.1,776.0,
0.852,0.027,0.021,0.1,345.0,
0.9,0.0,0.0,0.1,160.0,
0.826,0.036,0.038,0.1,415.0,
0.856,0.026,0.019,0.1,549.0,
0.9,0.0,0.0,0.1,149.0,
0.882,0.013,0.005,0.1,455.0,
0.873,0.009,0.019,0.1,231.0,
0.874,0.02,0.006,0.1,478.0,
0.889,0.004,0.007,0.1,199.0,
0.894,0.004,0.003,0.1,483.0,
0.895,0.004,0.001,0.1,416.0,
0.828,0.038,0.034,0.1,360.0,
0.791,0.073,0.036,0.1,584.0,
0.89,0.002,0.007,0.1,417.0,
0.879,0.01,0.011,0.1,423.0,
0.803,0.042,0.055,0.1,412.0,
0.825,0.043,0.032,0.1,613.0,
0.872,0.015,0.013,0.1,511.0,
0.764,0.072,0.063,0.1,703.0,
0.9,0.0,0.0,0.1,229.0,
0.877,0.014,0.009,0.1,430.0,
0.879,0.012,0.01,0.1,266.0,
0.894,0.003,0.003,0.1,520.0,
0.897,0.003,0.0,0.1,180.0,
0.897,0.001,0.002,0.1,240.0,
0.9,0.0,0.0,0.1,70.0,
0.896,0.003,0.001,0.1,274.0,
0.828,0.028,0.045,0.1,527.0,
0.761,0.078,0.061,0.1,490.0,
0.891,0.007,0.002,0.1,220.0,
0.899,0.001,0.0,0.1,170.0,
0.892,0.005,0.003,0.1,501.0,
0.889,0.005,0.007,0.1,329.0,
0.854,0.026,0.02,0.1,421.0,
0.883,0.012,0.006,0.1,441.0,
0.89,0.006,0.004,0.1,391.0,
0.858,0.026,0.016,0.1,287.0,
0.896,0.002,0.002,0.1,277.0,
0.766,0.079,0.056,0.1,612.0,
0.9,0.0,0.0,0.1,170.0,
0.893,0.005,0.002,0.1,150.0,
0.835,0.033,0.032,0.1,446.0,
0.711,0.105,0.085,0.1,477.0,
0.9,0.0,0.0,0.1,139.0,
0.872,0.016,0.012,0.1,387.0,
0.807,0.022,0.071,0.1,293.0,
0.734,0.092,0.073,0.1,828.0,
0.9,0.0,0.0,0.1,100.0,
0.87,0.021,0.009,0.1,429.0,
0.9,0.0,0.0,0.1,140.0,
0.9,0.0,0.0,0.1,229.0,
0.896,0.002,0.002,0.1,396.0,
0.852,0.016,0.032,0.1,383.0,
0.728,0.087,0.085,0.1,624.0,
0.868,0.022,0.01,0.1,389.0,
0.866,0.009,0.025,0.1,323.0,
0.868,0.016,0.015,0.1,358.0,
0.897,0.003,0.0,0.1,294.0,
0.9,0.0,0.0,0.1,340.0,
0.9,0.0,0.0,0.1,271.0,
0.8,0.052,0.048,0.1,631.0,
0.894,0.005,0.001,0.1,190.0,
0.898,0.0,0.002,0.1,199.0,
0.878,0.012,0.01,0.1,488.0,
0.849,0.031,0.02,0.1,486.0,
0.9,0.0,0.0,0.1,250.0,
0.843,0.024,0.033,0.1,479.0,
0.892,0.003,0.005,0.1,220.0,
0.897,0.0,0.003,0.1,259.0,
0.867,0.012,0.021,0.1,366.0,
0.896,0.001,0.002,0.1,240.0,
0.875,0.016,0.008,0.1,437.0,
0.884,0.009,0.007,0.1,218.0,
0.779,0.061,0.061,0.1,439.0,
0.893,0.004,0.004,0.1,260.0,
0.742,0.076,0.082,0.1,529.0,
0.828,0.037,0.034,0.1,313.0,
0.894,0.001,0.006,0.1,444.0,
0.899,0.001,0.0,0.1,359.0,
0.875,0.016,0.008,0.1,408.0,
0.896,0.002,0.002,0.1,300.0,
0.884,0.011,0.005,0.1,474.0,
0.83,0.041,0.03,0.1,450.0,
0.851,0.033,0.016,0.1,476.0,
0.888,0.01,0.002,0.1,329.0,
0.9,0.0,0.0,0.1,290.0,
0.896,0.003,0.001,0.1,213.0,
0.877,0.015,0.008,0.1,445.0,
0.9,0.0,0.0,0.1,130.0,
0.883,0.013,0.003,0.1,353.0,
0.887,0.008,0.005,0.1,371.0,
0.89,0.005,0.005,0.1,229.0,
0.872,0.014,0.013,0.1,606.0,
0.897,0.003,0.0,0.1,211.0,
0.801,0.055,0.044,0.1,453.0,
0.862,0.009,0.029,0.1,343.0,
0.885,0.005,0.009,0.1,443.0,
0.892,0.007,0.001,0.1,309.0,
0.893,0.004,0.003,0.1,316.0,
0.894,0.006,0.0,0.1,489.0,
0.894,0.005,0.001,0.1,280.0,
0.899,0.0,0.001,0.1,296.0,
0.771,0.073,0.056,0.1,671.0,
0.894,0.005,0.001,0.1,394.0,
0.86,0.027,0.013,0.1,424.0,
0.894,0.003,0.003,0.1,258.0,
0.894,0.004,0.002,0.1,297.0,
0.9,0.0,0.0,0.1,200.0,
0.896,0.002,0.002,0.1,130.0,
0.892,0.005,0.004,0.1,268.0,
0.727,0.107,0.066,0.1,474.0,
0.878,0.019,0.003,0.1,380.0,
0.871,0.02,0.009,0.1,447.0,
0.897,0.001,0.002,0.1,258.0,
0.827,0.041,0.032,0.1,293.0,
0.892,0.006,0.002,0.1,240.0,
0.895,0.003,0.003,0.1,408.0,
0.874,0.022,0.004,0.1,379.0,
0.889,0.005,0.006,0.1,372.0,
0.809,0.041,0.05,0.1,375.0,
0.898,0.002,0.0,0.1,170.0,
0.9,0.0,0.0,0.1,259.0,
0.9,0.0,0.0,0.1,202.0,
0.897,0.003,0.0,0.1,218.0,
0.799,0.049,0.052,0.1,588.0,
0.899,0.0,0.001,0.1,300.0,
0.894,0.004,0.002,0.1,407.0,
0.789,0.054,0.057,0.1,609.0,
0.9,0.0,0.0,0.1,290.0,
0.9,0.0,0.0,0.1,70.0,
0.899,0.001,0.0,0.1,222.0,
0.87,0.017,0.013,0.1,568.0,
0.9,0.0,0.0,0.1,130.0,
0.9,0.0,0.0,0.1,388.0,
0.889,0.005,0.005,0.1,250.0,
0.885,0.009,0.005,0.1,416.0,
0.896,0.002,0.001,0.1,259.0,
0.896,0.004,0.0,0.1,485.0,
0.896,0.001,0.003,0.1,437.0,
0.825,0.038,0.037,0.1,485.0,
0.9,0.0,0.0,0.1,425.0,
0.88,0.01,0.01,0.1,318.0,
0.851,0.031,0.018,0.1,399.0,
0.9,0.0,0.0,0.1,210.0,
0.888,0.012,0.0,0.1,236.0,
0.872,0.018,0.009,0.1,463.0,
0.764,0.061,0.075,0.1,639.0,
0.899,0.001,0.0,0.1,220.0,
0.895,0.003,0.002,0.1,484.0,
0.884,0.008,0.008,0.1,245.0,
0.889,0.006,0.005,0.1,388.0,
0.9,0.0,0.0,0.1,219.0,
0.9,0.0,0.0,0.1,270.0,
0.9,0.0,0.0,0.1,140.0,
0.896,0.0,0.004,0.1,120.0,
0.88,0.016,0.004,0.1,466.0,
0.878,0.016,0.006,0.1,539.0,
0.889,0.01,0.001,0.1,280.0,
0.9,0.0,0.0,0.1,260.0,
0.894,0.004,0.002,0.1,553.0,
0.898,0.001,0.001,0.1,229.0,
0.836,0.039,0.025,0.1,514.0,
0.847,0.028,0.025,0.1,396.0,
0.853,0.021,0.026,0.1,440.0,
0.863,0.019,0.018,0.1,268.0,
0.899,0.0,0.001,0.1,359.0,
0.847,0.022,0.031,0.1,425.0,
0.9,0.0,0.0,0.1,220.0,
0.892,0.008,0.0,0.1,178.0,
0.846,0.021,0.033,0.1,325.0,
0.87,0.016,0.014,0.1,457.0,
0.9,0.0,0.0,0.1,110.0,
0.9,0.0,0.0,0.1,177.0,
0.889,0.005,0.006,0.1,291.0,
0.841,0.031,0.028,0.1,513.0,
0.9,0.0,0.0,0.1,180.0,
0.889,0.007,0.004,0.1,376.0,
0.9,0.0,0.0,0.1,120.0,
0.9,0.0,0.0,0.1,140.0,
0.886,0.01,0.004,0.1,307.0,
0.899,0.0,0.001,0.1,242.0,
0.867,0.023,0.011,0.1,519.0,
0.809,0.033,0.057,0.1,462.0,
0.888,0.004,0.007,0.1,278.0,
0.9,0.0,0.0,0.1,150.0,
0.886,0.007,0.006,0.1,372.0,
0.879,0.012,0.009,0.1,416.0,
0.895,0.0,0.005,0.1,289.0,
0.787,0.064,0.049,0.1,547.0,
0.9,0.0,0.0,0.1,220.0,
0.89,0.008,0.002,0.1,318.0,
0.867,0.013,0.021,0.1,506.0,
0.898,0.0,0.002,0.1,344.0,
0.878,0.018,0.004,0.1,386.0,
0.864,0.014,0.022,0.1,512.0,
0.898,0.002,0.0,0.1,262.0,
0.892,0.007,0.001,0.1,436.0,
0.9,0.0,0.0,0.1,150.0,
0.828,0.035,0.036,0.1,512.0,
0.789,0.066,0.046,0.1,566.0,
0.892,0.006,0.002,0.1,411.0,
0.879,0.006,0.015,0.1,435.0,
0.897,0.0,0.003,0.1,256.0,
0.825,0.047,0.029,0.1,589.0,
0.85,0.023,0.027,0.1,496.0,
0.86,0.02,0.02,0.1,477.0,
0.9,0.0,0.0,0.1,320.0,
0.898,0.002,0.0,0.1,493.0,
0.874,0.014,0.012,0.1,588.0,
0.824,0.038,0.039,0.1,458.0,
0.834,0.04,0.026,0.1,436.0,
0.895,0.005,0.0,0.1,438.0,
0.894,0.005,0.001,0.1,289.0,
0.899,0.001,0.0,0.1,399.0,
0.891,0.004,0.004,0.1,266.0,
0.898,0.001,0.001,0.1,282.0,
0.877,0.015,0.009,0.1,204.0,
0.897,0.001,0.001,0.1,250.0,
0.9,0.0,0.0,0.1,260.0,
0.898,0.0,0.002,0.1,179.0,
0.892,0.005,0.002,0.1,549.0,
0.9,0.0,0.0,0.1,140.0,
0.894,0.001,0.005,0.1,338.0,
0.894,0.004,0.003,0.1,256.0,
0.897,0.003,0.0,0.1,270.0,
0.889,0.007,0.004,0.1,257.0,
0.88,0.012,0.007,0.1,383.0,
0.9,0.0,0.0,0.1,381.0,
0.9,0.0,0.0,0.1,220.0,
0.9,0.0,0.0,0.1,129.0,
0.877,0.013,0.011,0.1,469.0,
0.9,0.0,0.0,0.1,140.0,
0.896,0.002,0.001,0.1,419.0,
0.9,0.0,0.0,0.1,219.0,
0.898,0.002,0.0,0.1,307.0,
0.9,0.0,0.0,0.1,217.0,
0.896,0.001,0.002,0.1,421.0,
0.888,0.005,0.007,0.1,448.0,
0.882,0.013,0.006,0.1,336.0,
0.889,0.007,0.004,0.1,508.0,
0.764,0.072,0.065,0.1,537.0,
0.896,0.003,0.001,0.1,269.0,
0.899,0.0,0.001,0.1,419.0,
0.894,0.005,0.001,0.1,334.0,
0.899,0.0,0.001,0.1,229.0,
0.888,0.004,0.008,0.1,317.0,
0.897,0.002,0.001,0.1,367.0,
0.798,0.056,0.046,0.1,466.0,
0.9,0.0,0.0,0.1,190.0,
0.9,0.0,0.0,0.1,250.0,
0.896,0.004,0.0,0.1,230.0,
0.9,0.0,0.0,0.1,407.0,
0.838,0.035,0.027,0.1,353.0,
0.879,0.01,0.011,0.1,500.0,
0.882,0.013,0.005,0.1,336.0,
0.789,0.054,0.057,0.1,492.0,
0.9,0.0,0.0,0.1,150.0,
0.817,0.052,0.031,0.1,584.0,
0.89,0.007,0.003,0.1,278.0,
0.843,0.033,0.024,0.1,487.0,
0.899,0.0,0.001,0.1,271.0,
0.895,0.003,0.002,0.1,271.0,
0.898,0.0,0.002,0.1,160.0,
0.897,0.003,0.001,0.1,531.0,
0.894,0.005,0.001,0.1,259.0,
0.872,0.016,0.012,0.1,540.0,
0.884,0.01,0.006,0.1,484.0,
0.895,0.001,0.004,0.1,395.0,
0.887,0.01,0.002,0.1,379.0,
0.899,0.001,0.0,0.1,380.0,
0.898,0.0,0.002,0.1,110.0,
0.869,0.018,0.013,0.1,382.0,
0.898,0.002,0.0,0.1,470.0,
0.892,0.002,0.006,0.1,537.0,
0.855,0.032,0.014,0.1,520.0,
0.892,0.007,0.001,0.1,212.0,
0.875,0.013,0.013,0.1,320.0,
0.883,0.006,0.011,0.1,358.0,
0.848,0.026,0.026,0.1,543.0,
0.899,0.001,0.0,0.1,228.0,
0.862,0.025,0.012,0.1,429.0,
0.896,0.003,0.001,0.1,217.0,
0.887,0.003,0.01,0.1,339.0,
0.9,0.0,0.0,0.1,199.0,
0.852,0.026,0.022,0.1,401.0,
0.884,0.009,0.007,0.1,384.0,
0.888,0.004,0.008,0.1,269.0,
0.75,0.075,0.075,0.1,451.0,
0.889,0.01,0.001,0.1,251.0,
0.89,0.009,0.001,0.1,385.0,
0.892,0.005,0.003,0.1,139.0,
0.893,0.003,0.004,0.1,308.0,
0.898,0.002,0.0,0.1,120.0,
0.9,0.0,0.0,0.1,337.0,
0.845,0.017,0.038,0.1,409.0,
0.9,0.0,0.0,0.1,209.0,
0.9,0.0,0.0,0.1,200.0,
0.895,0.005,0.0,0.1,389.0,
0.787,0.056,0.056,0.1,428.0,
0.897,0.003,0.0,0.1,151.0,
0.814,0.034,0.052,0.1,622.0,
0.898,0.002,0.0,0.1,383.0,
0.881,0.012,0.008,0.1,524.0,
0.9,0.0,0.0,0.1,150.0,
0.867,0.025,0.008,0.1,552.0,
0.9,0.0,0.0,0.1,190.0,
0.891,0.006,0.003,0.1,179.0,
0.891,0.006,0.003,0.1,327.0,
0.891,0.009,0.0,0.1,332.0,
0.827,0.047,0.026,0.1,355.0,
0.858,0.03,0.012,0.1,467.0,
0.758,0.048,0.094,0.1,633.0,
0.899,0.0,0.001,0.1,250.0,
0.9,0.0,0.0,0.1,180.0,
0.827,0.039,0.034,0.1,522.0,
0.885,0.009,0.006,0.1,322.0,
0.822,0.038,0.039,0.1,398.0,
0.9,0.0,0.0,0.1,169.0,
0.894,0.004,0.001,0.1,445.0,
0.808,0.069,0.023,0.1,430.0,
0.9,0.0,0.0,0.1,110.0,
0.864,0.03,0.006,0.1,324.0,
0.9,0.0,0.0,0.1,287.0,
0.754,0.059,0.086,0.1,409.0,
0.872,0.013,0.015,0.1,496.0,
0.9,0.0,0.0,0.1,237.0,
0.797,0.043,0.06,0.1,412.0,
0.795,0.053,0.052,0.1,519.0,
0.809,0.054,0.037,0.1,581.0,
0.844,0.03,0.026,0.1,332.0,
0.893,0.005,0.002,0.1,110.0,
0.874,0.016,0.01,0.1,593.0,
0.849,0.028,0.023,0.1,307.0,
0.873,0.019,0.008,0.1,482.0,
0.897,0.003,0.0,0.1,289.0,
0.861,0.022,0.017,0.1,544.0,
0.885,0.013,0.002,0.1,410.0,
0.885,0.012,0.003,0.1,543.0,
0.852,0.035,0.012,0.1,320.0,
0.898,0.002,0.0,0.1,239.0,
0.77,0.066,0.064,0.1,449.0,
0.897,0.001,0.002,0.1,321.0,
0.766,0.07,0.064,0.1,412.0,
0.868,0.017,0.015,0.1,432.0,
0.873,0.015,0.012,0.1,343.0,
0.9,0.0,0.0,0.1,160.0,
0.884,0.013,0.003,0.1,456.0,
0.895,0.0,0.005,0.1,160.0,
0.846,0.036,0.019,0.1,558.0,
0.9,0.0,0.0,0.1,268.0,
0.9,0.0,0.0,0.1,260.0,
0.896,0.004,0.0,0.1,189.0,
0.9,0.0,0.0,0.1,170.0,
0.856,0.027,0.018,0.1,303.0,


0.887,0.013,0.0,0.1,119.0,
0.883,0.011,0.007,0.1,394.0,
0.886,0.007,0.007,0.1,292.0,
0.886,0.006,0.007,0.1,279.0,
0.862,0.025,0.014,0.1,381.0,
0.899,0.0,0.001,0.1,417.0,
0.891,0.006,0.004,0.1,407.0,
0.884,0.011,0.005,0.1,447.0,
0.882,0.012,0.006,0.1,408.0,
0.893,0.005,0.002,0.1,200.0,
0.854,0.032,0.015,0.1,548.0,
0.889,0.009,0.002,0.1,179.0,
0.892,0.005,0.003,0.1,209.0,
0.888,0.008,0.004,0.1,463.0,
0.9,0.0,0.0,0.1,231.0,
0.898,0.002,0.0,0.1,170.0,
0.89,0.004,0.006,0.1,530.0,
0.889,0.005,0.005,0.1,550.0,
0.899,0.001,0.0,0.1,279.0,
0.875,0.015,0.01,0.1,350.0,
0.897,0.002,0.001,0.1,282.0,
0.874,0.018,0.008,0.1,446.0,
0.874,0.018,0.009,0.1,129.0,
0.872,0.022,0.006,0.1,453.0,
0.892,0.004,0.004,0.1,259.0,
0.886,0.006,0.008,0.1,547.0,
0.893,0.006,0.001,0.1,318.0,
0.863,0.023,0.014,0.1,711.0,
0.9,0.0,0.0,0.1,339.0,
0.884,0.01,0.006,0.1,317.0,
0.832,0.04,0.028,0.1,595.0,
0.886,0.01,0.004,0.1,301.0,
0.859,0.031,0.01,0.1,596.0,
0.875,0.015,0.01,0.1,300.0,
0.89,0.007,0.003,0.1,216.0,
0.884,0.005,0.01,0.1,243.0,
0.894,0.003,0.003,0.1,424.0,
0.879,0.009,0.012,0.1,244.0,
0.884,0.009,0.008,0.1,720.0,
0.899,0.0,0.001,0.1,318.0,
0.895,0.004,0.002,0.1,191.0,
0.875,0.009,0.016,0.1,292.0,
0.9,0.0,0.0,0.1,203.0,
0.893,0.003,0.003,0.1,140.0,
0.895,0.003,0.003,0.1,150.0,
0.852,0.028,0.02,0.1,547.0,
0.877,0.011,0.011,0.1,533.0,
0.861,0.029,0.009,0.1,512.0,
0.893,0.006,0.002,0.1,559.0,
0.884,0.014,0.002,0.1,613.0,
0.887,0.01,0.003,0.1,210.0,
0.867,0.021,0.012,0.1,626.0,
0.876,0.016,0.008,0.1,570.0,
0.89,0.007,0.003,0.1,323.0,
0.895,0.005,0.0,0.1,298.0,
0.892,0.005,0.003,0.1,391.0,
0.884,0.007,0.009,0.1,415.0,
0.878,0.016,0.006,0.1,456.0,
0.897,0.003,0.0,0.1,80.0,
0.894,0.006,0.0,0.1,432.0,
0.887,0.008,0.004,0.1,406.0,
0.854,0.032,0.015,0.1,380.0,
0.895,0.004,0.001,0.1,363.0,
0.878,0.016,0.005,0.1,180.0,
0.88,0.013,0.007,0.1,396.0,
0.89,0.0,0.01,0.1,90.0,
0.888,0.01,0.002,0.1,585.0,
0.889,0.005,0.005,0.1,161.0,
0.859,0.028,0.014,0.1,305.0,
0.883,0.012,0.006,0.1,553.0,
0.877,0.018,0.005,0.1,574.0,
0.89,0.008,0.002,0.1,499.0,
0.895,0.004,0.001,0.1,239.0,
0.877,0.017,0.006,0.1,443.0,
0.886,0.008,0.006,0.1,281.0,
0.896,0.002,0.002,0.1,160.0,
0.886,0.006,0.008,0.1,180.0,
0.89,0.005,0.004,0.1,308.0,
0.892,0.003,0.006,0.1,615.0,
0.875,0.014,0.01,0.1,323.0,
0.892,0.004,0.004,0.1,308.0,
0.89,0.009,0.001,0.1,431.0,
0.894,0.005,0.002,0.1,198.0,
0.892,0.008,0.0,0.1,348.0,
0.877,0.018,0.005,0.1,390.0,
0.872,0.013,0.015,0.1,349.0,
0.882,0.01,0.008,0.1,221.0,
0.891,0.001,0.007,0.1,296.0,
0.883,0.008,0.009,0.1,300.0,
0.893,0.006,0.001,0.1,408.0,
0.895,0.004,0.002,0.1,609.0,
0.894,0.004,0.002,0.1,490.0,
0.889,0.008,0.003,0.1,220.0,
0.892,0.004,0.003,0.1,468.0,
0.896,0.004,0.0,0.1,407.0,
0.815,0.059,0.026,0.1,679.0,
0.898,0.002,0.0,0.1,200.0,
0.866,0.022,0.011,0.1,642.0,
0.876,0.019,0.005,0.1,508.0,
0.882,0.01,0.008,0.1,533.0,
0.852,0.034,0.014,0.1,657.0,
0.865,0.025,0.011,0.1,248.0,
0.897,0.0,0.003,0.1,236.0,
0.883,0.009,0.007,0.1,466.0,
0.897,0.001,0.001,0.1,217.0,
0.887,0.003,0.01,0.1,308.0,
0.891,0.006,0.004,0.1,99.0,
0.883,0.009,0.009,0.1,160.0,
0.871,0.021,0.008,0.1,525.0,
0.892,0.005,0.003,0.1,208.0,
0.88,0.013,0.008,0.1,385.0,
0.888,0.007,0.005,0.1,179.0,
0.878,0.018,0.003,0.1,463.0,
0.898,0.001,0.001,0.1,369.0,
0.873,0.019,0.008,0.1,494.0,
0.872,0.014,0.014,0.1,245.0,
0.894,0.004,0.002,0.1,374.0,
0.863,0.024,0.013,0.1,485.0,
0.892,0.006,0.002,0.1,340.0,
0.896,0.003,0.001,0.1,449.0,
0.886,0.008,0.006,0.1,510.0,
0.893,0.004,0.003,0.1,228.0,
0.866,0.028,0.006,0.1,535.0,
0.891,0.005,0.004,0.1,422.0,
0.887,0.007,0.007,0.1,297.0,
0.884,0.01,0.006,0.1,310.0,
0.876,0.018,0.006,0.1,299.0,
0.87,0.016,0.015,0.1,305.0,
0.897,0.0,0.003,0.1,376.0,
0.887,0.011,0.002,0.1,386.0,
0.891,0.004,0.005,0.1,317.0,
0.869,0.021,0.009,0.1,453.0,
0.878,0.013,0.009,0.1,426.0,
0.881,0.013,0.005,0.1,301.0,
0.863,0.026,0.011,0.1,485.0,
0.878,0.017,0.005,0.1,437.0,
0.889,0.009,0.003,0.1,119.0,
0.881,0.014,0.005,0.1,387.0,
0.874,0.018,0.008,0.1,427.0,
0.896,0.002,0.002,0.1,179.0,
0.882,0.007,0.012,0.1,220.0,
0.892,0.004,0.004,0.1,148.0,
0.886,0.008,0.006,0.1,393.0,
0.854,0.028,0.018,0.1,419.0,
0.855,0.024,0.021,0.1,684.0,
0.863,0.03,0.006,0.1,786.0,
0.895,0.004,0.001,0.1,332.0,
0.892,0.003,0.005,0.1,171.0,
0.868,0.023,0.009,0.1,444.0,
0.88,0.016,0.004,0.1,612.0,
0.885,0.015,0.0,0.1,149.0,
0.88,0.014,0.006,0.1,455.0,
0.886,0.006,0.009,0.1,247.0,
0.891,0.006,0.002,0.1,480.0,
0.884,0.014,0.001,0.1,200.0,
0.892,0.006,0.002,0.1,478.0,
0.878,0.016,0.006,0.1,401.0,
0.9,0.0,0.0,0.1,342.0,
0.844,0.04,0.016,0.1,661.0,
0.897,0.002,0.001,0.1,410.0,
0.889,0.006,0.005,0.1,420.0,
0.891,0.005,0.004,0.1,407.0,
0.876,0.021,0.004,0.1,615.0,
0.871,0.019,0.01,0.1,550.0,
0.877,0.016,0.007,0.1,755.0,
0.898,0.001,0.001,0.1,230.0,
0.886,0.008,0.006,0.1,446.0,
0.89,0.005,0.005,0.1,264.0,
0.867,0.022,0.011,0.1,518.0,
0.893,0.004,0.003,0.1,179.0,
0.895,0.003,0.001,0.1,241.0,
0.895,0.002,0.002,0.1,70.0,
0.87,0.02,0.01,0.1,273.0,
0.838,0.041,0.02,0.1,514.0,
0.866,0.022,0.012,0.1,480.0,
0.878,0.016,0.007,0.1,220.0,
0.896,0.001,0.003,0.1,170.0,
0.873,0.018,0.009,0.1,509.0,
0.892,0.006,0.002,0.1,349.0,
0.854,0.031,0.015,0.1,460.0,
0.888,0.006,0.006,0.1,453.0,
0.886,0.009,0.005,0.1,400.0,
0.892,0.005,0.003,0.1,297.0,
0.898,0.002,0.0,0.1,281.0,
0.892,0.006,0.002,0.1,646.0,
0.9,0.0,0.0,0.1,170.0,
0.9,0.0,0.0,0.1,151.0,
0.841,0.028,0.031,0.1,462.0,
0.87,0.016,0.014,0.1,489.0,
0.884,0.012,0.004,0.1,139.0,
0.887,0.011,0.002,0.1,400.0,
0.899,0.0,0.001,0.1,283.0,
0.867,0.023,0.01,0.1,961.0,
0.9,0.0,0.0,0.1,100.0,
0.887,0.007,0.005,0.1,417.0,
0.9,0.0,0.0,0.1,131.0,
0.886,0.011,0.004,0.1,227.0,
0.885,0.009,0.006,0.1,405.0,
0.9,0.0,0.0,0.1,391.0,
0.855,0.026,0.02,0.1,652.0,
0.891,0.004,0.005,0.1,384.0,
0.89,0.007,0.004,0.1,330.0,
0.886,0.007,0.008,0.1,356.0,
0.889,0.005,0.005,0.1,309.0,
0.885,0.007,0.008,0.1,343.0,
0.897,0.003,0.0,0.1,269.0,
0.891,0.006,0.003,0.1,721.0,
0.899,0.0,0.001,0.1,199.0,
0.898,0.002,0.0,0.1,200.0,
0.862,0.029,0.008,0.1,489.0,
0.881,0.016,0.003,0.1,497.0,
0.892,0.005,0.003,0.1,251.0,
0.889,0.009,0.002,0.1,475.0,
0.885,0.014,0.001,0.1,211.0,
0.898,0.0,0.002,0.1,260.0,
0.89,0.006,0.004,0.1,355.0,
0.9,0.0,0.0,0.1,230.0,
0.893,0.003,0.004,0.1,444.0,
0.898,0.0,0.002,0.1,219.0,
0.894,0.004,0.003,0.1,430.0,
0.885,0.013,0.001,0.1,277.0,
0.889,0.005,0.005,0.1,531.0,
0.893,0.003,0.004,0.1,339.0,
0.849,0.031,0.02,0.1,466.0,
0.875,0.015,0.01,0.1,361.0,
0.889,0.008,0.004,0.1,433.0,
0.882,0.012,0.006,0.1,309.0,
0.9,0.0,0.0,0.1,458.0,
0.887,0.007,0.005,0.1,454.0,
0.88,0.012,0.008,0.1,503.0,
0.87,0.018,0.012,0.1,319.0,
0.9,0.0,0.0,0.1,290.0,
0.896,0.003,0.001,0.1,220.0,
0.894,0.002,0.004,0.1,437.0,
0.892,0.005,0.003,0.1,130.0,
0.887,0.009,0.004,0.1,353.0,
0.885,0.012,0.003,0.1,378.0,
0.896,0.001,0.002,0.1,227.0,
0.9,0.0,0.0,0.1,591.0,
0.899,0.0,0.001,0.1,211.0,
0.853,0.029,0.018,0.1,499.0,
0.895,0.002,0.003,0.1,354.0,
0.883,0.011,0.006,0.1,446.0,
0.892,0.004,0.004,0.1,325.0,
0.889,0.005,0.006,0.1,306.0,
0.876,0.019,0.004,0.1,488.0,
0.878,0.016,0.006,0.1,293.0,
0.894,0.003,0.003,0.1,307.0,
0.872,0.017,0.011,0.1,676.0,
0.898,0.001,0.001,0.1,380.0,
0.878,0.018,0.004,0.1,432.0,
0.9,0.0,0.0,0.1,257.0,
0.897,0.002,0.001,0.1,290.0,
0.887,0.01,0.003,0.1,200.0,
0.898,0.0,0.002,0.1,130.0,
0.898,0.002,0.0,0.1,270.0,
0.871,0.011,0.018,0.1,446.0,
0.887,0.009,0.003,0.1,397.0,
0.892,0.005,0.003,0.1,426.0,
0.894,0.003,0.003,0.1,259.0,
0.804,0.065,0.031,0.1,360.0,
0.899,0.001,0.0,0.1,252.0,
0.899,0.0,0.001,0.1,407.0,
0.87,0.021,0.009,0.1,380.0,
0.852,0.034,0.014,0.1,388.0,
0.896,0.003,0.001,0.1,395.0,
0.895,0.005,0.0,0.1,179.0,
0.894,0.0,0.006,0.1,258.0,
0.869,0.023,0.007,0.1,211.0,
0.892,0.008,0.0,0.1,219.0,
0.8,0.065,0.035,0.1,619.0,
0.895,0.004,0.002,0.1,309.0,
0.899,0.0,0.001,0.1,408.0,
0.887,0.01,0.003,0.1,647.0,
0.888,0.007,0.006,0.1,290.0,
0.898,0.0,0.002,0.1,71.0,
0.889,0.01,0.001,0.1,233.0,
0.892,0.005,0.003,0.1,588.0,
0.898,0.0,0.002,0.1,130.0,
0.885,0.01,0.006,0.1,428.0,
0.884,0.005,0.011,0.1,250.0,
0.876,0.011,0.013,0.1,413.0,
0.893,0.006,0.001,0.1,251.0,
0.896,0.002,0.003,0.1,473.0,
0.887,0.007,0.005,0.1,424.0,
0.885,0.012,0.002,0.1,498.0,
0.887,0.011,0.002,0.1,419.0,
0.895,0.004,0.001,0.1,316.0,
0.869,0.02,0.01,0.1,400.0,
0.9,0.0,0.0,0.1,210.0,
0.895,0.003,0.002,0.1,220.0,
0.892,0.005,0.004,0.1,458.0,
0.896,0.004,0.0,0.1,673.0,
0.895,0.003,0.003,0.1,220.0,
0.893,0.005,0.002,0.1,462.0,
0.891,0.006,0.003,0.1,260.0,
0.9,0.0,0.0,0.1,370.0,
0.9,0.0,0.0,0.1,219.0,
0.896,0.003,0.001,0.1,269.0,
0.9,0.0,0.0,0.1,140.0,
0.9,0.0,0.0,0.1,119.0,
0.877,0.014,0.009,0.1,452.0,
0.862,0.029,0.01,0.1,534.0,
0.892,0.003,0.004,0.1,284.0,
0.899,0.001,0.0,0.1,268.0,
0.886,0.01,0.004,0.1,563.0,
0.896,0.001,0.002,0.1,219.0,
0.874,0.017,0.01,0.1,507.0,
0.894,0.005,0.002,0.1,389.0,
0.843,0.042,0.016,0.1,444.0,
0.892,0.003,0.005,0.1,272.0,
0.871,0.02,0.009,0.1,352.0,
0.89,0.007,0.003,0.1,408.0,
0.898,0.002,0.0,0.1,213.0,
0.898,0.002,0.0,0.1,161.0,
0.9,0.0,0.0,0.1,318.0,
0.898,0.002,0.0,0.1,453.0,
0.9,0.0,0.0,0.1,110.0,
0.9,0.0,0.0,0.1,178.0,
0.892,0.005,0.003,0.1,289.0,
0.868,0.02,0.011,0.1,518.0,
0.892,0.004,0.004,0.1,189.0,
0.891,0.008,0.001,0.1,375.0,
0.896,0.004,0.0,0.1,120.0,
0.89,0.005,0.005,0.1,140.0,
0.893,0.005,0.002,0.1,318.0,
0.885,0.008,0.007,0.1,250.0,
0.893,0.004,0.003,0.1,514.0,
0.871,0.016,0.013,0.1,499.0,
0.896,0.002,0.002,0.1,271.0,
0.9,0.0,0.0,0.1,150.0,
0.886,0.009,0.005,0.1,379.0,
0.894,0.004,0.002,0.1,424.0,
0.899,0.001,0.0,0.1,288.0,
0.888,0.005,0.007,0.1,581.0,
0.889,0.006,0.005,0.1,217.0,
0.89,0.006,0.005,0.1,311.0,
0.89,0.007,0.003,0.1,491.0,
0.894,0.002,0.004,0.1,344.0,
0.876,0.017,0.007,0.1,384.0,
0.863,0.026,0.011,0.1,495.0,
0.895,0.002,0.002,0.1,255.0,
0.883,0.005,0.012,0.1,440.0,
0.892,0.005,0.003,0.1,150.0,
0.841,0.043,0.017,0.1,505.0,
0.871,0.018,0.011,0.1,584.0,
0.882,0.011,0.007,0.1,430.0,
0.895,0.001,0.004,0.1,450.0,
0.892,0.003,0.004,0.1,238.0,
0.843,0.038,0.019,0.1,636.0,
0.899,0.0,0.001,0.1,540.0,
0.89,0.007,0.004,0.1,462.0,
0.881,0.011,0.009,0.1,323.0,
0.882,0.013,0.006,0.1,499.0,
0.899,0.001,0.001,0.1,583.0,
0.884,0.01,0.006,0.1,484.0,
0.895,0.004,0.001,0.1,429.0,
0.893,0.002,0.005,0.1,430.0,
0.891,0.006,0.003,0.1,286.0,
0.9,0.0,0.0,0.1,399.0,
0.886,0.009,0.005,0.1,260.0,
0.9,0.0,0.0,0.1,299.0,
0.899,0.0,0.001,0.1,200.0,
0.89,0.004,0.005,0.1,250.0,
0.887,0.009,0.004,0.1,260.0,
0.887,0.009,0.003,0.1,186.0,
0.898,0.001,0.001,0.1,556.0,
0.896,0.0,0.004,0.1,141.0,
0.875,0.018,0.007,0.1,328.0,
0.9,0.0,0.0,0.1,250.0,
0.886,0.01,0.003,0.1,270.0,
0.891,0.001,0.007,0.1,258.0,
0.886,0.011,0.002,0.1,399.0,
0.896,0.002,0.002,0.1,382.0,
0.891,0.007,0.002,0.1,229.0,
0.892,0.002,0.006,0.1,130.0,
0.892,0.006,0.003,0.1,472.0,
0.898,0.002,0.0,0.1,140.0,
0.874,0.016,0.01,0.1,433.0,
0.9,0.0,0.0,0.1,227.0,
0.9,0.0,0.0,0.1,308.0,
0.886,0.009,0.005,0.1,218.0,
0.892,0.005,0.003,0.1,433.0,
0.831,0.056,0.013,0.1,555.0,
0.887,0.008,0.004,0.1,323.0,
0.866,0.021,0.013,0.1,511.0,
0.896,0.001,0.003,0.1,591.0,
0.874,0.013,0.014,0.1,270.0,
0.883,0.014,0.003,0.1,436.0,
0.881,0.012,0.008,0.1,351.0,
0.896,0.004,0.0,0.1,221.0,
0.898,0.001,0.001,0.1,339.0,
0.869,0.021,0.01,0.1,386.0,
0.874,0.019,0.007,0.1,494.0,
0.889,0.009,0.002,0.1,198.0,
0.898,0.002,0.0,0.1,250.0,
0.882,0.009,0.009,0.1,223.0,
0.893,0.004,0.003,0.1,393.0,
0.891,0.003,0.005,0.1,374.0,
0.891,0.007,0.002,0.1,515.0,
0.9,0.0,0.0,0.1,336.0,
0.879,0.017,0.004,0.1,498.0,
0.898,0.002,0.0,0.1,150.0,
0.874,0.016,0.01,0.1,638.0,
0.876,0.015,0.008,0.1,269.0,
0.883,0.012,0.005,0.1,474.0,
0.887,0.008,0.005,0.1,278.0,
0.9,0.0,0.0,0.1,270.0,
0.892,0.006,0.002,0.1,159.0,
0.895,0.004,0.001,0.1,542.0,
0.885,0.011,0.004,0.1,260.0,
0.873,0.02,0.006,0.1,568.0,
0.874,0.019,0.007,0.1,483.0,
0.894,0.004,0.002,0.1,380.0,
0.896,0.001,0.003,0.1,396.0,
0.889,0.01,0.001,0.1,390.0,
0.885,0.012,0.004,0.1,110.0,
0.892,0.003,0.005,0.1,376.0,
0.899,0.001,0.001,0.1,460.0,
0.891,0.003,0.006,0.1,531.0,
0.887,0.006,0.007,0.1,510.0,
0.896,0.001,0.002,0.1,211.0,
0.895,0.001,0.004,0.1,317.0,
0.891,0.007,0.002,0.1,359.0,
0.845,0.037,0.018,0.1,616.0,
0.892,0.008,0.0,0.1,229.0,
0.882,0.014,0.004,0.1,433.0,
0.868,0.022,0.01,0.1,231.0,
0.888,0.009,0.003,0.1,336.0,
0.896,0.004,0.0,0.1,192.0,
0.882,0.013,0.004,0.1,406.0,
0.887,0.006,0.007,0.1,386.0,
0.893,0.006,0.001,0.1,273.0,
0.886,0.006,0.008,0.1,449.0,
0.89,0.01,0.0,0.1,259.0,
0.892,0.006,0.002,0.1,379.0,
0.898,0.002,0.0,0.1,130.0,
0.895,0.004,0.001,0.1,309.0,
0.886,0.012,0.002,0.1,120.0,
0.88,0.017,0.003,0.1,327.0,
0.893,0.004,0.004,0.1,402.0,
0.882,0.011,0.007,0.1,208.0,
0.893,0.007,0.0,0.1,218.0,
0.896,0.003,0.001,0.1,399.0,
0.86,0.027,0.012,0.1,440.0,
0.9,0.0,0.0,0.1,150.0,
0.811,0.061,0.028,0.1,644.0,
0.894,0.005,0.002,0.1,406.0,
0.893,0.005,0.002,0.1,509.0,
0.888,0.004,0.008,0.1,151.0,
0.888,0.009,0.003,0.1,536.0,
0.885,0.007,0.007,0.1,190.0,
0.894,0.002,0.005,0.1,173.0,
0.896,0.003,0.001,0.1,338.0,
0.899,0.001,0.0,0.1,326.0,
0.877,0.007,0.016,0.1,345.0,
0.858,0.032,0.011,0.1,504.0,
0.889,0.003,0.008,0.1,634.0,
0.889,0.009,0.003,0.1,234.0,
0.888,0.009,0.002,0.1,181.0,
0.869,0.019,0.012,0.1,537.0,
0.886,0.012,0.002,0.1,310.0,
0.876,0.013,0.011,0.1,387.0,
0.898,0.002,0.0,0.1,179.0,
0.889,0.007,0.004,0.1,439.0,
0.88,0.013,0.007,0.1,446.0,
0.9,0.0,0.0,0.1,110.0,
0.893,0.005,0.003,0.1,322.0,
0.899,0.001,0.0,0.1,287.0,
0.9,0.0,0.0,0.1,397.0,
0.854,0.033,0.013,0.1,499.0,
0.884,0.011,0.005,0.1,230.0,
0.85,0.028,0.022,0.1,411.0,
0.873,0.023,0.004,0.1,529.0,
0.887,0.011,0.003,0.1,578.0,
0.874,0.014,0.012,0.1,350.0,
0.9,0.0,0.0,0.1,101.0,
0.869,0.019,0.013,0.1,594.0,
0.889,0.007,0.004,0.1,300.0,
0.884,0.007,0.009,0.1,478.0,
0.871,0.015,0.013,0.1,299.0,
0.894,0.006,0.001,0.1,533.0,
0.898,0.002,0.0,0.1,390.0,
0.881,0.013,0.006,0.1,555.0,
0.896,0.002,0.001,0.1,317.0,
0.886,0.009,0.005,0.1,229.0,
0.85,0.033,0.017,0.1,502.0,
0.88,0.015,0.005,0.1,339.0,
0.881,0.01,0.009,0.1,456.0,
0.832,0.046,0.022,0.1,454.0,
0.887,0.011,0.002,0.1,365.0,
0.896,0.0,0.004,0.1,160.0,
0.864,0.026,0.01,0.1,464.0,
0.891,0.002,0.007,0.1,160.0,
0.893,0.001,0.007,0.1,554.0,
0.89,0.004,0.006,0.1,268.0,
0.897,0.003,0.0,0.1,262.0,
0.9,0.0,0.0,0.1,181.0,
0.892,0.004,0.004,0.1,169.0,
0.9,0.0,0.0,0.1,290.0,


0.096,0.314,0.491,0.1,1016.054,
0.872,0.015,0.013,0.1,354.412,
0.885,0.01,0.005,0.1,360.1,

