

Data analysis for each instance 
AVG,MED,MAX,MIN
43735.9,43732.5,53596,39875,
40835.73,40865,48038,40653,
37416.03,37445,46653,34013,
54155.4,53936.5,84609,48205,
38793.1,39127,44956,38248,


44577.94,44683.5,53596,40213,
44307.12,44706,48038,43818,
39822.04,39807,46653,37172,
57241.63,57088.5,84609,55971,
39660.42,40291,44956,38667,




Further Data analysis of all test cases 
avg med max min 
AVGs,42987.232,40835.73,54155.4,37416.03,
MEDs,43021.2,40865,53936.5,37445,
MAXs,55570.4,48038,84609,44956,
MINs,40198.8,39875,48205,34013,


AVGs,45121.83,44307.12,57241.63,39660.42,
MEDs,45315.2,44683.5,57088.5,39807,
MAXs,55570.4,48038,84609,44956,
MINs,43168.2,40213,55971,37172,



