

Data analysis for each instance 
AVG,MED,MAX,MIN
0.435,0.428,1,0.428,
0.419,0.408,1,0.408,
0.462,0.457,1,0.426,
0.413,0.403,1,0.403,
0.418,0.408,1,0.408,


0.562,0.565,1,0.48,
0.575,0.567,1,0.523,
0.574,0.578,1,0.513,
0.567,0.569,1,0.501,
0.557,0.558,1,0.468,




Further Data analysis of all test cases 
avg med max min 
AVGs,0.429,0.419,0.462,0.413,
MEDs,0.421,0.408,0.457,0.403,
MAXs,1,1,1,1,
MINs,0.415,0.408,0.428,0.403,


AVGs,0.567,0.567,0.575,0.557,
MEDs,0.568,0.567,0.578,0.558,
MAXs,1,1,1,1,
MINs,0.497,0.501,0.523,0.468,



