

Data analysis for each instance 
AVG,MED,MAX,MIN
1,0.658,0.656,0.538,0.524,0.486,0.508,0.489,0.458,0.447,
1,0.841,0.55,0.548,0.498,0.506,0.46,0.447,0.46,0.457,
1,0.824,0.616,0.555,0.495,0.465,0.483,0.451,0.452,0.448,
1,0.686,0.655,0.588,0.512,0.489,0.455,0.469,0.469,0.476,
1,0.704,0.658,0.547,0.528,0.528,0.459,0.488,0.476,0.46,
1,0.726,0.631,0.538,0.487,0.5,0.483,0.454,0.469,0.457,
1,0.749,0.579,0.548,0.519,0.486,0.432,0.439,0.451,0.449,
1,0.71,0.578,0.609,0.489,0.474,0.501,0.484,0.494,0.479,
1,0.755,0.641,0.527,0.509,0.487,0.465,0.478,0.486,0.474,
1,0.727,0.559,0.579,0.498,0.447,0.501,0.432,0.469,0.458,
1,0.777,0.607,0.559,0.496,0.469,0.478,0.476,0.436,0.468,
1,0.845,0.564,0.506,0.493,0.527,0.46,0.431,0.447,0.464,
1,0.826,0.54,0.49,0.521,0.511,0.476,0.48,0.497,0.45,
1,0.749,0.627,0.538,0.474,0.446,0.408,0.427,0.442,0.444,
1,0.743,0.657,0.507,0.492,0.479,0.489,0.48,0.449,0.479,
1,0.633,0.638,0.573,0.529,0.494,0.462,0.456,0.464,0.457,
1,0.676,0.655,0.53,0.508,0.48,0.449,0.441,0.422,0.424,
1,0.705,0.667,0.52,0.489,0.46,0.498,0.491,0.483,0.447,
1,0.715,0.64,0.56,0.471,0.469,0.45,0.431,0.438,0.428,
1,0.709,0.589,0.523,0.549,0.47,0.5,0.465,0.442,0.467,
1,0.679,0.609,0.562,0.48,0.486,0.509,0.436,0.447,0.472,
1,0.577,0.624,0.635,0.522,0.447,0.49,0.49,0.46,0.434,
1,0.731,0.602,0.499,0.48,0.465,0.459,0.422,0.415,0.454,
1,0.755,0.572,0.534,0.501,0.486,0.515,0.477,0.478,0.457,
1,0.727,0.539,0.556,0.532,0.464,0.496,0.49,0.479,0.452,
1,0.771,0.595,0.622,0.494,0.473,0.459,0.472,0.451,0.476,
1,0.777,0.608,0.526,0.497,0.473,0.505,0.482,0.446,0.46,
1,0.717,0.621,0.566,0.515,0.487,0.459,0.461,0.463,0.461,
1,0.659,0.609,0.55,0.537,0.464,0.462,0.474,0.459,0.458,
1,0.704,0.605,0.523,0.501,0.466,0.461,0.459,0.457,0.422,
1,0.817,0.657,0.531,0.452,0.473,0.49,0.438,0.443,0.473,
1,0.651,0.583,0.612,0.579,0.452,0.468,0.45,0.432,0.469,
1,0.763,0.628,0.542,0.47,0.499,0.453,0.417,0.473,0.44,
1,0.724,0.672,0.532,0.491,0.499,0.464,0.467,0.484,0.461,
1,0.817,0.586,0.543,0.461,0.469,0.495,0.483,0.483,0.474,
1,0.793,0.599,0.537,0.52,0.466,0.458,0.486,0.453,0.461,
1,0.761,0.583,0.586,0.5,0.492,0.468,0.476,0.461,0.434,
1,0.767,0.639,0.519,0.483,0.486,0.48,0.445,0.479,0.496,
1,0.715,0.565,0.512,0.521,0.502,0.485,0.486,0.456,0.484,
1,0.701,0.58,0.554,0.517,0.478,0.514,0.467,0.485,0.44,
1,0.695,0.638,0.532,0.512,0.507,0.457,0.463,0.442,0.456,
1,0.692,0.66,0.504,0.465,0.495,0.502,0.45,0.471,0.469,
1,0.678,0.641,0.53,0.513,0.512,0.508,0.475,0.457,0.456,
1,0.717,0.685,0.499,0.531,0.443,0.455,0.427,0.483,0.471,
1,0.804,0.589,0.402,0.441,0.432,0.535,0.449,0.483,0.409,
1,0.719,0.629,0.542,0.508,0.491,0.497,0.472,0.455,0.475,
1,0.729,0.602,0.534,0.545,0.488,0.47,0.482,0.465,0.44,
1,0.732,0.644,0.568,0.502,0.502,0.45,0.432,0.463,0.421,
1,0.718,0.61,0.56,0.51,0.469,0.499,0.435,0.462,0.454,
1,0.662,0.63,0.481,0.521,0.526,0.504,0.448,0.485,0.447,
1,0.725,0.634,0.522,0.524,0.492,0.458,0.485,0.44,0.443,
1,0.738,0.587,0.506,0.48,0.511,0.457,0.458,0.434,0.451,
1,0.741,0.658,0.57,0.445,0.466,0.466,0.479,0.438,0.47,
1,0.768,0.593,0.514,0.517,0.494,0.507,0.474,0.434,0.44,
1,0.689,0.631,0.613,0.507,0.457,0.471,0.486,0.454,0.46,
1,0.675,0.681,0.529,0.51,0.49,0.437,0.461,0.448,0.482,
1,0.704,0.619,0.606,0.492,0.487,0.442,0.439,0.457,0.47,
1,0.736,0.601,0.546,0.485,0.509,0.486,0.466,0.463,0.428,
1,0.684,0.696,0.503,0.492,0.474,0.477,0.446,0.489,0.514,
1,0.768,0.608,0.57,0.468,0.456,0.466,0.465,0.448,0.451,
1,0.745,0.59,0.546,0.508,0.463,0.438,0.437,0.471,0.46,
1,0.701,0.642,0.535,0.526,0.463,0.485,0.473,0.485,0.46,
1,0.711,0.661,0.521,0.508,0.483,0.481,0.443,0.482,0.447,
1,0.723,0.631,0.562,0.453,0.436,0.462,0.492,0.449,0.472,
1,0.768,0.575,0.549,0.533,0.475,0.483,0.464,0.461,0.459,
1,0.675,0.646,0.552,0.49,0.494,0.477,0.486,0.477,0.457,
1,0.641,0.697,0.556,0.465,0.479,0.458,0.5,0.458,0.461,
1,0.736,0.609,0.516,0.521,0.476,0.465,0.501,0.448,0.475,
1,0.676,0.697,0.572,0.49,0.465,0.471,0.473,0.495,0.465,
1,0.699,0.594,0.53,0.5,0.501,0.481,0.45,0.473,0.461,
1,0.76,0.545,0.597,0.51,0.465,0.457,0.451,0.463,0.48,
1,0.797,0.615,0.509,0.55,0.468,0.483,0.484,0.439,0.45,
1,0.747,0.548,0.561,0.512,0.497,0.462,0.478,0.455,0.459,
1,0.699,0.65,0.571,0.525,0.474,0.488,0.493,0.475,0.456,
1,0.784,0.61,0.562,0.466,0.476,0.467,0.458,0.451,0.466,
1,0.713,0.537,0.494,0.472,0.531,0.484,0.441,0.419,0.411,
1,0.702,0.642,0.543,0.466,0.503,0.468,0.463,0.487,0.468,
1,0.762,0.625,0.513,0.525,0.478,0.481,0.489,0.464,0.443,
1,0.751,0.631,0.565,0.487,0.46,0.462,0.487,0.448,0.432,
1,0.576,0.698,0.522,0.549,0.493,0.502,0.456,0.451,0.464,
1,0.808,0.55,0.528,0.533,0.483,0.475,0.478,0.467,0.459,
1,0.783,0.599,0.483,0.417,0.487,0.484,0.491,0.395,0.4,
1,0.775,0.611,0.479,0.44,0.448,0.495,0.483,0.506,0.459,
1,0.708,0.653,0.548,0.494,0.494,0.439,0.466,0.467,0.434,
1,0.716,0.636,0.559,0.501,0.495,0.481,0.457,0.445,0.471,
1,0.711,0.601,0.547,0.508,0.494,0.506,0.461,0.438,0.448,
1,0.741,0.613,0.453,0.496,0.532,0.459,0.454,0.43,0.433,
1,0.681,0.591,0.531,0.536,0.454,0.467,0.502,0.464,0.462,
1,0.758,0.616,0.508,0.504,0.496,0.483,0.416,0.421,0.46,
1,0.741,0.594,0.53,0.442,0.494,0.52,0.481,0.479,0.484,
1,0.672,0.675,0.57,0.458,0.492,0.454,0.488,0.417,0.455,
1,0.689,0.552,0.612,0.512,0.492,0.507,0.468,0.449,0.451,
1,0.649,0.707,0.548,0.476,0.445,0.463,0.455,0.474,0.443,
1,0.799,0.606,0.51,0.505,0.46,0.479,0.471,0.466,0.47,
1,0.651,0.616,0.543,0.532,0.487,0.474,0.474,0.472,0.423,
1,0.727,0.606,0.53,0.492,0.491,0.454,0.465,0.439,0.472,
1,0.742,0.652,0.535,0.489,0.482,0.475,0.473,0.472,0.452,
1,0.678,0.683,0.506,0.472,0.517,0.463,0.486,0.452,0.445,
1,0.78,0.69,0.456,0.488,0.46,0.426,0.49,0.457,0.424,
1,0.701,0.584,0.598,0.532,0.461,0.466,0.473,0.479,0.457,
1,0.753,0.628,0.532,0.501,0.49,0.459,0.475,0.474,0.47,
1,0.78,0.582,0.509,0.497,0.527,0.495,0.466,0.468,0.479,
1,0.784,0.527,0.512,0.499,0.489,0.468,0.452,0.457,0.442,
1,0.746,0.539,0.563,0.562,0.49,0.465,0.469,0.478,0.461,
1,0.694,0.636,0.468,0.48,0.481,0.465,0.502,0.477,0.48,
1,0.699,0.649,0.509,0.486,0.463,0.508,0.463,0.488,0.466,
1,0.796,0.673,0.516,0.494,0.474,0.459,0.459,0.44,0.448,
1,0.698,0.658,0.52,0.562,0.464,0.446,0.477,0.436,0.465,
1,0.682,0.561,0.55,0.55,0.47,0.476,0.484,0.444,0.459,
1,0.707,0.63,0.562,0.495,0.464,0.494,0.468,0.456,0.454,
1,0.793,0.664,0.473,0.496,0.494,0.478,0.478,0.471,0.454,
1,0.735,0.648,0.547,0.507,0.486,0.46,0.444,0.465,0.455,
1,0.79,0.627,0.546,0.517,0.473,0.452,0.428,0.454,0.451,
1,0.661,0.666,0.543,0.531,0.519,0.47,0.493,0.456,0.46,
1,0.793,0.615,0.542,0.477,0.462,0.494,0.445,0.461,0.445,
1,0.698,0.618,0.558,0.5,0.491,0.451,0.487,0.474,0.464,
1,0.8,0.592,0.5,0.517,0.491,0.463,0.48,0.468,0.444,
1,0.668,0.642,0.554,0.506,0.458,0.493,0.464,0.447,0.488,
1,0.627,0.629,0.621,0.47,0.515,0.475,0.452,0.461,0.467,
1,0.818,0.553,0.561,0.494,0.48,0.481,0.468,0.456,0.454,
1,0.761,0.635,0.487,0.512,0.475,0.468,0.462,0.461,0.452,
1,0.829,0.647,0.524,0.511,0.489,0.443,0.439,0.437,0.462,
1,0.775,0.554,0.487,0.543,0.496,0.494,0.473,0.48,0.426,
1,0.729,0.607,0.551,0.475,0.472,0.43,0.438,0.456,0.498,
1,0.74,0.6,0.537,0.542,0.47,0.462,0.444,0.463,0.468,
1,0.74,0.565,0.49,0.444,0.539,0.463,0.454,0.45,0.457,
1,0.795,0.609,0.504,0.49,0.473,0.462,0.456,0.482,0.463,
1,0.71,0.689,0.503,0.505,0.47,0.461,0.472,0.468,0.464,
1,0.673,0.58,0.572,0.51,0.474,0.504,0.486,0.473,0.476,
1,0.794,0.574,0.479,0.53,0.446,0.471,0.455,0.434,0.471,
1,0.771,0.615,0.572,0.524,0.481,0.47,0.455,0.48,0.462,
1,0.777,0.601,0.559,0.469,0.476,0.491,0.472,0.458,0.485,
1,0.695,0.657,0.547,0.504,0.48,0.481,0.451,0.472,0.477,
1,0.643,0.625,0.605,0.459,0.501,0.486,0.455,0.469,0.442,
1,0.739,0.592,0.562,0.531,0.491,0.47,0.478,0.441,0.48,
1,0.66,0.674,0.565,0.499,0.452,0.465,0.485,0.481,0.438,
1,0.829,0.552,0.554,0.489,0.507,0.47,0.447,0.457,0.475,
1,0.647,0.625,0.563,0.544,0.497,0.478,0.48,0.468,0.478,
1,0.769,0.594,0.531,0.502,0.52,0.488,0.485,0.498,0.462,
1,0.714,0.625,0.519,0.538,0.489,0.486,0.46,0.462,0.446,
1,0.695,0.544,0.515,0.525,0.561,0.517,0.479,0.471,0.473,
1,0.768,0.552,0.542,0.501,0.476,0.452,0.483,0.447,0.481,
1,0.74,0.58,0.568,0.528,0.518,0.458,0.453,0.462,0.466,
1,0.693,0.576,0.539,0.523,0.461,0.499,0.472,0.48,0.47,
1,0.735,0.638,0.551,0.515,0.497,0.464,0.453,0.463,0.476,
1,0.742,0.591,0.56,0.496,0.503,0.468,0.442,0.475,0.451,
1,0.693,0.595,0.59,0.503,0.482,0.485,0.468,0.461,0.444,
1,0.657,0.694,0.551,0.521,0.484,0.511,0.455,0.446,0.467,
1,0.682,0.6,0.563,0.498,0.471,0.474,0.481,0.465,0.45,
1,0.719,0.581,0.545,0.534,0.432,0.445,0.445,0.458,0.52,
1,0.792,0.606,0.507,0.549,0.451,0.501,0.474,0.44,0.48,
1,0.696,0.652,0.533,0.463,0.484,0.496,0.484,0.484,0.46,
1,0.825,0.617,0.552,0.487,0.463,0.473,0.446,0.435,0.431,
1,0.74,0.678,0.522,0.498,0.492,0.474,0.456,0.457,0.479,
1,0.919,0.539,0.514,0.486,0.485,0.456,0.477,0.463,0.458,
1,0.747,0.611,0.515,0.537,0.515,0.459,0.484,0.45,0.448,
1,0.665,0.626,0.575,0.514,0.465,0.454,0.471,0.502,0.457,
1,0.647,0.733,0.567,0.48,0.459,0.466,0.45,0.456,0.446,
1,0.766,0.66,0.519,0.483,0.489,0.448,0.451,0.476,0.451,
1,0.718,0.583,0.589,0.508,0.491,0.465,0.473,0.445,0.441,
1,0.738,0.589,0.52,0.552,0.505,0.462,0.474,0.474,0.475,
1,0.813,0.569,0.538,0.457,0.501,0.444,0.449,0.45,0.445,
1,0.809,0.587,0.534,0.519,0.481,0.461,0.456,0.471,0.461,
1,0.645,0.658,0.553,0.517,0.501,0.486,0.481,0.455,0.47,
1,0.723,0.634,0.445,0.502,0.518,0.481,0.501,0.468,0.417,
1,0.651,0.676,0.549,0.445,0.537,0.468,0.44,0.476,0.428,
1,0.715,0.593,0.558,0.503,0.525,0.502,0.457,0.469,0.48,
1,0.771,0.644,0.503,0.438,0.48,0.453,0.505,0.467,0.447,
1,0.679,0.552,0.55,0.521,0.484,0.47,0.496,0.469,0.422,
1,0.781,0.603,0.503,0.492,0.477,0.5,0.469,0.455,0.457,
1,0.7,0.653,0.502,0.551,0.485,0.464,0.468,0.449,0.446,
1,0.73,0.656,0.551,0.494,0.481,0.487,0.473,0.465,0.453,
1,0.774,0.645,0.495,0.519,0.49,0.444,0.451,0.489,0.464,
1,0.556,0.731,0.572,0.484,0.525,0.456,0.422,0.459,0.476,
1,0.661,0.68,0.572,0.51,0.489,0.499,0.463,0.479,0.466,
1,0.697,0.629,0.626,0.459,0.492,0.463,0.454,0.485,0.453,
1,0.79,0.638,0.559,0.507,0.475,0.438,0.49,0.484,0.413,
1,0.754,0.593,0.572,0.52,0.461,0.46,0.478,0.457,0.461,
1,0.692,0.588,0.612,0.53,0.476,0.461,0.483,0.467,0.441,
1,0.784,0.502,0.55,0.479,0.531,0.513,0.477,0.464,0.48,
1,0.903,0.603,0.511,0.487,0.442,0.437,0.466,0.473,0.454,
1,0.72,0.606,0.553,0.465,0.486,0.47,0.489,0.463,0.442,
1,0.725,0.634,0.592,0.488,0.429,0.491,0.496,0.456,0.448,
1,0.778,0.577,0.525,0.505,0.491,0.473,0.473,0.491,0.48,
1,0.746,0.68,0.535,0.506,0.499,0.48,0.487,0.462,0.453,
1,0.708,0.623,0.513,0.514,0.498,0.506,0.512,0.456,0.456,
1,0.739,0.613,0.585,0.522,0.471,0.457,0.465,0.48,0.449,
1,0.788,0.613,0.525,0.517,0.505,0.478,0.439,0.451,0.45,
1,0.688,0.569,0.519,0.509,0.457,0.476,0.441,0.5,0.466,
1,0.72,0.602,0.586,0.502,0.468,0.502,0.473,0.498,0.445,
1,0.759,0.599,0.556,0.455,0.468,0.517,0.447,0.502,0.467,
1,0.722,0.601,0.581,0.524,0.485,0.48,0.471,0.468,0.449,
1,0.716,0.645,0.574,0.469,0.451,0.514,0.465,0.459,0.461,
1,0.759,0.584,0.554,0.474,0.506,0.487,0.482,0.456,0.428,
1,0.8,0.588,0.526,0.482,0.487,0.458,0.43,0.48,0.448,
1,0.82,0.471,0.432,0.536,0.436,0.434,0.507,0.48,0.447,
1,0.792,0.593,0.538,0.49,0.496,0.489,0.476,0.44,0.457,
1,0.785,0.609,0.554,0.512,0.453,0.477,0.452,0.467,0.471,
1,0.767,0.6,0.551,0.488,0.447,0.466,0.478,0.446,0.463,
1,0.787,0.573,0.564,0.47,0.494,0.483,0.46,0.463,0.464,
1,0.751,0.643,0.515,0.487,0.458,0.517,0.49,0.481,0.449,
1,0.714,0.63,0.512,0.483,0.516,0.507,0.488,0.473,0.482,
1,0.785,0.623,0.487,0.443,0.43,0.454,0.414,0.456,0.422,
1,0.814,0.625,0.564,0.5,0.471,0.474,0.431,0.458,0.459,
1,0.677,0.681,0.509,0.495,0.493,0.518,0.452,0.473,0.472,
1,0.728,0.688,0.51,0.518,0.459,0.439,0.464,0.456,0.45,
1,0.691,0.67,0.543,0.522,0.512,0.459,0.434,0.452,0.431,
1,0.743,0.593,0.548,0.528,0.526,0.437,0.443,0.463,0.442,
1,0.725,0.578,0.543,0.478,0.473,0.469,0.445,0.504,0.469,
1,0.663,0.673,0.525,0.491,0.473,0.497,0.465,0.439,0.451,
1,0.757,0.581,0.581,0.514,0.493,0.457,0.47,0.454,0.411,
1,0.72,0.549,0.577,0.541,0.499,0.466,0.485,0.474,0.472,
1,0.69,0.605,0.508,0.545,0.548,0.442,0.47,0.437,0.489,
1,0.753,0.655,0.503,0.494,0.497,0.488,0.494,0.44,0.443,
1,0.745,0.595,0.557,0.486,0.481,0.454,0.463,0.455,0.465,
1,0.773,0.608,0.514,0.52,0.464,0.478,0.457,0.477,0.464,
1,0.779,0.632,0.516,0.48,0.5,0.459,0.489,0.484,0.458,
1,0.746,0.592,0.484,0.488,0.48,0.506,0.509,0.455,0.452,
1,0.801,0.603,0.552,0.51,0.447,0.475,0.44,0.479,0.411,
1,0.706,0.584,0.452,0.575,0.452,0.506,0.484,0.44,0.488,
1,0.639,0.601,0.621,0.516,0.482,0.491,0.484,0.443,0.436,
1,0.736,0.672,0.498,0.494,0.481,0.467,0.444,0.457,0.463,
1,0.788,0.574,0.528,0.52,0.464,0.477,0.447,0.449,0.444,
1,0.762,0.652,0.502,0.49,0.489,0.467,0.455,0.481,0.448,
1,0.737,0.589,0.578,0.516,0.457,0.493,0.451,0.497,0.457,
1,0.78,0.551,0.536,0.493,0.464,0.435,0.429,0.433,0.45,
1,0.704,0.679,0.552,0.498,0.48,0.46,0.483,0.465,0.45,
1,0.723,0.489,0.67,0.533,0.416,0.347,0.414,0.408,0.435,
1,0.793,0.576,0.506,0.508,0.49,0.486,0.472,0.434,0.447,
1,0.793,0.612,0.515,0.473,0.504,0.473,0.463,0.448,0.452,
1,0.769,0.593,0.534,0.512,0.485,0.486,0.481,0.458,0.455,
1,0.695,0.673,0.525,0.496,0.491,0.436,0.51,0.466,0.474,
1,0.817,0.601,0.525,0.504,0.479,0.493,0.454,0.475,0.457,
1,0.725,0.555,0.566,0.517,0.474,0.485,0.466,0.474,0.442,
1,0.755,0.629,0.541,0.43,0.42,0.45,0.457,0.482,0.411,
1,0.785,0.588,0.552,0.518,0.479,0.49,0.466,0.437,0.469,
1,0.767,0.626,0.505,0.49,0.497,0.471,0.466,0.481,0.452,
1,0.686,0.587,0.568,0.585,0.482,0.458,0.468,0.43,0.455,
1,0.745,0.602,0.543,0.477,0.508,0.484,0.443,0.492,0.469,
1,0.828,0.629,0.522,0.468,0.436,0.443,0.476,0.463,0.427,
1,0.735,0.593,0.549,0.526,0.479,0.506,0.493,0.464,0.464,
1,0.787,0.624,0.549,0.514,0.431,0.462,0.454,0.481,0.439,
1,0.827,0.572,0.539,0.448,0.424,0.492,0.456,0.444,0.452,
1,0.749,0.612,0.539,0.524,0.46,0.475,0.484,0.464,0.482,
1,0.713,0.607,0.54,0.484,0.53,0.487,0.437,0.481,0.483,
1,0.696,0.609,0.575,0.493,0.477,0.469,0.47,0.457,0.441,
1,0.804,0.594,0.571,0.5,0.448,0.469,0.477,0.46,0.452,
1,0.701,0.605,0.599,0.503,0.497,0.509,0.454,0.429,0.451,
1,0.674,0.58,0.549,0.52,0.473,0.49,0.453,0.446,0.455,
1,0.853,0.629,0.497,0.491,0.445,0.48,0.484,0.478,0.497,
1,0.749,0.602,0.564,0.49,0.476,0.395,0.416,0.432,0.415,
1,0.727,0.534,0.583,0.473,0.459,0.426,0.43,0.406,0.501,
1,0.725,0.721,0.501,0.438,0.471,0.439,0.46,0.481,0.422,
1,0.764,0.532,0.563,0.529,0.451,0.507,0.467,0.435,0.467,
1,0.745,0.569,0.516,0.619,0.423,0.47,0.446,0.472,0.449,
1,0.665,0.658,0.527,0.49,0.46,0.492,0.476,0.459,0.448,
1,0.68,0.633,0.575,0.5,0.465,0.491,0.433,0.448,0.481,
1,0.755,0.587,0.555,0.502,0.493,0.468,0.469,0.454,0.483,
1,0.795,0.567,0.435,0.426,0.508,0.503,0.486,0.496,0.453,
1,0.658,0.627,0.612,0.473,0.503,0.494,0.467,0.447,0.463,
1,0.737,0.596,0.559,0.494,0.454,0.467,0.491,0.464,0.448,
1,0.731,0.613,0.549,0.526,0.449,0.479,0.436,0.42,0.431,
1,0.716,0.623,0.555,0.515,0.483,0.501,0.465,0.45,0.455,
1,0.721,0.632,0.559,0.503,0.48,0.485,0.461,0.448,0.468,
1,0.755,0.513,0.54,0.552,0.483,0.47,0.433,0.445,0.45,
1,0.723,0.608,0.449,0.559,0.435,0.495,0.472,0.466,0.426,
1,0.752,0.636,0.479,0.519,0.495,0.475,0.442,0.493,0.452,
1,0.712,0.586,0.559,0.576,0.478,0.444,0.448,0.449,0.451,
1,0.84,0.614,0.501,0.472,0.446,0.416,0.419,0.442,0.429,
1,0.727,0.588,0.468,0.489,0.486,0.441,0.409,0.445,0.44,
1,0.759,0.622,0.52,0.472,0.468,0.45,0.438,0.432,0.434,
1,0.747,0.594,0.493,0.52,0.43,0.446,0.387,0.454,0.427,
1,0.736,0.603,0.502,0.458,0.488,0.478,0.443,0.426,0.443,
1,0.734,0.581,0.561,0.476,0.438,0.461,0.424,0.454,0.441,
1,0.796,0.612,0.486,0.432,0.422,0.435,0.442,0.439,0.397,
1,0.755,0.562,0.534,0.505,0.438,0.462,0.435,0.449,0.436,
1,0.636,0.665,0.562,0.494,0.494,0.452,0.441,0.421,0.427,
1,0.707,0.641,0.504,0.465,0.477,0.434,0.421,0.469,0.427,
1,0.7,0.632,0.533,0.474,0.442,0.452,0.42,0.437,0.423,
1,0.778,0.616,0.535,0.461,0.429,0.466,0.436,0.429,0.428,
1,0.756,0.552,0.479,0.484,0.523,0.434,0.437,0.437,0.416,
1,0.684,0.552,0.492,0.492,0.477,0.451,0.449,0.438,0.421,
1,0.756,0.653,0.497,0.474,0.413,0.422,0.427,0.422,0.4,
1,0.787,0.575,0.498,0.464,0.455,0.444,0.478,0.419,0.446,
1,0.781,0.558,0.54,0.471,0.477,0.416,0.406,0.372,0.392,
1,0.721,0.611,0.516,0.472,0.497,0.443,0.446,0.446,0.431,
1,0.799,0.548,0.514,0.521,0.52,0.456,0.422,0.422,0.433,
1,0.707,0.646,0.551,0.492,0.442,0.454,0.427,0.419,0.442,
1,0.597,0.627,0.628,0.387,0.556,0.376,0.412,0.416,0.45,
1,0.713,0.653,0.521,0.465,0.444,0.445,0.444,0.432,0.437,
1,0.743,0.578,0.494,0.489,0.457,0.436,0.443,0.44,0.441,
1,0.769,0.608,0.551,0.471,0.452,0.444,0.443,0.441,0.443,
1,0.871,0.516,0.56,0.459,0.421,0.458,0.445,0.424,0.423,
1,0.63,0.663,0.512,0.468,0.452,0.474,0.452,0.459,0.456,
1,0.701,0.59,0.498,0.533,0.476,0.435,0.447,0.454,0.43,
1,0.739,0.56,0.548,0.5,0.475,0.443,0.466,0.447,0.443,
1,0.78,0.588,0.524,0.474,0.47,0.453,0.445,0.432,0.457,
1,0.723,0.617,0.506,0.519,0.466,0.389,0.423,0.42,0.444,
1,0.718,0.654,0.517,0.439,0.48,0.435,0.477,0.432,0.435,
1,0.748,0.583,0.587,0.453,0.461,0.433,0.442,0.42,0.413,
1,0.713,0.645,0.538,0.487,0.472,0.454,0.45,0.434,0.426,
1,0.776,0.602,0.543,0.477,0.458,0.439,0.429,0.42,0.434,
1,0.755,0.565,0.527,0.479,0.456,0.454,0.441,0.434,0.437,
1,0.7,0.601,0.545,0.481,0.455,0.431,0.427,0.434,0.417,
1,0.698,0.607,0.54,0.496,0.454,0.453,0.441,0.437,0.429,
1,0.751,0.597,0.522,0.486,0.466,0.472,0.418,0.434,0.447,
1,0.729,0.605,0.485,0.562,0.45,0.448,0.456,0.423,0.442,
1,0.701,0.653,0.541,0.494,0.468,0.449,0.43,0.44,0.426,
1,0.767,0.575,0.497,0.482,0.419,0.433,0.426,0.457,0.434,
1,0.758,0.468,0.603,0.497,0.428,0.462,0.409,0.442,0.448,
1,0.711,0.562,0.524,0.506,0.508,0.437,0.447,0.415,0.451,
1,0.702,0.615,0.563,0.429,0.458,0.451,0.445,0.432,0.459,
1,0.731,0.562,0.47,0.502,0.462,0.43,0.445,0.41,0.411,
1,0.729,0.63,0.503,0.477,0.513,0.443,0.438,0.442,0.435,
1,0.762,0.56,0.521,0.485,0.501,0.419,0.461,0.458,0.395,
1,0.786,0.566,0.549,0.456,0.421,0.445,0.432,0.47,0.401,
1,0.74,0.582,0.536,0.451,0.515,0.469,0.445,0.425,0.415,
1,0.641,0.587,0.482,0.424,0.444,0.474,0.44,0.378,0.377,
1,0.742,0.586,0.494,0.47,0.445,0.418,0.423,0.442,0.422,
1,0.722,0.591,0.475,0.529,0.451,0.451,0.443,0.424,0.435,
1,0.806,0.49,0.53,0.463,0.564,0.402,0.439,0.434,0.434,
1,0.636,0.677,0.541,0.492,0.479,0.456,0.438,0.435,0.44,
1,0.623,0.664,0.548,0.509,0.448,0.465,0.45,0.423,0.429,
1,0.695,0.623,0.57,0.474,0.426,0.435,0.452,0.409,0.429,
1,0.787,0.577,0.492,0.45,0.474,0.439,0.44,0.401,0.465,
1,0.733,0.567,0.547,0.487,0.482,0.408,0.449,0.411,0.425,
1,0.764,0.616,0.499,0.475,0.463,0.463,0.447,0.443,0.434,
1,0.769,0.564,0.538,0.461,0.482,0.426,0.414,0.398,0.453,
1,0.673,0.626,0.554,0.478,0.44,0.466,0.41,0.457,0.417,
1,0.772,0.557,0.587,0.467,0.461,0.451,0.432,0.44,0.434,
1,0.888,0.538,0.505,0.467,0.458,0.446,0.468,0.441,0.427,
1,0.709,0.586,0.481,0.545,0.457,0.459,0.459,0.423,0.418,
1,0.783,0.591,0.454,0.498,0.484,0.462,0.449,0.437,0.413,
1,0.676,0.692,0.56,0.498,0.421,0.434,0.429,0.451,0.442,
1,0.732,0.602,0.603,0.481,0.461,0.436,0.429,0.435,0.442,
1,0.735,0.483,0.597,0.501,0.436,0.425,0.506,0.425,0.431,
1,0.82,0.565,0.493,0.504,0.451,0.41,0.433,0.423,0.418,
1,0.774,0.623,0.501,0.467,0.436,0.437,0.424,0.451,0.415,
1,0.741,0.621,0.518,0.486,0.462,0.431,0.453,0.429,0.433,
1,0.748,0.623,0.505,0.459,0.425,0.484,0.473,0.433,0.442,
1,0.702,0.622,0.502,0.485,0.495,0.435,0.459,0.444,0.428,
1,0.689,0.644,0.488,0.501,0.496,0.417,0.424,0.465,0.438,
1,0.788,0.599,0.532,0.511,0.436,0.425,0.436,0.431,0.424,
1,0.817,0.514,0.479,0.556,0.463,0.458,0.421,0.43,0.419,
1,0.605,0.518,0.509,0.571,0.443,0.544,0.417,0.423,0.392,
1,0.726,0.6,0.551,0.491,0.471,0.428,0.422,0.427,0.419,
1,0.672,0.674,0.502,0.503,0.469,0.476,0.429,0.443,0.434,
1,0.759,0.582,0.561,0.454,0.455,0.441,0.46,0.414,0.424,
1,0.72,0.561,0.572,0.472,0.496,0.444,0.421,0.428,0.441,
1,0.758,0.618,0.596,0.464,0.419,0.453,0.42,0.43,0.432,
1,0.731,0.572,0.595,0.518,0.391,0.467,0.422,0.426,0.41,
1,0.703,0.59,0.587,0.494,0.459,0.457,0.447,0.459,0.433,
1,0.744,0.594,0.482,0.476,0.472,0.451,0.449,0.421,0.434,
1,0.806,0.567,0.519,0.471,0.481,0.469,0.435,0.397,0.434,
1,0.705,0.613,0.517,0.53,0.42,0.456,0.41,0.439,0.409,
1,0.644,0.661,0.616,0.473,0.482,0.452,0.442,0.42,0.434,
1,0.756,0.635,0.514,0.443,0.427,0.456,0.411,0.441,0.417,
1,0.729,0.601,0.494,0.484,0.471,0.432,0.447,0.443,0.402,
1,0.729,0.534,0.568,0.433,0.527,0.465,0.442,0.431,0.423,
1,0.751,0.625,0.522,0.472,0.461,0.428,0.423,0.469,0.439,
1,0.735,0.598,0.552,0.477,0.441,0.429,0.432,0.396,0.422,
1,0.697,0.574,0.582,0.518,0.455,0.425,0.431,0.45,0.441,
1,0.72,0.609,0.497,0.516,0.437,0.442,0.455,0.436,0.423,
1,0.758,0.542,0.532,0.543,0.398,0.456,0.446,0.424,0.392,
1,0.689,0.615,0.511,0.501,0.473,0.438,0.462,0.458,0.431,
1,0.721,0.595,0.565,0.47,0.439,0.411,0.434,0.43,0.422,
1,0.732,0.561,0.484,0.501,0.495,0.485,0.416,0.397,0.415,
1,0.739,0.594,0.53,0.448,0.455,0.431,0.445,0.42,0.48,
1,0.752,0.634,0.481,0.506,0.456,0.446,0.439,0.421,0.432,
1,0.717,0.645,0.524,0.478,0.477,0.449,0.423,0.439,0.42,
1,0.77,0.633,0.503,0.486,0.467,0.459,0.423,0.432,0.43,
1,0.717,0.553,0.495,0.513,0.501,0.425,0.45,0.448,0.448,
1,0.721,0.566,0.511,0.485,0.465,0.44,0.434,0.459,0.424,
1,0.756,0.626,0.509,0.434,0.457,0.479,0.419,0.409,0.439,
1,0.725,0.659,0.519,0.463,0.471,0.436,0.432,0.432,0.42,
1,0.736,0.606,0.489,0.539,0.426,0.444,0.454,0.424,0.453,
1,0.721,0.655,0.533,0.468,0.457,0.448,0.432,0.433,0.447,
1,0.822,0.612,0.507,0.415,0.458,0.452,0.446,0.47,0.428,
1,0.747,0.604,0.515,0.493,0.445,0.456,0.408,0.432,0.437,
1,0.716,0.649,0.483,0.448,0.505,0.44,0.438,0.439,0.455,
1,0.723,0.589,0.523,0.518,0.44,0.477,0.463,0.435,0.419,
1,0.66,0.582,0.507,0.476,0.497,0.437,0.46,0.465,0.443,
1,0.714,0.546,0.469,0.536,0.539,0.436,0.388,0.466,0.409,
1,0.769,0.549,0.485,0.526,0.48,0.425,0.451,0.431,0.435,
1,0.724,0.558,0.51,0.517,0.495,0.459,0.432,0.423,0.456,
1,0.678,0.708,0.499,0.458,0.46,0.497,0.423,0.4,0.431,
1,0.717,0.556,0.547,0.521,0.437,0.447,0.456,0.435,0.44,
1,0.781,0.606,0.473,0.471,0.456,0.467,0.413,0.424,0.427,
1,0.739,0.595,0.521,0.504,0.444,0.429,0.472,0.467,0.434,
1,0.764,0.589,0.457,0.497,0.491,0.444,0.425,0.44,0.406,
1,0.826,0.501,0.549,0.451,0.428,0.432,0.482,0.42,0.419,
1,0.745,0.624,0.554,0.494,0.427,0.444,0.4,0.398,0.404,
1,0.739,0.615,0.504,0.48,0.505,0.441,0.42,0.42,0.437,
1,0.736,0.614,0.515,0.495,0.452,0.442,0.41,0.452,0.438,
1,0.717,0.619,0.555,0.472,0.49,0.447,0.42,0.403,0.401,
1,0.67,0.603,0.542,0.505,0.474,0.438,0.431,0.446,0.441,
1,0.766,0.548,0.538,0.476,0.444,0.445,0.454,0.418,0.419,
1,0.815,0.533,0.503,0.475,0.482,0.45,0.447,0.442,0.424,
1,0.85,0.536,0.491,0.461,0.409,0.4,0.473,0.419,0.41,
1,0.716,0.589,0.551,0.471,0.454,0.45,0.418,0.426,0.438,
1,0.728,0.584,0.547,0.509,0.454,0.474,0.402,0.431,0.418,
1,0.826,0.548,0.463,0.517,0.464,0.469,0.458,0.412,0.417,
1,0.701,0.625,0.575,0.462,0.462,0.458,0.414,0.444,0.45,
1,0.694,0.586,0.542,0.512,0.489,0.44,0.436,0.433,0.399,
1,0.75,0.608,0.523,0.489,0.45,0.45,0.441,0.418,0.419,
1,0.636,0.682,0.551,0.482,0.426,0.436,0.41,0.425,0.39,
1,0.819,0.554,0.512,0.477,0.443,0.477,0.423,0.44,0.444,
1,0.733,0.597,0.552,0.486,0.47,0.445,0.44,0.423,0.448,
1,0.691,0.608,0.532,0.48,0.474,0.468,0.456,0.436,0.43,
1,0.761,0.58,0.537,0.489,0.431,0.459,0.409,0.448,0.435,
1,0.567,0.744,0.466,0.488,0.515,0.448,0.429,0.412,0.435,
1,0.735,0.664,0.529,0.467,0.421,0.44,0.427,0.416,0.413,
1,0.693,0.665,0.491,0.455,0.466,0.453,0.429,0.418,0.448,
1,0.768,0.644,0.516,0.48,0.429,0.468,0.433,0.417,0.442,
1,0.762,0.57,0.524,0.544,0.464,0.444,0.468,0.427,0.424,
1,0.723,0.638,0.476,0.448,0.423,0.437,0.41,0.431,0.435,
1,0.789,0.505,0.553,0.474,0.454,0.506,0.447,0.392,0.444,
1,0.682,0.684,0.479,0.492,0.426,0.441,0.43,0.412,0.423,
1,0.736,0.576,0.575,0.48,0.465,0.444,0.43,0.422,0.424,
1,0.731,0.63,0.525,0.476,0.469,0.432,0.444,0.417,0.418,
1,0.717,0.59,0.51,0.521,0.468,0.472,0.44,0.444,0.439,
1,0.71,0.642,0.504,0.462,0.461,0.494,0.422,0.453,0.436,
1,0.797,0.567,0.533,0.464,0.466,0.453,0.437,0.445,0.451,
1,0.827,0.552,0.506,0.501,0.47,0.457,0.415,0.407,0.432,
1,0.729,0.585,0.544,0.497,0.459,0.455,0.383,0.429,0.44,
1,0.766,0.545,0.537,0.456,0.484,0.437,0.414,0.428,0.403,
1,0.719,0.634,0.504,0.489,0.45,0.434,0.429,0.423,0.407,
1,0.7,0.675,0.497,0.538,0.459,0.448,0.464,0.431,0.426,
1,0.771,0.64,0.463,0.492,0.407,0.459,0.443,0.451,0.408,
1,0.593,0.569,0.655,0.503,0.446,0.42,0.429,0.413,0.395,
1,0.711,0.479,0.579,0.556,0.453,0.443,0.42,0.477,0.424,
1,0.734,0.583,0.527,0.516,0.467,0.452,0.452,0.433,0.41,
1,0.788,0.51,0.597,0.485,0.444,0.452,0.42,0.428,0.443,
1,0.753,0.606,0.496,0.491,0.449,0.449,0.435,0.417,0.432,
1,0.671,0.602,0.575,0.54,0.488,0.435,0.454,0.407,0.432,
1,0.773,0.554,0.496,0.498,0.48,0.465,0.436,0.423,0.417,
1,0.699,0.674,0.501,0.441,0.424,0.444,0.443,0.44,0.419,
1,0.721,0.535,0.571,0.471,0.487,0.428,0.446,0.426,0.459,
1,0.757,0.572,0.52,0.512,0.431,0.444,0.406,0.408,0.417,
1,0.689,0.679,0.53,0.424,0.482,0.456,0.461,0.461,0.409,
1,0.754,0.621,0.532,0.446,0.453,0.438,0.454,0.436,0.436,
1,0.808,0.618,0.479,0.476,0.437,0.467,0.447,0.413,0.434,
1,0.745,0.466,0.545,0.494,0.488,0.44,0.438,0.442,0.428,
1,0.719,0.64,0.583,0.469,0.448,0.432,0.451,0.438,0.435,
1,0.854,0.491,0.501,0.523,0.46,0.444,0.414,0.39,0.41,
1,0.785,0.604,0.47,0.483,0.46,0.429,0.451,0.477,0.413,
1,0.643,0.693,0.509,0.516,0.42,0.471,0.44,0.417,0.429,
1,0.728,0.664,0.49,0.45,0.472,0.433,0.446,0.435,0.45,
1,0.721,0.619,0.504,0.488,0.455,0.45,0.441,0.41,0.412,
1,0.73,0.56,0.545,0.48,0.472,0.467,0.422,0.462,0.439,
1,0.758,0.6,0.517,0.5,0.457,0.457,0.44,0.448,0.428,
1,0.714,0.645,0.576,0.47,0.484,0.423,0.441,0.423,0.424,
1,0.709,0.612,0.533,0.455,0.462,0.43,0.42,0.434,0.471,
1,0.686,0.616,0.508,0.513,0.462,0.461,0.443,0.404,0.43,
1,0.737,0.541,0.55,0.5,0.469,0.441,0.446,0.428,0.419,
1,0.682,0.651,0.533,0.448,0.432,0.419,0.417,0.417,0.437,
1,0.701,0.643,0.52,0.486,0.463,0.431,0.45,0.419,0.436,
1,0.743,0.592,0.528,0.494,0.454,0.39,0.457,0.41,0.411,
1,0.728,0.56,0.497,0.495,0.446,0.437,0.424,0.454,0.409,
1,0.747,0.605,0.514,0.48,0.502,0.457,0.408,0.427,0.436,
1,0.747,0.58,0.561,0.497,0.497,0.483,0.479,0.458,0.453,
1,0.715,0.59,0.561,0.502,0.491,0.456,0.459,0.487,0.46,
1,0.76,0.576,0.574,0.505,0.523,0.483,0.481,0.469,0.452,
1,0.672,0.737,0.524,0.476,0.496,0.511,0.461,0.459,0.448,
1,0.851,0.58,0.522,0.501,0.479,0.448,0.452,0.455,0.415,
1,0.805,0.572,0.543,0.479,0.462,0.484,0.458,0.455,0.458,
1,0.815,0.602,0.456,0.486,0.478,0.457,0.468,0.432,0.487,
1,0.769,0.619,0.56,0.482,0.493,0.477,0.492,0.457,0.469,
1,0.73,0.51,0.604,0.484,0.471,0.452,0.494,0.449,0.464,
1,0.728,0.608,0.59,0.482,0.459,0.488,0.444,0.428,0.461,
1,0.761,0.601,0.525,0.463,0.559,0.499,0.453,0.468,0.478,
1,0.747,0.55,0.534,0.493,0.496,0.465,0.466,0.442,0.475,
1,0.757,0.584,0.535,0.514,0.484,0.492,0.461,0.453,0.45,
1,0.755,0.665,0.511,0.477,0.5,0.45,0.493,0.451,0.486,
1,0.72,0.593,0.49,0.501,0.455,0.507,0.42,0.51,0.425,
1,0.695,0.641,0.509,0.483,0.439,0.483,0.429,0.461,0.493,
1,0.766,0.505,0.506,0.511,0.483,0.413,0.411,0.4,0.398,
1,0.731,0.575,0.583,0.493,0.47,0.497,0.444,0.477,0.468,
1,0.697,0.602,0.502,0.543,0.457,0.489,0.427,0.445,0.453,
1,0.752,0.605,0.525,0.493,0.454,0.423,0.46,0.417,0.426,
1,0.712,0.603,0.547,0.485,0.442,0.442,0.455,0.412,0.431,
1,0.721,0.556,0.56,0.493,0.46,0.47,0.416,0.463,0.415,
1,0.764,0.584,0.553,0.453,0.498,0.458,0.442,0.424,0.428,
1,0.773,0.602,0.492,0.466,0.47,0.404,0.43,0.409,0.427,
1,0.702,0.656,0.519,0.521,0.508,0.499,0.48,0.455,0.442,
1,0.804,0.552,0.593,0.479,0.465,0.488,0.465,0.422,0.451,
1,0.697,0.609,0.525,0.51,0.503,0.489,0.478,0.472,0.465,
1,0.689,0.682,0.497,0.499,0.531,0.46,0.38,0.434,0.477,
1,0.746,0.576,0.539,0.504,0.486,0.471,0.467,0.465,0.47,
1,0.788,0.565,0.531,0.493,0.491,0.439,0.487,0.471,0.471,
1,0.782,0.611,0.55,0.482,0.43,0.472,0.478,0.452,0.445,
1,0.738,0.617,0.505,0.508,0.469,0.457,0.48,0.457,0.436,
1,0.785,0.562,0.506,0.491,0.454,0.48,0.425,0.426,0.434,
1,0.694,0.701,0.521,0.507,0.411,0.419,0.467,0.434,0.423,
1,0.689,0.615,0.545,0.485,0.498,0.421,0.421,0.441,0.418,
1,0.829,0.578,0.491,0.449,0.459,0.441,0.435,0.448,0.437,
1,0.761,0.564,0.533,0.434,0.454,0.453,0.457,0.445,0.438,
1,0.817,0.586,0.495,0.439,0.44,0.454,0.42,0.409,0.454,
1,0.603,0.653,0.57,0.456,0.463,0.487,0.433,0.429,0.396,
1,0.78,0.583,0.57,0.477,0.449,0.437,0.453,0.421,0.436,


1,0.515,0.443,0.389,0.359,0.379,0.351,0.348,0.347,0.342,
1,0.445,0.426,0.449,0.427,0.372,0.422,0.388,0.362,0.381,
1,0.597,0.507,0.425,0.408,0.406,0.389,0.37,0.36,0.356,
1,0.569,0.439,0.435,0.389,0.384,0.384,0.372,0.361,0.374,
1,0.423,0.459,0.389,0.357,0.346,0.365,0.446,0.364,0.36,
1,0.429,0.384,0.485,0.361,0.365,0.353,0.343,0.346,0.343,
1,0.567,0.446,0.395,0.372,0.432,0.424,0.383,0.416,0.382,
1,0.516,0.398,0.402,0.408,0.402,0.356,0.356,0.352,0.359,
1,0.597,0.497,0.45,0.402,0.433,0.411,0.393,0.375,0.399,
1,0.37,0.378,0.335,0.329,0.35,0.323,0.429,0.441,0.357,
1,0.523,0.409,0.403,0.392,0.37,0.366,0.412,0.426,0.425,
1,0.413,0.324,0.358,0.403,0.335,0.37,0.327,0.316,0.314,
1,0.499,0.38,0.352,0.349,0.355,0.349,0.345,0.335,0.322,
1,0.375,0.339,0.319,0.316,0.315,0.315,0.315,0.315,0.315,
1,0.455,0.536,0.399,0.372,0.385,0.373,0.376,0.414,0.374,
1,0.454,0.526,0.436,0.453,0.402,0.416,0.412,0.365,0.375,
1,0.426,0.517,0.399,0.347,0.381,0.482,0.364,0.397,0.39,
1,0.506,0.525,0.474,0.441,0.395,0.396,0.427,0.388,0.387,
1,0.388,0.497,0.406,0.441,0.339,0.333,0.326,0.327,0.316,
1,0.455,0.414,0.37,0.436,0.405,0.371,0.372,0.357,0.341,
1,0.487,0.46,0.379,0.343,0.368,0.373,0.353,0.368,0.355,
1,0.324,0.312,0.311,0.311,0.311,0.311,0.311,0.311,0.311,
1,0.52,0.43,0.397,0.387,0.445,0.406,0.398,0.391,0.366,
1,0.488,0.447,0.475,0.478,0.392,0.362,0.367,0.344,0.377,
1,0.464,0.5,0.41,0.394,0.372,0.381,0.363,0.342,0.381,
1,0.493,0.434,0.454,0.413,0.384,0.407,0.382,0.358,0.382,
1,0.413,0.406,0.402,0.432,0.377,0.351,0.339,0.343,0.337,
1,0.479,0.455,0.443,0.378,0.445,0.4,0.369,0.383,0.373,
1,0.352,0.319,0.322,0.317,0.318,0.316,0.317,0.317,0.317,
1,0.519,0.368,0.392,0.391,0.342,0.377,0.356,0.349,0.344,
1,0.322,0.31,0.31,0.31,0.31,0.31,0.31,0.31,0.31,
1,0.459,0.388,0.385,0.417,0.376,0.348,0.354,0.331,0.326,
1,0.508,0.424,0.451,0.366,0.389,0.392,0.372,0.366,0.361,
1,0.52,0.48,0.427,0.466,0.408,0.404,0.419,0.393,0.43,
1,0.412,0.404,0.421,0.399,0.42,0.408,0.36,0.341,0.368,
1,0.528,0.485,0.388,0.39,0.437,0.387,0.404,0.374,0.36,
1,0.431,0.388,0.364,0.332,0.363,0.38,0.368,0.322,0.321,
1,0.579,0.475,0.399,0.433,0.437,0.411,0.411,0.374,0.369,
1,0.394,0.326,0.397,0.331,0.319,0.321,0.317,0.317,0.317,
1,0.562,0.482,0.403,0.405,0.41,0.394,0.405,0.375,0.35,
1,0.529,0.404,0.362,0.378,0.389,0.375,0.377,0.346,0.347,
1,0.495,0.461,0.447,0.398,0.363,0.389,0.387,0.364,0.337,
1,0.423,0.397,0.375,0.404,0.335,0.324,0.322,0.319,0.319,
1,0.396,0.327,0.365,0.342,0.357,0.34,0.318,0.355,0.317,
1,0.324,0.312,0.312,0.312,0.312,0.312,0.312,0.312,0.312,
1,0.562,0.489,0.432,0.452,0.471,0.397,0.401,0.398,0.391,
1,0.611,0.49,0.458,0.407,0.385,0.515,0.422,0.397,0.419,
1,0.434,0.558,0.468,0.432,0.374,0.381,0.372,0.361,0.346,
1,0.489,0.44,0.398,0.457,0.374,0.395,0.379,0.4,0.387,
1,0.409,0.371,0.318,0.323,0.325,0.316,0.314,0.314,0.314,
1,0.507,0.359,0.352,0.359,0.355,0.381,0.359,0.343,0.334,
1,0.544,0.419,0.406,0.372,0.366,0.352,0.347,0.365,0.347,
1,0.433,0.383,0.336,0.338,0.362,0.392,0.33,0.347,0.346,
1,0.39,0.373,0.356,0.336,0.318,0.315,0.316,0.315,0.315,
1,0.498,0.42,0.458,0.395,0.418,0.42,0.404,0.411,0.404,
1,0.49,0.397,0.464,0.371,0.353,0.337,0.353,0.334,0.345,
1,0.433,0.408,0.34,0.344,0.368,0.392,0.346,0.333,0.33,
1,0.392,0.475,0.475,0.48,0.42,0.401,0.363,0.359,0.365,
1,0.514,0.457,0.409,0.411,0.41,0.363,0.34,0.341,0.36,
1,0.376,0.409,0.333,0.322,0.317,0.316,0.316,0.316,0.316,
1,0.46,0.449,0.375,0.384,0.358,0.343,0.389,0.353,0.332,
1,0.592,0.478,0.447,0.439,0.393,0.423,0.419,0.422,0.391,
1,0.513,0.466,0.448,0.4,0.406,0.387,0.379,0.404,0.371,
1,0.412,0.371,0.399,0.365,0.341,0.327,0.364,0.342,0.319,
1,0.516,0.397,0.446,0.389,0.372,0.372,0.381,0.354,0.409,
1,0.585,0.503,0.46,0.39,0.376,0.385,0.388,0.38,0.378,
1,0.542,0.421,0.409,0.356,0.36,0.343,0.334,0.342,0.342,
1,0.516,0.468,0.437,0.388,0.38,0.363,0.358,0.375,0.344,
1,0.326,0.312,0.312,0.312,0.312,0.312,0.312,0.312,0.312,
1,0.537,0.433,0.384,0.419,0.376,0.446,0.432,0.396,0.393,
1,0.517,0.409,0.42,0.41,0.347,0.37,0.35,0.383,0.344,
1,0.442,0.416,0.381,0.335,0.33,0.32,0.317,0.317,0.317,
1,0.576,0.482,0.466,0.389,0.389,0.385,0.386,0.445,0.378,
1,0.49,0.427,0.417,0.399,0.397,0.362,0.361,0.354,0.352,
1,0.465,0.447,0.434,0.451,0.402,0.41,0.4,0.392,0.393,
1,0.365,0.315,0.312,0.312,0.312,0.312,0.312,0.312,0.312,
1,0.397,0.397,0.337,0.397,0.476,0.39,0.432,0.378,0.368,
1,0.606,0.472,0.415,0.422,0.471,0.412,0.432,0.412,0.405,
1,0.581,0.493,0.433,0.409,0.425,0.389,0.415,0.433,0.392,
1,0.389,0.351,0.33,0.328,0.315,0.315,0.315,0.315,0.315,
1,0.605,0.528,0.411,0.462,0.409,0.4,0.383,0.391,0.385,
1,0.319,0.309,0.309,0.309,0.309,0.309,0.309,0.309,0.309,
1,0.33,0.315,0.315,0.315,0.315,0.315,0.315,0.315,0.315,
1,0.582,0.441,0.384,0.421,0.384,0.363,0.362,0.42,0.397,
1,0.502,0.47,0.391,0.383,0.376,0.368,0.366,0.361,0.356,
1,0.61,0.454,0.467,0.412,0.395,0.422,0.375,0.392,0.368,
1,0.435,0.404,0.366,0.329,0.328,0.358,0.348,0.334,0.321,
1,0.545,0.424,0.429,0.384,0.366,0.336,0.351,0.363,0.343,
1,0.464,0.376,0.391,0.38,0.396,0.368,0.379,0.399,0.346,
1,0.467,0.388,0.368,0.382,0.411,0.375,0.357,0.339,0.345,
1,0.517,0.516,0.411,0.363,0.362,0.357,0.351,0.319,0.324,
1,0.497,0.509,0.478,0.447,0.426,0.396,0.406,0.371,0.406,
1,0.447,0.388,0.35,0.347,0.362,0.337,0.333,0.328,0.345,
1,0.59,0.475,0.415,0.419,0.373,0.399,0.38,0.428,0.377,
1,0.389,0.37,0.381,0.384,0.461,0.406,0.368,0.373,0.335,
1,0.34,0.332,0.314,0.314,0.314,0.314,0.314,0.314,0.314,
1,0.538,0.416,0.412,0.395,0.428,0.422,0.375,0.381,0.393,
1,0.421,0.429,0.334,0.345,0.334,0.339,0.338,0.33,0.325,
1,0.383,0.323,0.323,0.33,0.37,0.338,0.368,0.318,0.314,
1,0.557,0.451,0.434,0.436,0.384,0.372,0.375,0.374,0.36,
1,0.516,0.47,0.39,0.382,0.38,0.365,0.351,0.337,0.341,
1,0.611,0.431,0.345,0.364,0.333,0.443,0.4,0.383,0.374,
1,0.433,0.394,0.367,0.422,0.413,0.37,0.381,0.352,0.349,
1,0.623,0.497,0.453,0.398,0.401,0.379,0.375,0.392,0.408,
1,0.331,0.315,0.315,0.315,0.315,0.315,0.315,0.315,0.315,
1,0.349,0.326,0.326,0.319,0.317,0.317,0.317,0.317,0.317,
1,0.396,0.331,0.318,0.316,0.316,0.316,0.316,0.316,0.316,
1,0.481,0.364,0.362,0.411,0.353,0.332,0.322,0.338,0.344,
1,0.531,0.448,0.381,0.366,0.362,0.345,0.34,0.345,0.37,
1,0.404,0.364,0.336,0.422,0.342,0.363,0.468,0.407,0.363,
1,0.393,0.419,0.36,0.34,0.342,0.336,0.375,0.336,0.334,
1,0.434,0.449,0.403,0.36,0.373,0.418,0.371,0.356,0.346,
1,0.544,0.453,0.444,0.378,0.386,0.408,0.367,0.346,0.366,
1,0.416,0.42,0.4,0.362,0.386,0.433,0.345,0.342,0.364,
1,0.59,0.523,0.42,0.418,0.372,0.374,0.384,0.358,0.382,
1,0.534,0.443,0.449,0.392,0.344,0.361,0.355,0.39,0.373,
1,0.447,0.425,0.348,0.403,0.364,0.343,0.35,0.341,0.349,
1,0.557,0.534,0.438,0.41,0.386,0.375,0.387,0.349,0.356,
1,0.472,0.437,0.344,0.343,0.326,0.323,0.356,0.352,0.352,
1,0.413,0.485,0.442,0.447,0.379,0.363,0.35,0.419,0.389,
1,0.337,0.456,0.483,0.372,0.411,0.347,0.343,0.38,0.345,
1,0.513,0.452,0.413,0.357,0.369,0.355,0.365,0.366,0.355,
1,0.325,0.312,0.312,0.312,0.312,0.312,0.312,0.312,0.312,
1,0.4,0.497,0.421,0.433,0.375,0.364,0.393,0.373,0.349,
1,0.539,0.431,0.43,0.398,0.385,0.341,0.383,0.38,0.426,
1,0.496,0.356,0.32,0.316,0.316,0.316,0.316,0.316,0.316,
1,0.428,0.41,0.395,0.424,0.398,0.377,0.38,0.348,0.339,
1,0.413,0.424,0.435,0.391,0.395,0.383,0.369,0.398,0.374,
1,0.603,0.451,0.42,0.428,0.43,0.372,0.352,0.38,0.381,
1,0.404,0.418,0.342,0.388,0.351,0.391,0.344,0.373,0.365,
1,0.576,0.487,0.454,0.441,0.416,0.426,0.364,0.375,0.358,
1,0.56,0.454,0.393,0.377,0.374,0.358,0.349,0.339,0.326,
1,0.463,0.465,0.419,0.401,0.405,0.379,0.377,0.387,0.384,
1,0.428,0.324,0.315,0.315,0.315,0.315,0.315,0.315,0.315,
1,0.547,0.512,0.451,0.429,0.409,0.395,0.413,0.415,0.408,
1,0.377,0.384,0.479,0.403,0.361,0.362,0.356,0.372,0.415,
1,0.442,0.373,0.359,0.348,0.326,0.356,0.326,0.326,0.332,
1,0.437,0.466,0.427,0.373,0.39,0.391,0.386,0.374,0.364,
1,0.51,0.395,0.333,0.368,0.346,0.37,0.393,0.359,0.338,
1,0.561,0.539,0.455,0.462,0.416,0.463,0.43,0.395,0.42,
1,0.372,0.421,0.353,0.347,0.367,0.381,0.333,0.319,0.318,
1,0.492,0.484,0.418,0.468,0.421,0.385,0.383,0.373,0.391,
1,0.464,0.392,0.382,0.381,0.354,0.361,0.37,0.359,0.353,
1,0.401,0.355,0.367,0.357,0.343,0.332,0.384,0.391,0.348,
1,0.577,0.53,0.408,0.37,0.377,0.359,0.372,0.346,0.329,
1,0.492,0.476,0.426,0.469,0.395,0.399,0.394,0.4,0.377,
1,0.396,0.364,0.526,0.36,0.348,0.373,0.34,0.343,0.336,
1,0.476,0.4,0.404,0.378,0.378,0.376,0.347,0.355,0.349,
1,0.511,0.464,0.463,0.43,0.383,0.394,0.363,0.37,0.394,
1,0.321,0.311,0.31,0.31,0.31,0.31,0.31,0.31,0.31,
1,0.496,0.393,0.412,0.373,0.344,0.407,0.362,0.371,0.371,
1,0.474,0.388,0.39,0.329,0.354,0.442,0.362,0.337,0.336,
1,0.365,0.314,0.313,0.313,0.313,0.313,0.313,0.313,0.313,
1,0.467,0.366,0.393,0.342,0.336,0.417,0.399,0.352,0.336,
1,0.574,0.498,0.445,0.398,0.381,0.428,0.408,0.399,0.39,
1,0.458,0.354,0.364,0.405,0.407,0.353,0.348,0.339,0.324,
1,0.506,0.506,0.504,0.407,0.396,0.406,0.375,0.373,0.406,
1,0.469,0.379,0.351,0.345,0.331,0.327,0.317,0.317,0.317,
1,0.335,0.317,0.317,0.317,0.317,0.317,0.317,0.317,0.317,
1,0.484,0.497,0.373,0.361,0.361,0.354,0.353,0.359,0.368,
1,0.506,0.423,0.374,0.418,0.416,0.375,0.401,0.402,0.379,
1,0.511,0.37,0.405,0.356,0.339,0.387,0.347,0.333,0.324,
1,0.538,0.425,0.493,0.386,0.389,0.426,0.385,0.39,0.39,
1,0.697,0.491,0.408,0.398,0.451,0.401,0.385,0.378,0.369,
1,0.375,0.354,0.332,0.318,0.321,0.315,0.316,0.317,0.32,
1,0.492,0.454,0.445,0.388,0.368,0.396,0.359,0.372,0.351,
1,0.342,0.408,0.375,0.328,0.321,0.328,0.318,0.318,0.318,
1,0.426,0.347,0.339,0.354,0.322,0.323,0.325,0.318,0.317,
1,0.481,0.379,0.331,0.326,0.337,0.356,0.328,0.328,0.335,
1,0.505,0.445,0.438,0.408,0.389,0.367,0.381,0.359,0.37,
1,0.586,0.48,0.504,0.427,0.442,0.432,0.421,0.421,0.419,
1,0.528,0.433,0.4,0.359,0.468,0.398,0.382,0.349,0.349,
1,0.405,0.477,0.453,0.44,0.414,0.389,0.376,0.378,0.358,
1,0.362,0.321,0.313,0.313,0.313,0.313,0.313,0.313,0.313,
1,0.629,0.462,0.442,0.422,0.411,0.396,0.401,0.391,0.373,
1,0.475,0.429,0.419,0.407,0.437,0.409,0.377,0.401,0.362,
1,0.469,0.39,0.363,0.365,0.337,0.354,0.328,0.35,0.345,
1,0.484,0.526,0.475,0.405,0.381,0.382,0.353,0.346,0.387,
1,0.575,0.484,0.429,0.412,0.388,0.364,0.419,0.395,0.394,
1,0.498,0.384,0.395,0.366,0.439,0.354,0.443,0.388,0.385,
1,0.488,0.382,0.412,0.338,0.338,0.335,0.33,0.316,0.315,
1,0.433,0.388,0.38,0.378,0.381,0.347,0.366,0.335,0.329,
1,0.437,0.411,0.364,0.337,0.329,0.33,0.326,0.331,0.32,
1,0.521,0.418,0.462,0.403,0.412,0.434,0.4,0.375,0.371,
1,0.498,0.376,0.366,0.382,0.326,0.323,0.322,0.316,0.315,
1,0.342,0.319,0.4,0.356,0.371,0.437,0.374,0.384,0.361,
1,0.584,0.534,0.479,0.44,0.453,0.436,0.427,0.423,0.414,
1,0.637,0.453,0.424,0.418,0.42,0.392,0.383,0.405,0.389,
1,0.356,0.314,0.313,0.313,0.313,0.313,0.313,0.313,0.313,
1,0.5,0.496,0.429,0.402,0.387,0.409,0.394,0.401,0.367,
1,0.359,0.319,0.315,0.314,0.314,0.314,0.314,0.314,0.314,
1,0.549,0.494,0.427,0.375,0.394,0.405,0.375,0.384,0.37,
1,0.507,0.483,0.393,0.378,0.427,0.404,0.367,0.388,0.366,
1,0.444,0.516,0.455,0.441,0.413,0.374,0.367,0.348,0.354,
1,0.479,0.449,0.393,0.347,0.431,0.387,0.408,0.374,0.391,
1,0.324,0.311,0.311,0.311,0.311,0.311,0.311,0.311,0.311,
1,0.556,0.454,0.415,0.403,0.4,0.398,0.472,0.466,0.377,
1,0.657,0.477,0.435,0.437,0.425,0.407,0.39,0.404,0.398,
1,0.361,0.432,0.407,0.395,0.366,0.337,0.337,0.321,0.318,
1,0.492,0.452,0.463,0.382,0.382,0.355,0.32,0.397,0.343,
1,0.482,0.48,0.448,0.43,0.421,0.396,0.354,0.373,0.413,
1,0.552,0.479,0.444,0.428,0.379,0.401,0.41,0.379,0.348,
1,0.521,0.393,0.416,0.361,0.377,0.341,0.413,0.34,0.354,
1,0.381,0.328,0.32,0.382,0.342,0.317,0.315,0.315,0.315,
1,0.35,0.379,0.418,0.464,0.426,0.409,0.379,0.374,0.391,
1,0.52,0.516,0.425,0.425,0.408,0.392,0.374,0.411,0.376,
1,0.419,0.336,0.319,0.314,0.314,0.314,0.314,0.314,0.314,
1,0.484,0.443,0.416,0.386,0.377,0.402,0.399,0.388,0.355,
1,0.5,0.416,0.474,0.381,0.367,0.376,0.37,0.359,0.361,
1,0.467,0.499,0.371,0.37,0.381,0.4,0.392,0.391,0.343,
1,0.477,0.408,0.351,0.351,0.39,0.357,0.348,0.357,0.402,
1,0.525,0.483,0.422,0.399,0.38,0.367,0.39,0.348,0.378,
1,0.437,0.359,0.421,0.335,0.344,0.344,0.338,0.363,0.345,
1,0.444,0.4,0.403,0.371,0.394,0.385,0.347,0.388,0.35,
1,0.564,0.479,0.415,0.399,0.397,0.406,0.37,0.347,0.382,
1,0.504,0.401,0.454,0.423,0.373,0.397,0.389,0.43,0.402,
1,0.544,0.475,0.489,0.451,0.412,0.383,0.385,0.405,0.392,
1,0.408,0.423,0.435,0.473,0.439,0.39,0.397,0.383,0.355,
1,0.409,0.48,0.342,0.329,0.342,0.332,0.335,0.321,0.32,
1,0.328,0.314,0.314,0.314,0.314,0.314,0.314,0.314,0.314,
1,0.478,0.487,0.444,0.375,0.343,0.372,0.337,0.339,0.33,
1,0.659,0.467,0.398,0.417,0.444,0.389,0.406,0.373,0.368,
1,0.606,0.424,0.416,0.371,0.375,0.383,0.422,0.385,0.363,
1,0.504,0.464,0.444,0.376,0.385,0.468,0.434,0.386,0.386,
1,0.462,0.377,0.416,0.425,0.414,0.365,0.363,0.352,0.354,
1,0.467,0.348,0.331,0.321,0.313,0.313,0.313,0.313,0.313,
1,0.502,0.474,0.431,0.423,0.397,0.385,0.386,0.38,0.368,
1,0.308,0.304,0.304,0.304,0.304,0.304,0.304,0.304,0.304,
1,0.563,0.489,0.502,0.435,0.415,0.417,0.392,0.361,0.376,
1,0.505,0.454,0.379,0.399,0.384,0.374,0.371,0.363,0.367,
1,0.593,0.494,0.432,0.473,0.43,0.456,0.43,0.412,0.428,
1,0.35,0.321,0.315,0.315,0.315,0.315,0.315,0.315,0.315,
1,0.389,0.388,0.359,0.369,0.356,0.344,0.33,0.32,0.337,
1,0.415,0.448,0.383,0.376,0.343,0.327,0.376,0.37,0.331,
1,0.44,0.372,0.414,0.38,0.38,0.434,0.355,0.375,0.38,
1,0.482,0.419,0.427,0.385,0.371,0.352,0.367,0.355,0.364,
1,0.489,0.493,0.422,0.397,0.387,0.415,0.407,0.377,0.401,
1,0.549,0.365,0.381,0.365,0.337,0.317,0.316,0.316,0.316,
1,0.607,0.494,0.466,0.476,0.432,0.436,0.401,0.404,0.41,
1,0.332,0.316,0.316,0.316,0.316,0.316,0.316,0.316,0.316,
1,0.524,0.49,0.474,0.399,0.4,0.363,0.398,0.414,0.416,
1,0.471,0.351,0.394,0.338,0.332,0.333,0.349,0.327,0.331,
1,0.445,0.354,0.333,0.356,0.365,0.335,0.321,0.316,0.315,
1,0.472,0.489,0.446,0.518,0.472,0.427,0.398,0.404,0.392,
1,0.562,0.455,0.433,0.389,0.375,0.367,0.381,0.384,0.407,
1,0.534,0.384,0.463,0.455,0.368,0.399,0.392,0.444,0.41,
1,0.426,0.383,0.353,0.333,0.32,0.315,0.315,0.315,0.315,
1,0.431,0.361,0.333,0.399,0.394,0.381,0.336,0.331,0.338,
1,0.475,0.414,0.359,0.367,0.425,0.401,0.408,0.366,0.378,
1,0.516,0.415,0.441,0.429,0.384,0.391,0.347,0.355,0.349,
1,0.365,0.314,0.313,0.313,0.313,0.313,0.313,0.313,0.313,
1,0.362,0.381,0.331,0.323,0.324,0.331,0.319,0.319,0.321,
1,0.382,0.375,0.374,0.34,0.319,0.316,0.325,0.323,0.325,
1,0.525,0.451,0.469,0.405,0.41,0.437,0.37,0.417,0.393,
1,0.397,0.319,0.314,0.313,0.313,0.313,0.313,0.313,0.313,
1,0.555,0.443,0.422,0.449,0.387,0.434,0.388,0.389,0.383,
1,0.483,0.424,0.421,0.423,0.412,0.368,0.355,0.377,0.437,
1,0.552,0.419,0.379,0.38,0.382,0.351,0.335,0.33,0.337,
1,0.346,0.35,0.368,0.328,0.322,0.324,0.316,0.316,0.316,
1,0.524,0.488,0.406,0.385,0.361,0.362,0.36,0.389,0.381,
1,0.523,0.484,0.412,0.376,0.386,0.375,0.4,0.356,0.364,
1,0.536,0.426,0.405,0.374,0.374,0.388,0.39,0.366,0.428,
1,0.672,0.493,0.451,0.413,0.409,0.422,0.387,0.385,0.388,
1,0.459,0.475,0.415,0.448,0.368,0.373,0.346,0.327,0.326,
1,0.399,0.476,0.372,0.397,0.365,0.385,0.359,0.381,0.351,
1,0.499,0.413,0.49,0.397,0.33,0.356,0.374,0.361,0.326,
1,0.453,0.409,0.386,0.494,0.448,0.419,0.375,0.434,0.375,
1,0.42,0.395,0.52,0.432,0.368,0.368,0.343,0.347,0.345,
1,0.457,0.426,0.353,0.318,0.314,0.314,0.314,0.314,0.314,
1,0.415,0.45,0.372,0.418,0.451,0.391,0.356,0.341,0.332,
1,0.575,0.483,0.456,0.442,0.443,0.426,0.394,0.394,0.375,
1,0.334,0.312,0.311,0.315,0.418,0.33,0.312,0.311,0.311,
1,0.462,0.415,0.347,0.419,0.339,0.387,0.359,0.379,0.344,
1,0.428,0.411,0.332,0.348,0.337,0.318,0.32,0.313,0.313,
1,0.558,0.389,0.394,0.355,0.335,0.326,0.372,0.34,0.335,
1,0.478,0.443,0.365,0.376,0.336,0.353,0.351,0.329,0.325,
1,0.397,0.364,0.357,0.436,0.373,0.349,0.325,0.346,0.416,
1,0.394,0.405,0.397,0.394,0.377,0.372,0.343,0.363,0.391,
1,0.379,0.342,0.348,0.34,0.405,0.344,0.336,0.347,0.331,
1,0.476,0.417,0.385,0.357,0.372,0.332,0.338,0.335,0.323,
1,0.454,0.37,0.43,0.338,0.359,0.348,0.348,0.325,0.331,
1,0.489,0.529,0.439,0.403,0.388,0.409,0.391,0.38,0.382,
1,0.401,0.364,0.333,0.395,0.368,0.384,0.322,0.362,0.339,
1,0.572,0.51,0.415,0.405,0.418,0.382,0.394,0.392,0.376,
1,0.419,0.451,0.323,0.316,0.312,0.312,0.312,0.312,0.312,
1,0.504,0.498,0.403,0.36,0.358,0.362,0.355,0.331,0.347,
1,0.619,0.37,0.336,0.313,0.337,0.341,0.333,0.32,0.341,
1,0.513,0.446,0.425,0.366,0.388,0.405,0.385,0.35,0.356,
1,0.388,0.312,0.309,0.309,0.309,0.309,0.309,0.309,0.309,
1,0.491,0.466,0.389,0.385,0.364,0.35,0.342,0.349,0.406,
1,0.401,0.404,0.362,0.33,0.363,0.326,0.325,0.33,0.322,
1,0.434,0.405,0.334,0.362,0.361,0.424,0.383,0.358,0.393,
1,0.375,0.404,0.336,0.314,0.313,0.313,0.313,0.313,0.313,
1,0.508,0.507,0.416,0.375,0.384,0.399,0.381,0.388,0.376,
1,0.427,0.387,0.366,0.358,0.393,0.371,0.321,0.329,0.321,
1,0.535,0.439,0.426,0.394,0.391,0.366,0.344,0.398,0.378,
1,0.329,0.315,0.315,0.315,0.315,0.315,0.315,0.315,0.315,
1,0.323,0.311,0.311,0.311,0.311,0.311,0.311,0.311,0.311,
1,0.543,0.538,0.453,0.49,0.396,0.409,0.387,0.396,0.41,
1,0.564,0.363,0.363,0.359,0.363,0.338,0.356,0.339,0.359,
1,0.52,0.435,0.425,0.371,0.456,0.442,0.386,0.354,0.366,
1,0.543,0.455,0.386,0.376,0.367,0.348,0.374,0.397,0.338,
1,0.437,0.492,0.408,0.406,0.371,0.344,0.337,0.363,0.399,
1,0.426,0.373,0.349,0.38,0.345,0.326,0.322,0.321,0.316,
1,0.615,0.529,0.397,0.417,0.393,0.359,0.334,0.344,0.337,
1,0.458,0.381,0.367,0.395,0.387,0.377,0.366,0.354,0.376,
1,0.495,0.449,0.371,0.361,0.369,0.339,0.38,0.375,0.363,
1,0.647,0.492,0.462,0.437,0.411,0.354,0.361,0.406,0.362,
1,0.514,0.474,0.433,0.366,0.417,0.379,0.353,0.347,0.347,
1,0.401,0.416,0.39,0.327,0.347,0.374,0.374,0.325,0.331,
1,0.553,0.469,0.39,0.413,0.429,0.425,0.395,0.397,0.36,
1,0.375,0.317,0.318,0.313,0.313,0.312,0.312,0.312,0.312,
1,0.374,0.333,0.313,0.312,0.312,0.312,0.312,0.312,0.312,
1,0.445,0.416,0.393,0.343,0.329,0.369,0.333,0.327,0.332,
1,0.457,0.422,0.393,0.435,0.364,0.359,0.345,0.316,0.316,
1,0.533,0.493,0.397,0.404,0.369,0.37,0.344,0.347,0.342,
1,0.475,0.393,0.39,0.403,0.355,0.378,0.408,0.354,0.368,
1,0.318,0.309,0.309,0.309,0.309,0.309,0.309,0.309,0.309,
1,0.628,0.438,0.386,0.398,0.4,0.366,0.368,0.361,0.342,
1,0.39,0.329,0.344,0.353,0.385,0.321,0.323,0.318,0.315,
1,0.317,0.309,0.308,0.308,0.308,0.308,0.308,0.308,0.308,
1,0.403,0.407,0.368,0.352,0.332,0.321,0.351,0.327,0.332,
1,0.557,0.481,0.427,0.399,0.39,0.393,0.391,0.395,0.361,
1,0.328,0.4,0.474,0.393,0.352,0.36,0.344,0.331,0.349,
1,0.524,0.428,0.372,0.365,0.357,0.321,0.313,0.317,0.313,
1,0.443,0.326,0.342,0.314,0.316,0.312,0.312,0.312,0.312,
1,0.452,0.389,0.373,0.364,0.339,0.344,0.324,0.332,0.324,
1,0.593,0.533,0.4,0.399,0.412,0.383,0.35,0.371,0.418,
1,0.613,0.445,0.394,0.405,0.381,0.376,0.422,0.356,0.341,
1,0.464,0.499,0.427,0.448,0.403,0.434,0.381,0.373,0.367,
1,0.51,0.403,0.382,0.356,0.35,0.359,0.328,0.363,0.346,
1,0.413,0.366,0.347,0.344,0.341,0.319,0.315,0.314,0.314,
1,0.374,0.345,0.383,0.348,0.378,0.34,0.318,0.339,0.344,
1,0.459,0.366,0.327,0.355,0.388,0.34,0.349,0.325,0.318,
1,0.372,0.366,0.363,0.315,0.312,0.351,0.316,0.313,0.32,
1,0.319,0.343,0.312,0.31,0.31,0.31,0.31,0.31,0.31,
1,0.402,0.338,0.379,0.335,0.345,0.324,0.336,0.323,0.327,
1,0.51,0.45,0.403,0.411,0.335,0.314,0.325,0.319,0.316,
1,0.514,0.533,0.491,0.442,0.428,0.389,0.364,0.41,0.42,
1,0.423,0.418,0.355,0.322,0.316,0.348,0.338,0.348,0.327,
1,0.482,0.539,0.444,0.409,0.41,0.382,0.39,0.39,0.376,
1,0.317,0.308,0.308,0.308,0.308,0.308,0.308,0.308,0.308,
1,0.604,0.484,0.408,0.375,0.362,0.349,0.345,0.342,0.327,
1,0.38,0.334,0.313,0.312,0.312,0.312,0.312,0.312,0.312,
1,0.32,0.31,0.31,0.31,0.31,0.31,0.31,0.31,0.31,
1,0.465,0.4,0.355,0.342,0.368,0.36,0.367,0.353,0.337,
1,0.472,0.4,0.366,0.344,0.358,0.383,0.393,0.356,0.338,
1,0.666,0.498,0.415,0.431,0.384,0.418,0.393,0.351,0.351,
1,0.481,0.352,0.347,0.367,0.361,0.366,0.358,0.332,0.323,
1,0.464,0.584,0.393,0.392,0.344,0.427,0.397,0.341,0.367,
1,0.39,0.338,0.314,0.311,0.358,0.317,0.315,0.314,0.312,
1,0.492,0.437,0.452,0.425,0.35,0.351,0.357,0.367,0.359,
1,0.442,0.41,0.374,0.403,0.373,0.389,0.364,0.339,0.345,
1,0.437,0.494,0.361,0.347,0.349,0.344,0.346,0.339,0.319,
1,0.49,0.348,0.321,0.411,0.327,0.318,0.329,0.315,0.351,
1,0.405,0.427,0.42,0.352,0.356,0.355,0.34,0.374,0.341,
1,0.347,0.322,0.311,0.311,0.311,0.311,0.311,0.311,0.311,
1,0.395,0.361,0.385,0.404,0.364,0.329,0.323,0.317,0.316,
1,0.42,0.415,0.435,0.389,0.338,0.326,0.32,0.317,0.354,
1,0.456,0.456,0.46,0.408,0.367,0.357,0.366,0.379,0.355,
1,0.535,0.42,0.409,0.38,0.481,0.351,0.342,0.367,0.368,
1,0.553,0.479,0.413,0.415,0.364,0.371,0.393,0.388,0.379,
1,0.518,0.49,0.459,0.455,0.402,0.39,0.351,0.368,0.37,
1,0.367,0.312,0.327,0.311,0.31,0.31,0.31,0.31,0.31,
1,0.507,0.385,0.336,0.37,0.348,0.378,0.349,0.35,0.379,
1,0.529,0.349,0.377,0.391,0.332,0.331,0.328,0.32,0.319,
1,0.409,0.361,0.321,0.315,0.316,0.312,0.311,0.311,0.311,
1,0.406,0.368,0.328,0.347,0.387,0.352,0.344,0.334,0.341,
1,0.462,0.441,0.401,0.418,0.344,0.332,0.368,0.348,0.37,
1,0.469,0.371,0.4,0.359,0.362,0.362,0.347,0.359,0.347,
1,0.422,0.383,0.386,0.393,0.338,0.326,0.315,0.328,0.329,
1,0.464,0.461,0.362,0.352,0.373,0.401,0.416,0.367,0.351,
1,0.538,0.567,0.481,0.485,0.391,0.391,0.392,0.384,0.408,
1,0.327,0.358,0.316,0.314,0.316,0.314,0.316,0.314,0.314,
1,0.463,0.426,0.411,0.356,0.411,0.436,0.37,0.394,0.338,
1,0.359,0.374,0.333,0.315,0.312,0.312,0.312,0.312,0.312,
1,0.491,0.433,0.365,0.364,0.376,0.36,0.341,0.382,0.356,
1,0.397,0.374,0.324,0.337,0.337,0.328,0.35,0.341,0.328,
1,0.539,0.509,0.378,0.415,0.363,0.362,0.35,0.375,0.347,
1,0.476,0.405,0.4,0.36,0.335,0.321,0.454,0.36,0.355,
1,0.517,0.402,0.402,0.387,0.327,0.341,0.365,0.339,0.33,
1,0.451,0.395,0.39,0.361,0.369,0.401,0.387,0.369,0.378,
1,0.317,0.308,0.308,0.308,0.308,0.308,0.308,0.308,0.308,
1,0.58,0.425,0.417,0.414,0.352,0.386,0.369,0.349,0.373,
1,0.447,0.464,0.434,0.376,0.393,0.366,0.358,0.369,0.348,
1,0.412,0.35,0.348,0.382,0.355,0.325,0.321,0.353,0.358,
1,0.482,0.395,0.388,0.384,0.372,0.416,0.408,0.399,0.344,
1,0.371,0.444,0.435,0.354,0.348,0.332,0.33,0.425,0.398,
1,0.523,0.375,0.353,0.348,0.329,0.323,0.331,0.327,0.322,
1,0.524,0.525,0.44,0.398,0.4,0.395,0.372,0.396,0.345,
1,0.313,0.306,0.306,0.306,0.306,0.306,0.306,0.306,0.306,
1,0.332,0.354,0.429,0.319,0.313,0.311,0.311,0.311,0.311,
1,0.579,0.515,0.417,0.4,0.379,0.361,0.377,0.428,0.394,
1,0.491,0.465,0.391,0.391,0.343,0.352,0.345,0.344,0.331,
1,0.358,0.347,0.376,0.36,0.421,0.342,0.321,0.319,0.314,
1,0.474,0.393,0.385,0.345,0.415,0.4,0.36,0.345,0.337,
1,0.498,0.475,0.509,0.412,0.378,0.354,0.354,0.36,0.371,
1,0.464,0.384,0.398,0.368,0.346,0.369,0.341,0.342,0.339,
1,0.331,0.309,0.308,0.308,0.308,0.308,0.308,0.308,0.308,
1,0.526,0.6,0.45,0.399,0.379,0.383,0.358,0.369,0.366,
1,0.542,0.429,0.432,0.401,0.388,0.423,0.38,0.375,0.366,
1,0.377,0.317,0.311,0.311,0.311,0.311,0.311,0.311,0.311,
1,0.542,0.447,0.437,0.424,0.366,0.396,0.374,0.39,0.352,
1,0.378,0.32,0.364,0.342,0.314,0.313,0.313,0.313,0.313,
1,0.518,0.41,0.395,0.38,0.397,0.343,0.335,0.335,0.345,
1,0.585,0.418,0.437,0.362,0.379,0.356,0.344,0.323,0.326,
1,0.483,0.451,0.421,0.385,0.357,0.405,0.388,0.411,0.396,
1,0.465,0.456,0.5,0.386,0.387,0.372,0.399,0.399,0.382,
1,0.452,0.53,0.454,0.412,0.404,0.364,0.36,0.334,0.333,
1,0.559,0.54,0.418,0.419,0.41,0.387,0.409,0.36,0.388,
1,0.486,0.355,0.37,0.345,0.326,0.337,0.319,0.355,0.322,
1,0.41,0.405,0.374,0.344,0.329,0.324,0.318,0.37,0.374,
1,0.339,0.348,0.326,0.322,0.312,0.312,0.312,0.312,0.312,
1,0.55,0.409,0.43,0.386,0.416,0.411,0.407,0.366,0.363,
1,0.533,0.403,0.452,0.382,0.402,0.361,0.368,0.421,0.385,
1,0.406,0.33,0.401,0.354,0.326,0.336,0.361,0.317,0.321,
1,0.345,0.353,0.341,0.314,0.313,0.313,0.313,0.313,0.313,
1,0.339,0.431,0.479,0.343,0.355,0.394,0.324,0.317,0.316,
1,0.383,0.331,0.392,0.327,0.345,0.408,0.372,0.355,0.352,
1,0.542,0.554,0.428,0.405,0.373,0.377,0.392,0.381,0.359,
1,0.56,0.517,0.396,0.363,0.366,0.348,0.348,0.426,0.388,
1,0.396,0.432,0.361,0.336,0.318,0.336,0.335,0.318,0.349,
1,0.554,0.479,0.422,0.382,0.368,0.412,0.369,0.358,0.362,
1,0.471,0.38,0.37,0.334,0.359,0.333,0.328,0.332,0.351,
1,0.46,0.397,0.357,0.335,0.336,0.36,0.439,0.341,0.326,
1,0.328,0.314,0.314,0.314,0.314,0.314,0.314,0.314,0.314,
1,0.478,0.481,0.411,0.447,0.412,0.347,0.367,0.402,0.436,
1,0.326,0.313,0.313,0.313,0.313,0.313,0.313,0.313,0.313,
1,0.49,0.397,0.371,0.447,0.372,0.345,0.333,0.379,0.403,
1,0.439,0.403,0.352,0.341,0.314,0.31,0.31,0.31,0.31,
1,0.48,0.454,0.393,0.339,0.35,0.351,0.334,0.328,0.317,
1,0.434,0.397,0.394,0.367,0.36,0.551,0.441,0.395,0.372,
1,0.474,0.387,0.317,0.328,0.313,0.313,0.311,0.311,0.311,
1,0.483,0.382,0.426,0.389,0.371,0.416,0.373,0.366,0.374,
1,0.464,0.419,0.391,0.361,0.372,0.357,0.348,0.434,0.368,
1,0.535,0.478,0.368,0.388,0.385,0.391,0.406,0.362,0.381,
1,0.507,0.41,0.351,0.347,0.321,0.329,0.326,0.313,0.316,
1,0.571,0.458,0.438,0.407,0.382,0.375,0.354,0.372,0.35,
1,0.493,0.497,0.466,0.374,0.36,0.348,0.377,0.333,0.358,
1,0.386,0.441,0.412,0.361,0.458,0.352,0.342,0.334,0.315,
1,0.528,0.456,0.422,0.393,0.406,0.366,0.406,0.421,0.395,
1,0.441,0.363,0.388,0.331,0.33,0.326,0.376,0.354,0.341,
1,0.526,0.425,0.403,0.398,0.374,0.354,0.367,0.356,0.375,
1,0.471,0.45,0.42,0.389,0.373,0.319,0.346,0.315,0.367,
1,0.393,0.34,0.33,0.478,0.387,0.386,0.331,0.35,0.328,
1,0.489,0.445,0.478,0.396,0.407,0.38,0.364,0.357,0.333,
1,0.478,0.44,0.484,0.348,0.36,0.389,0.378,0.328,0.352,
1,0.518,0.418,0.404,0.354,0.361,0.358,0.354,0.374,0.374,
1,0.461,0.333,0.316,0.368,0.329,0.336,0.337,0.316,0.33,
1,0.511,0.364,0.362,0.33,0.322,0.32,0.317,0.33,0.334,
1,0.466,0.574,0.392,0.369,0.407,0.395,0.416,0.377,0.372,
1,0.367,0.327,0.395,0.339,0.318,0.313,0.311,0.311,0.311,
1,0.531,0.449,0.416,0.409,0.434,0.374,0.384,0.357,0.354,
1,0.388,0.353,0.424,0.36,0.328,0.367,0.346,0.326,0.327,
1,0.501,0.493,0.414,0.423,0.412,0.39,0.389,0.371,0.401,
1,0.516,0.417,0.388,0.408,0.353,0.363,0.347,0.351,0.329,
1,0.434,0.382,0.377,0.409,0.37,0.407,0.444,0.375,0.348,
1,0.403,0.334,0.352,0.315,0.319,0.311,0.31,0.31,0.31,
1,0.369,0.344,0.317,0.317,0.314,0.313,0.313,0.313,0.313,
1,0.53,0.409,0.422,0.406,0.384,0.388,0.365,0.386,0.372,
1,0.527,0.44,0.42,0.389,0.361,0.353,0.393,0.375,0.423,
1,0.335,0.318,0.317,0.317,0.317,0.317,0.317,0.317,0.317,
1,0.409,0.382,0.384,0.367,0.332,0.346,0.379,0.35,0.343,
1,0.614,0.384,0.363,0.348,0.333,0.334,0.333,0.365,0.324,
1,0.593,0.447,0.376,0.357,0.372,0.354,0.329,0.358,0.369,
1,0.501,0.476,0.44,0.461,0.466,0.399,0.397,0.39,0.397,
1,0.404,0.426,0.44,0.36,0.361,0.335,0.317,0.315,0.315,
1,0.55,0.561,0.447,0.41,0.393,0.393,0.383,0.399,0.374,
1,0.555,0.494,0.443,0.462,0.428,0.416,0.388,0.369,0.348,
1,0.505,0.355,0.425,0.39,0.366,0.385,0.373,0.361,0.356,
1,0.503,0.439,0.389,0.403,0.384,0.41,0.382,0.352,0.37,
1,0.33,0.324,0.322,0.316,0.315,0.315,0.315,0.315,0.315,
1,0.57,0.442,0.485,0.458,0.419,0.392,0.469,0.379,0.387,
1,0.521,0.504,0.428,0.429,0.414,0.389,0.403,0.376,0.373,
1,0.407,0.317,0.313,0.313,0.313,0.313,0.313,0.313,0.313,
1,0.39,0.448,0.388,0.367,0.328,0.356,0.369,0.344,0.339,
1,0.459,0.352,0.344,0.317,0.313,0.313,0.313,0.313,0.313,
1,0.431,0.434,0.362,0.374,0.353,0.354,0.346,0.349,0.354,
1,0.457,0.378,0.355,0.353,0.375,0.357,0.326,0.376,0.321,
1,0.444,0.488,0.488,0.408,0.403,0.389,0.418,0.423,0.381,
1,0.472,0.384,0.413,0.384,0.377,0.348,0.349,0.339,0.34,
1,0.47,0.44,0.399,0.355,0.383,0.375,0.402,0.345,0.34,
1,0.572,0.459,0.431,0.397,0.4,0.386,0.39,0.364,0.365,
1,0.443,0.427,0.348,0.378,0.343,0.456,0.349,0.341,0.374,
1,0.636,0.552,0.461,0.451,0.408,0.408,0.426,0.397,0.41,
1,0.522,0.405,0.384,0.409,0.348,0.351,0.336,0.329,0.341,
1,0.474,0.397,0.508,0.386,0.392,0.388,0.4,0.378,0.366,
1,0.393,0.367,0.314,0.342,0.321,0.313,0.313,0.313,0.313,
1,0.43,0.484,0.343,0.358,0.351,0.334,0.339,0.328,0.33,
1,0.561,0.458,0.424,0.415,0.416,0.408,0.41,0.378,0.417,
1,0.421,0.403,0.416,0.409,0.345,0.351,0.337,0.338,0.323,
1,0.443,0.426,0.382,0.368,0.348,0.334,0.355,0.363,0.345,
1,0.517,0.537,0.406,0.363,0.355,0.338,0.356,0.342,0.372,
1,0.367,0.358,0.339,0.326,0.315,0.318,0.316,0.313,0.313,
1,0.57,0.461,0.368,0.382,0.364,0.338,0.377,0.355,0.385,
1,0.484,0.456,0.384,0.412,0.371,0.372,0.353,0.353,0.415,
1,0.459,0.417,0.439,0.403,0.45,0.356,0.379,0.357,0.382,
1,0.339,0.312,0.313,0.312,0.311,0.311,0.311,0.311,0.311,
1,0.466,0.381,0.387,0.362,0.341,0.366,0.37,0.326,0.323,
1,0.519,0.403,0.427,0.363,0.333,0.394,0.388,0.397,0.341,


1,0.352,0.317,0.316,0.316,0.316,0.316,0.316,0.316,0.316,
1,0.338,0.32,0.319,0.319,0.319,0.319,0.319,0.319,0.319,
1,0.362,0.4,0.403,0.362,0.373,0.353,0.362,0.382,0.371,
1,0.358,0.321,0.318,0.318,0.318,0.318,0.318,0.318,0.318,
1,0.341,0.333,0.326,0.318,0.317,0.317,0.317,0.317,0.317,
1,0.35,0.32,0.319,0.319,0.319,0.319,0.319,0.319,0.319,
1,0.335,0.363,0.338,0.334,0.321,0.319,0.344,0.323,0.32,
1,0.371,0.404,0.366,0.332,0.337,0.342,0.35,0.327,0.326,
1,0.349,0.365,0.408,0.364,0.349,0.336,0.329,0.353,0.345,
1,0.34,0.383,0.36,0.367,0.331,0.328,0.32,0.317,0.317,
1,0.392,0.337,0.342,0.344,0.326,0.331,0.326,0.32,0.319,
1,0.384,0.334,0.316,0.334,0.329,0.317,0.316,0.316,0.316,
1,0.354,0.339,0.324,0.319,0.347,0.337,0.357,0.39,0.332,
1,0.345,0.315,0.314,0.314,0.314,0.314,0.314,0.314,0.314,
1,0.345,0.323,0.319,0.318,0.318,0.318,0.318,0.318,0.318,
1,0.36,0.362,0.336,0.32,0.345,0.332,0.321,0.323,0.319,
1,0.334,0.317,0.317,0.317,0.317,0.317,0.317,0.317,0.317,
1,0.337,0.318,0.318,0.318,0.318,0.318,0.318,0.318,0.318,
1,0.336,0.362,0.408,0.375,0.352,0.359,0.327,0.317,0.315,
1,0.35,0.321,0.318,0.317,0.317,0.317,0.317,0.317,0.317,
1,0.35,0.32,0.317,0.317,0.317,0.317,0.317,0.317,0.317,
1,0.324,0.312,0.312,0.312,0.312,0.312,0.312,0.312,0.312,
1,0.333,0.316,0.316,0.316,0.316,0.316,0.316,0.316,0.316,
1,0.363,0.337,0.328,0.326,0.322,0.334,0.341,0.334,0.323,
1,0.337,0.318,0.318,0.318,0.318,0.318,0.318,0.318,0.318,
1,0.399,0.376,0.358,0.364,0.336,0.348,0.358,0.336,0.336,
1,0.342,0.368,0.374,0.34,0.341,0.329,0.319,0.319,0.319,
1,0.414,0.404,0.363,0.344,0.339,0.323,0.32,0.319,0.319,
1,0.333,0.317,0.316,0.316,0.316,0.316,0.316,0.316,0.316,
1,0.337,0.323,0.358,0.33,0.347,0.332,0.328,0.328,0.32,
1,0.322,0.311,0.311,0.311,0.311,0.311,0.311,0.311,0.311,
1,0.341,0.325,0.319,0.317,0.316,0.316,0.316,0.316,0.316,
1,0.335,0.317,0.317,0.317,0.317,0.317,0.317,0.317,0.317,
1,0.352,0.364,0.362,0.338,0.364,0.35,0.337,0.328,0.334,
1,0.342,0.318,0.317,0.317,0.317,0.317,0.317,0.317,0.317,
1,0.379,0.393,0.367,0.387,0.346,0.349,0.351,0.334,0.336,
1,0.357,0.375,0.337,0.321,0.324,0.357,0.339,0.321,0.316,
1,0.365,0.348,0.357,0.353,0.351,0.338,0.336,0.341,0.333,
1,0.343,0.317,0.316,0.316,0.316,0.316,0.316,0.316,0.316,
1,0.388,0.37,0.347,0.363,0.33,0.351,0.368,0.336,0.336,
1,0.339,0.321,0.317,0.317,0.328,0.319,0.335,0.383,0.363,
1,0.352,0.376,0.329,0.319,0.326,0.319,0.327,0.337,0.32,
1,0.393,0.356,0.342,0.36,0.371,0.334,0.343,0.331,0.319,
1,0.335,0.315,0.315,0.315,0.315,0.315,0.315,0.315,0.315,
1,0.322,0.31,0.31,0.31,0.31,0.31,0.31,0.31,0.31,
1,0.375,0.38,0.39,0.356,0.402,0.367,0.357,0.356,0.372,
1,0.348,0.329,0.332,0.324,0.32,0.322,0.321,0.321,0.32,
1,0.349,0.32,0.316,0.316,0.316,0.316,0.316,0.316,0.316,
1,0.393,0.376,0.395,0.356,0.364,0.362,0.349,0.344,0.344,
1,0.349,0.327,0.325,0.316,0.315,0.315,0.315,0.315,0.315,
1,0.397,0.35,0.356,0.337,0.318,0.318,0.318,0.318,0.318,
1,0.343,0.322,0.323,0.319,0.319,0.318,0.32,0.318,0.32,
1,0.338,0.339,0.32,0.317,0.317,0.317,0.317,0.317,0.317,
1,0.329,0.314,0.314,0.314,0.314,0.314,0.314,0.314,0.314,
1,0.359,0.329,0.341,0.347,0.345,0.33,0.336,0.338,0.354,
1,0.366,0.363,0.338,0.339,0.334,0.329,0.319,0.329,0.318,
1,0.348,0.319,0.355,0.363,0.32,0.33,0.324,0.323,0.317,
1,0.365,0.377,0.368,0.356,0.331,0.354,0.338,0.336,0.34,
1,0.351,0.317,0.316,0.316,0.316,0.316,0.316,0.316,0.316,
1,0.335,0.403,0.352,0.342,0.362,0.368,0.351,0.331,0.317,
1,0.336,0.357,0.386,0.363,0.34,0.34,0.343,0.338,0.322,
1,0.347,0.406,0.367,0.345,0.348,0.359,0.354,0.346,0.353,
1,0.364,0.329,0.322,0.324,0.323,0.337,0.322,0.342,0.325,
1,0.342,0.362,0.319,0.352,0.316,0.315,0.315,0.315,0.315,
1,0.357,0.332,0.35,0.361,0.327,0.341,0.325,0.324,0.339,
1,0.397,0.426,0.37,0.334,0.366,0.343,0.361,0.342,0.328,
1,0.341,0.33,0.318,0.316,0.316,0.316,0.316,0.316,0.316,
1,0.369,0.358,0.373,0.356,0.335,0.332,0.322,0.33,0.319,
1,0.326,0.313,0.312,0.312,0.312,0.312,0.312,0.312,0.312,
1,0.412,0.388,0.381,0.383,0.36,0.347,0.361,0.347,0.363,
1,0.354,0.334,0.33,0.319,0.318,0.317,0.317,0.317,0.317,
1,0.355,0.32,0.317,0.317,0.317,0.317,0.317,0.317,0.317,
1,0.336,0.318,0.318,0.318,0.318,0.318,0.318,0.318,0.318,
1,0.335,0.318,0.317,0.317,0.317,0.317,0.317,0.317,0.317,
1,0.348,0.328,0.323,0.325,0.323,0.321,0.323,0.321,0.321,
1,0.338,0.314,0.314,0.312,0.312,0.312,0.312,0.312,0.312,
1,0.346,0.338,0.321,0.32,0.32,0.319,0.318,0.318,0.318,
1,0.386,0.372,0.367,0.352,0.337,0.339,0.357,0.363,0.35,
1,0.353,0.349,0.327,0.33,0.322,0.322,0.328,0.325,0.323,
1,0.33,0.315,0.315,0.315,0.315,0.315,0.315,0.315,0.315,
1,0.339,0.32,0.319,0.319,0.319,0.319,0.319,0.319,0.319,
1,0.321,0.31,0.31,0.31,0.31,0.31,0.31,0.31,0.31,
1,0.333,0.392,0.361,0.343,0.362,0.358,0.365,0.343,0.33,
1,0.351,0.358,0.349,0.331,0.336,0.323,0.344,0.345,0.343,
1,0.373,0.379,0.361,0.333,0.339,0.322,0.325,0.319,0.319,
1,0.362,0.366,0.348,0.333,0.328,0.339,0.348,0.335,0.331,
1,0.359,0.346,0.318,0.315,0.315,0.315,0.315,0.315,0.315,
1,0.371,0.353,0.345,0.345,0.338,0.324,0.319,0.317,0.317,
1,0.349,0.318,0.316,0.316,0.316,0.316,0.316,0.316,0.316,
1,0.346,0.32,0.317,0.325,0.342,0.358,0.341,0.339,0.33,
1,0.349,0.319,0.359,0.375,0.338,0.353,0.322,0.319,0.317,
1,0.35,0.32,0.33,0.328,0.341,0.327,0.327,0.329,0.337,
1,0.334,0.317,0.321,0.317,0.316,0.316,0.316,0.316,0.316,
1,0.356,0.352,0.322,0.326,0.329,0.319,0.32,0.323,0.324,
1,0.346,0.316,0.319,0.317,0.316,0.319,0.317,0.316,0.319,
1,0.356,0.315,0.313,0.313,0.313,0.313,0.313,0.313,0.313,
1,0.39,0.334,0.327,0.334,0.325,0.318,0.332,0.326,0.32,
1,0.335,0.317,0.317,0.317,0.317,0.317,0.317,0.317,0.317,
1,0.382,0.326,0.314,0.313,0.313,0.313,0.313,0.313,0.313,
1,0.348,0.33,0.33,0.335,0.379,0.359,0.339,0.335,0.33,
1,0.351,0.325,0.32,0.354,0.327,0.333,0.363,0.376,0.351,
1,0.379,0.396,0.383,0.349,0.353,0.348,0.35,0.35,0.347,
1,0.399,0.353,0.339,0.32,0.328,0.337,0.347,0.347,0.322,
1,0.346,0.339,0.325,0.321,0.322,0.324,0.321,0.332,0.324,
1,0.331,0.315,0.315,0.315,0.315,0.315,0.315,0.315,0.315,
1,0.369,0.356,0.365,0.346,0.357,0.326,0.317,0.317,0.317,
1,0.344,0.334,0.339,0.319,0.317,0.317,0.317,0.317,0.317,
1,0.405,0.356,0.324,0.317,0.314,0.314,0.314,0.314,0.314,
1,0.351,0.326,0.318,0.316,0.316,0.316,0.316,0.316,0.316,
1,0.407,0.325,0.318,0.317,0.317,0.317,0.317,0.317,0.317,
1,0.334,0.316,0.316,0.316,0.315,0.316,0.315,0.316,0.315,
1,0.351,0.322,0.336,0.32,0.325,0.334,0.324,0.319,0.318,
1,0.342,0.319,0.318,0.318,0.318,0.318,0.318,0.318,0.318,
1,0.335,0.317,0.316,0.316,0.316,0.316,0.316,0.316,0.316,
1,0.393,0.363,0.348,0.386,0.351,0.327,0.349,0.341,0.344,
1,0.37,0.348,0.333,0.329,0.323,0.329,0.319,0.319,0.337,
1,0.364,0.33,0.318,0.317,0.317,0.317,0.317,0.317,0.317,
1,0.367,0.358,0.34,0.358,0.332,0.328,0.337,0.338,0.335,
1,0.343,0.335,0.32,0.317,0.317,0.317,0.317,0.317,0.317,
1,0.361,0.372,0.343,0.325,0.343,0.341,0.34,0.342,0.337,
1,0.389,0.383,0.384,0.379,0.349,0.336,0.377,0.353,0.349,
1,0.334,0.338,0.373,0.335,0.333,0.345,0.365,0.321,0.317,
1,0.326,0.312,0.312,0.312,0.312,0.312,0.312,0.312,0.312,
1,0.409,0.396,0.355,0.365,0.341,0.35,0.339,0.354,0.352,
1,0.342,0.338,0.322,0.32,0.318,0.318,0.318,0.318,0.318,
1,0.348,0.323,0.34,0.319,0.318,0.318,0.318,0.318,0.318,
1,0.408,0.387,0.349,0.325,0.32,0.322,0.318,0.318,0.361,
1,0.338,0.32,0.381,0.357,0.35,0.335,0.326,0.32,0.355,
1,0.382,0.338,0.372,0.378,0.346,0.358,0.343,0.339,0.347,
1,0.342,0.316,0.323,0.318,0.322,0.366,0.365,0.334,0.363,
1,0.362,0.329,0.333,0.378,0.354,0.343,0.343,0.343,0.336,
1,0.357,0.33,0.337,0.356,0.331,0.327,0.321,0.318,0.318,
1,0.352,0.355,0.365,0.379,0.349,0.361,0.346,0.343,0.348,
1,0.37,0.337,0.325,0.315,0.315,0.315,0.315,0.315,0.315,
1,0.344,0.393,0.394,0.349,0.359,0.35,0.351,0.34,0.336,
1,0.346,0.364,0.349,0.354,0.341,0.362,0.356,0.35,0.336,
1,0.352,0.384,0.35,0.338,0.324,0.35,0.351,0.316,0.315,
1,0.364,0.325,0.318,0.321,0.319,0.318,0.318,0.318,0.318,
1,0.378,0.374,0.378,0.392,0.369,0.349,0.328,0.331,0.327,
1,0.365,0.404,0.396,0.362,0.356,0.369,0.356,0.348,0.345,
1,0.362,0.356,0.343,0.334,0.332,0.335,0.332,0.337,0.321,
1,0.34,0.32,0.408,0.347,0.356,0.343,0.345,0.327,0.335,
1,0.334,0.318,0.332,0.319,0.319,0.317,0.317,0.317,0.317,
1,0.337,0.32,0.321,0.318,0.318,0.318,0.318,0.318,0.318,
1,0.446,0.394,0.367,0.372,0.341,0.332,0.338,0.329,0.328,
1,0.443,0.376,0.354,0.372,0.36,0.366,0.338,0.338,0.339,
1,0.337,0.35,0.341,0.32,0.318,0.318,0.318,0.318,0.318,
1,0.349,0.334,0.319,0.322,0.321,0.319,0.343,0.331,0.322,
1,0.335,0.385,0.352,0.332,0.326,0.323,0.323,0.353,0.346,
1,0.336,0.312,0.311,0.311,0.311,0.311,0.311,0.311,0.311,
1,0.356,0.32,0.321,0.322,0.34,0.334,0.37,0.36,0.337,
1,0.334,0.317,0.317,0.316,0.316,0.316,0.316,0.316,0.316,
1,0.325,0.312,0.312,0.312,0.312,0.312,0.312,0.312,0.312,
1,0.332,0.345,0.322,0.329,0.318,0.315,0.316,0.315,0.315,
1,0.356,0.347,0.331,0.359,0.357,0.365,0.359,0.345,0.333,
1,0.336,0.318,0.318,0.318,0.318,0.318,0.318,0.318,0.318,
1,0.391,0.348,0.339,0.339,0.34,0.342,0.333,0.332,0.336,
1,0.394,0.388,0.347,0.324,0.318,0.317,0.317,0.317,0.317,
1,0.373,0.323,0.318,0.317,0.317,0.317,0.317,0.317,0.317,
1,0.365,0.348,0.397,0.355,0.345,0.337,0.324,0.326,0.317,
1,0.364,0.379,0.358,0.349,0.339,0.339,0.328,0.337,0.335,
1,0.333,0.368,0.326,0.334,0.317,0.316,0.316,0.316,0.316,
1,0.349,0.4,0.376,0.347,0.365,0.352,0.326,0.334,0.332,
1,0.345,0.319,0.345,0.332,0.328,0.322,0.374,0.338,0.341,
1,0.33,0.328,0.334,0.316,0.39,0.334,0.359,0.324,0.315,
1,0.34,0.317,0.316,0.316,0.316,0.316,0.316,0.316,0.316,
1,0.338,0.319,0.317,0.317,0.317,0.317,0.317,0.317,0.317,
1,0.341,0.318,0.317,0.317,0.317,0.317,0.317,0.317,0.317,
1,0.333,0.318,0.316,0.316,0.316,0.316,0.316,0.316,0.316,
1,0.399,0.349,0.336,0.345,0.328,0.322,0.363,0.338,0.324,
1,0.362,0.365,0.366,0.349,0.34,0.352,0.333,0.335,0.35,
1,0.38,0.35,0.344,0.327,0.327,0.336,0.349,0.341,0.323,
1,0.351,0.321,0.319,0.319,0.319,0.319,0.319,0.319,0.319,
1,0.344,0.32,0.313,0.312,0.312,0.312,0.312,0.312,0.312,
1,0.376,0.376,0.333,0.341,0.329,0.325,0.338,0.36,0.34,
1,0.362,0.32,0.317,0.317,0.317,0.317,0.317,0.317,0.317,
1,0.339,0.341,0.322,0.316,0.315,0.315,0.315,0.315,0.315,
1,0.353,0.344,0.332,0.32,0.322,0.319,0.319,0.319,0.319,
1,0.361,0.377,0.365,0.396,0.37,0.358,0.366,0.349,0.35,
1,0.399,0.328,0.326,0.318,0.317,0.317,0.317,0.317,0.317,
1,0.331,0.316,0.315,0.315,0.315,0.315,0.315,0.315,0.315,
1,0.335,0.328,0.318,0.317,0.317,0.317,0.317,0.317,0.317,
1,0.338,0.333,0.315,0.315,0.315,0.315,0.315,0.315,0.315,
1,0.345,0.325,0.319,0.319,0.319,0.319,0.319,0.319,0.319,
1,0.347,0.316,0.315,0.315,0.315,0.315,0.315,0.315,0.315,
1,0.38,0.365,0.335,0.332,0.319,0.318,0.318,0.318,0.318,
1,0.384,0.349,0.344,0.333,0.329,0.331,0.34,0.336,0.325,
1,0.394,0.371,0.35,0.339,0.349,0.333,0.334,0.342,0.336,
1,0.345,0.314,0.314,0.314,0.314,0.314,0.314,0.314,0.314,
1,0.339,0.32,0.362,0.329,0.338,0.322,0.35,0.389,0.377,
1,0.329,0.314,0.314,0.314,0.314,0.314,0.314,0.314,0.314,
1,0.354,0.322,0.319,0.32,0.319,0.319,0.319,0.365,0.359,
1,0.362,0.324,0.338,0.336,0.32,0.327,0.39,0.343,0.334,
1,0.338,0.368,0.325,0.379,0.359,0.341,0.347,0.333,0.332,
1,0.358,0.374,0.347,0.333,0.348,0.356,0.325,0.321,0.341,
1,0.322,0.311,0.311,0.311,0.311,0.311,0.311,0.311,0.311,
1,0.363,0.338,0.374,0.354,0.356,0.341,0.361,0.357,0.351,
1,0.344,0.339,0.358,0.352,0.37,0.372,0.345,0.342,0.329,
1,0.337,0.318,0.317,0.317,0.317,0.317,0.317,0.317,0.317,
1,0.372,0.343,0.329,0.329,0.342,0.331,0.325,0.32,0.321,
1,0.392,0.366,0.342,0.361,0.351,0.336,0.345,0.334,0.36,
1,0.338,0.319,0.318,0.318,0.318,0.318,0.318,0.318,0.318,
1,0.368,0.322,0.317,0.316,0.316,0.316,0.316,0.316,0.316,
1,0.364,0.32,0.315,0.315,0.315,0.315,0.315,0.315,0.315,
1,0.34,0.32,0.319,0.319,0.319,0.319,0.319,0.319,0.319,
1,0.381,0.392,0.356,0.345,0.345,0.347,0.331,0.334,0.358,
1,0.33,0.315,0.314,0.314,0.314,0.314,0.314,0.314,0.314,
1,0.365,0.358,0.351,0.34,0.333,0.349,0.334,0.325,0.339,
1,0.391,0.355,0.361,0.332,0.326,0.318,0.317,0.317,0.317,
1,0.336,0.403,0.362,0.357,0.377,0.363,0.35,0.328,0.321,
1,0.332,0.316,0.315,0.315,0.315,0.315,0.315,0.315,0.315,
1,0.352,0.321,0.318,0.318,0.318,0.318,0.318,0.318,0.318,
1,0.36,0.33,0.351,0.344,0.343,0.342,0.342,0.324,0.335,
1,0.36,0.339,0.333,0.324,0.32,0.32,0.318,0.318,0.318,
1,0.377,0.338,0.32,0.357,0.375,0.339,0.324,0.342,0.326,
1,0.347,0.41,0.373,0.395,0.377,0.355,0.35,0.35,0.351,
1,0.348,0.336,0.332,0.346,0.325,0.336,0.333,0.328,0.342,
1,0.337,0.318,0.317,0.317,0.317,0.317,0.317,0.317,0.317,
1,0.337,0.326,0.378,0.35,0.342,0.342,0.317,0.316,0.315,
1,0.332,0.314,0.314,0.314,0.314,0.314,0.314,0.314,0.314,
1,0.347,0.361,0.339,0.35,0.336,0.32,0.317,0.317,0.317,
1,0.347,0.32,0.319,0.319,0.319,0.319,0.319,0.319,0.319,
1,0.378,0.33,0.346,0.337,0.323,0.336,0.323,0.319,0.348,
1,0.369,0.338,0.337,0.322,0.331,0.33,0.328,0.324,0.325,
1,0.336,0.318,0.318,0.318,0.318,0.318,0.318,0.318,0.318,
1,0.339,0.315,0.313,0.313,0.313,0.313,0.313,0.313,0.313,
1,0.346,0.32,0.319,0.319,0.319,0.319,0.319,0.319,0.319,
1,0.326,0.312,0.312,0.312,0.312,0.312,0.312,0.312,0.312,
1,0.376,0.386,0.396,0.372,0.356,0.356,0.344,0.355,0.343,
1,0.372,0.343,0.367,0.357,0.331,0.327,0.337,0.318,0.317,
1,0.365,0.33,0.323,0.398,0.36,0.405,0.362,0.36,0.361,
1,0.331,0.315,0.315,0.315,0.315,0.315,0.315,0.315,0.315,
1,0.336,0.363,0.341,0.339,0.348,0.324,0.321,0.32,0.329,
1,0.353,0.36,0.349,0.341,0.319,0.317,0.317,0.317,0.317,
1,0.339,0.317,0.316,0.316,0.316,0.316,0.316,0.316,0.316,
1,0.362,0.359,0.36,0.343,0.329,0.347,0.33,0.324,0.32,
1,0.363,0.332,0.33,0.352,0.335,0.32,0.323,0.321,0.32,
1,0.348,0.317,0.316,0.316,0.316,0.316,0.316,0.316,0.316,
1,0.356,0.396,0.402,0.375,0.352,0.355,0.359,0.371,0.36,
1,0.332,0.316,0.316,0.316,0.316,0.316,0.316,0.316,0.316,
1,0.374,0.383,0.369,0.34,0.334,0.364,0.342,0.362,0.355,
1,0.335,0.323,0.317,0.317,0.317,0.317,0.317,0.317,0.317,
1,0.349,0.319,0.318,0.317,0.318,0.316,0.316,0.316,0.316,
1,0.344,0.346,0.398,0.355,0.349,0.38,0.352,0.343,0.341,
1,0.363,0.353,0.341,0.333,0.33,0.327,0.353,0.332,0.33,
1,0.393,0.382,0.344,0.36,0.364,0.36,0.359,0.339,0.331,
1,0.352,0.319,0.315,0.315,0.315,0.315,0.315,0.315,0.315,
1,0.335,0.318,0.317,0.317,0.317,0.317,0.317,0.317,0.317,
1,0.371,0.337,0.352,0.344,0.324,0.328,0.332,0.323,0.319,
1,0.34,0.319,0.318,0.318,0.318,0.318,0.318,0.318,0.318,
1,0.338,0.314,0.313,0.313,0.313,0.313,0.313,0.313,0.313,
1,0.338,0.317,0.315,0.315,0.315,0.315,0.315,0.315,0.315,
1,0.339,0.316,0.315,0.315,0.315,0.315,0.315,0.315,0.315,
1,0.339,0.375,0.371,0.363,0.332,0.331,0.355,0.337,0.321,
1,0.354,0.352,0.361,0.362,0.33,0.326,0.333,0.367,0.33,
1,0.349,0.391,0.354,0.333,0.35,0.344,0.336,0.324,0.34,
1,0.364,0.355,0.344,0.332,0.318,0.317,0.319,0.317,0.317,
1,0.355,0.322,0.324,0.322,0.384,0.345,0.329,0.324,0.32,
1,0.351,0.318,0.316,0.316,0.316,0.316,0.316,0.316,0.316,
1,0.36,0.321,0.322,0.319,0.319,0.319,0.319,0.319,0.319,
1,0.351,0.338,0.338,0.322,0.318,0.337,0.324,0.325,0.317,
1,0.347,0.332,0.324,0.334,0.328,0.318,0.318,0.318,0.318,
1,0.418,0.359,0.368,0.359,0.334,0.343,0.338,0.344,0.33,
1,0.337,0.319,0.319,0.319,0.319,0.319,0.319,0.319,0.319,
1,0.337,0.318,0.321,0.339,0.35,0.347,0.336,0.347,0.336,
1,0.403,0.366,0.378,0.321,0.315,0.315,0.315,0.315,0.315,
1,0.373,0.363,0.384,0.332,0.324,0.333,0.359,0.337,0.324,
1,0.335,0.336,0.32,0.317,0.317,0.317,0.317,0.317,0.317,
1,0.349,0.339,0.315,0.314,0.313,0.313,0.313,0.313,0.313,
1,0.33,0.314,0.314,0.314,0.314,0.314,0.314,0.314,0.314,
1,0.39,0.388,0.356,0.367,0.357,0.392,0.348,0.35,0.365,
1,0.322,0.311,0.311,0.311,0.311,0.311,0.311,0.311,0.311,
1,0.343,0.34,0.32,0.313,0.313,0.313,0.313,0.313,0.313,
1,0.413,0.36,0.349,0.349,0.324,0.322,0.323,0.319,0.317,
1,0.329,0.326,0.349,0.359,0.342,0.325,0.315,0.313,0.312,
1,0.332,0.316,0.345,0.388,0.349,0.332,0.32,0.315,0.336,
1,0.388,0.375,0.369,0.329,0.32,0.33,0.339,0.321,0.36,
1,0.365,0.322,0.35,0.337,0.322,0.314,0.314,0.314,0.314,
1,0.323,0.311,0.311,0.311,0.311,0.311,0.311,0.311,0.311,
1,0.329,0.385,0.388,0.357,0.332,0.34,0.32,0.315,0.315,
1,0.361,0.321,0.315,0.316,0.318,0.314,0.313,0.313,0.313,
1,0.418,0.433,0.367,0.364,0.353,0.362,0.342,0.347,0.331,
1,0.325,0.313,0.313,0.313,0.313,0.313,0.313,0.313,0.313,
1,0.4,0.354,0.372,0.347,0.35,0.347,0.348,0.33,0.349,
1,0.328,0.311,0.311,0.311,0.311,0.311,0.311,0.311,0.311,
1,0.333,0.326,0.314,0.314,0.314,0.314,0.314,0.314,0.314,
1,0.349,0.328,0.319,0.315,0.312,0.312,0.312,0.312,0.312,
1,0.349,0.328,0.319,0.319,0.319,0.315,0.315,0.315,0.315,
1,0.331,0.335,0.323,0.329,0.314,0.309,0.309,0.309,0.309,
1,0.33,0.332,0.341,0.341,0.327,0.337,0.321,0.318,0.318,
1,0.328,0.326,0.314,0.314,0.314,0.314,0.314,0.314,0.314,
1,0.353,0.324,0.327,0.354,0.36,0.326,0.332,0.316,0.315,
1,0.354,0.314,0.313,0.313,0.313,0.313,0.313,0.313,0.313,
1,0.395,0.34,0.317,0.323,0.323,0.319,0.318,0.341,0.346,
1,0.328,0.378,0.334,0.344,0.317,0.315,0.314,0.314,0.314,
1,0.338,0.335,0.318,0.377,0.322,0.329,0.319,0.328,0.319,
1,0.329,0.315,0.315,0.315,0.315,0.315,0.315,0.315,0.315,
1,0.323,0.311,0.311,0.311,0.311,0.311,0.311,0.311,0.311,
1,0.447,0.354,0.339,0.338,0.328,0.33,0.323,0.329,0.337,
1,0.328,0.332,0.339,0.359,0.333,0.35,0.336,0.345,0.324,
1,0.358,0.345,0.333,0.332,0.319,0.354,0.376,0.355,0.403,
1,0.372,0.356,0.321,0.315,0.315,0.315,0.315,0.315,0.315,
1,0.386,0.372,0.361,0.323,0.318,0.332,0.319,0.316,0.33,
1,0.371,0.35,0.358,0.397,0.338,0.322,0.337,0.315,0.314,
1,0.333,0.32,0.336,0.318,0.316,0.32,0.316,0.315,0.315,
1,0.336,0.32,0.314,0.314,0.313,0.313,0.313,0.313,0.313,
1,0.33,0.356,0.334,0.358,0.378,0.334,0.336,0.353,0.344,
1,0.333,0.355,0.35,0.318,0.354,0.355,0.331,0.327,0.317,
1,0.328,0.314,0.314,0.314,0.314,0.314,0.314,0.314,0.314,
1,0.346,0.312,0.312,0.312,0.312,0.312,0.312,0.312,0.312,
1,0.328,0.321,0.33,0.332,0.365,0.352,0.328,0.343,0.33,
1,0.334,0.313,0.314,0.313,0.312,0.312,0.312,0.312,0.312,
1,0.342,0.315,0.312,0.312,0.312,0.312,0.312,0.312,0.312,
1,0.369,0.318,0.343,0.322,0.328,0.326,0.317,0.314,0.313,
1,0.361,0.318,0.312,0.312,0.312,0.312,0.312,0.312,0.312,
1,0.341,0.316,0.314,0.313,0.313,0.313,0.313,0.313,0.313,
1,0.398,0.355,0.321,0.318,0.332,0.331,0.348,0.33,0.344,
1,0.326,0.309,0.309,0.309,0.309,0.309,0.309,0.309,0.309,
1,0.421,0.376,0.372,0.341,0.352,0.34,0.343,0.331,0.332,
1,0.326,0.314,0.313,0.313,0.313,0.313,0.313,0.313,0.313,
1,0.325,0.31,0.309,0.309,0.309,0.309,0.309,0.309,0.309,
1,0.354,0.327,0.313,0.315,0.313,0.312,0.312,0.312,0.312,
1,0.353,0.332,0.333,0.321,0.319,0.317,0.324,0.317,0.317,
1,0.361,0.337,0.335,0.339,0.316,0.314,0.314,0.314,0.314,
1,0.326,0.313,0.313,0.313,0.313,0.313,0.313,0.313,0.313,
1,0.324,0.312,0.312,0.312,0.312,0.312,0.312,0.312,0.312,
1,0.33,0.316,0.315,0.315,0.315,0.315,0.315,0.315,0.315,
1,0.337,0.316,0.315,0.315,0.315,0.315,0.315,0.315,0.315,
1,0.361,0.366,0.321,0.322,0.313,0.313,0.313,0.313,0.313,
1,0.348,0.373,0.358,0.354,0.338,0.353,0.363,0.353,0.35,
1,0.34,0.324,0.343,0.334,0.325,0.335,0.325,0.33,0.318,
1,0.368,0.351,0.338,0.33,0.324,0.32,0.315,0.314,0.315,
1,0.35,0.318,0.313,0.312,0.312,0.312,0.312,0.312,0.312,
1,0.326,0.313,0.313,0.313,0.313,0.313,0.313,0.313,0.313,
1,0.325,0.312,0.312,0.313,0.312,0.312,0.312,0.312,0.312,
1,0.326,0.31,0.31,0.31,0.31,0.31,0.31,0.31,0.31,
1,0.333,0.326,0.33,0.319,0.322,0.332,0.324,0.339,0.329,
1,0.356,0.327,0.315,0.312,0.312,0.312,0.312,0.312,0.312,
1,0.389,0.373,0.358,0.365,0.347,0.338,0.342,0.343,0.364,
1,0.345,0.323,0.314,0.313,0.313,0.313,0.313,0.313,0.313,
1,0.39,0.4,0.36,0.356,0.35,0.363,0.335,0.326,0.32,
1,0.317,0.308,0.308,0.308,0.308,0.308,0.308,0.308,0.308,
1,0.348,0.318,0.32,0.32,0.319,0.319,0.317,0.318,0.316,
1,0.325,0.312,0.312,0.312,0.312,0.312,0.312,0.312,0.312,
1,0.321,0.31,0.31,0.31,0.31,0.31,0.31,0.31,0.31,
1,0.361,0.332,0.317,0.315,0.321,0.323,0.314,0.314,0.314,
1,0.348,0.314,0.313,0.313,0.313,0.313,0.313,0.313,0.313,
1,0.379,0.343,0.333,0.341,0.341,0.332,0.326,0.332,0.335,
1,0.327,0.314,0.314,0.314,0.314,0.314,0.314,0.314,0.314,
1,0.37,0.347,0.317,0.314,0.313,0.313,0.313,0.313,0.313,
1,0.323,0.311,0.311,0.311,0.311,0.311,0.311,0.311,0.311,
1,0.342,0.315,0.314,0.314,0.314,0.314,0.314,0.314,0.314,
1,0.374,0.327,0.341,0.317,0.317,0.313,0.312,0.312,0.312,
1,0.337,0.329,0.357,0.339,0.316,0.314,0.318,0.314,0.314,
1,0.337,0.355,0.363,0.34,0.346,0.331,0.321,0.332,0.314,
1,0.329,0.321,0.315,0.315,0.315,0.315,0.315,0.315,0.315,
1,0.322,0.311,0.311,0.311,0.311,0.311,0.311,0.311,0.311,
1,0.36,0.318,0.315,0.314,0.314,0.314,0.314,0.314,0.314,
1,0.381,0.332,0.316,0.313,0.313,0.313,0.313,0.313,0.313,
1,0.328,0.314,0.314,0.314,0.314,0.314,0.314,0.314,0.314,
1,0.359,0.338,0.322,0.345,0.359,0.322,0.334,0.326,0.326,
1,0.329,0.315,0.315,0.315,0.315,0.315,0.315,0.315,0.315,
1,0.338,0.397,0.376,0.358,0.388,0.336,0.355,0.343,0.344,
1,0.32,0.31,0.31,0.31,0.31,0.31,0.31,0.31,0.31,
1,0.328,0.314,0.314,0.314,0.314,0.314,0.314,0.314,0.314,
1,0.352,0.317,0.316,0.313,0.313,0.313,0.313,0.313,0.313,
1,0.361,0.398,0.336,0.343,0.312,0.311,0.311,0.311,0.311,
1,0.365,0.322,0.316,0.315,0.315,0.315,0.315,0.315,0.315,
1,0.344,0.315,0.314,0.314,0.314,0.314,0.314,0.314,0.314,
1,0.342,0.315,0.314,0.314,0.314,0.314,0.314,0.314,0.314,
1,0.328,0.314,0.313,0.313,0.313,0.313,0.313,0.313,0.313,
1,0.331,0.316,0.316,0.316,0.316,0.316,0.316,0.316,0.316,
1,0.374,0.368,0.38,0.368,0.346,0.337,0.344,0.34,0.325,
1,0.327,0.314,0.314,0.314,0.314,0.314,0.314,0.314,0.314,
1,0.383,0.362,0.343,0.323,0.327,0.333,0.33,0.323,0.325,
1,0.393,0.358,0.314,0.312,0.312,0.312,0.312,0.312,0.312,
1,0.329,0.315,0.385,0.356,0.347,0.325,0.319,0.329,0.327,
1,0.348,0.321,0.312,0.312,0.312,0.312,0.312,0.312,0.312,
1,0.373,0.329,0.317,0.324,0.316,0.313,0.318,0.315,0.313,
1,0.349,0.317,0.313,0.313,0.313,0.313,0.313,0.313,0.313,
1,0.329,0.352,0.319,0.315,0.315,0.315,0.315,0.315,0.315,
1,0.394,0.344,0.338,0.319,0.322,0.315,0.317,0.315,0.315,
1,0.318,0.309,0.309,0.309,0.309,0.309,0.309,0.309,0.309,
1,0.329,0.35,0.361,0.332,0.346,0.347,0.368,0.323,0.343,
1,0.373,0.357,0.338,0.357,0.357,0.331,0.332,0.321,0.319,
1,0.327,0.312,0.35,0.34,0.375,0.319,0.312,0.312,0.312,
1,0.386,0.359,0.347,0.344,0.357,0.367,0.333,0.331,0.329,
1,0.359,0.336,0.327,0.321,0.313,0.36,0.314,0.316,0.314,
1,0.327,0.314,0.314,0.314,0.314,0.314,0.314,0.314,0.314,
1,0.348,0.371,0.352,0.335,0.326,0.327,0.329,0.32,0.324,
1,0.33,0.307,0.307,0.307,0.307,0.307,0.307,0.307,0.307,
1,0.323,0.325,0.314,0.312,0.311,0.311,0.311,0.311,0.311,
1,0.413,0.392,0.396,0.374,0.349,0.362,0.344,0.348,0.335,
1,0.326,0.313,0.313,0.313,0.313,0.313,0.313,0.313,0.313,
1,0.325,0.312,0.312,0.312,0.312,0.312,0.312,0.312,0.312,
1,0.327,0.314,0.314,0.314,0.314,0.314,0.314,0.314,0.314,
1,0.336,0.344,0.362,0.338,0.319,0.359,0.325,0.32,0.337,
1,0.342,0.315,0.314,0.314,0.314,0.314,0.314,0.314,0.314,
1,0.317,0.308,0.308,0.308,0.308,0.308,0.308,0.308,0.308,
1,0.331,0.354,0.373,0.393,0.399,0.36,0.35,0.341,0.342,
1,0.329,0.315,0.315,0.315,0.315,0.315,0.315,0.315,0.315,
1,0.335,0.312,0.311,0.311,0.311,0.311,0.311,0.311,0.311,
1,0.336,0.354,0.32,0.329,0.317,0.315,0.315,0.315,0.315,
1,0.326,0.314,0.313,0.313,0.313,0.313,0.313,0.313,0.313,
1,0.334,0.314,0.313,0.313,0.313,0.313,0.313,0.313,0.313,
1,0.353,0.339,0.39,0.35,0.343,0.326,0.317,0.316,0.314,
1,0.334,0.348,0.344,0.385,0.353,0.363,0.339,0.355,0.35,
1,0.358,0.367,0.371,0.382,0.38,0.37,0.34,0.347,0.337,
1,0.33,0.316,0.316,0.316,0.316,0.316,0.316,0.316,0.316,
1,0.422,0.371,0.358,0.349,0.352,0.343,0.343,0.35,0.349,
1,0.35,0.314,0.312,0.313,0.312,0.316,0.312,0.312,0.312,
1,0.328,0.314,0.314,0.314,0.314,0.314,0.314,0.314,0.314,
1,0.324,0.312,0.312,0.312,0.312,0.312,0.312,0.312,0.312,
1,0.347,0.315,0.314,0.314,0.314,0.314,0.314,0.314,0.314,
1,0.359,0.368,0.354,0.32,0.315,0.315,0.315,0.315,0.315,
1,0.321,0.319,0.314,0.327,0.33,0.311,0.314,0.328,0.339,
1,0.326,0.313,0.313,0.313,0.313,0.313,0.313,0.313,0.313,
1,0.324,0.353,0.327,0.335,0.316,0.317,0.316,0.373,0.353,
1,0.362,0.319,0.317,0.315,0.315,0.315,0.315,0.315,0.315,
1,0.385,0.377,0.375,0.348,0.345,0.368,0.349,0.351,0.339,
1,0.375,0.357,0.331,0.33,0.333,0.328,0.323,0.335,0.322,
1,0.33,0.32,0.348,0.339,0.327,0.325,0.317,0.316,0.313,
1,0.383,0.355,0.346,0.333,0.349,0.34,0.356,0.388,0.348,
1,0.325,0.313,0.312,0.312,0.312,0.312,0.312,0.312,0.312,
1,0.325,0.313,0.312,0.312,0.312,0.312,0.312,0.312,0.312,
1,0.373,0.328,0.32,0.315,0.314,0.314,0.314,0.314,0.314,
1,0.393,0.347,0.338,0.315,0.339,0.333,0.347,0.323,0.337,
1,0.369,0.329,0.316,0.313,0.313,0.313,0.313,0.313,0.313,
1,0.357,0.356,0.336,0.316,0.314,0.338,0.316,0.316,0.314,
1,0.32,0.31,0.31,0.31,0.31,0.31,0.31,0.31,0.31,
1,0.327,0.338,0.362,0.343,0.317,0.312,0.312,0.312,0.312,
1,0.343,0.316,0.315,0.315,0.315,0.315,0.315,0.315,0.315,
1,0.323,0.311,0.311,0.311,0.311,0.311,0.311,0.311,0.311,
1,0.364,0.358,0.346,0.377,0.344,0.34,0.326,0.345,0.347,
1,0.326,0.313,0.313,0.313,0.313,0.313,0.313,0.313,0.313,
1,0.343,0.367,0.345,0.327,0.333,0.344,0.332,0.32,0.327,
1,0.343,0.343,0.339,0.33,0.313,0.313,0.313,0.313,0.313,
1,0.373,0.374,0.332,0.363,0.342,0.343,0.33,0.331,0.338,
1,0.327,0.314,0.314,0.314,0.314,0.314,0.314,0.314,0.314,
1,0.328,0.314,0.314,0.314,0.314,0.314,0.314,0.314,0.314,
1,0.402,0.353,0.337,0.338,0.328,0.327,0.324,0.329,0.347,
1,0.329,0.315,0.315,0.315,0.315,0.315,0.315,0.315,0.315,
1,0.343,0.317,0.35,0.355,0.335,0.358,0.334,0.335,0.36,
1,0.352,0.364,0.34,0.347,0.323,0.318,0.327,0.313,0.321,
1,0.344,0.313,0.312,0.312,0.312,0.312,0.312,0.312,0.312,
1,0.35,0.319,0.315,0.315,0.315,0.315,0.315,0.315,0.315,
1,0.363,0.357,0.336,0.32,0.314,0.329,0.346,0.337,0.331,
1,0.403,0.374,0.321,0.346,0.346,0.329,0.336,0.32,0.315,
1,0.33,0.313,0.312,0.312,0.312,0.312,0.312,0.312,0.312,
1,0.332,0.343,0.324,0.319,0.32,0.328,0.316,0.314,0.314,
1,0.387,0.333,0.332,0.374,0.355,0.374,0.364,0.361,0.353,
1,0.36,0.316,0.311,0.311,0.311,0.311,0.311,0.311,0.311,
1,0.328,0.314,0.314,0.314,0.314,0.314,0.314,0.314,0.314,
1,0.377,0.357,0.34,0.321,0.314,0.314,0.314,0.314,0.314,
1,0.341,0.385,0.363,0.353,0.365,0.354,0.36,0.336,0.337,
1,0.373,0.329,0.331,0.318,0.317,0.314,0.314,0.314,0.314,
1,0.394,0.374,0.34,0.366,0.33,0.343,0.344,0.336,0.324,
1,0.371,0.326,0.313,0.312,0.312,0.312,0.312,0.312,0.312,
1,0.326,0.314,0.313,0.313,0.313,0.313,0.313,0.313,0.313,
1,0.362,0.372,0.359,0.344,0.38,0.336,0.325,0.32,0.318,
1,0.338,0.319,0.319,0.319,0.319,0.319,0.319,0.319,0.319,
1,0.377,0.395,0.357,0.364,0.345,0.343,0.336,0.354,0.328,
1,0.334,0.317,0.316,0.316,0.316,0.316,0.316,0.316,0.316,
1,0.337,0.349,0.32,0.316,0.316,0.316,0.316,0.316,0.316,
1,0.335,0.317,0.317,0.316,0.316,0.316,0.316,0.316,0.316,
1,0.391,0.362,0.335,0.331,0.335,0.329,0.33,0.334,0.329,
1,0.331,0.315,0.315,0.315,0.315,0.315,0.315,0.315,0.315,
1,0.361,0.382,0.411,0.373,0.37,0.374,0.362,0.356,0.363,
1,0.352,0.356,0.385,0.366,0.339,0.34,0.331,0.336,0.352,
1,0.337,0.319,0.318,0.318,0.318,0.318,0.318,0.318,0.318,
1,0.39,0.363,0.356,0.354,0.33,0.338,0.363,0.351,0.344,
1,0.339,0.316,0.315,0.315,0.315,0.315,0.315,0.315,0.315,
1,0.36,0.34,0.323,0.326,0.325,0.321,0.319,0.319,0.319,
1,0.351,0.321,0.318,0.32,0.318,0.318,0.318,0.318,0.318,
1,0.355,0.314,0.313,0.313,0.313,0.313,0.313,0.313,0.313,
1,0.362,0.33,0.321,0.318,0.318,0.316,0.316,0.316,0.316,
1,0.325,0.313,0.312,0.312,0.312,0.312,0.312,0.312,0.312,
1,0.373,0.33,0.384,0.344,0.322,0.34,0.332,0.336,0.32,
1,0.331,0.346,0.328,0.314,0.314,0.313,0.313,0.313,0.313,
1,0.379,0.347,0.428,0.375,0.362,0.334,0.353,0.362,0.358,
1,0.345,0.318,0.319,0.319,0.317,0.326,0.352,0.321,0.327,
1,0.328,0.315,0.314,0.314,0.314,0.314,0.314,0.314,0.314,
1,0.355,0.353,0.327,0.324,0.317,0.32,0.355,0.358,0.355,
1,0.326,0.313,0.313,0.313,0.313,0.313,0.313,0.313,0.313,
1,0.385,0.361,0.375,0.372,0.374,0.367,0.348,0.351,0.368,
1,0.337,0.318,0.318,0.318,0.318,0.318,0.318,0.318,0.318,
1,0.39,0.39,0.381,0.368,0.373,0.353,0.356,0.336,0.343,
1,0.366,0.315,0.313,0.313,0.313,0.313,0.314,0.313,0.313,
1,0.352,0.32,0.318,0.318,0.318,0.318,0.318,0.318,0.318,
1,0.372,0.357,0.369,0.383,0.371,0.381,0.367,0.374,0.356,
1,0.358,0.332,0.319,0.317,0.319,0.317,0.316,0.318,0.317,
1,0.385,0.337,0.342,0.334,0.324,0.317,0.316,0.316,0.316,
1,0.348,0.318,0.324,0.317,0.315,0.315,0.315,0.315,0.315,
1,0.326,0.323,0.343,0.323,0.312,0.311,0.311,0.311,0.311,
1,0.347,0.374,0.361,0.334,0.348,0.336,0.317,0.319,0.321,
1,0.326,0.313,0.313,0.313,0.313,0.313,0.313,0.313,0.313,
1,0.381,0.356,0.327,0.319,0.317,0.315,0.332,0.319,0.335,
1,0.326,0.312,0.311,0.311,0.311,0.311,0.311,0.311,0.311,
1,0.334,0.318,0.32,0.316,0.313,0.313,0.313,0.313,0.313,
1,0.335,0.343,0.316,0.314,0.314,0.314,0.314,0.314,0.314,




Further Data analysis of all test cases 
INSTANCEID avg med max min 
INSTANCE1 1, 1, 1, 1, 
INSTANCE2 0.736, 0.735, 0.919, 0.556, 
INSTANCE3 0.606, 0.605, 0.744, 0.466, 
INSTANCE4 0.533, 0.533, 0.67, 0.402, 
INSTANCE5 0.494, 0.494, 0.619, 0.387, 
INSTANCE6 0.473, 0.473, 0.564, 0.391, 
INSTANCE7 0.462, 0.461, 0.544, 0.347, 
INSTANCE8 0.453, 0.452, 0.512, 0.38, 
INSTANCE9 0.449, 0.449, 0.51, 0.372, 
INSTANCE10 0.445, 0.446, 0.52, 0.377, 


INSTANCE1 1, 1, 1, 1, 
INSTANCE2 0.469, 0.472, 0.697, 0.308, 
INSTANCE3 0.419, 0.418, 0.6, 0.304, 
INSTANCE4 0.393, 0.394, 0.526, 0.304, 
INSTANCE5 0.377, 0.378, 0.518, 0.304, 
INSTANCE6 0.368, 0.368, 0.481, 0.304, 
INSTANCE7 0.364, 0.362, 0.551, 0.304, 
INSTANCE8 0.358, 0.356, 0.472, 0.304, 
INSTANCE9 0.354, 0.352, 0.466, 0.304, 
INSTANCE10 0.351, 0.347, 0.437, 0.304, 


INSTANCE1 1, 1, 1, 1, 
INSTANCE2 0.352, 0.348, 0.447, 0.317, 
INSTANCE3 0.338, 0.328, 0.433, 0.307, 
INSTANCE4 0.333, 0.322, 0.428, 0.307, 
INSTANCE5 0.33, 0.319, 0.398, 0.307, 
INSTANCE6 0.327, 0.318, 0.402, 0.307, 
INSTANCE7 0.326, 0.318, 0.405, 0.307, 
INSTANCE8 0.325, 0.317, 0.39, 0.307, 
INSTANCE9 0.324, 0.317, 0.39, 0.307, 
INSTANCE10 0.323, 0.317, 0.403, 0.307, 



