34626 36708 35010 36153 37724 36172 36781 41601 36757 37772 35115 37878 38126 38002 37724 35924 36337 35924
31650 33551 32145 33056 32093 32013 32866 31691 33466 32226 33175 32267 33565 32013 31843 32244 33429 32244
39438 41810 37506 37985 37932 40923 41724 41847 40380 39979 37787 39924 40498 40550 37787 37773 38030 37742
38135 39399 37481 34286 33210 35053 37899 39310 33762 37868 33654 34800 37724 38209 34182 39310 37558 39128
31490 33686 31932 32850 30226 30704 33993 32187 32413 32512 31848 31700 30028 31128 30128 30755 31181 30815
44986 47691 45583 46891 45565 47412 45829 46619 46627 45843 47781 46534 47781 46687 45323 46688 45323 47106
33934 34656 34279 35506 33691 34684 33454 33971 34138 31626 33655 38527 33655 38882 37927 34661 33391 33017
33567 35590 33149 32624 31791 34945 33306 33372 33680 34682 33577 34385 31791 34768 32901 34816 32901 34851
31680 33589 35111 34327 35116 30807 34855 33938 34885 30985 32161 35897 35362 31025 37411 31559 37411 34428
40783 43236 40906 42648 42115 42806 41656 42184 42116 43196 41595 42194 42050 42398 41213 42709 42350 42709
36652 38859 36965 38271 36696 38023 36380 37869 37042 38727 36309 38728 38273 38504 36594 38023 36928 38023
30474 32038 30310 30758 32888 32937 32988 31235 32841 32999 32861 32934 32861 32934 30919 31145 30884 31145

