34626 44688 36033 40188 38171 42224 38317 39704 38381 41267 37189 40931 37828 41386 40501 39235 40501 46194
31650 38617 32532 35932 35025 32980 35374 32615 34350 37085 34926 33334 35025 32980 34926 32980 34692 37036
39438 48120 41938 43717 38203 40247 43558 44008 41579 40485 38592 41265 39652 41082 38187 46018 38655 48624
40783 49761 41457 46069 43603 49974 44794 45559 45664 43480 42838 46115 43603 46698 42971 46266 41915 47404
36652 44723 37046 41103 37670 41808 39174 39516 37175 39425 37164 39118 38519 41667 36500 40557 36519 41316
30474 41742 30640 31675 32938 33029 31352 34807 30810 33520 31315 32005 31315 32005 32783 35119 32783 32657
33934 39659 39126 38070 35370 36525 36643 38194 32582 33846 34509 33605 33695 34424 35370 39715 35370 38418
33567 40959 35265 37438 32950 39023 35271 37022 34823 36456 35047 36860 35147 38735 35852 35408 35852 38573
31680 43701 32524 36959 41052 32624 32041 33509 37497 39133 37060 33091 35394 37551 34786 38053 34786 35497
38135 39444 38319 39266 35239 40871 36818 36243 36004 39711 35952 38835 35907 40987 34302 40747 34302 40747
31490 35038 32665 32618 29932 33101 32112 34998 33265 35126 32084 34289 33928 35084 30753 34171 32692 34171
44986 54889 45496 51964 46521 52096 48151 48674 48054 46849 46940 50651 46940 51210 45595 51192 45595 52752

