34626 69529 38591 52078 38050 57592 50342 44331 42777 52990 39927 48474 39927 53132 39054 54463 39054 54463
31650 59524 35194 37471 38564 40315 39377 38635 35866 40065 38555 39953 38555 39979 35575 42559 35575 42559
39438 71279 38788 55230 42418 52857 44693 46206 47818 47686 39999 47531 42923 52386 39240 47593 39240 52795
40783 76883 41694 59157 46009 65989 49774 56990 51939 53265 49045 55569 47867 57306 44922 62831 44922 62831
36652 70437 36864 51586 40998 58944 45581 43055 47185 47665 41519 44618 38813 50160 38603 47466 39549 50615
30474 56651 30945 41362 33760 45831 39056 36561 36878 35675 40333 36322 40333 38160 32938 39717 32938 49905
33934 61272 35354 46396 37359 50756 40640 43689 39893 37242 36002 39006 35804 45673 37509 49034 37509 51257
33567 59108 31718 45011 37528 50382 37681 38895 36382 37547 34466 40243 35411 50213 34778 41494 34778 47654
31680 68982 33239 46571 42073 56505 34091 45047 49539 35850 37397 40549 39477 52436 37933 42257 38437 42257
38135 65684 38594 47181 39872 48956 39192 47674 44959 44649 40333 46530 40272 47836 34327 47674 34327 46834
31490 55377 32244 38335 34136 43124 38609 43222 37411 36388 33739 40598 34421 43217 31466 40726 31466 40726
44986 84805 45647 62500 46984 68956 52336 64384 53788 51789 51147 62499 51147 66380 46470 67421 46470 69945

