34626 66209 37883 52931 37087 46463 43432 39979 38855 41434 38116 44577 38116 47673 37883 48317 37883 48317
31650 56815 32191 37131 36274 38772 38407 32191 34684 38057 34958 38598 36215 36610 34293 32191 34293 32191
39438 67878 40980 49742 38610 44253 42888 41488 43000 44111 38553 44790 40906 49843 38553 45170 38553 45170
38135 62317 34896 42062 38033 38249 39160 42779 38146 38278 35889 43528 36196 43683 38187 46549 38187 46549
31490 52734 31902 34468 32950 41205 34713 36834 37941 34320 37467 36138 32574 39118 32950 36834 32950 39786
44986 80755 44986 49875 45378 54299 47833 51961 49138 50350 47934 51985 47934 56849 45378 59340 47534 59340
40783 73209 41115 50064 43042 51937 44611 51513 44943 49544 43934 54273 44826 54065 43042 51513 43042 55341
36652 70801 37258 48410 37750 43225 42045 39859 42845 40561 43128 41274 37750 44009 37360 39859 37360 44527
30474 53946 30845 39368 33419 39501 37459 33590 35502 32802 38868 33680 38868 33680 32314 35941 32314 35941
33934 61477 33934 48806 37359 41715 38302 37994 36952 36754 35367 38171 36312 42874 38532 42697 39852 45024
33567 58829 33567 39852 34143 40406 35038 34024 35182 36919 33827 38272 33348 39079 31354 39274 31354 39274
31680 56778 31763 34066 30674 45243 35972 35763 36652 33573 35587 36963 35587 35157 35297 37045 35297 35763

