34626 39229 34626 36330 34626 37401 37304 35168 37265 37425 36723 37967 36723 35749 34626 35749 34626 35749
31650 34819 31719 31650 32307 32187 32187 31719 31719 32187 31650 32256 33056 32256 31983 31719 31983 31719
39438 43388 39481 37549 37231 40026 37769 40040 37783 40026 37224 40628 37181 40628 37224 40040 37224 40040
40783 44867 40825 41848 41793 42188 41266 42133 41307 41652 40944 42015 41039 42455 41793 42133 41793 42615
36652 40325 36676 37745 36652 37508 36397 37057 36813 37270 36302 37235 36652 37579 36742 37057 36742 37645
30474 33527 30078 31162 30619 32864 30910 30585 30664 30849 30553 30942 30553 30942 30637 31163 30637 31163
38135 40888 38188 39336 38135 37916 37024 38703 36959 37916 36598 37967 33747 37987 38142 39194 38142 39194
31490 34959 31543 30028 31825 30900 33065 32163 31594 29352 31255 32366 29581 32032 31825 32163 31825 32535
44986 49490 44986 45135 44986 46159 45345 45509 45509 45344 47708 45868 47708 46480 44986 46793 45061 46793
33934 35964 33934 33072 34814 33426 30712 34446 33021 38146 31132 33737 32007 34329 33934 35038 34022 35330
33567 36930 33567 33466 33689 32495 32896 33938 32914 33470 32743 33641 32995 35048 33793 34286 33793 34286
31680 38266 31691 32161 32048 31175 34533 35009 32306 34586 31892 35020 31892 32105 32048 35009 32048 35009

