33891 58641 33891 36141 33891 40641 38391 38391 36141 38391 36062 40641 36062 40641 33891 40641 33891 40641
42586 58336 44836 42586 42586 47086 44836 47086 44836 47086 42586 47086 42586 47086 42586 47086 42586 47086
34040 62270 36760 35580 33650 40440 37060 37350 36630 39000 34940 38200 35370 42560 33770 37350 34390 41270
31667 58667 33672 33833 33917 42917 36167 36167 36167 36167 34299 38417 34299 42917 33917 38417 33917 38417
31462 54203 33712 33336 35962 40614 34481 36098 34481 40614 36554 38212 36554 36483 35962 36098 33712 36098
33135 58278 34574 37424 33574 40324 34851 37635 37844 36635 34968 37006 33900 37635 35013 37635 34966 35385
44703 58203 45839 46953 53821 61092 51089 46953 56071 51089 46551 49203 46551 49203 44703 46953 44703 46953
52294 52391 41141 54544 39655 54544 41905 54544 41905 54544 39655 56794 39655 56794 39655 54544 39655 54544
29351 63456 34757 37300 32781 38843 35377 34619 34938 40283 39189 38904 33854 37844 34163 37627 32500 37627
40273 59609 40273 46109 40273 53035 43859 44773 42523 53035 37848 48359 37848 53035 46683 44773 46683 44773
34736 56507 37272 39239 36872 38077 40384 39236 37731 38606 35768 41832 35768 41832 36872 41486 35768 41416
44302 62302 44302 48802 39747 51052 48802 48802 47549 48802 45299 51052 46552 51052 44302 48802 44302 51052
35121 46371 37569 37371 35121 39621 38980 38980 38980 39621 36730 39621 39479 39621 35319 38980 35319 38980
47132 67718 51632 51632 49382 53882 53882 53882 53882 51632 51632 51632 44219 53882 49382 53882 49382 53882
40297 53975 37857 40107 35473 42357 44797 47047 39924 37589 43263 47047 39924 47047 33804 44797 33804 44797
38263 56263 38263 40211 38263 42904 48982 42763 43205 46092 40955 42763 38120 42763 38263 42763 38263 45013
29235 57292 35077 30814 30701 41817 36865 35725 36865 37327 33484 37327 32951 38436 31997 34646 31997 35984
46392 64582 48642 51082 50566 48832 52816 48642 52816 51082 48642 51082 50566 51082 50566 50892 48642 50892
29913 48863 33432 33355 33693 34751 32698 33036 35605 34413 33355 35286 33355 35133 33693 34413 33693 34413
35324 51753 39824 35324 39824 40087 40087 37574 37574 42337 36001 42337 36001 42337 39824 42337 39824 42337
28766 56656 31016 31015 32534 35723 33475 34834 33320 33632 31174 36247 31174 37973 32742 34834 32742 34834
39806 68542 42056 44700 42056 46555 48806 46556 46437 46830 46186 46556 46556 48806 42056 46556 42056 46556
44456 69206 51206 48956 44158 47874 48956 48956 45240 51206 45240 51206 45240 51206 46706 48956 46706 48956
32644 52191 36870 36051 30865 40494 38893 37135 36706 37088 34521 39338 34521 38244 36706 37144 36706 37144
32255 46500 33000 30750 33000 34605 33000 35250 33000 34605 30750 36755 30750 36755 30750 35250 30750 35250
42469 62719 44719 46969 45124 48941 47374 49219 47374 49472 45124 49219 45124 51722 42469 49219 42469 49219
36565 56660 35955 38815 38205 40448 39110 40778 41065 37252 38815 41065 38815 38660 36074 38815 36074 41065
39259 65047 43759 39259 43759 49297 42495 41509 43759 49297 44147 42495 44147 42495 43759 42495 43759 42495
34820 59084 33883 35025 34008 38362 34702 38185 34702 34431 35002 38362 35002 38362 33663 36110 33663 38360
31860 58417 38610 34409 35661 40358 35509 33621 37014 37311 37403 37017 37403 37017 32867 36360 32418 35808
35292 63379 35191 38275 35924 35290 37896 40525 36657 34963 35924 37239 35519 38805 38174 40525 38174 40525
31043 60065 36356 33734 33609 37565 33959 36356 35000 33835 33654 40549 32750 40043 33609 37793 33609 37793
39929 52354 42626 35420 36604 44429 44429 42179 44429 44429 42179 44429 42179 44429 36604 42179 42626 42179
31795 62492 36116 36293 34447 39729 36359 36773 36934 35069 37047 35946 37047 39023 33771 36295 33771 36295
33099 67406 33131 41686 33424 39504 35119 39849 40600 39435 33314 40328 32113 42099 35006 40975 35006 39849
39602 59852 41852 40656 44102 43396 41852 41852 41852 44102 39602 46352 39602 41780 44102 43117 44102 41357
41231 54428 43481 39169 41231 43178 42982 45731 43481 42982 40045 47989 40045 47989 41231 45731 41231 47989
35684 49184 37934 41981 41981 39728 44231 44231 44231 39728 41981 40184 41981 40184 37934 40184 37934 40184
39796 55546 39796 42046 49487 44296 44296 42046 42046 42046 39796 44296 49487 44296 42046 42046 42046 42046
28522 61675 34181 30747 34292 42563 36245 33979 36245 34252 33995 42076 31681 36466 30772 33979 30772 40313
33754 65938 37028 42273 36592 44519 38254 38834 39914 44076 37664 43141 37664 43141 36592 43141 36592 43141
37520 49101 32537 33632 36705 39046 38594 42020 39398 35882 36234 42020 36234 44270 37058 42020 39308 42020
34927 54889 38325 38203 39093 42804 40503 39427 44937 40503 35932 40503 35932 41677 39906 39427 39906 39427
33928 48956 36178 36817 34939 39067 36178 38428 36178 39067 34735 38428 34735 38428 34939 38428 34939 38428
33497 51531 38031 33717 35747 37997 37997 37236 35967 37997 35967 40281 35967 40281 35747 37236 35747 37236
30222 57019 31556 32970 30529 35522 32648 33854 32648 32771 31067 35509 31816 34392 31395 34228 33883 37346
28586 65034 32870 36309 36492 38387 35872 39096 38123 37503 35792 38965 37423 39444 32428 41346 33711 37452
30475 54198 34560 32969 32418 39061 36810 35586 36810 36810 33581 35709 33581 35709 32418 34975 32418 34975
41798 57548 41798 45187 41798 45187 46298 46298 46298 46298 44048 46298 44048 46298 41798 46298 41798 45187
44901 71764 47151 49401 47014 51514 51514 49264 47151 51514 44901 51651 44901 51514 49264 51651 47014 51651
34282 63212 36373 37928 38141 40712 37501 41613 37716 41292 35466 38782 35466 40712 41292 43169 41292 40338
36124 55770 34326 39669 42349 41545 34231 43884 38811 34476 36561 45124 32450 45124 32132 43884 33801 43884
34019 60595 40345 36269 39448 46198 40345 38519 40345 41698 37830 43019 37198 43019 41698 40769 41698 40769
35812 55528 35812 38151 38062 40313 40312 40312 40312 40312 38062 42562 35812 42562 35812 40312 35812 40312
35623 62623 37873 37873 37873 44623 40123 40123 40123 46056 41556 42373 35623 44623 41560 42373 41560 42373
35171 66645 42697 42723 37421 45450 42936 39671 40950 39671 37421 42115 37421 46421 39671 41921 39671 44171
36319 49098 38569 34405 36126 34405 37187 40819 39229 36126 36979 38376 32687 38376 36319 40819 36319 40819
31965 56715 36465 34215 33518 42051 36465 38715 36465 36465 34151 38715 34151 38715 36465 38715 36465 42051
48554 71054 53054 50804 50804 46333 46333 53054 46333 46333 50804 53054 50804 53054 53054 53054 53054 53054
32478 60055 34728 35355 35251 34988 38023 35827 35251 38286 35513 38444 33840 38286 36978 35827 36978 38492
39432 48432 39432 41682 39432 43932 41682 41682 41682 43932 39432 43932 39432 43932 39432 41682 39432 41682
31563 47258 33813 42409 36451 44659 42409 33813 33758 33758 34227 36063 34227 36063 36451 33813 33178 36063
34525 53816 36986 33424 34617 34562 34475 35103 33566 40006 33566 40156 36645 38614 39236 41275 39236 39025
34238 50609 41018 36488 36488 41894 41894 40988 43086 39644 40836 39554 38390 39554 41560 40988 41560 40988
37571 59375 48310 39821 40750 44297 45480 41863 44274 39612 44274 40402 39821 42210 40750 41863 37571 41863
37533 51033 39783 38959 43181 38959 41209 42033 45431 41209 43181 42033 43181 42033 42475 42033 42475 42033
29190 65863 34614 33587 33828 40784 37194 35940 33811 35034 34557 39084 33096 42365 32009 35940 32009 35940
40905 54556 36633 47655 36783 41486 42977 45405 39742 38630 36684 40880 40727 40880 37897 47655 37897 47655
42444 69386 43465 46559 42529 50424 50482 46944 50482 48174 44603 46886 44602 49194 44285 46944 44285 49194
44174 58756 42672 47307 49707 48674 48674 48674 48674 51957 46424 48674 46424 48674 49707 48674 49707 48674
28434 63271 35367 33442 31805 36115 38269 34382 31941 38541 33658 36713 34257 36713 36822 36352 33965 36352
30230 64113 32856 33485 32738 37105 36736 39998 37356 38548 36564 40672 36564 37481 35867 36478 35867 36478
31480 53598 33730 33730 33464 37146 35161 34460 35480 34310 33230 34604 32060 35716 33699 36099 33699 36099
46535 66785 43443 48785 41193 41193 51035 51035 51035 51035 48785 51035 48785 51035 41193 51035 41193 51035
33336 61119 38158 40086 38844 40869 38709 41557 39580 40959 37330 42336 37330 44586 38844 41557 38844 42336
33934 59299 41603 40997 37359 38140 38496 41433 43221 36762 39602 37317 38374 38881 37359 40684 36496 40684
33567 63180 35274 36944 35712 42604 35854 36219 35854 38104 36545 42493 33493 45323 34877 40317 34877 40317
31680 58348 40676 34241 35040 41841 35197 35897 35250 35227 34166 38093 33620 39389 34424 35843 34424 35897
34626 60157 35652 41376 39126 41376 36741 36935 36741 39778 35658 41061 35658 41376 35652 39126 35652 39126
31650 47400 34171 36922 34731 34171 33900 33900 33900 34171 34974 39474 34731 36150 33900 33900 33900 33900
39438 59445 38786 46205 46559 37582 41532 38557 41532 40045 40328 39832 39282 44489 42578 42239 42578 42239
40783 67783 43033 45283 42676 49783 45283 47533 45997 50388 43033 47533 43033 49783 42676 47821 42676 49783
36652 66432 42932 42511 41922 46422 44172 41152 41922 43402 40083 43402 41922 45652 39318 41152 39318 43402
30474 50174 32725 32724 32724 33364 32470 34467 32470 32725 32301 34467 32301 34467 33449 34974 33449 34974
38135 53157 35028 37030 38641 37030 38633 40514 35149 39150 35996 39150 36181 38431 35481 42635 35481 42635
31490 58860 33170 32000 34909 40067 34997 38704 35138 33640 32888 36924 34486 35937 34909 36454 34909 38240
44986 69736 48217 46490 44986 51736 48217 48217 48217 50990 45967 49486 45967 51736 44986 51736 47236 51736
32056 54891 35044 31704 34306 35430 34305 35346 34305 36556 33734 38806 33734 36822 34306 38806 34306 38806
33162 57896 37646 35412 34864 39912 37662 35412 39896 39912 37646 39912 37646 39912 37646 37662 37646 37662
30492 54287 36907 39957 32887 34850 37990 37242 36128 35327 34144 38396 34144 36817 37565 34992 32887 36269
29281 57341 31272 31531 30989 36626 33781 33781 32385 33936 29257 36626 29257 35048 29877 36031 29877 35281
34495 56952 34963 38995 35262 38930 37512 38995 40713 34143 38697 38632 36447 37970 35262 38995 36467 38995
34281 59643 40134 36313 45385 42571 38683 36531 38301 50582 41975 38696 36869 39296 37514 38683 37514 38683
39666 51944 39666 39666 41916 49555 45781 41916 41916 49555 39666 52810 39666 52810 41916 41916 41916 41916
29448 52858 31644 30033 33949 33353 31806 36198 31480 30677 31322 35825 31322 33946 33949 36198 33949 36198
37488 57738 39738 37488 39738 44238 41988 39738 41988 44238 39738 44238 39738 44238 37488 41988 37488 41988
30791 54220 33107 36044 36861 36172 34980 37410 36680 39934 34430 37732 33035 36412 34358 38992 34047 38992
36486 50857 38736 38736 38736 40015 40262 40986 40262 40015 35999 40015 35999 40986 38736 40986 38736 37765
33145 52227 35225 30002 34227 36023 32975 35395 38273 34866 32167 35225 32167 35225 33245 37645 33245 39895
34429 58821 35245 39698 36679 43688 38623 37495 38879 39331 38117 41179 38117 43429 36679 38929 36679 41179

