34626 54661 37788 47319 38443 48385 43818 40660 41632 44290 39143 46392 39143 47414 40045 43897 40045 50262
31650 47319 33633 40587 38202 37782 38440 35045 37708 37229 39017 39212 38202 38567 38957 37700 37454 40916
39438 56534 39804 51259 39663 48293 43590 46247 47186 43508 42875 42778 44452 46321 39628 49157 42535 48292
38135 50649 38918 45898 38250 45566 41545 46303 42151 38679 36473 42382 34493 45279 33290 46409 33290 46409
31490 43921 31480 38283 32639 36648 35560 39379 37488 35720 34975 36210 33159 39128 36239 41863 35005 41863
44986 67258 46132 60682 46242 60978 52997 58041 51689 48791 49381 58112 49381 59368 47757 58946 47757 61709
40783 60977 45406 52674 44316 61071 48778 51527 51763 48726 45405 52033 49804 54088 44442 53116 44191 56569
36652 54802 38158 46246 38223 51283 40160 44424 39514 44741 39461 40603 38163 47625 38163 45433 36553 48593
30474 44298 31481 40153 33749 40589 39404 33230 38186 39086 39321 34549 39321 34549 33227 38750 33227 39385
33934 48876 35665 41351 39265 48550 44947 42577 37868 36827 35559 39417 35642 41138 43734 45998 43734 42212
33567 50189 34402 41825 35950 42532 37233 37026 37435 39336 37937 41467 37931 41836 36988 40472 36988 42518
31680 45976 41021 42987 34213 45565 36096 44306 42576 38189 42936 40886 36660 50254 33881 40051 33881 41121

