34282 84778 38073 44531 40207 49124 40901 45013 44583 44692 40633 42235 40633 46185 41168 48269 41168 45438
36124 77083 38527 43069 35626 48345 37631 50684 42211 39576 38261 51924 36018 51924 36066 50684 35197 50684
34019 80995 45445 37280 41148 47010 44014 41919 44014 45098 43614 49819 37786 49819 45098 45869 45098 45869
35812 70561 39629 38151 39762 47662 43712 43712 43712 43712 39762 47662 38151 47662 38151 43712 38151 43712
35623 83023 39573 39573 39573 51423 43523 43523 43523 51516 39573 47473 35623 51423 39573 47473 39573 47473
35171 95777 42338 46123 41254 51189 46050 45279 46050 44161 39339 47215 42514 54921 43071 48647 43071 50971
36319 66571 40269 41417 40055 38785 43461 44219 39132 40055 33610 44005 36319 44005 36319 44219 36319 44219
31965 75415 39865 35915 35145 43815 39865 43815 39865 39865 35915 43815 35915 43815 39865 43815 39865 44175
48554 73433 41833 52504 52504 49733 49733 56454 58648 49733 52504 56454 52504 56454 41833 56454 41833 56454
32478 82701 37658 34886 36951 39883 39096 39774 39672 42524 35933 41920 38024 43832 40378 39774 40378 41448
39432 62654 46854 43382 40986 47332 46854 44456 46854 47332 46854 47332 46854 47332 46854 44456 46854 44456
31563 60858 35513 35425 35103 39375 36256 35513 35514 35514 35927 39463 35927 39463 35513 35513 35513 39463
34525 77376 34865 33744 34865 41291 36994 38503 41798 40536 39977 42454 41798 39120 34865 46375 34865 42425
34238 70910 42718 38188 38188 46994 46994 46088 46486 43044 42536 43768 40090 43768 38879 46088 38879 46088
37571 76445 41521 41521 43345 55821 42828 45263 45974 38303 40895 43802 41521 48100 43345 45263 37571 45263
37533 66478 39601 41550 43181 41550 46728 45433 47131 46728 43181 45433 43181 45433 41651 45433 41651 45433
29190 86593 41059 37225 37228 45080 42294 41040 39757 40656 32561 42042 34796 48228 35735 41040 35735 41040
40905 75297 44615 48097 39900 49266 46377 48805 39452 39203 42427 45980 35502 43501 39256 52755 39256 52755
42444 89786 45165 49785 44319 52187 51425 50344 51425 51574 48002 50286 48002 54294 45985 50344 45985 54294
44174 74272 54536 50707 54006 51407 51407 51407 51407 55357 43749 52074 43749 52074 54006 52074 54006 52074
28434 88771 36199 33097 33262 41252 37167 37782 37843 36715 35279 41615 33740 41055 39318 36787 33487 36787
30230 83649 38820 35122 36186 43836 40827 41578 43020 38192 36877 44149 36877 43397 39134 41578 39134 41578
31480 70076 35430 38999 35636 38564 38561 37186 40580 42511 36630 42687 35460 42657 38037 39529 38037 39529
46535 70543 46843 50485 42893 43414 54435 54435 54435 54435 50485 54435 50485 54435 42893 54435 42893 54435
33336 83219 38990 45186 42244 47759 40784 48357 46148 47025 42198 49136 42198 53086 42244 48357 42244 49136
33891 77341 33891 37841 33891 45741 41791 41791 39757 41791 39757 45741 39757 45741 33891 45741 33891 45741
42586 68580 46536 42586 42586 48830 49468 50486 46536 48830 42586 53418 42586 53418 42586 50486 42586 50486
34040 92920 38410 36460 38750 42760 39330 40480 42970 45170 38790 40610 38460 45720 38750 43410 38050 42290
31667 79067 38772 38297 35617 51417 40374 39567 40374 42247 40374 43517 40374 51417 35617 43517 35617 43517
31462 71203 35412 35124 39362 47935 40504 41198 40504 43985 36554 45774 36554 47935 39362 41198 35665 41198
33135 77147 35100 42524 35702 47124 44526 42623 37972 41452 35460 45180 35885 44207 36395 41035 36666 42385
44703 68989 49239 49239 55521 49506 49641 49239 59471 49641 48251 52603 48251 52603 45378 49239 45378 49239
52294 70204 44541 46852 46504 47555 44541 56244 44541 47555 46504 60194 43489 60194 43489 56244 43489 47555
29351 91193 37581 41718 34804 44808 39375 41718 41566 44186 45516 45896 35115 45672 36045 39099 34527 39375
40273 73209 49128 49509 39166 49260 45559 48173 44223 49260 39548 53459 39548 56227 44223 48173 44223 48173
34736 76126 38114 42002 37772 43669 44298 43664 42069 42866 40928 45096 40928 45096 37772 46586 37370 46760
44302 68501 44302 52202 43548 56152 52202 52202 48443 52202 48443 56152 48252 56152 44302 52202 44302 56152
35121 54871 40969 39071 35225 43021 42380 42380 42380 43021 38430 43021 39479 43021 37019 42380 37019 42380
47132 86418 55032 55032 51082 58982 58982 58982 58982 55032 55032 55032 45919 58982 51082 58982 51082 58982
40297 70975 40193 50503 39932 60946 53046 52147 37173 42689 36514 47196 41624 47196 35504 43246 35504 43246
38263 75089 39166 43470 38263 47420 51389 46163 46163 47439 42213 46163 38120 46163 38263 46163 38263 50113
29235 80219 36777 34671 33229 45436 40265 40825 40265 36612 34152 42058 34560 40668 37337 39746 37337 36875
46392 78182 50342 54482 52395 55999 54516 50342 54516 54482 50342 54482 52395 54482 52395 54292 50342 54292
29913 64163 33481 34120 33863 41381 35901 37097 40491 37813 36541 40386 36541 40233 33863 37813 33863 37813
35324 65353 43224 36862 43224 41787 41787 40812 45527 45737 41577 45737 41577 45737 43224 45737 43224 45737
28766 77316 34128 36194 36954 38627 36874 39934 36874 40667 36194 41557 36194 42577 33004 39934 33004 39934
39806 91336 43756 50699 43756 55724 55606 51656 51537 53630 43038 51656 51656 55606 43756 51656 43756 51656
44456 77088 56306 52356 44456 53141 51970 52356 52523 55920 48573 55920 48573 55920 48406 52356 48406 52356
32644 67715 35965 37318 39191 47294 38028 39286 47556 41322 39191 44438 39191 47241 39656 37385 39656 37385
32255 58400 39296 30937 34700 34700 34887 38650 34887 34700 30937 40155 30750 40155 31232 38650 31232 38650
33934 76299 43303 41862 39850 44940 41896 46533 41800 41862 46470 44728 37725 46159 37359 45784 38508 45784
33567 89336 35992 42044 37118 51216 39254 41319 39254 43204 38024 47154 34580 53823 33566 45417 33566 45417
31680 80603 39270 36693 34723 49702 43507 38775 41516 40149 41493 46269 34960 45570 35189 40431 35189 38775
34626 71982 38706 46476 38706 49749 41284 40335 41284 47233 37334 51361 37334 45622 38706 43575 38706 43575
31650 59300 39271 38622 36431 39271 38093 38645 38093 39271 33258 40478 36431 39550 35600 35999 35600 35999
39438 78428 43389 41761 40415 43530 42964 43869 42964 44168 40683 45568 42186 49589 45837 45639 45837 45639
40783 88183 45770 48683 44674 56583 48683 52633 48981 55488 44733 54027 44733 56583 44674 54621 44674 56583
36652 100053 46332 47434 45322 53222 49272 44552 43484 48028 43484 48085 45322 52035 41018 44552 41018 48502
30474 68657 36124 36632 36124 35916 37867 37867 37867 36124 34001 37442 34001 37442 33917 38374 33917 38374
38135 69683 36857 41195 38678 40177 42807 42214 40485 40227 36277 45066 39581 43531 42628 46035 42628 46035
31490 83171 38028 34500 36570 43530 43436 41274 39392 41272 36476 42024 35395 40190 36570 41366 36570 43340
44986 88436 51617 48936 49752 56836 51617 51617 51617 56090 47667 52886 47667 56836 49752 56836 48936 56836
32056 73591 37890 36057 36006 39956 38816 40680 38816 38847 34866 43906 34866 43622 36006 43906 36006 43906
33162 69487 37723 37112 41596 45012 41062 38512 41596 45012 37646 45012 37646 45012 37723 41062 37723 41062
30492 82057 35484 36619 36945 36904 43902 42342 41302 40427 33948 42292 33948 41917 36054 38392 36945 37614
29281 80186 35287 33231 32113 37200 35578 37181 37525 38925 33575 43995 33575 45081 34389 41131 34389 39236
34495 78162 39999 42395 38662 44770 42612 43957 44113 37318 42097 43202 38147 44770 38662 43957 45232 43957
34281 78495 41834 41526 41471 49371 41272 39833 41544 45421 40269 45237 39943 47733 39214 41873 39214 41873
39666 62144 40463 39666 43616 42294 47481 44413 43616 42294 39666 56210 39666 56210 43616 44413 43616 43616
29448 71558 33344 35114 34257 41835 35417 41298 33881 35471 33327 37616 33327 38133 34257 41298 34257 41298
37488 73038 41438 37488 41438 49338 45388 41438 45388 49338 41438 49338 41438 49338 37488 45388 37488 45388
30791 75121 34555 37502 38568 38629 42077 38443 40070 37941 36120 42832 35055 41574 33803 42392 37378 42392
36486 66157 40436 40436 40436 48336 44386 44386 44386 48336 36813 48336 36813 44386 40436 44386 40436 44386
33145 66629 40325 37996 41136 36017 36375 37095 41673 39966 35567 40325 35567 40325 45086 41045 45086 44995
34429 80134 37054 40946 38379 49665 41765 42643 39717 49665 38636 46285 38636 50229 38379 42335 38379 46279
42469 86299 46419 50749 45276 56822 47482 54319 47482 52872 43532 54319 43532 56822 46958 54319 46958 54319
36565 81329 40515 40932 38184 42751 42808 42478 44465 39898 40515 44465 40515 43760 37848 40764 37848 44714
39259 65223 47159 39259 47159 45895 45895 43209 47159 45895 38413 45895 38413 45895 47159 45895 47159 45895
34820 81184 39016 39955 38278 42225 40250 41585 40250 39855 36940 42225 36940 42225 34227 39510 34227 43460
31860 77524 43710 34763 37565 45964 39819 37475 42911 38314 37565 42770 37565 42770 36267 39768 35818 44316
35292 73382 42390 37630 40619 42090 43602 45625 40619 41474 40619 44165 40619 43502 37631 45625 37631 45625
31043 82709 39756 38715 35309 43047 36729 39756 37359 39348 35155 43028 37116 46843 35309 42893 35309 42893
39929 60610 45452 38618 38304 46435 46435 43879 47829 46435 43879 47174 43879 47174 38304 43879 45452 43879
31795 87466 35254 43644 38672 48229 40479 41083 42552 42396 34238 40249 34238 45033 37171 39695 37171 39695
33099 91782 36859 48486 38111 48713 38745 44949 41453 44535 37503 45291 35581 46530 36639 43523 36639 44949
39602 75152 43552 41653 47502 48496 44546 43552 43552 47502 40455 51452 40455 44546 47502 46517 47502 44546
41231 66328 45181 39169 41231 46578 47439 49131 45181 47439 41231 51389 41231 51389 41231 49131 41231 51389
35684 58563 39634 41981 41981 43128 45931 45931 45931 43128 41981 43584 41981 43584 39634 43584 39634 43584
39796 67446 39796 43746 51187 47696 47696 43746 43746 43746 39796 47696 51187 47696 43746 43746 43746 43746
28522 89298 35266 32168 38624 44428 39589 39851 39179 37536 35229 44690 31577 41935 31577 39851 31577 42563
33754 89396 41096 41866 39663 51089 42927 44409 42388 47691 39790 51641 39790 51641 39663 51641 39663 51641
37520 74037 39841 34869 38487 40266 40294 45420 40294 38819 36741 45420 36741 49370 38758 45420 39544 45420
34927 66599 40025 47282 41178 52093 41963 42827 43542 41963 42753 49436 42753 51232 40025 42827 40025 42827
33928 60856 37878 37878 34939 41828 41106 41828 41106 41828 41488 41828 41488 41828 34939 41828 34939 41828
33497 61232 39731 37473 37447 41397 41397 40636 39367 41397 39367 43681 39367 43681 37447 40636 37447 40636
30222 77248 34089 34670 33466 42237 38081 38955 38081 39160 37872 39368 34796 38705 33713 39328 33756 39328
28586 91255 36695 36695 38555 44417 39272 43325 43223 41066 37979 43488 41706 46244 34128 48589 35411 44252
30475 73156 36260 39599 36260 47036 40210 38986 40210 40210 34118 39109 34118 39109 36260 38375 36260 38375
41798 69448 41798 49698 41798 49698 49698 49698 49698 49698 45748 49698 45748 49698 41798 49698 41798 49698
44901 92164 48851 52801 48714 56614 54751 50801 48851 54751 44901 56751 44901 56614 52664 56751 48714 56751

