34626 44870 36703 40581 39645 42352 39706 38492 38314 43678 40864 42577 39390 41960 40255 42352 39558 47336
31650 38774 35145 36920 38431 37574 36298 34405 36171 36410 37308 38035 38431 33963 36034 36662 36034 36662
39438 48318 39792 45917 41352 46038 43487 40398 43534 44993 42218 42438 40046 43838 41831 42079 41718 43486
33934 39820 36825 36298 34116 41647 35349 37904 34030 37155 40533 38004 34538 42764 35970 44780 42143 38928
33567 40148 35176 38139 37465 36782 36155 36423 35878 35124 35441 39260 37383 36782 35608 36782 36510 36782
31680 43880 37777 39259 33785 32688 33576 33731 39989 38096 34283 41935 40187 40441 38012 40077 41164 40077
38135 39604 36229 36834 38590 37184 39911 43687 36183 36814 39388 37539 37164 40067 34604 43484 38677 43642
31490 35182 31332 38382 31718 34717 32801 34434 36022 34826 34010 36059 33383 38356 31618 34319 33266 34006
44986 55112 47170 53499 47152 52946 48883 49772 50804 49705 48781 52148 48210 52719 46599 53499 46599 53852
40783 49966 42758 49068 43760 48359 44050 46344 45776 47355 43916 48141 43916 47195 42752 47997 42752 47997
36652 44907 38205 42810 37779 42236 39489 40300 38866 40533 38992 41643 37779 42236 38638 42236 38723 42543
30474 41914 33410 35370 32493 32727 32612 32687 32058 33301 34052 34889 34052 34889 35644 36123 35644 39162

