34626 68609 40120 59195 39674 65277 48774 45129 46700 53096 43536 56336 44952 58571 39498 54037 39498 60274
31650 58872 35094 43853 40091 45420 43031 42460 38851 43225 38266 47015 40091 46784 38266 51421 43149 48471
39438 70334 40922 59207 42908 59207 48422 48114 51250 47820 49243 52183 47264 52843 45308 55881 43083 54785
40783 75863 41686 61439 48250 69725 55200 59447 59857 51317 48812 59888 49734 63896 45829 62208 46822 67462
36652 69502 38960 53297 46366 62840 45078 50941 42996 52214 41757 46052 40848 56501 40484 51905 37380 57978
30474 55899 33956 49226 39753 44913 44470 40248 42354 43032 42887 37927 42887 37927 33396 49328 33396 43686
38135 64812 35651 51243 39840 49839 44622 45028 48948 41726 45153 50319 37627 48216 36732 51608 36732 51608
31490 54644 33083 48368 33667 42184 39271 45195 41455 42330 35340 43641 37527 43488 32930 47548 33696 47548
44986 83678 46976 71508 47168 72769 55060 64318 59815 51596 52622 69386 52622 71568 53487 69239 53487 74588
33934 60459 37700 47443 41129 53508 41955 48395 41822 39749 39913 42869 43920 48220 41129 54339 41129 52716
33567 58323 35476 47549 37199 49842 43417 41206 40902 41173 41775 44375 40777 52281 34909 47191 34909 53465
31680 68067 37423 53514 36791 56002 39137 55837 44357 38161 43164 46820 37384 47170 34790 49538 34790 46636

