34626 70636 40633 54973 37459 47329 40905 40165 43580 43500 38301 46263 38301 49019 40633 49663 40633 49663
31650 60472 32273 41307 36972 39806 41598 34410 34766 39707 35366 40330 38490 37318 34692 32537 34692 32537
39438 72413 41031 47260 38847 44958 43771 42610 43900 44816 38782 46217 41084 51670 38782 46292 38782 46292
38135 66729 34904 42920 38281 39499 39532 43460 41147 39177 36846 44488 38748 44666 38195 47819 38195 47819
31490 56262 29991 33564 33086 39129 34432 37641 37480 33070 34383 37188 31600 40377 33086 37641 33086 41039
44986 86154 44986 50725 44986 55704 48263 53206 49765 51273 48784 53042 48784 58640 44986 61507 47614 61507
40783 78106 41165 51313 44826 55406 46974 53133 47355 49321 44526 55880 44826 56071 44826 53133 44826 57539
36652 71557 37286 50345 39260 43961 43020 40343 41825 42671 42151 41971 39260 45118 37467 40343 37467 45715
30474 57552 30978 39398 33735 40926 35957 34303 33706 33229 34652 34240 34652 34240 32630 36767 32630 36767
33934 62247 33934 45908 37359 43612 35638 38607 37191 35485 37905 42537 35343 47217 39290 44020 35730 46697
33567 60052 33613 41096 35719 41772 35408 34712 35574 37757 34014 41911 34611 42136 31354 40136 31354 40136
31680 70078 31776 43326 36436 46230 31981 37045 36468 35021 33976 37472 33361 36150 35297 38323 35297 37045

