34626 41546 36515 39088 39088 40808 37395 39080 39125 40252 38231 39839 38697 40180 36288 38342 36288 42243
31650 36875 32312 36127 34672 32648 34443 32129 33826 33233 33027 36521 34672 32648 34107 32648 34139 36521
39438 45952 37958 45795 37910 46896 41626 43167 41115 39640 38202 41958 38996 42596 37899 44675 38250 46895
33934 41861 38965 38421 35163 43728 32479 37316 34477 33277 34056 33220 34132 36309 35163 38457 35163 36561
33567 39114 35022 35222 34690 37843 36775 36161 34302 35913 34469 36164 33397 36993 35624 36412 35624 37799
31680 41730 30749 34990 35581 32170 31681 37132 36599 38654 32900 35355 32080 31673 34551 37614 34551 37992
38135 43304 38031 37754 34866 40709 35005 35377 38992 38962 35690 35206 35367 40032 38137 39884 38137 39884
31490 33459 32208 32488 30808 31803 31576 34122 34138 32110 31394 33166 31458 35170 30456 37096 32568 37096
44986 52414 45369 50220 45745 50319 46347 47504 50362 48871 46452 49235 46452 49125 45480 49641 45480 50811
40783 47517 41437 44748 43210 46339 44378 44366 44444 46546 42324 44931 43210 45220 42798 44896 42177 45750
36652 42707 36947 39991 37416 41617 37012 38534 37204 38378 37426 38280 38053 40414 36237 39582 36258 41869
30474 35508 30473 31036 32938 30721 31405 31875 30999 32366 30816 32228 30816 32228 31229 31095 31229 31710

