34626 67501 42910 62585 46968 59226 56406 51641 50790 56415 47039 57205 51128 57205 42847 64299 45165 59482
31650 57923 42914 51088 52906 50185 44307 41396 44568 46221 43312 49025 52906 50185 43448 52566 43448 52566
39438 69199 49492 62953 45715 57670 55312 50589 58598 50882 50128 53655 44234 59741 51607 57274 54617 65070
38135 63767 44804 53184 39820 51203 41805 61567 50804 48542 47362 53148 44754 60340 44883 60603 44883 58098
31490 53762 37202 49283 38057 48269 40994 44204 45612 42367 39467 48704 39892 45499 37784 48165 36997 48248
44986 82330 51673 78213 52975 72975 58821 67940 67256 62388 55318 68461 53212 70567 50933 75637 49567 80319
33934 62676 45346 49298 41372 56719 46177 55662 46511 46316 42968 46920 43377 53513 42048 54779 41523 56032
33567 59974 44351 49283 41045 54085 47746 44296 49029 46081 50730 44295 42349 54085 41963 54085 42821 54085
31680 67913 44517 55180 41415 52094 40153 45142 42588 41311 43432 47141 43425 47081 41065 51696 42509 51696
40783 74640 45032 71331 53562 71002 55662 63902 59192 65015 52333 69205 52631 64423 49824 68691 49824 71375
36652 68382 45237 60641 43876 61595 51007 54457 46253 53605 45545 57663 43876 61595 45782 61595 44284 59583
30474 54997 44861 51493 42501 45869 45303 47067 43261 45303 42344 47207 42344 47207 42299 45977 42299 47747

