34626 43589 34626 38953 38861 36923 38788 38203 34626 37225 37758 39930 34626 38953 34626 38953 34626 38953
31650 37667 31780 31650 32669 31780 31780 32669 32831 32669 33572 32799 32282 32799 32282 32799 32282 32799
39438 46937 39519 44168 38432 40582 38459 40555 37410 40555 37315 41699 37396 41699 37410 41699 37396 41699
38135 44232 38234 40416 37722 39343 35212 38589 35102 38589 35213 38724 37559 33461 38148 33461 37289 33461
31490 34177 31589 30284 30558 32768 32873 31216 31871 32250 31930 32517 31589 31544 31925 32250 31670 33152
44986 53540 44986 46333 45213 45979 45525 46448 44986 47213 44532 47823 44986 47936 44986 47936 45128 47936
40783 48536 40863 42806 41698 43349 41778 43647 41793 43449 41446 43959 40863 43959 40863 43959 40863 43959
36652 43624 36698 38710 37130 37420 38559 37826 36652 37412 36652 38412 36822 39122 36822 39122 36664 39122
30474 36268 30717 31781 33105 30684 32637 30645 30749 32851 31080 30855 30749 32214 30782 32214 30782 33317
33934 38683 33934 37923 33257 34905 34401 31137 39290 34536 35526 35298 34321 35298 34487 37130 36874 35298
33567 39951 33567 34093 33174 31933 33362 34100 32959 36456 33197 35535 31354 35891 31354 33775 33726 35891
31680 42626 31700 32594 30719 36005 32869 32168 39406 30461 32083 32486 39406 31970 39406 31970 31789 34399

