34626 43772 37698 39770 39321 41580 42270 38235 40213 43125 40377 41862 40377 41241 40850 43429 39168 43659
31650 37825 34761 36218 37639 36654 35689 34038 35680 35776 36956 37627 37639 37627 35561 38069 35561 38069
39438 47135 38567 45063 40434 43957 42949 42493 43024 44416 41621 41701 39644 43253 42123 41294 41197 42645
38135 44417 34965 36182 38306 36314 39545 42818 40345 38651 39092 38727 36643 36676 35649 36596 38381 37779
31490 34322 31141 34378 32504 35213 32415 35595 35725 34212 30809 36220 30569 34709 31388 33240 33066 37447
44986 53764 46880 52365 46863 51887 48365 49190 49860 49077 48117 50985 47622 51480 46385 52365 46385 52671
33934 38845 36832 38238 37452 35686 34970 37973 33487 36908 34234 33989 34234 35762 35550 36280 41830 37763
33567 40118 37067 37424 34243 37349 35679 36034 35968 34565 37156 38684 36639 37349 32769 37349 34243 37349
31680 42806 35943 38429 32745 38964 38045 33113 37639 37682 35162 41305 38398 39677 37760 39407 40912 39407
40783 48740 42629 47962 43498 47347 43613 45681 45109 46477 43498 47333 43498 46338 43738 47034 43738 47034
36652 43806 39051 41925 37368 41348 38889 39671 38444 39880 37854 40866 37368 41348 38295 41348 38448 41582
30474 36421 32951 34594 33920 35409 32837 31976 32357 32970 33451 32167 33451 32167 35195 35362 35195 38502

