34626 49998 36978 45677 38723 45954 40748 39059 39748 42380 37771 43811 37771 46170 35374 41768 35374 48034
31650 43206 33113 41565 36700 35063 36241 33897 36118 35152 37083 36434 36700 35642 37083 40456 36148 38395
39438 50556 39077 44955 38973 45541 41869 46225 39513 41866 38162 42751 41955 45357 38947 46716 37529 45540
38135 47475 34236 44639 35144 39482 40429 43887 40028 38590 38965 39555 33754 42234 34471 43021 34471 43021
31490 40808 31174 36983 31212 35660 34905 34181 36555 34947 33840 35332 32519 36395 35609 38940 30957 38940
44986 61413 45831 56561 48565 56358 49263 54202 49735 49110 47770 54099 47770 55026 47031 55282 47031 57273
40783 55674 41509 49551 43389 53068 47149 48705 50663 45255 44191 49235 44917 50594 43747 49877 43119 52688
36652 50036 37871 43585 38757 47016 40586 43788 38373 42227 38204 41011 39749 45535 37889 43127 37017 45223
30474 40446 31083 37900 32582 36560 37613 32236 36714 36714 37551 33346 37551 33346 33017 35661 33017 39570
33934 44627 35293 39077 38602 40085 36477 40505 37367 35348 35962 35212 35667 39202 38602 43028 38602 39566
33567 42804 35906 39751 36720 42140 35824 35537 36201 38842 36572 39562 34289 39085 35002 38078 35002 39587
31680 41627 40591 36895 34944 42035 34491 39741 33838 43975 41408 41796 32696 38764 37674 43385 37674 44201

