34626 36536 34979 35816 36803 36044 36494 41320 36687 35537 36389 37655 37033 37769 36906 35564 36906 35816
31650 33393 31871 32644 33117 31983 32581 31688 33384 32178 33117 31983 33117 31983 33117 31983 32386 31983
39438 41613 37342 37618 37326 37619 40169 40344 40301 39638 39821 39668 40386 37988 37322 40519 37439 37618
38135 39214 37455 33907 33062 32683 37838 38885 33613 34184 33571 33996 37479 33943 37490 39045 37490 39045
31490 33528 31919 31029 30332 30030 33909 32370 32321 31345 31135 30978 30357 31183 29862 31332 29781 31332
44986 47467 45115 46733 45920 46767 46043 46497 48122 45410 45476 46405 45476 46845 45296 46540 45296 46930
33934 34493 34092 37716 34755 36226 33648 35563 33694 34507 33584 38109 33584 38589 34755 35944 34755 34545
33567 35419 33775 32234 33893 32540 31966 34433 34125 34301 34031 33285 32935 34661 31582 34517 31582 34737
31680 33428 36815 33861 37229 34213 34822 31230 34802 33381 32088 35604 31883 30923 35016 35141 35016 33927
40783 43030 40806 42105 41176 42858 41475 41978 42005 41458 41298 41968 42029 42263 42327 42155 41921 42440
36652 38674 36751 37766 36380 37908 36786 37326 36741 37460 36259 37225 36675 37908 36705 37630 36705 37800
30474 31888 30625 30642 30388 32427 32942 32588 32806 30999 32745 30478 32745 30478 30642 32427 30642 33272

