38135 40899 38273 35443 37714 37150 38895 40118 36783 35372 38494 39214 34952 36474 37766 40118 37766 41452
31490 36330 32098 33405 31394 33251 32491 35004 32172 34913 31814 33145 30800 33194 31381 34256 31381 34256
44986 56913 45184 50385 45659 51899 46651 49907 46370 47550 44986 49461 44986 51394 45184 50816 45184 52461
34626 46335 37703 39138 34119 41446 39542 37701 37054 40388 37137 41060 37137 41460 40428 39138 40428 39138
31650 40041 32712 36696 34672 33072 33072 31831 34778 37517 34714 37458 35595 33415 32531 33253 32531 33253
39438 49896 37559 40043 37841 40964 39943 40608 37626 40223 35687 42591 39227 41630 38423 43079 38423 44167
40783 51596 42077 46046 42928 48502 42738 45637 44125 44912 43258 45212 42655 45732 43326 47387 43326 47387
36652 46371 36716 40447 38294 42582 38828 38336 38228 39180 37327 39359 37878 40160 36888 39892 36904 40835
30474 36301 30260 33982 32913 34694 33478 32297 32826 31162 32849 32063 32849 32421 30903 33242 30903 34197
33934 41359 35277 34680 39290 40536 37470 36856 38024 37153 34817 37665 34064 39490 34558 38457 34558 38681
33567 42470 33789 37351 33473 39992 34311 33614 35808 35349 32287 35433 34012 38909 33296 34393 33296 36238
31680 38580 30994 33834 37907 32478 34245 33513 32116 30757 33229 38380 44452 32478 35394 32871 35545 32871

