34626 68056 40024 58808 39629 64788 48556 45828 46530 52774 43442 56009 44766 58125 39336 53782 39336 59878
31650 58398 35034 43583 39919 45106 42777 42314 38668 43081 38093 46694 39919 46447 38093 51086 42949 48160
39438 69769 40846 58837 42824 58890 48224 47829 51075 47633 49158 51888 47086 55800 45208 55549 42973 54426
38135 64286 35578 50910 40342 58520 44438 44887 46507 41550 44936 49990 37434 47946 37289 51293 37289 51293
31490 54202 33046 48110 33624 47945 39046 44955 41254 39291 35219 45058 37435 43226 32857 45875 33680 45875
44986 83004 46942 71033 47130 72285 54885 63935 59511 51481 52489 69051 52489 71067 53399 68816 53399 74059
40783 75251 41680 61080 48132 72847 51217 59121 59524 51133 48672 59565 49560 63492 45751 61834 46787 67014
36652 68942 38927 52989 46182 62360 44865 50673 42932 51925 41649 45878 40871 56136 40391 51639 37349 57587
30474 55447 33910 48882 39557 44650 44159 40059 42079 42758 42615 37789 42615 37789 36424 48983 36424 43427
33934 63189 37657 48677 41052 53078 41847 48158 41661 39558 39779 42692 43715 47904 41052 53997 41052 52470
33567 57853 35382 47316 37060 49521 43288 41034 40759 41048 41617 42830 40659 51965 36502 46916 36502 53128
31680 68470 37373 53163 36712 55700 39037 55492 44132 37996 43043 46575 37225 44919 34723 49315 34723 46394

