34626 46883 36610 41386 38400 43765 39322 37683 39300 45080 37783 42122 39011 42700 38672 40210 38672 45571
31650 40515 32772 36625 35199 33343 34803 33145 35078 37661 35818 34853 35199 34853 35818 37598 35295 37598
39438 47407 38600 45503 38521 43742 40742 44926 37778 40629 39315 42612 37362 42225 38501 47484 39096 50510
33934 41847 35050 40419 38168 38349 34848 39150 33300 37858 34983 38399 34020 39119 42340 41084 42340 39825
33567 40140 35530 38397 34963 40315 36601 34565 35394 35902 35678 38488 35933 40006 34650 36515 34650 40392
31680 39037 32727 41683 41691 33532 30936 38407 32674 39658 37595 34906 32950 39956 36435 35812 36435 41495
38135 41383 38632 40278 35779 37661 39700 42308 37201 34953 40337 39341 36495 42028 35903 41688 35903 41688
31490 36761 30974 34587 33763 34411 32519 33269 34598 36014 34040 34675 30865 35445 30567 35627 30880 35627
44986 57587 45634 53305 47366 53744 48567 51691 48288 47784 46914 52195 46914 52906 46554 52884 46554 54123
40783 52208 41478 47511 42782 50209 45972 46861 46995 44214 43398 47406 44241 48310 43292 47760 42061 49209
36652 46921 37152 41846 38364 43426 39366 40585 37888 40585 37594 40094 39029 43032 36862 41620 36725 42877
30474 36732 30824 37251 32092 31783 32447 35317 31758 33887 32399 32560 32399 32560 32880 33691 32880 33691

