34626 60694 38842 53393 39674 58182 45364 45579 47414 47582 43839 55160 42476 50796 40813 50796 41718 56163
31650 52542 38320 47107 42473 45523 43427 36995 41922 41253 40110 42739 40874 42890 39730 43664 38747 43664
39438 62772 48073 60074 48190 53241 51569 52696 48587 48632 44353 48231 45604 50968 44353 53224 47017 56741
38135 57631 39523 45087 37943 48790 39733 50281 43857 40489 40101 47076 39898 47451 38199 53481 35558 51528
31490 48768 36917 43792 33706 43241 37831 38342 38855 38070 35509 43998 34914 45285 36385 42785 33617 42558
44986 74683 48041 69013 54142 68330 54245 62736 58880 54393 51339 63249 51339 64886 55412 67532 52309 67935
33934 54271 38029 43056 39332 53297 38318 51771 41912 39058 38340 45377 38340 49280 37277 48871 38586 52258
33567 52054 36692 48514 38834 47268 41763 39945 43118 42024 41993 39707 38834 45239 38827 44516 34576 46239
31680 58085 34520 47870 41470 48103 42047 41569 45466 42300 40103 40855 40064 46818 36848 40762 36848 41905
40783 67705 42119 61267 53796 64243 52114 56166 55421 54886 55713 58252 47702 59115 45494 61934 47399 62787
36652 65476 40752 52147 41232 56646 43177 48114 42244 49640 42291 48024 43154 55083 41046 54339 39577 54162
30474 49186 33723 44141 39160 44706 41624 43247 40000 40327 39271 39942 39271 39942 33177 43082 32883 43082

