0.0,0.0,0.0,0.0,0.0,0.0,0.0,0.0,0.0,0.0,
0.0,0.021,-0.036,0.017,-0.086,-0.047,-0.006,-0.106,-0.047,-0.015,
0.0,0.0,0.0,0.0,0.0,0.0,0.0,0.0,0.0,0.0,
0.0,-0.011,-0.004,-0.04,-0.06,0.086,0.002,-0.031,-0.026,0.048,
0.0,0.022,-0.028,-0.007,-0.039,-0.082,-0.002,0.034,-0.136,0.031,
0.0,0.0,0.0,0.0,0.0,0.0,0.0,0.0,0.0,0.0,
0.0,0.015,-0.014,-0.047,0.011,0.0,-0.032,0.005,0.042,0.081,
0.0,0.0,0.0,0.0,0.0,0.0,0.0,0.0,0.0,0.0,
0.0,-0.002,-0.033,0.04,0.036,0.053,0.037,0.052,-0.043,0.005,
0.0,0.0,-0.002,-0.002,-0.01,-0.052,0.063,-0.021,-0.052,-0.016,
0.0,-0.021,-0.076,0.054,0.051,-0.007,-0.039,0.079,0.059,0.041,
0.0,0.0,0.0,0.0,0.0,0.0,0.0,0.0,0.0,0.0,
0.0,0.0,0.0,0.0,0.0,0.008,0.008,-0.061,-0.022,-0.049,
0.0,0.0,0.0,0.0,0.0,0.0,-0.016,0.036,-0.026,0.037,
0.0,0.04,0.057,0.088,-0.108,0.014,0.012,-0.063,-0.032,0.042,
0.0,0.0,0.0,0.0,0.0,0.0,0.0,0.0,0.0,0.0,
0.0,-0.024,-0.027,0.099,0.012,-0.071,-0.053,0.02,-0.079,0.021,
0.0,-0.011,-0.002,-0.081,0.029,0.035,0.122,-0.006,0.047,-0.002,
0.0,0.0,0.0,0.0,0.0,0.0,0.0,0.005,-0.002,-0.015,
0.0,0.042,0.031,0.127,0.057,0.0,0.056,0.028,-0.032,-0.071,
0.0,0.0,0.0,0.0,0.0,0.0,0.0,0.0,0.0,0.0,
0.0,-0.025,0.051,-0.04,0.072,-0.082,-0.124,0.007,0.05,0.026,
0.0,0.0,0.013,-0.063,-0.005,0.005,-0.067,-0.046,-0.003,0.071,
0.0,0.0,0.0,0.0,0.0,0.0,0.0,0.0,0.0,0.0,
0.0,0.0,0.0,0.0,0.0,0.0,0.0,-0.005,0.008,0.0,
0.0,-0.014,0.025,-0.029,-0.035,-0.003,0.0,0.0,0.0,0.0,
0.0,-0.005,-0.069,-0.056,0.041,-0.025,-0.028,-0.06,-0.053,-0.025,
0.0,-0.011,0.016,0.017,-0.043,0.033,0.008,0.057,0.045,0.033,
0.0,0.008,0.023,0.02,0.005,0.014,0.005,0.1,-0.045,-0.009,
0.0,0.002,0.043,0.0,0.012,-0.042,-0.104,-0.063,0.015,-0.079,
0.0,-0.016,-0.082,0.046,0.034,-0.013,0.026,0.02,0.036,-0.06,
0.0,0.0,0.0,0.0,0.0,0.0,0.0,0.0,0.0,0.0,
0.0,0.005,0.029,-0.008,-0.02,-0.008,0.017,0.101,0.08,0.01,
0.0,-0.009,0.05,0.03,-0.141,-0.107,0.061,0.105,-0.046,-0.028,
0.0,0.0,0.0,0.0,0.0,0.0,0.0,0.0,0.0,0.0,
0.0,-0.007,-0.018,0.015,-0.066,-0.019,0.014,0.011,0.079,0.107,
0.0,0.0,-0.002,-0.054,0.014,0.11,0.008,-0.077,0.033,-0.055,
0.0,0.0,-0.031,0.005,0.026,-0.08,0.045,0.015,0.0,0.02,
0.0,0.004,0.042,0.06,0.009,-0.042,0.014,-0.02,-0.032,-0.054,
0.0,0.0,0.0,0.0,0.0,0.0,0.0,0.0,0.0,0.0,
0.0,0.0,0.003,0.006,0.009,-0.009,0.0,0.003,0.0,0.003,
0.0,0.046,0.014,0.051,0.013,0.015,-0.055,-0.084,0.045,0.066,
0.0,0.0,0.0,0.0,0.0,0.0,0.0,0.0,0.0,0.0,
0.0,0.0,0.0,0.0,0.0,0.0,0.0,0.0,0.0,0.0,
0.0,0.0,0.0,0.0,0.0,0.0,0.0,0.0,0.0,0.0,
0.0,0.025,0.0,0.117,-0.002,-0.018,-0.059,0.016,0.019,0.047,
0.0,0.0,0.0,0.0,0.0,0.0,0.0,0.0,0.0,0.0,
0.0,0.004,-0.069,0.051,0.014,-0.011,-0.06,0.007,-0.029,-0.119,
0.0,0.0,0.0,0.023,0.008,-0.057,-0.046,0.149,-0.082,-0.066,
0.0,0.0,0.0,0.0,0.0,0.0,0.0,0.0,0.0,0.0,
0.0,-0.008,0.007,0.019,0.061,-0.019,0.039,-0.007,0.0,-0.045,
0.0,0.0,0.0,0.0,0.0,0.0,0.0,0.0,0.0,0.0,
0.0,-0.022,-0.034,-0.014,-0.087,-0.02,0.085,-0.011,-0.022,-0.024,
0.0,0.04,-0.021,0.029,-0.084,-0.014,0.065,0.02,-0.039,0.015,
0.0,0.0,0.0,0.0,0.0,0.0,0.0,0.0,0.0,0.0,
0.0,0.0,0.0,0.0,-0.005,0.009,-0.024,0.057,0.051,-0.057,
0.0,0.082,0.116,0.118,-0.035,0.007,-0.085,-0.088,-0.012,-0.045,
0.0,0.059,-0.029,-0.019,-0.029,-0.095,0.109,0.06,-0.014,0.133,
0.0,0.0,0.039,0.016,-0.037,-0.04,0.042,0.055,-0.057,0.045,
0.0,-0.023,-0.002,0.029,0.035,0.096,-0.05,0.03,-0.018,0.037,
0.0,-0.002,0.0,0.022,0.034,-0.005,0.038,-0.025,-0.024,0.037,
0.0,0.0,0.0,0.0,0.0,0.0,0.0,0.0,0.0,0.0,
0.0,-0.036,0.062,-0.022,-0.033,-0.02,0.0,0.037,0.062,0.123,
0.0,0.0,-0.017,0.0,0.0,0.0,0.0,0.0,0.0,0.0,
0.0,0.0,0.0,0.0,0.0,0.0,0.0,0.0,0.0,0.0,
0.0,-0.006,0.074,0.023,-0.03,0.009,0.037,-0.009,0.015,0.017,
0.0,-0.065,0.013,-0.056,-0.031,-0.029,-0.138,-0.032,0.007,-0.007,
0.0,0.0,0.0,0.013,0.016,-0.031,0.022,-0.041,-0.066,0.034,
0.0,0.0,0.0,0.0,0.0,0.0,0.0,0.0,0.0,0.0,
0.0,-0.035,-0.02,-0.047,-0.078,0.111,0.003,-0.157,-0.063,-0.039,
0.0,0.0,0.0,-0.051,-0.046,-0.005,0.05,-0.069,-0.07,0.026,
0.0,-0.025,0.006,-0.057,-0.089,-0.031,-0.115,-0.058,0.081,0.058,
0.0,0.0,0.021,0.008,0.006,0.032,0.061,0.028,-0.059,0.003,
0.0,0.0,0.0,0.0,0.0,0.0,0.0,0.0,0.0,0.0,
0.0,-0.007,-0.047,-0.005,0.066,0.039,0.064,-0.036,-0.037,-0.028,
0.0,0.0,0.0,0.0,0.0,0.0,0.0,0.0,0.0,0.0,
0.0,0.0,0.0,0.0,0.0,-0.015,-0.023,-0.043,-0.008,-0.122,
0.0,0.039,0.032,-0.018,0.003,-0.039,0.033,-0.024,0.04,-0.049,
0.0,0.013,0.121,0.117,0.003,0.036,-0.023,-0.012,-0.068,-0.023,
0.0,0.0,0.0,0.0,0.0,0.0,0.0,0.0,0.0,0.0,
0.0,0.0,0.0,0.0,0.0,0.0,0.0,0.0,0.0,0.0,
0.0,0.0,0.0,0.0,0.011,0.007,-0.042,-0.056,-0.035,0.036,
0.0,0.015,0.057,-0.002,0.079,0.005,-0.026,-0.062,-0.054,-0.018,
0.0,0.0,-0.005,-0.028,-0.097,0.041,0.023,-0.062,-0.008,-0.037,
0.0,0.0,0.0,0.0,0.0,-0.013,-0.019,0.039,-0.018,-0.027,
0.0,0.0,0.0,0.0,0.0,0.0,0.0,0.0,0.0,-0.01,
0.0,0.027,0.025,0.054,0.077,0.103,-0.115,0.06,0.036,0.055,
0.0,0.002,0.056,-0.002,-0.091,-0.095,-0.004,-0.058,-0.016,-0.06,
0.0,0.0,0.0,0.0,0.0,0.0,0.0,0.0,0.0,0.0,
0.0,0.031,-0.1,0.107,0.024,0.0,0.019,-0.03,-0.093,-0.003,
0.0,0.004,0.041,-0.031,0.047,0.151,0.052,0.04,-0.089,-0.053,
0.0,-0.011,-0.022,0.042,0.031,-0.043,0.009,-0.024,0.024,0.016,
0.0,0.017,0.06,0.093,0.122,0.063,0.041,0.025,0.039,0.034,
0.0,0.009,0.036,0.065,-0.03,0.052,-0.041,0.032,0.077,0.004,
0.0,-0.005,-0.072,0.106,0.019,-0.046,-0.074,-0.063,0.081,0.021,
0.0,0.0,0.0,0.0,0.0,0.0,0.0,0.0,0.0,0.0,
0.0,0.0,0.0,0.0,0.0,0.0,0.0,0.0,0.0,0.0,
0.0,0.0,0.0,0.0,0.0,0.003,-0.144,-0.046,-0.084,-0.059,
0.0,0.0,0.0,0.0,0.0,0.0,0.0,0.0,0.0,0.0,
0.0,0.012,-0.089,-0.028,-0.026,-0.059,-0.029,-0.078,0.167,0.011,
0.0,0.014,-0.022,0.038,0.0,-0.041,0.035,-0.036,-0.021,-0.093,
0.0,-0.079,-0.055,-0.049,0.027,-0.025,0.041,0.037,-0.052,-0.092,
0.0,0.002,-0.008,0.105,0.052,0.035,0.152,0.024,-0.057,-0.01,
0.0,0.022,0.019,-0.05,-0.087,-0.05,-0.08,0.024,-0.03,-0.137,
0.0,-0.019,-0.059,0.074,0.069,-0.083,-0.072,-0.081,-0.082,-0.026,
0.0,0.0,0.0,0.0,0.0,0.0,0.0,0.0,0.0,0.0,
0.0,0.012,-0.004,0.175,-0.101,-0.039,0.008,-0.013,0.048,-0.058,
0.0,-0.008,0.009,-0.036,-0.027,0.041,0.044,0.042,0.02,0.033,
0.0,0.051,-0.011,-0.058,0.012,-0.012,0.041,0.045,-0.009,-0.015,
0.0,0.0,0.0,0.0,0.0,0.0,0.0,0.0,0.0,0.0,
0.0,0.0,-0.005,0.022,-0.008,0.045,0.019,0.024,0.096,-0.016,
0.0,0.0,0.016,-0.042,-0.013,-0.048,-0.024,-0.041,0.024,0.041,
0.0,-0.032,-0.009,0.038,-0.051,-0.015,0.022,0.033,-0.096,-0.038,
0.0,-0.025,0.025,0.002,0.047,0.092,0.014,-0.018,-0.009,-0.009,
0.0,0.0,-0.108,0.106,0.067,0.082,-0.056,-0.012,0.044,0.015,
0.0,0.0,0.0,0.0,0.0,0.0,0.0,0.0,0.012,-0.104,
0.0,0.0,0.0,0.0,0.0,0.0,0.0,0.0,0.0,0.0,
0.0,0.026,0.015,-0.01,0.008,0.062,0.081,-0.032,-0.022,-0.018,
0.0,0.0,0.0,0.0,0.0,0.0,0.0,0.0,0.0,0.0,
0.0,0.0,0.033,0.007,-0.021,-0.027,-0.005,-0.029,-0.013,-0.051,
0.0,-0.002,0.024,-0.062,0.1,0.14,0.009,0.024,0.054,0.01,
0.0,0.0,0.0,0.0,0.0,0.0,0.0,0.0,0.0,0.0,
0.0,-0.035,-0.025,-0.06,-0.019,0.021,0.017,0.069,-0.017,0.006,
0.0,0.0,-0.028,0.005,0.107,0.066,0.003,0.029,-0.008,-0.008,
0.0,0.006,0.023,0.0,0.134,0.089,0.142,-0.115,-0.14,0.045,
0.0,0.014,0.008,-0.038,-0.03,-0.034,-0.014,0.003,0.009,0.038,
0.0,0.0,0.0,0.0,0.0,0.0,0.0,0.0,0.0,0.0,
0.0,0.0,0.0,0.0,-0.033,-0.01,0.051,0.012,-0.037,0.037,
0.0,0.0,0.0,0.0,0.0,0.0,0.0,0.0,0.0,0.0,
0.0,0.017,0.066,-0.048,-0.007,0.104,-0.01,0.055,0.029,0.074,
0.0,-0.009,0.048,-0.007,-0.045,-0.029,-0.03,0.01,0.035,-0.022,
0.0,0.0,0.008,-0.029,-0.002,0.014,-0.1,-0.07,0.063,-0.006,
0.0,0.004,0.084,-0.046,-0.05,0.051,-0.016,-0.016,0.038,-0.031,
0.0,0.0,0.0,0.0,0.0,0.0,0.0,0.008,-0.046,0.027,
0.0,-0.019,-0.049,0.017,0.056,-0.056,0.069,-0.028,0.013,0.016,
0.0,-0.018,-0.053,0.041,0.083,-0.029,0.042,0.139,-0.031,-0.013,
0.0,-0.022,-0.049,0.032,-0.016,0.005,-0.053,0.088,0.039,-0.118,
0.0,-0.006,0.024,-0.055,0.021,0.102,0.009,-0.061,0.005,0.027,
0.0,-0.015,0.035,-0.014,0.061,0.024,-0.126,0.051,0.035,0.046,
0.0,0.008,0.009,-0.171,0.015,-0.016,-0.095,-0.017,0.049,0.068,
0.0,0.0,0.0,0.031,-0.007,0.065,0.027,-0.033,-0.043,-0.038,
0.0,0.008,-0.025,0.021,0.052,0.012,-0.016,0.033,-0.051,0.069,
0.0,-0.011,-0.009,0.066,-0.054,-0.078,0.065,0.071,0.057,-0.045,
0.0,-0.013,-0.023,0.034,-0.012,-0.076,0.04,-0.002,0.041,-0.01,
0.0,-0.006,0.002,-0.002,0.077,-0.023,-0.039,0.073,0.069,0.13,
0.0,0.0,0.032,-0.012,-0.023,-0.021,0.017,0.061,0.053,0.074,
0.0,0.013,0.022,0.044,0.037,-0.002,0.067,0.032,-0.04,-0.063,
0.0,-0.019,-0.03,-0.042,0.089,-0.066,-0.002,0.072,-0.01,-0.021,
0.0,0.0,-0.02,-0.006,-0.021,-0.043,-0.086,0.072,0.095,0.067,
0.0,0.01,-0.085,0.004,0.021,0.052,-0.033,-0.016,-0.081,-0.058,
0.0,0.0,0.0,0.0,0.0,0.0,0.0,0.0,0.0,0.0,
0.0,-0.002,-0.077,-0.083,0.045,0.02,-0.018,0.007,0.065,0.0,
0.0,-0.031,0.01,-0.016,-0.027,-0.073,0.0,0.006,-0.087,0.008,
0.0,-0.011,-0.018,-0.043,0.028,0.007,0.035,0.081,0.053,-0.042,
0.0,0.061,0.01,0.021,-0.063,-0.038,0.0,-0.029,-0.089,0.021,
0.0,0.004,-0.083,0.06,-0.023,-0.048,-0.031,0.085,0.04,0.106,
0.0,-0.012,-0.015,-0.063,-0.05,0.041,0.004,-0.035,-0.04,0.042,
0.0,0.0,0.0,0.0,0.0,0.0,0.0,0.0,0.0,0.0,
0.0,0.0,0.0,0.0,0.0,0.0,0.0,0.0,0.0,0.0,
0.0,0.0,0.0,0.0,0.0,0.0,0.0,0.0,0.0,0.0,
0.0,-0.004,0.019,0.052,0.099,-0.009,0.044,-0.009,0.009,0.02,
0.0,-0.085,0.069,-0.005,0.052,0.026,-0.062,-0.044,-0.073,-0.089,
0.0,-0.028,-0.039,-0.1,-0.012,0.02,0.043,-0.005,-0.005,-0.007,
0.0,0.0,0.0,0.0,-0.022,0.04,0.018,-0.003,0.0,0.003,
0.0,0.012,-0.012,-0.029,0.084,0.0,-0.004,-0.093,0.002,-0.066,
0.0,0.008,0.006,0.037,0.019,-0.002,-0.043,0.002,0.014,0.002,
0.0,0.019,0.12,0.055,0.015,-0.065,-0.054,-0.087,-0.058,-0.031,
0.0,0.0,0.002,-0.023,-0.022,0.042,0.007,0.004,-0.017,-0.012,
0.0,0.002,-0.066,-0.022,-0.049,-0.013,-0.009,0.071,-0.013,0.089,
0.0,0.0,0.0,-0.01,-0.021,-0.014,0.048,-0.042,0.031,0.039,
0.0,0.0,0.03,-0.009,0.028,0.014,0.0,0.095,0.065,0.038,
0.0,0.0,0.002,-0.122,0.085,0.068,-0.07,0.035,0.027,0.02,
0.0,0.0,0.0,0.0,0.0,0.0,0.0,0.0,0.0,0.0,
0.0,0.004,-0.026,0.127,0.059,0.026,-0.054,-0.077,-0.042,0.004,
0.0,0.0,0.0,0.0,0.0,0.0,0.0,0.0,0.0,0.0,
0.0,0.0,0.0,0.0,0.0,0.0,0.0,0.0,0.0,0.0,
0.0,0.0,0.0,0.0,0.0,0.013,0.0,-0.052,-0.02,-0.031,
0.0,-0.018,0.007,-0.041,0.069,0.083,-0.012,-0.159,-0.076,0.044,
0.0,0.0,0.0,0.0,0.0,0.0,0.0,0.0,0.0,0.0,
0.0,0.0,0.0,0.0,0.0,0.0,0.0,-0.041,-0.047,-0.006,
0.0,0.004,-0.117,-0.078,0.003,-0.019,-0.073,-0.06,-0.061,-0.015,
0.0,0.0,0.0,0.0,0.0,0.0,0.0,0.0,0.0,0.0,
0.0,0.0,-0.02,-0.064,-0.07,0.022,-0.095,0.127,0.093,0.085,
0.0,0.0,0.0,0.0,0.0,0.0,0.0,0.0,0.0,0.0,
0.0,0.0,-0.043,-0.062,-0.056,0.111,0.059,0.01,0.061,0.061,
0.0,0.0,0.0,0.0,0.0,0.0,0.0,0.0,0.0,0.0,
0.0,0.0,0.002,-0.017,0.016,-0.075,-0.083,-0.052,-0.035,-0.022,
0.0,0.0,0.057,0.06,0.136,0.007,-0.039,-0.013,0.045,0.029,
0.0,-0.002,-0.061,0.074,0.064,-0.027,-0.016,-0.057,-0.092,0.016,
0.0,0.0,0.0,0.0,0.0,0.0,0.0,0.0,0.0,0.0,
0.0,0.0,0.004,-0.022,-0.041,0.089,0.01,0.075,-0.055,-0.014,
0.0,-0.03,0.093,0.039,-0.072,-0.051,0.181,0.243,0.184,0.1,
0.0,0.0,0.0,0.0,0.0,0.0,0.0,0.0,0.0,0.0,
0.0,0.0,0.0,0.0,0.0,0.0,0.0,0.0,0.0,0.0,
0.0,0.0,0.042,-0.014,0.022,0.021,0.075,-0.05,-0.012,0.075,
0.0,-0.009,-0.088,-0.022,0.0,-0.017,-0.01,-0.025,0.094,0.003,
0.0,0.01,0.023,0.003,-0.043,-0.006,-0.021,-0.029,-0.006,0.0,
0.0,0.016,-0.04,-0.085,-0.005,0.068,-0.021,-0.059,-0.009,-0.051,
0.0,0.005,-0.1,-0.024,0.063,-0.09,0.06,0.06,0.076,-0.008,
0.0,0.0,0.0,0.0,0.0,0.0,0.0,0.0,0.0,0.0,
0.0,-0.008,0.009,0.125,-0.023,0.025,-0.102,-0.031,-0.005,-0.04,
0.0,-0.027,0.039,-0.04,-0.026,0.029,0.069,-0.089,0.056,-0.086,
0.0,0.0,0.005,0.088,0.017,0.003,-0.111,-0.075,0.005,0.095,
0.0,-0.008,0.029,-0.05,0.002,-0.043,-0.059,-0.103,-0.003,-0.05,
0.0,-0.007,-0.015,0.04,0.017,0.02,-0.047,-0.01,-0.024,-0.005,
0.0,-0.002,-0.065,0.01,0.015,-0.053,-0.047,-0.028,-0.029,-0.047,
0.0,0.002,0.0,0.0,0.0,0.0,0.0,0.0,0.0,0.0,
0.0,0.0,0.005,0.006,0.0,0.163,-0.033,0.011,0.022,0.006,
0.0,0.0,0.0,0.0,0.0,0.0,0.0,0.0,0.0,0.0,
0.0,0.0,0.0,0.0,0.008,-0.032,0.0,-0.006,-0.02,-0.009,
0.0,-0.002,0.061,0.025,0.063,-0.013,-0.08,-0.004,-0.006,0.004,
0.0,0.007,0.077,-0.041,-0.071,0.028,-0.07,-0.028,-0.022,-0.034,
0.0,0.0,0.0,0.0,0.0,-0.003,-0.005,0.091,-0.022,-0.047,
0.0,0.012,0.015,-0.037,0.024,0.074,0.069,-0.053,0.01,0.008,
0.0,0.0,0.0,0.005,-0.003,0.011,0.006,-0.003,0.0,0.0,
0.0,0.0,0.0,0.0,0.0,0.0,0.0,0.0,0.0,0.0,
0.0,0.011,0.064,-0.042,0.01,-0.027,0.042,-0.11,0.033,0.075,
0.0,0.0,-0.018,0.006,0.012,0.003,0.003,0.003,0.003,0.003,
0.0,0.0,0.0,0.0,0.022,-0.053,-0.002,-0.08,-0.102,-0.04,
0.0,0.0,0.0,-0.036,0.16,0.098,0.027,0.082,0.073,0.096,
0.0,0.02,0.024,-0.039,0.01,-0.007,-0.007,-0.063,0.109,-0.005,
0.0,0.047,-0.029,-0.039,-0.007,-0.048,-0.037,0.064,0.038,0.078,
0.0,0.0,0.0,0.0,0.0,0.0,0.0,0.0,0.0,0.0,
0.0,0.002,-0.12,-0.003,0.008,-0.042,0.011,-0.036,-0.008,-0.108,
0.0,0.013,0.076,0.021,-0.008,0.012,0.056,-0.013,0.0,-0.033,
0.0,0.0,0.0,0.051,-0.033,-0.046,-0.072,-0.061,0.123,0.011,
0.0,0.021,0.047,-0.067,-0.056,0.068,0.065,0.029,0.017,0.009,
0.0,0.004,0.04,-0.025,-0.028,0.01,0.005,-0.013,0.075,0.065,
0.0,0.004,0.068,0.025,-0.056,0.009,-0.018,0.0,0.079,0.034,
0.0,0.026,-0.067,0.003,-0.052,0.036,-0.114,0.022,0.031,0.008,
0.0,-0.004,0.0,0.033,-0.021,-0.018,0.032,-0.096,-0.015,0.08,
0.0,0.031,-0.036,-0.038,-0.019,-0.043,-0.078,0.005,0.0,0.084,
0.0,0.0,-0.016,-0.016,-0.086,0.03,-0.014,-0.037,0.005,-0.052,
0.0,0.016,-0.036,-0.077,0.01,0.044,0.056,-0.075,0.065,0.042,
0.0,0.0,0.0,0.008,0.024,-0.039,-0.008,-0.038,0.042,0.005,
0.0,0.013,-0.06,0.059,0.051,-0.035,0.043,-0.02,-0.011,-0.082,
0.0,0.0,0.0,-0.002,-0.002,0.046,0.108,-0.036,-0.032,-0.005,
0.0,-0.002,0.067,-0.002,-0.066,0.131,0.077,0.077,0.055,0.073,
0.0,0.0,0.0,0.0,0.0,0.0,0.0,0.0,0.0,0.0,
0.0,0.0,0.0,0.0,0.0,0.0,0.0,0.0,0.0,0.0,
0.0,0.0,0.0,0.0,0.0,0.0,0.0,0.0,0.0,0.0,
0.0,0.0,0.0,0.0,0.0,0.0,0.0,0.003,-0.032,-0.042,
0.0,0.0,0.0,0.0,0.0,0.0,0.0,0.0,0.0,0.0,
0.0,0.0,0.0,0.0,0.0,0.0,0.0,0.0,0.0,0.0,
0.0,0.0,0.0,0.0,0.0,0.0,0.0,0.0,0.0,0.0,
0.0,-0.009,-0.008,-0.053,0.081,-0.017,0.035,-0.072,0.0,0.099,
0.0,0.0,0.065,0.1,-0.106,-0.041,0.046,0.057,0.056,0.067,
0.0,-0.027,0.068,-0.076,0.022,-0.018,0.056,-0.057,0.07,-0.06,
0.0,0.0,0.068,-0.053,-0.09,0.023,0.11,-0.073,0.021,0.014,
0.0,0.044,0.051,0.094,0.003,-0.144,-0.069,-0.057,-0.118,-0.06,
0.0,0.0,-0.012,-0.005,0.017,0.054,0.034,0.063,0.006,-0.089,
0.0,0.0,0.0,0.0,0.0,0.0,0.0,0.0,0.0,0.0,
0.0,0.0,0.0,0.0,0.0,0.0,0.0,0.0,0.0,0.0,
0.0,0.014,0.052,0.067,-0.036,-0.137,-0.012,0.108,0.15,-0.087,
0.0,0.0,0.0,0.0,0.0,0.0,0.0,0.0,0.0,0.0,
0.0,0.0,0.0,-0.008,-0.008,0.034,0.017,0.023,0.012,0.0,
0.0,0.0,0.0,0.0,0.0,0.0,0.0,0.0,0.0,0.0,
0.0,0.0,0.0,0.0,0.0,0.0,0.0,0.0,0.0,0.0,
0.0,0.0,0.0,0.0,0.0,0.0,0.0,0.0,-0.005,0.009,
0.0,-0.03,0.059,-0.128,-0.052,0.081,0.035,-0.004,0.007,-0.02,
0.0,0.0,0.0,0.0,0.0,0.0,0.0,0.0,0.0,0.0,
0.0,0.0,0.02,-0.019,0.036,0.022,-0.013,-0.06,-0.038,0.034,
0.0,0.002,0.053,0.018,-0.037,-0.028,-0.084,-0.051,-0.023,-0.018,
0.0,0.016,0.0,-0.041,-0.01,0.079,-0.017,-0.045,0.038,0.114,
0.0,0.011,-0.047,-0.018,0.043,0.022,0.036,0.083,0.068,0.052,
0.0,0.0,0.013,0.018,0.006,0.0,0.0,0.0,0.0,0.0,
0.0,0.027,0.029,-0.029,-0.006,-0.116,0.004,-0.002,-0.057,0.103,
0.0,-0.004,-0.061,0.035,-0.025,-0.095,-0.069,-0.059,0.026,-0.023,
0.0,0.0,0.0,-0.062,-0.112,0.11,0.134,-0.025,0.01,-0.099,
0.0,0.0,-0.005,0.002,0.024,0.0,0.063,-0.015,-0.055,-0.059,
0.0,0.0,0.016,0.022,-0.044,-0.035,0.025,0.075,0.05,-0.006,
0.0,0.0,-0.019,0.078,0.003,-0.006,0.054,0.037,-0.021,-0.012,
0.0,0.0,0.0,0.047,-0.059,0.023,-0.049,0.019,0.012,0.098,
0.0,0.065,-0.098,-0.108,-0.111,-0.121,-0.074,0.035,0.009,-0.021,
0.0,0.0,0.016,0.04,-0.041,0.009,-0.005,0.108,0.027,0.062,
0.0,0.004,0.018,-0.033,-0.011,0.027,0.043,0.025,-0.078,0.01,
0.0,0.003,0.034,0.042,0.067,0.058,0.018,0.03,0.012,0.003,
0.0,-0.011,-0.002,0.027,-0.018,0.046,-0.091,0.037,-0.047,0.031,
0.0,0.07,0.048,0.043,0.078,0.003,0.03,0.006,0.0,0.067,
0.0,0.0,0.0,0.0,0.0,0.0,0.0,0.0,0.0,0.0,
0.0,-0.084,-0.042,-0.044,0.03,-0.044,-0.044,0.09,-0.009,0.053,
0.0,0.0,-0.05,0.004,0.013,0.057,-0.046,-0.145,0.059,0.002,
0.0,0.043,-0.021,-0.014,0.012,0.052,0.024,0.076,0.032,0.063,
0.0,0.035,-0.018,0.02,0.097,-0.005,-0.002,-0.071,0.018,-0.021,
0.0,0.0,0.0,0.0,0.002,0.012,0.097,-0.056,0.039,-0.022,
0.0,-0.019,0.069,0.067,0.027,-0.14,-0.162,0.039,0.039,0.051,
0.0,0.038,-0.079,0.011,-0.003,0.085,-0.003,-0.017,-0.003,-0.006,
0.0,0.01,-0.095,-0.041,-0.04,-0.103,-0.072,0.11,0.09,0.08,
0.0,0.0,0.0,-0.005,0.005,-0.067,-0.091,0.052,-0.003,0.075,
0.0,0.047,0.025,-0.026,-0.051,-0.086,0.057,0.008,0.042,-0.04,
0.0,0.0,-0.008,0.008,-0.062,-0.009,0.03,0.024,-0.009,-0.009,
0.0,0.0,0.0,0.0,0.0,0.0,0.0,0.0,0.0,0.0,
0.0,0.0,0.0,0.0,0.0,0.0,0.0,0.0,0.0,0.0,
0.0,0.0,0.0,0.0,0.0,0.0,0.0,0.003,-0.06,-0.003,
0.0,0.028,0.053,0.05,-0.157,-0.013,0.018,0.014,-0.078,-0.04,
0.0,0.004,0.031,0.023,0.03,-0.003,0.035,-0.067,0.051,0.013,
0.0,0.0,0.0,0.0,0.0,0.0,0.0,0.0,0.0,0.0,
0.0,0.0,0.0,-0.003,0.006,0.019,-0.006,0.019,0.065,0.0,
0.0,-0.04,0.003,0.073,-0.013,-0.034,-0.008,0.003,0.041,0.045,
0.0,0.0,0.0,0.0,0.0,0.0,0.0,0.0,0.0,0.0,
0.0,0.0,0.0,0.0,-0.013,0.008,0.043,-0.014,-0.161,0.129,
0.0,0.0,0.0,0.0,0.0,0.033,0.05,-0.025,0.038,0.003,
0.0,0.0,-0.005,-0.005,0.003,0.05,-0.024,-0.031,0.016,-0.039,
0.0,0.0,0.0,0.0,0.0,0.0,0.0,0.0,0.0,0.0,
0.0,0.0,-0.012,-0.03,0.078,-0.024,0.069,-0.069,0.005,-0.005,
0.0,0.01,0.004,0.073,0.017,-0.018,-0.032,0.085,0.037,0.021,
0.0,0.0,0.0,0.0,0.0,0.0,0.0,0.0,-0.006,0.075,
0.0,-0.018,0.005,0.006,-0.057,-0.017,-0.035,-0.084,0.036,0.067,
0.0,0.0,0.0,0.0,0.0,0.0,0.0,0.0,0.008,-0.035,
0.0,0.033,-0.059,-0.01,0.055,0.069,-0.059,0.049,0.02,-0.002,
0.0,0.0,0.0,0.0,0.0,0.0,0.0,0.0,0.0,0.0,
0.0,0.0,-0.013,-0.011,-0.105,-0.018,-0.027,-0.003,0.0,0.0,
0.0,-0.004,-0.042,-0.045,0.043,-0.012,-0.015,-0.08,-0.003,-0.029,
0.0,0.0,0.0,0.0,0.0,0.0,0.0,0.0,0.0,0.0,
0.0,-0.046,-0.039,0.101,0.094,-0.223,-0.129,0.087,0.013,-0.076,
0.0,-0.015,-0.015,0.011,0.011,-0.071,0.047,0.017,0.021,-0.027,
0.0,-0.014,0.0,0.0,0.0,0.0,0.0,0.0,0.0,0.0,
0.0,0.034,-0.028,0.02,-0.009,0.003,-0.003,0.0,0.0,0.0,
0.0,0.0,0.0,0.0,0.0,0.0,0.0,0.0,0.018,0.04,
0.0,0.0,0.0,0.0,0.0,0.0,0.0,0.0,0.0,0.0,
0.0,0.008,0.007,0.053,0.072,0.072,0.016,-0.075,-0.012,-0.074,
0.0,0.0,0.0,0.0,0.0,0.0,0.0,0.0,0.0,0.0,
0.0,0.0,0.0,0.0,0.0,-0.005,0.005,-0.022,0.035,0.024,
0.0,0.031,0.077,0.047,-0.104,-0.042,-0.091,-0.02,-0.005,0.041,
0.0,0.027,0.003,0.0,0.0,0.0,0.0,0.0,0.0,0.0,
0.0,0.01,0.006,0.006,0.003,0.0,0.003,0.003,0.003,0.003,
0.0,0.0,0.0,0.0,0.0,0.0,0.0,0.0,0.0,0.0,
0.0,0.0,-0.003,-0.033,0.039,-0.016,0.008,0.037,-0.027,-0.053,
0.0,0.0,0.0,0.0,0.0,0.0,0.0,0.0,0.0,0.0,
0.0,0.0,0.0,0.0,0.0,0.0,0.0,0.0,0.0,0.0,
0.0,0.006,-0.059,-0.015,0.105,0.014,-0.021,-0.105,-0.075,0.103,
0.0,-0.011,-0.016,0.0,0.0,0.0,0.0,0.0,0.0,0.0,
0.0,0.004,-0.007,-0.035,-0.017,0.017,-0.059,-0.068,-0.027,0.081,
0.0,0.0,0.01,-0.08,-0.042,-0.01,0.022,0.018,-0.02,-0.062,
0.0,-0.002,0.064,-0.048,-0.042,-0.13,0.066,-0.076,-0.069,-0.02,
0.0,0.0,0.0,0.0,0.0,0.0,0.0,0.0,0.0,0.0,
0.0,0.065,0.12,0.007,-0.103,0.057,-0.045,0.096,0.019,0.078,
0.0,-0.003,-0.008,-0.081,-0.009,0.032,0.03,-0.029,0.118,0.006,
0.0,0.0,0.014,0.012,-0.019,-0.005,-0.022,-0.061,0.04,-0.065,
0.0,0.0,0.0,0.0,0.0,0.0,0.0,0.0,0.0,0.0,
0.0,0.0,0.0,0.0,0.0,0.0,0.0,0.0,0.0,0.0,
0.0,0.0,0.0,0.013,0.092,-0.007,-0.019,-0.017,0.025,-0.029,
0.0,0.0,0.0,0.0,0.0,0.0,0.0,0.0,0.0,0.0,
0.0,0.0,0.0,0.0,0.0,0.0,0.0,0.0,0.0,0.0,
0.0,0.0,0.0,0.0,0.0,0.0,0.0,0.0,0.0,0.0,
0.0,0.0,0.0,0.0,0.0,0.0,0.0,0.0,0.0,0.0,
0.0,0.0,0.0,0.029,0.003,0.017,0.044,0.002,0.042,0.007,
0.0,-0.058,0.107,0.002,-0.022,-0.077,0.039,0.019,-0.042,0.043,
0.0,0.028,0.074,-0.062,0.092,-0.026,0.035,-0.012,-0.005,0.036,
0.0,-0.006,-0.11,0.005,-0.06,-0.025,0.04,0.025,0.034,-0.026,
0.0,0.009,0.047,0.007,-0.08,-0.026,-0.036,0.068,0.066,-0.007,
0.0,-0.005,0.021,-0.037,-0.005,-0.048,0.194,0.019,0.005,0.057,
0.0,0.0,0.0,0.0,0.0,0.0,0.0,0.0,0.0,0.0,
0.0,-0.011,0.014,-0.032,0.059,-0.049,0.113,0.019,0.0,0.043,
0.0,0.016,-0.023,-0.13,0.039,0.057,-0.055,-0.031,0.0,-0.04,
0.0,0.013,0.285,0.13,-0.158,-0.021,-0.039,-0.042,0.014,-0.012,
0.0,0.0,0.0,0.0,0.0,-0.005,0.042,0.008,-0.069,0.049,
0.0,0.0,0.0,0.056,-0.078,-0.012,-0.028,0.048,-0.052,-0.089,
0.0,0.0,0.0,0.0,0.0,0.0,0.0,0.0,0.0,0.0,
0.0,0.0,0.01,0.035,-0.014,0.071,-0.049,-0.021,0.0,0.081,
0.0,0.014,0.044,-0.035,0.0,0.038,-0.036,0.044,-0.088,0.019,
0.0,0.002,-0.043,-0.02,-0.004,-0.005,-0.05,-0.014,0.047,0.08,
0.0,-0.007,-0.06,0.066,-0.019,-0.121,0.022,-0.034,-0.063,0.0,
0.0,0.0,-0.002,0.067,-0.061,0.055,-0.051,0.025,0.0,-0.056,
0.0,-0.017,-0.056,-0.055,-0.042,0.025,0.084,-0.027,-0.119,0.036,
0.0,0.0,0.0,-0.003,-0.071,-0.018,-0.123,-0.112,-0.014,0.014,
0.0,0.0,0.0,0.0,0.0,0.0,0.0,0.0,0.0,0.0,
0.0,-0.01,-0.036,0.044,-0.085,-0.196,-0.029,0.052,-0.101,-0.037,
0.0,0.0,0.0,0.0,-0.003,0.029,0.003,0.0,-0.003,-0.003,
0.0,0.0,0.0,0.0,0.0,0.0,0.0,0.0,0.0,0.0,
0.0,0.012,0.007,0.043,0.023,-0.074,0.0,0.058,0.077,0.015,
0.0,0.008,0.048,-0.082,0.021,-0.083,-0.044,0.005,0.033,0.013,
0.0,0.003,0.098,-0.067,-0.037,-0.053,-0.022,-0.017,0.069,0.109,
0.0,0.0,0.031,-0.005,0.022,0.054,-0.085,-0.099,0.019,-0.1,
0.0,0.0,0.0,0.0,0.023,0.032,-0.018,0.003,0.009,0.0,
0.0,0.0,0.0,0.0,0.0,0.0,0.0,0.0,0.0,0.0,
0.0,0.0,0.0,0.0,0.0,0.0,0.0,0.0,0.0,0.0,
0.0,0.012,0.002,-0.034,-0.016,-0.054,-0.071,0.084,-0.012,-0.044,
0.0,-0.006,-0.05,-0.125,0.005,0.103,-0.031,-0.03,0.013,-0.062,
0.0,0.0,0.0,0.0,0.0,0.0,0.0,0.0,0.0,0.0,
0.0,0.0,-0.023,-0.003,0.0,0.0,0.0,0.0,0.0,0.0,
0.0,-0.015,-0.028,-0.033,0.036,0.02,-0.03,0.012,-0.006,-0.003,
0.0,0.0,0.0,0.0,0.0,0.0,0.0,0.0,0.0,0.0,
0.0,0.0,0.0,0.0,0.0,0.0,0.0,0.0,0.0,0.0,
0.0,-0.014,-0.061,-0.027,0.055,-0.028,0.065,0.076,-0.003,-0.018,
0.0,-0.042,-0.007,0.037,0.016,-0.063,0.029,-0.094,-0.024,-0.019,
0.0,-0.002,-0.016,-0.086,-0.063,0.021,-0.022,0.048,0.033,0.0,
0.0,0.006,-0.08,0.019,0.077,-0.077,0.104,-0.062,0.011,0.058,
0.0,-0.008,0.032,0.059,0.102,-0.022,-0.053,0.078,-0.069,-0.01,
0.0,0.0,0.0,0.0,0.0,0.0,0.0,0.0,0.0,0.0,
0.0,0.0,0.0,0.0,0.0,0.0,0.0,0.0,0.0,0.0,
0.0,0.0,0.0,0.0,0.0,0.0,0.0,0.0,0.0,0.0,
0.0,0.0,-0.036,0.088,-0.025,-0.07,-0.04,0.022,0.091,0.083,
0.0,-0.015,-0.014,-0.126,-0.024,-0.055,-0.018,-0.006,0.003,0.0,
0.0,0.0,0.026,0.113,0.112,-0.013,-0.033,0.048,0.042,-0.065,
0.0,0.011,0.002,-0.069,-0.054,0.002,0.014,0.037,0.002,0.026,
0.0,-0.042,-0.035,-0.05,0.048,0.002,0.049,0.005,-0.024,0.021,
0.0,0.012,-0.054,-0.04,0.012,0.018,-0.017,-0.046,0.015,0.0,
0.0,0.021,-0.067,0.011,0.03,0.017,-0.02,-0.009,-0.006,0.023,
0.0,0.0,0.0,0.0,0.0,0.0,0.0,0.0,0.0,0.0,
0.0,0.0,-0.013,0.0,-0.067,-0.003,0.088,0.023,0.027,-0.036,
0.0,-0.005,-0.006,-0.052,0.0,-0.017,-0.003,-0.074,-0.104,-0.031,
0.0,0.0,-0.005,-0.027,0.06,0.056,-0.016,0.037,-0.075,0.09,
0.0,0.0,-0.032,0.014,0.049,-0.049,0.019,0.012,0.037,-0.016,
0.0,0.0,0.0,0.0,0.0,0.0,0.0,0.0,0.0,0.0,
0.0,-0.006,-0.016,0.12,-0.044,-0.022,-0.074,0.01,-0.02,-0.033,
0.0,0.01,-0.005,-0.066,-0.02,-0.082,-0.029,0.059,0.06,0.021,
0.0,0.002,0.079,-0.047,-0.145,0.034,0.011,-0.033,-0.018,-0.116,
0.0,0.0,0.0,0.0,-0.041,-0.036,-0.048,0.012,0.067,-0.077,
0.0,0.0,0.0,0.0,0.0,0.0,0.0,0.0,0.0,0.0,
0.0,0.0,0.0,0.0,-0.006,0.081,-0.064,-0.104,-0.073,-0.158,
0.0,0.0,0.0,0.049,0.014,-0.037,0.008,-0.077,-0.018,-0.065,
0.0,0.0,-0.013,-0.067,-0.02,-0.054,0.068,-0.033,0.077,-0.058,
0.0,0.0,0.011,0.004,-0.071,-0.06,0.009,0.045,0.003,0.024,
0.0,0.0,0.011,0.008,0.003,0.0,0.0,0.0,0.0,0.0,
0.0,-0.007,0.0,0.014,-0.009,-0.003,-0.003,0.0,0.0,0.0,
0.0,0.0,0.0,0.0,0.0,0.0,0.0,0.0,0.0,0.0,
0.0,-0.014,0.0,-0.082,0.107,0.058,0.109,-0.016,-0.066,-0.107,
0.0,-0.043,-0.032,-0.111,0.05,-0.053,-0.061,-0.071,0.076,0.062,
0.0,-0.004,0.055,-0.066,0.023,-0.028,0.033,0.065,-0.051,0.023,
0.0,-0.023,-0.055,0.013,0.067,-0.028,-0.116,0.044,0.048,0.019,
0.0,0.0,-0.01,-0.008,-0.026,0.005,0.018,0.026,-0.008,0.041,
0.0,0.0,0.0,0.034,-0.058,0.032,0.003,0.006,0.003,0.0,
0.0,0.025,-0.013,0.119,0.034,-0.131,-0.078,-0.023,0.035,-0.111,
0.0,-0.02,0.045,0.031,0.034,0.073,0.081,-0.015,-0.002,0.049,
0.0,0.0,0.0,0.0,0.003,0.0,0.057,-0.006,-0.003,-0.003,
0.0,0.055,-0.174,-0.03,0.051,-0.007,0.014,-0.043,-0.042,-0.072,
0.0,0.0,0.0,0.0,0.0,0.0,0.0,0.0,0.0,0.0,
0.0,0.0,0.0,0.0,0.0,0.0,0.0,0.0,0.0,0.0,
0.0,0.006,-0.088,0.075,0.053,0.039,0.055,0.083,-0.013,-0.032,
0.0,0.0,0.033,-0.005,-0.054,0.05,-0.016,-0.032,0.011,0.046,
0.0,0.0,0.0,0.0,0.0,0.0,0.0,0.0,0.0,0.0,
0.0,0.0,0.0,0.0,0.0,0.0,0.0,0.0,0.0,0.0,
0.0,-0.002,-0.019,0.083,-0.022,0.066,0.082,0.084,0.037,-0.003,
0.0,0.0,0.018,0.058,0.02,-0.078,0.09,-0.077,-0.028,-0.101,
0.0,-0.01,-0.024,-0.057,0.064,-0.058,0.091,0.05,0.026,0.066,
0.0,0.0,0.0,0.0,0.0,-0.021,-0.017,-0.006,-0.003,-0.015,
0.0,-0.034,0.068,-0.008,-0.091,0.026,0.036,0.023,-0.038,0.039,
0.0,0.0,0.0,0.0,0.0,0.0,0.0,0.0,0.0,0.0,
0.0,0.028,-0.026,0.009,0.003,0.036,0.036,0.021,0.006,0.0,
0.0,0.0,-0.005,0.032,0.097,-0.05,0.012,-0.003,0.018,0.006,
0.0,0.0,0.0,0.002,-0.003,-0.009,0.139,0.041,0.049,0.051,
0.0,0.0,0.0,0.0,0.0,0.0,0.0,0.0,0.0,0.0,
0.0,0.015,0.019,-0.061,0.043,-0.025,0.007,0.009,0.007,-0.132,
0.0,-0.094,0.014,-0.099,-0.048,0.045,-0.038,0.03,0.058,0.096,
0.0,0.007,-0.066,0.054,0.031,0.029,0.071,0.059,0.029,0.047,
0.0,-0.024,0.042,0.1,-0.074,0.065,-0.01,-0.009,0.057,-0.057,
0.0,0.0,0.0,0.0,0.0,0.0,0.0,0.0,0.0,0.0,
0.0,-0.017,-0.028,-0.03,-0.079,-0.078,0.125,-0.05,-0.094,-0.007,
0.0,0.11,0.06,-0.142,-0.098,-0.049,-0.035,0.033,0.009,0.006,
0.0,-0.002,0.01,-0.045,-0.022,0.006,0.03,-0.004,-0.029,0.02,
0.0,0.003,0.029,0.053,0.003,0.033,-0.018,-0.033,-0.027,-0.062,
0.0,-0.024,0.066,0.014,0.176,-0.009,-0.023,-0.026,-0.065,-0.053,
0.0,-0.022,-0.091,0.015,0.064,-0.004,-0.053,-0.051,0.115,0.078,
0.0,0.0,0.0,0.0,0.0,0.0,0.0,0.0,0.0,0.0,
0.0,0.0,0.0,0.0,0.0,0.0,0.0,0.0,0.0,0.0,
0.0,0.0,-0.013,0.003,-0.026,0.032,0.04,0.018,0.017,0.047,
0.0,0.0,-0.056,0.119,0.022,-0.079,0.01,0.043,-0.039,-0.022,
0.0,0.006,0.021,0.118,0.076,0.029,-0.069,0.101,0.042,-0.061,
0.0,0.0,0.021,0.039,0.003,0.0,0.0,0.0,0.0,0.0,
0.0,0.007,-0.057,0.0,0.013,0.045,-0.004,0.052,0.109,-0.088,
0.0,0.0,0.0,0.0,-0.003,-0.005,0.052,0.025,-0.017,-0.005,
0.0,0.0,0.0,0.0,0.0,0.0,0.0,0.0,0.0,0.0,
0.0,0.0,0.0,0.0,0.0,0.026,-0.031,0.011,-0.052,-0.026,
0.0,0.0,0.0,0.0,0.0,0.0,0.0,0.0,0.0,0.0,
0.0,-0.018,-0.047,0.006,-0.044,-0.038,-0.037,0.016,-0.052,0.026,
0.0,-0.065,0.022,-0.035,0.028,0.008,-0.031,0.037,0.124,-0.032,
0.0,0.0,0.0,0.0,0.022,0.02,0.018,0.009,-0.006,0.0,
0.0,0.0,0.0,0.0,0.0,0.0,-0.023,-0.013,0.018,0.029,
0.0,0.0,0.0,0.0,-0.005,-0.022,0.118,0.054,-0.007,0.025,
0.0,0.0,-0.029,0.038,0.052,0.059,0.052,0.024,0.012,0.021,
0.0,0.0,0.0,0.0,0.0,0.0,0.0,0.0,0.0,0.0,
0.0,0.0,0.0,0.0,0.0,0.0,0.0,0.0,0.0,0.0,
0.0,0.034,-0.015,-0.159,0.056,-0.071,-0.005,0.074,0.042,0.068,
0.0,0.014,0.015,-0.046,-0.031,0.091,-0.051,0.03,0.0,-0.054,
0.0,-0.008,-0.034,0.012,0.124,0.028,0.018,0.087,-0.038,-0.048,
0.0,0.0,0.012,0.0,0.026,-0.008,-0.008,-0.081,-0.062,0.038,
0.0,0.067,-0.065,0.067,0.066,-0.086,0.018,-0.1,0.018,0.026,
0.0,0.0,0.0,0.0,0.0,0.0,0.0,0.0,0.0,0.0,
0.0,0.0,0.0,-0.003,0.008,0.008,-0.017,0.017,0.107,0.041,
0.0,0.0,0.0,0.0,0.0,0.0,0.0,0.0,0.0,0.0,
0.0,-0.031,-0.007,-0.005,-0.052,0.008,-0.084,-0.013,0.017,0.026,
0.0,0.0,0.0,0.0,0.0,0.0,0.0,0.0,0.0,0.0,
0.0,0.002,-0.09,-0.095,0.062,-0.023,0.023,0.02,0.029,-0.02,
0.0,0.0,0.0,0.0,0.0,0.0,0.0,0.0,0.0,0.0,
0.0,0.009,0.058,0.022,0.077,-0.011,0.0,0.039,0.02,0.051,
0.0,0.0,0.0,-0.027,-0.03,0.028,0.037,0.015,0.0,-0.029,
0.0,0.015,-0.023,0.049,-0.043,-0.033,0.035,-0.09,-0.047,-0.023,
0.0,0.004,-0.039,0.051,-0.152,-0.1,0.075,0.002,0.144,0.061,
0.0,0.0,-0.006,-0.064,0.118,-0.021,-0.018,-0.039,-0.028,0.07,
0.0,0.0,0.0,0.0,0.0,0.0,0.0,0.0,0.0,0.0,
0.0,-0.026,0.012,-0.021,-0.033,0.104,-0.007,0.0,-0.012,-0.078,
0.0,0.0,0.0,0.0,0.0,0.0,0.0,0.0,0.0,0.0,
0.0,0.0,0.0,0.003,0.059,0.096,0.024,-0.016,0.063,0.076,
0.0,0.0,-0.008,-0.023,0.052,-0.003,0.038,0.029,0.012,-0.041,
0.0,0.0,0.0,0.0,0.0,0.0,0.0,0.0,0.0,0.0,
0.0,0.006,-0.019,0.029,-0.02,-0.107,0.021,-0.012,0.007,0.007,
0.0,-0.007,-0.003,-0.014,-0.009,0.0,0.027,0.003,0.003,0.006,
0.0,-0.007,-0.12,0.058,-0.038,0.01,-0.003,0.05,-0.058,0.088,
0.0,0.0,0.0,0.0,0.0,0.0,0.0,0.0,0.0,0.0,

0.0,-0.102,-0.132,-0.117,-0.163,-0.111,-0.159,-0.113,-0.125,-0.186,
0.0,-0.005,0.056,0.015,0.091,0.047,0.006,0.106,0.047,0.015,
0.0,-0.084,0.06,0.077,0.04,-0.052,-0.037,0.065,0.067,0.048,
0.0,0.01,-0.032,0.06,-0.006,-0.075,0.027,-0.008,0.014,-0.069,
0.0,-0.002,-0.118,0.035,0.136,0.136,0.066,-0.057,0.127,0.084,
0.0,0.038,0.103,0.015,0.003,0.003,0.003,0.003,0.003,0.003,
0.0,-0.138,-0.014,-0.04,-0.019,0.035,0.047,-0.103,-0.051,-0.057,
0.0,-0.082,-0.072,-0.027,-0.021,0.0,0.0,0.0,0.006,0.009,
0.0,0.07,-0.078,-0.013,0.003,-0.103,-0.011,0.022,0.03,-0.016,
0.0,-0.011,0.092,0.044,-0.007,0.024,-0.013,0.06,0.075,0.096,
0.0,0.083,0.127,0.007,-0.024,-0.005,0.062,-0.032,0.015,-0.122,
0.0,-0.145,-0.108,-0.101,-0.021,-0.018,-0.006,-0.006,-0.006,-0.006,
0.0,0.007,-0.022,0.06,0.047,0.085,-0.056,-0.028,-0.025,-0.039,
0.0,0.013,-0.071,-0.053,-0.083,0.041,-0.027,-0.036,0.028,-0.005,
0.0,-0.095,0.027,-0.102,0.024,0.067,-0.01,0.135,-0.088,-0.067,
0.0,0.012,-0.068,-0.036,0.003,-0.027,-0.006,-0.006,-0.024,0.0,
0.0,0.115,0.029,-0.036,0.058,0.104,-0.003,0.033,0.136,0.029,
0.0,0.004,0.0,0.067,-0.047,0.067,-0.059,0.064,-0.101,-0.041,
0.0,0.026,-0.056,-0.093,0.002,-0.025,-0.025,0.067,-0.007,-0.099,
0.0,0.002,-0.051,-0.084,-0.1,0.062,0.093,-0.014,-0.015,0.088,
0.0,-0.012,0.032,-0.06,0.0,-0.062,-0.022,-0.041,-0.039,-0.02,
0.0,0.066,-0.024,0.026,0.002,-0.009,0.076,-0.012,-0.093,0.046,
0.0,0.063,-0.177,-0.041,-0.002,0.018,0.036,0.008,0.079,0.025,
0.0,-0.008,0.026,0.015,0.012,0.012,0.012,0.012,0.012,0.012,
0.0,-0.002,-0.04,-0.022,0.015,-0.003,-0.016,-0.071,-0.06,-0.015,
0.0,0.114,-0.009,-0.068,0.006,-0.08,-0.026,-0.015,-0.003,0.0,
0.0,0.035,-0.003,-0.005,-0.11,0.014,-0.024,0.003,-0.048,-0.054,
0.0,-0.098,0.071,-0.05,0.024,-0.076,-0.056,-0.071,-0.04,-0.049,
0.0,-0.021,-0.013,0.023,0.009,-0.042,0.011,-0.051,0.009,-0.009,
0.0,0.012,-0.006,0.017,0.054,-0.062,0.048,-0.04,-0.009,0.027,
0.0,-0.079,0.076,0.007,0.014,-0.024,-0.022,-0.042,0.033,0.016,
0.0,0.042,0.15,0.073,-0.039,0.02,0.108,0.0,0.036,-0.018,
0.0,-0.031,-0.046,0.01,0.016,0.035,-0.031,-0.079,-0.07,0.059,
0.0,0.009,-0.025,-0.072,0.089,0.116,-0.037,-0.038,0.043,0.023,
0.0,-0.024,0.003,-0.032,-0.035,-0.009,-0.057,-0.034,-0.023,-0.012,
0.0,-0.047,-0.041,0.055,0.058,0.04,0.048,-0.039,-0.094,-0.083,
0.0,-0.11,0.078,0.051,-0.072,-0.081,0.013,0.072,-0.043,0.0,
0.0,-0.103,-0.047,0.089,-0.026,0.042,-0.047,-0.067,0.015,-0.064,
0.0,0.02,-0.056,-0.078,0.013,-0.05,-0.088,0.018,0.032,-0.033,
0.0,-0.067,0.017,-0.013,0.013,0.035,-0.066,-0.085,-0.008,-0.052,
0.0,0.131,0.088,0.081,0.015,0.015,0.003,0.0,0.003,0.0,
0.0,-0.065,-0.043,-0.038,-0.013,0.044,0.024,-0.016,-0.052,-0.089,
0.0,0.037,0.002,0.03,-0.033,0.055,-0.049,0.024,0.053,-0.012,
0.0,-0.066,-0.006,-0.027,-0.035,0.018,0.009,-0.003,0.0,-0.038,
0.0,0.045,0.024,0.021,0.021,0.021,0.021,0.021,0.021,0.021,
0.0,-0.091,-0.041,-0.031,0.04,0.075,0.046,-0.008,-0.022,-0.056,
0.0,-0.091,-0.058,0.006,-0.03,0.003,0.006,0.006,0.006,0.006,
0.0,-0.012,0.019,-0.043,-0.061,0.127,-0.101,-0.146,-0.028,0.007,
0.0,-0.034,0.055,-0.062,0.03,0.062,0.054,-0.05,-0.023,-0.092,
0.0,-0.123,-0.098,-0.059,-0.073,-0.07,-0.012,-0.06,-0.009,0.0,
0.0,-0.012,-0.139,-0.104,-0.112,-0.019,0.019,0.093,0.096,0.11,
0.0,0.038,-0.063,-0.017,-0.151,-0.032,-0.035,-0.012,0.003,0.006,
0.0,0.005,-0.012,0.063,-0.002,0.049,-0.006,-0.022,0.015,0.052,
0.0,-0.112,-0.054,0.046,0.081,0.0,-0.069,-0.034,-0.033,-0.058,
0.0,-0.003,0.0,0.0,0.0,0.0,0.0,0.0,0.0,0.0,
0.0,0.017,-0.074,0.061,-0.1,0.023,0.043,-0.047,-0.026,0.094,
0.0,-0.131,-0.112,-0.158,-0.023,0.0,-0.016,0.068,0.07,-0.041,
0.0,0.019,-0.079,0.037,-0.042,0.019,-0.088,-0.069,-0.026,-0.05,
0.0,-0.089,0.133,-0.05,-0.014,0.035,-0.015,-0.026,-0.007,-0.061,
0.0,0.0,-0.071,-0.14,-0.074,-0.166,0.01,-0.027,0.01,-0.029,
0.0,0.014,0.01,-0.096,-0.141,0.008,-0.103,0.005,-0.043,-0.113,
0.0,0.048,0.009,0.003,0.003,0.003,0.003,0.003,0.003,0.003,
0.0,-0.029,-0.069,-0.022,0.072,0.0,-0.062,-0.083,-0.072,-0.017,
0.0,0.046,-0.038,-0.079,-0.035,-0.018,-0.038,-0.027,-0.009,-0.018,
0.0,0.056,0.015,0.003,0.003,0.003,0.003,0.003,0.003,0.003,
0.0,0.03,-0.116,0.0,0.015,0.088,-0.005,0.067,0.027,-0.017,
0.0,-0.002,0.098,0.056,0.024,0.007,0.126,0.041,0.022,-0.004,
0.0,-0.101,0.038,-0.053,0.008,0.094,-0.053,-0.055,0.043,-0.047,
0.0,-0.104,-0.048,0.006,0.012,0.012,0.012,0.012,0.012,0.012,
0.0,0.033,0.033,-0.056,0.002,-0.082,-0.055,0.105,-0.02,0.032,
0.0,-0.008,0.043,0.084,-0.021,0.025,-0.017,0.072,0.031,0.034,
0.0,0.127,-0.068,-0.029,0.053,0.045,0.004,0.007,0.019,-0.084,
0.0,0.067,0.039,-0.026,-0.041,0.031,0.046,0.003,0.112,0.043,
0.0,-0.043,-0.059,-0.006,-0.009,-0.003,-0.006,0.003,0.003,0.003,
0.0,-0.042,-0.058,-0.095,-0.095,-0.057,0.017,0.012,0.035,-0.072,
0.0,-0.046,-0.006,0.0,0.003,0.006,0.003,0.006,0.003,0.006,
0.0,-0.055,-0.117,-0.092,0.066,0.112,0.115,0.0,-0.081,0.086,
0.0,-0.072,-0.032,-0.099,-0.095,-0.07,-0.023,0.0,-0.022,-0.003,
0.0,0.0,-0.09,-0.037,-0.087,-0.121,-0.096,-0.119,0.008,-0.006,
0.0,0.024,0.099,0.053,0.085,-0.016,-0.156,-0.101,-0.083,-0.06,
0.0,-0.064,-0.062,-0.031,-0.093,-0.041,-0.066,-0.024,-0.009,-0.027,
0.0,0.041,0.124,-0.054,0.0,0.094,0.072,-0.159,-0.133,-0.068,
0.0,0.019,0.013,0.068,0.038,0.007,0.048,0.026,0.038,0.028,
0.0,-0.117,0.046,0.055,0.077,-0.032,0.008,-0.072,-0.015,0.061,
0.0,-0.158,-0.161,-0.009,-0.017,0.144,0.106,0.043,0.029,0.027,
0.0,-0.068,-0.127,-0.075,-0.111,-0.059,0.077,-0.07,-0.056,-0.005,
0.0,-0.002,0.086,-0.17,-0.117,-0.059,0.056,-0.098,-0.122,-0.113,
0.0,0.079,0.084,0.081,0.134,0.127,-0.075,-0.02,-0.066,-0.1,
0.0,-0.087,-0.09,-0.07,-0.056,-0.116,-0.1,-0.117,-0.078,-0.049,
0.0,-0.036,0.133,0.051,0.091,0.142,0.062,0.089,0.101,0.06,
0.0,-0.028,-0.007,-0.004,-0.002,0.02,0.005,0.0,0.065,0.059,
0.0,0.089,-0.011,0.014,0.016,0.057,-0.044,-0.031,-0.007,0.005,
0.0,-0.087,-0.06,-0.047,-0.145,-0.155,-0.021,-0.022,-0.022,0.055,
0.0,0.033,-0.021,-0.059,-0.016,-0.008,-0.067,-0.051,-0.071,0.021,
0.0,0.027,-0.036,-0.081,-0.054,-0.151,0.025,0.053,-0.032,-0.075,
0.0,-0.087,-0.022,-0.099,-0.078,-0.088,-0.087,-0.099,-0.013,0.045,
0.0,-0.108,-0.059,-0.116,-0.128,-0.027,-0.003,0.0,0.0,0.0,
0.0,-0.119,-0.027,-0.108,-0.113,-0.014,0.142,0.016,-0.026,-0.063,
0.0,0.04,0.052,0.047,0.056,0.0,0.032,0.018,-0.043,-0.042,
0.0,-0.049,-0.028,-0.094,-0.093,0.08,0.004,0.078,-0.117,0.056,
0.0,-0.08,0.007,0.034,0.015,-0.024,-0.067,-0.049,-0.06,-0.012,
0.0,0.1,-0.027,0.049,0.013,0.04,-0.041,-0.037,0.055,-0.028,
0.0,-0.002,0.057,0.052,-0.043,-0.061,-0.08,-0.01,0.027,0.005,
0.0,0.002,-0.092,0.057,0.03,0.078,0.063,0.047,0.019,0.063,
0.0,-0.106,0.037,-0.01,-0.102,-0.01,-0.021,-0.059,-0.12,-0.152,
0.0,-0.014,-0.003,-0.024,0.0,0.0,0.0,0.0,0.0,0.0,
0.0,-0.076,0.0,-0.03,0.046,0.012,-0.055,-0.019,-0.002,0.021,
0.0,-0.054,-0.072,-0.007,0.053,-0.076,0.02,-0.072,0.003,-0.064,
0.0,-0.015,0.148,0.114,0.123,0.037,0.047,0.038,0.113,0.096,
0.0,-0.017,-0.082,-0.022,-0.095,-0.035,-0.018,0.0,-0.003,0.0,
0.0,-0.041,0.075,0.038,0.08,0.106,0.047,0.076,0.046,0.103,
0.0,0.111,0.069,0.084,-0.065,-0.107,0.056,-0.01,-0.111,0.008,
0.0,-0.029,-0.022,-0.057,-0.017,0.013,0.018,-0.031,0.045,-0.029,
0.0,0.038,-0.111,0.022,0.04,-0.113,-0.05,0.026,0.028,-0.005,
0.0,-0.091,0.013,-0.054,-0.109,-0.051,0.03,0.014,-0.106,-0.068,
0.0,-0.037,0.127,0.04,0.035,0.128,0.119,0.082,0.024,0.128,
0.0,-0.091,-0.02,0.017,-0.002,-0.046,-0.115,-0.098,-0.03,0.075,
0.0,-0.009,0.028,-0.018,0.042,-0.099,-0.058,-0.037,0.009,0.018,
0.0,-0.035,0.06,0.066,0.023,0.006,0.024,0.003,0.003,0.003,
0.0,-0.047,0.029,0.032,-0.018,-0.026,-0.069,0.016,0.019,0.016,
0.0,-0.254,-0.106,-0.061,-0.159,-0.094,-0.021,-0.074,-0.139,0.015,
0.0,-0.022,-0.116,-0.058,-0.168,-0.094,-0.088,-0.021,-0.018,-0.012,
0.0,0.046,-0.005,-0.06,0.014,0.066,0.049,-0.053,-0.027,0.05,
0.0,0.027,-0.077,-0.121,-0.159,-0.049,0.044,-0.013,0.005,0.013,
0.0,-0.008,0.076,0.013,-0.044,-0.013,-0.005,-0.045,0.093,0.065,
0.0,0.046,-0.141,-0.008,0.013,-0.142,-0.07,-0.063,-0.102,-0.054,
0.0,0.05,0.039,0.039,0.036,0.036,0.036,0.036,0.036,0.036,
0.0,-0.027,-0.021,0.035,-0.014,-0.012,-0.087,-0.012,0.002,0.05,
0.0,-0.033,-0.006,0.003,0.006,0.006,0.006,0.006,0.006,0.006,
0.0,-0.027,-0.005,0.084,0.017,-0.065,0.024,-0.103,-0.017,-0.085,
0.0,0.009,0.029,0.026,-0.054,-0.042,-0.092,-0.046,0.0,0.027,
0.0,-0.032,0.029,0.012,-0.066,-0.002,0.024,0.08,0.026,0.023,
0.0,0.021,-0.012,0.022,-0.158,-0.055,-0.01,-0.058,-0.003,0.013,
0.0,-0.078,-0.133,0.079,0.04,-0.054,0.025,-0.027,0.082,-0.005,
0.0,0.056,-0.086,0.05,-0.083,-0.027,0.013,0.015,-0.016,-0.048,
0.0,0.094,0.045,0.009,0.058,0.027,-0.076,-0.143,-0.005,0.036,
0.0,0.053,0.124,-0.009,0.041,-0.009,0.116,0.044,-0.113,0.103,
0.0,0.01,-0.093,-0.002,-0.023,-0.036,-0.032,0.013,-0.059,-0.109,
0.0,-0.026,-0.043,-0.004,-0.057,-0.02,0.035,-0.022,-0.065,-0.081,
0.0,0.094,-0.074,0.011,-0.056,0.033,0.005,-0.059,0.0,0.01,
0.0,-0.042,0.009,0.016,-0.065,-0.02,-0.059,-0.041,-0.021,-0.041,
0.0,-0.035,0.089,0.017,0.086,0.024,-0.034,-0.051,0.081,-0.041,
0.0,-0.087,0.049,-0.031,0.0,-0.076,-0.056,0.026,0.0,-0.021,
0.0,-0.017,-0.046,-0.087,0.068,0.032,0.086,0.022,-0.069,-0.059,
0.0,-0.083,0.0,0.075,-0.113,-0.057,-0.011,-0.111,-0.086,-0.116,
0.0,0.0,-0.038,-0.004,0.057,-0.054,0.032,-0.065,0.068,-0.062,
0.0,-0.009,-0.046,0.0,-0.136,-0.054,-0.035,-0.048,0.035,0.071,
0.0,-0.017,0.054,-0.016,-0.058,0.002,0.046,-0.087,0.0,-0.032,
0.0,-0.055,0.046,-0.014,0.008,0.144,0.172,0.014,0.056,0.03,
0.0,-0.07,0.039,-0.017,-0.061,-0.016,-0.047,-0.023,0.018,0.056,
0.0,0.084,0.069,0.061,0.062,0.062,0.062,0.062,0.062,0.062,
0.0,0.047,-0.002,0.009,-0.014,0.018,0.0,-0.007,-0.026,0.039,
0.0,0.024,-0.032,0.042,-0.042,0.037,0.004,-0.03,0.096,0.022,
0.0,0.02,0.089,0.064,0.015,-0.063,0.045,-0.016,0.047,-0.019,
0.0,-0.061,-0.173,-0.101,-0.037,-0.05,0.031,-0.058,-0.027,-0.096,
0.0,-0.019,0.053,-0.116,-0.031,0.048,-0.08,-0.088,-0.024,-0.037,
0.0,-0.026,0.066,-0.022,0.004,-0.054,-0.06,-0.047,-0.027,-0.026,
0.0,-0.075,0.006,0.029,0.012,0.027,0.024,0.044,0.03,0.015,
0.0,0.007,-0.003,0.0,0.0,0.0,0.0,0.0,0.0,0.0,
0.0,0.203,0.003,-0.003,0.009,0.018,0.009,0.006,0.003,0.003,
0.0,-0.07,-0.051,0.053,0.087,-0.03,0.007,0.005,0.098,0.021,
0.0,0.077,-0.041,-0.035,-0.021,0.01,-0.025,-0.145,-0.083,0.022,
0.0,0.036,0.032,0.161,0.046,-0.009,0.045,0.04,-0.056,0.048,
0.0,-0.047,-0.006,0.009,0.099,0.015,0.009,0.021,0.009,0.003,
0.0,0.025,-0.025,-0.072,-0.045,0.064,-0.033,-0.008,-0.023,-0.01,
0.0,-0.045,0.039,-0.062,0.045,0.033,0.028,-0.032,-0.027,0.029,
0.0,0.104,-0.083,-0.072,0.023,0.061,0.041,0.076,0.07,-0.018,
0.0,-0.013,-0.076,0.079,-0.026,-0.014,0.05,-0.018,-0.096,-0.045,
0.0,-0.008,0.05,-0.011,-0.017,0.013,0.032,-0.055,0.033,-0.052,
0.0,-0.04,-0.122,0.003,-0.046,-0.04,-0.14,-0.059,-0.063,-0.055,
0.0,-0.082,-0.035,0.026,-0.064,-0.025,-0.03,-0.044,-0.055,-0.057,
0.0,-0.09,-0.039,0.007,-0.037,-0.113,0.101,-0.069,-0.069,-0.048,
0.0,0.052,0.06,0.075,0.085,0.032,0.006,-0.003,-0.048,0.043,
0.0,-0.081,-0.061,-0.021,0.002,-0.086,0.078,0.132,0.054,0.008,
0.0,-0.008,0.042,0.064,0.012,0.006,0.006,0.006,0.006,0.006,
0.0,-0.061,-0.037,0.012,0.024,0.027,0.027,0.027,0.027,0.027,
0.0,0.044,0.008,-0.013,0.013,0.064,0.061,0.104,0.04,-0.008,
0.0,-0.037,-0.009,0.043,-0.047,-0.071,0.075,0.167,-0.019,-0.075,
0.0,0.005,0.005,-0.058,-0.137,-0.098,-0.035,-0.049,-0.038,-0.006,
0.0,0.051,-0.083,0.036,0.076,0.09,-0.065,0.038,0.008,-0.14,
0.0,-0.016,0.077,0.041,0.051,-0.083,0.018,-0.027,-0.035,-0.078,
0.0,0.029,-0.041,-0.046,0.0,-0.087,-0.017,-0.09,-0.054,-0.093,
0.0,-0.048,-0.045,0.06,-0.065,-0.019,0.068,-0.116,-0.116,-0.099,
0.0,0.038,0.06,-0.054,-0.027,-0.043,0.027,-0.008,0.017,-0.06,
0.0,-0.023,-0.036,0.048,0.041,-0.059,0.085,0.073,-0.003,0.008,
0.0,0.073,0.029,0.052,0.012,0.003,0.038,0.015,0.006,0.006,
0.0,0.065,0.011,0.07,0.039,0.007,-0.009,0.058,0.023,-0.117,
0.0,-0.079,-0.12,-0.022,-0.036,-0.051,0.007,-0.075,0.015,-0.043,
0.0,0.122,-0.054,-0.056,-0.081,0.061,0.068,0.086,0.096,0.046,
0.0,0.368,0.208,0.248,0.101,0.099,0.099,0.099,0.099,0.099,
0.0,0.018,0.19,0.121,0.115,0.1,0.02,0.005,0.049,0.046,
0.0,0.178,-0.009,0.113,0.12,-0.061,-0.155,-0.254,-0.175,-0.223,
0.0,-0.106,-0.128,-0.062,0.026,-0.112,-0.086,-0.009,-0.075,-0.073,
0.0,-0.016,0.029,0.03,0.018,0.015,0.015,0.015,0.015,0.015,
0.0,0.023,0.016,-0.047,-0.091,-0.039,-0.075,0.005,0.048,-0.094,
0.0,-0.055,0.018,-0.05,0.026,-0.012,-0.068,0.015,-0.025,-0.052,
0.0,-0.026,0.061,0.052,0.055,0.012,0.027,0.035,0.012,0.006,
0.0,0.04,0.115,-0.028,-0.031,0.0,0.012,0.047,0.123,0.064,
0.0,-0.086,-0.058,0.038,0.082,0.186,-0.003,-0.078,-0.148,-0.167,
0.0,0.02,-0.051,-0.011,-0.003,-0.015,0.003,-0.006,0.006,0.015,
0.0,0.024,0.01,-0.034,0.036,0.085,0.097,0.122,0.1,-0.029,
0.0,0.192,-0.032,0.021,0.009,-0.025,-0.111,0.062,0.021,-0.002,
0.0,0.053,0.024,-0.027,0.007,0.013,0.037,0.002,-0.107,-0.088,
0.0,0.044,-0.027,0.178,-0.072,0.002,-0.035,0.105,-0.05,0.02,
0.0,-0.034,-0.031,-0.067,0.02,-0.015,0.027,0.012,-0.097,-0.051,
0.0,-0.015,0.06,0.03,-0.003,0.108,0.052,0.025,-0.066,0.02,
0.0,0.121,0.018,0.003,0.003,0.003,0.003,0.003,0.003,0.003,
0.0,0.016,-0.021,-0.068,0.006,0.049,0.057,-0.03,0.022,-0.057,
0.0,-0.069,-0.038,-0.016,-0.042,-0.017,0.012,0.023,0.0,0.003,
0.0,0.085,0.039,-0.073,-0.008,0.082,0.056,0.043,0.017,0.029,
0.0,-0.007,-0.109,0.036,-0.034,-0.012,0.066,-0.013,-0.043,0.045,
0.0,-0.026,0.038,0.071,0.132,0.002,0.072,0.036,-0.065,-0.012,
0.0,-0.035,0.026,-0.045,0.018,-0.04,0.008,-0.075,0.044,-0.005,
0.0,-0.054,0.03,0.035,-0.049,-0.076,-0.104,-0.027,-0.061,-0.059,
0.0,-0.069,0.046,-0.011,0.055,0.0,0.026,0.018,0.018,0.009,
0.0,0.112,0.058,0.058,0.058,0.058,0.058,0.058,0.058,0.058,
0.0,0.028,-0.049,0.11,-0.012,-0.046,0.022,0.057,0.011,-0.053,
0.0,-0.079,-0.008,-0.158,-0.176,-0.133,-0.181,-0.108,-0.035,-0.068,
0.0,-0.024,-0.021,0.13,0.099,0.13,0.053,-0.026,0.045,0.042,
0.0,0.017,-0.089,0.051,0.002,-0.125,-0.066,0.019,-0.043,-0.201,
0.0,0.045,-0.077,0.046,-0.116,0.028,0.114,0.002,-0.056,-0.081,
0.0,0.004,0.004,0.0,-0.071,-0.025,-0.014,0.002,0.019,-0.03,
0.0,-0.011,0.026,-0.023,0.044,0.033,0.027,0.021,0.041,0.027,
0.0,-0.16,0.0,-0.084,-0.05,-0.059,-0.019,-0.064,0.01,0.118,
0.0,-0.056,0.002,-0.09,0.014,0.032,0.019,0.038,0.051,0.09,
0.0,0.035,-0.087,-0.088,-0.126,0.008,-0.053,0.0,-0.125,0.064,
0.0,0.033,-0.017,-0.013,-0.024,-0.083,-0.035,-0.057,0.006,0.0,
0.0,-0.051,-0.059,0.002,-0.01,0.072,0.07,-0.071,-0.013,-0.016,
0.0,-0.1,-0.061,-0.011,0.081,0.057,0.029,-0.027,-0.097,-0.043,
0.0,-0.033,0.06,0.002,0.066,-0.015,0.058,0.032,-0.048,-0.071,
0.0,0.016,-0.006,-0.083,-0.021,0.014,-0.023,0.143,0.092,0.016,
0.0,0.02,0.041,0.02,-0.016,-0.039,0.005,0.022,-0.029,0.01,
0.0,0.04,0.096,-0.002,-0.091,-0.034,-0.048,-0.096,-0.073,-0.022,
0.0,0.034,0.018,0.095,-0.006,-0.017,0.033,0.068,0.022,-0.05,
0.0,0.07,-0.188,-0.087,-0.007,0.008,-0.003,0.053,0.018,0.008,
0.0,0.176,-0.036,-0.073,-0.03,0.005,-0.054,0.02,-0.114,-0.027,
0.0,-0.15,-0.07,-0.043,-0.06,-0.139,-0.049,0.071,0.06,0.0,
0.0,0.011,-0.018,-0.016,0.163,-0.026,-0.244,-0.139,-0.12,-0.078,
0.0,-0.202,-0.054,-0.078,-0.062,-0.195,-0.086,-0.078,-0.113,-0.043,
0.0,-0.008,0.021,0.028,0.028,0.028,0.028,0.028,0.028,0.028,
0.0,-0.025,-0.038,-0.097,-0.03,-0.018,-0.045,-0.089,-0.046,-0.088,
0.0,-0.016,-0.103,0.028,-0.027,-0.153,0.065,0.108,0.1,0.134,
0.0,-0.022,-0.055,-0.016,-0.047,-0.042,0.04,0.014,0.087,0.088,
0.0,0.033,0.037,-0.108,-0.056,0.023,0.026,0.006,0.006,0.009,
0.0,-0.029,0.142,0.06,0.012,0.006,0.006,0.006,0.006,0.006,
0.0,-0.062,-0.023,0.065,-0.065,0.044,0.042,0.026,0.038,-0.086,
0.0,0.023,-0.034,-0.098,0.17,0.073,-0.014,-0.022,-0.012,0.018,
0.0,-0.041,-0.04,-0.063,0.028,-0.015,-0.053,-0.035,-0.047,0.058,
0.0,-0.187,-0.129,0.055,-0.002,0.01,0.013,-0.038,-0.105,-0.135,
0.0,0.031,0.019,-0.128,-0.025,0.11,0.047,0.01,0.084,0.068,
0.0,0.004,-0.071,-0.005,0.03,-0.054,-0.029,-0.099,-0.051,-0.013,
0.0,0.035,-0.015,-0.015,-0.006,0.006,0.006,0.006,0.006,0.006,
0.0,0.042,0.0,0.085,0.021,0.044,0.015,0.015,0.012,0.012,
0.0,-0.013,0.006,-0.012,0.027,0.112,-0.041,0.092,0.005,0.059,
0.0,0.063,0.034,0.034,0.034,0.034,0.034,0.034,0.034,0.034,
0.0,0.044,-0.012,0.038,0.037,0.006,0.009,0.012,0.006,0.009,
0.0,0.0,-0.024,-0.003,-0.015,-0.003,-0.015,-0.003,-0.015,-0.003,
0.0,-0.03,-0.061,-0.017,0.012,-0.1,0.037,0.024,0.024,0.003,
0.0,0.069,0.005,-0.062,0.038,-0.023,0.005,0.042,0.003,-0.08,
0.0,-0.037,-0.062,0.037,0.032,0.0,-0.019,-0.089,-0.052,0.033,
0.0,0.016,0.012,0.009,0.006,0.006,0.006,0.006,0.006,0.006,
0.0,0.071,-0.02,0.0,0.035,-0.022,0.029,0.005,0.048,0.011,
0.0,0.086,0.016,-0.02,-0.005,-0.075,0.013,0.003,-0.014,0.009,
0.0,0.096,-0.045,0.034,-0.03,0.01,0.141,0.018,-0.026,-0.239,
0.0,-0.002,-0.004,0.008,-0.026,0.038,-0.024,-0.047,-0.014,-0.07,
0.0,-0.11,0.041,-0.106,-0.116,-0.101,-0.009,0.0,0.0,0.0,
0.0,-0.017,-0.047,0.045,0.096,0.068,-0.009,-0.011,0.108,-0.075,
0.0,-0.021,0.005,-0.091,-0.069,0.043,0.037,-0.056,-0.092,-0.023,
0.0,0.004,-0.094,-0.048,0.029,-0.045,-0.021,-0.009,-0.047,0.116,
0.0,-0.021,-0.016,0.036,-0.049,0.031,-0.088,0.012,0.043,-0.052,
0.0,0.025,0.047,0.103,0.108,0.146,0.075,0.042,0.009,0.015,
0.0,-0.114,0.056,-0.09,-0.014,-0.006,0.0,-0.009,0.027,0.012,
0.0,0.011,0.062,0.035,-0.094,0.028,0.009,0.046,0.038,-0.092,
0.0,-0.107,0.066,-0.066,0.132,0.073,-0.052,-0.101,-0.071,0.012,
0.0,0.036,0.056,-0.032,0.139,-0.042,0.009,-0.108,-0.013,0.041,
0.0,-0.055,-0.03,-0.018,0.077,0.034,0.038,0.038,-0.102,-0.095,
0.0,-0.022,0.029,0.006,0.009,-0.015,-0.018,-0.05,-0.021,-0.018,
0.0,0.091,-0.082,0.008,0.031,-0.034,0.044,-0.019,0.047,-0.079,
0.0,-0.012,0.051,0.036,0.003,0.003,0.003,0.003,0.003,0.003,
0.0,-0.051,-0.021,-0.04,0.034,-0.046,0.06,-0.039,-0.006,0.0,
0.0,-0.058,-0.046,0.065,0.058,0.075,0.153,-0.041,0.002,-0.029,
0.0,-0.119,0.032,0.062,-0.047,-0.014,-0.005,0.018,-0.101,-0.033,
0.0,-0.032,-0.041,-0.098,-0.023,-0.065,0.017,0.052,-0.029,0.01,
0.0,0.076,-0.058,0.008,-0.08,0.01,-0.019,0.068,-0.062,-0.03,
0.0,-0.024,-0.038,0.034,-0.041,0.005,-0.047,-0.012,-0.053,0.005,
0.0,0.067,-0.128,0.017,0.0,0.033,0.049,-0.055,-0.039,-0.005,
0.0,-0.024,0.106,-0.074,-0.014,-0.133,0.025,0.04,0.032,0.03,
0.0,0.033,-0.029,0.06,0.052,-0.054,-0.013,-0.112,-0.057,0.014,
0.0,-0.051,-0.124,-0.139,0.028,0.036,0.052,-0.06,-0.026,-0.049,
0.0,-0.051,-0.02,0.085,0.021,0.077,-0.053,0.016,0.015,0.015,
0.0,0.054,0.113,0.058,0.085,-0.091,-0.097,-0.069,0.012,0.012,
0.0,-0.066,-0.014,0.0,0.003,-0.006,-0.003,-0.003,-0.003,-0.003,
0.0,0.012,-0.024,-0.075,-0.088,-0.069,-0.072,-0.106,-0.094,0.003,
0.0,-0.046,-0.064,0.003,0.045,-0.008,-0.066,0.053,0.0,-0.015,
0.0,-0.01,0.007,-0.01,0.078,-0.057,-0.097,0.022,0.017,0.015,
0.0,-0.086,-0.096,0.009,-0.05,-0.084,0.01,0.136,0.01,-0.109,
0.0,-0.166,-0.059,-0.021,-0.006,-0.077,-0.09,-0.015,-0.015,-0.015,
0.0,0.037,-0.059,-0.071,-0.033,-0.017,0.023,-0.019,0.032,0.042,
0.0,0.035,-0.016,0.041,0.03,0.003,0.028,0.04,0.063,-0.009,
0.0,-0.013,0.032,0.067,0.061,0.033,0.021,0.009,0.009,0.006,
0.0,0.002,0.045,-0.112,0.033,-0.085,-0.05,-0.011,0.182,0.0,
0.0,-0.059,-0.014,0.039,-0.042,-0.04,-0.05,-0.006,-0.027,-0.008,
0.0,0.085,-0.062,-0.141,-0.079,-0.098,0.058,0.02,-0.018,-0.005,
0.0,0.127,0.084,0.042,0.059,0.034,0.034,0.034,0.034,0.034,
0.0,0.111,-0.063,0.027,0.034,0.039,-0.12,0.048,-0.062,-0.123,
0.0,-0.136,0.022,0.022,-0.035,-0.031,0.017,-0.037,-0.058,-0.07,
0.0,0.034,-0.03,0.042,0.003,-0.072,-0.021,0.038,-0.078,-0.054,
0.0,-0.054,-0.037,-0.156,-0.073,-0.108,-0.068,0.005,0.035,0.003,
0.0,0.0,-0.085,0.053,-0.044,0.039,0.03,0.052,0.051,-0.016,
0.0,0.005,0.071,0.0,-0.004,-0.035,0.053,0.017,-0.032,-0.032,
0.0,-0.137,-0.037,0.052,-0.078,0.006,-0.009,0.009,0.0,-0.003,
0.0,-0.053,0.024,0.046,0.099,-0.043,-0.075,-0.021,0.0,0.0,
0.0,-0.031,-0.038,-0.052,0.003,0.0,-0.008,0.094,0.003,-0.069,
0.0,-0.062,-0.006,-0.003,0.0,0.0,0.0,0.0,0.0,0.0,
0.0,-0.096,0.116,-0.018,-0.043,0.145,0.112,0.07,-0.003,0.026,
0.0,0.046,-0.045,-0.179,-0.079,0.024,-0.036,-0.03,-0.132,-0.032,
0.0,0.047,0.003,0.003,0.003,0.003,0.003,0.003,0.003,0.003,
0.0,-0.027,-0.038,-0.052,-0.015,0.0,-0.064,-0.009,-0.033,-0.003,
0.0,0.007,-0.134,0.041,0.089,-0.051,0.097,-0.035,0.08,-0.05,
0.0,0.069,0.037,0.037,0.037,0.037,0.037,0.037,0.037,0.037,
0.0,-0.111,-0.011,-0.077,-0.102,-0.133,-0.025,0.134,-0.005,0.01,
0.0,0.086,0.061,0.015,-0.003,0.0,0.0,0.0,0.0,0.0,
0.0,0.077,0.055,-0.016,-0.017,-0.052,0.059,-0.019,-0.058,-0.037,
0.0,-0.039,-0.085,0.043,0.047,-0.043,0.077,0.025,-0.002,-0.005,
0.0,-0.047,-0.006,0.0,0.0,0.0,0.0,0.0,0.0,0.0,
0.0,-0.051,0.028,0.003,-0.018,0.003,0.0,0.0,0.0,0.0,
0.0,-0.022,0.018,0.012,0.019,0.003,0.003,0.003,0.003,0.003,
0.0,0.007,-0.018,-0.084,0.057,0.052,0.064,-0.017,-0.048,0.006,
0.0,0.049,0.009,0.009,0.003,0.003,0.003,0.003,0.003,0.003,
0.0,-0.049,-0.003,-0.115,-0.006,0.0,0.0,0.0,0.0,0.0,
0.0,0.062,0.017,-0.007,-0.046,0.021,0.019,0.066,0.047,0.008,
0.0,0.05,-0.041,-0.063,-0.034,0.027,-0.006,-0.017,-0.041,-0.058,
0.0,-0.044,-0.024,0.002,0.094,-0.005,-0.007,0.093,-0.08,-0.063,
0.0,-0.035,-0.055,0.064,0.104,-0.026,0.038,0.084,0.0,-0.049,
0.0,-0.068,-0.137,-0.021,-0.015,0.064,0.051,0.01,0.037,0.02,
0.0,-0.095,0.094,0.064,-0.092,0.13,0.061,0.018,-0.126,-0.012,
0.0,0.023,0.034,0.069,-0.015,-0.147,-0.026,-0.117,0.002,-0.065,
0.0,-0.058,-0.069,0.089,0.014,0.006,0.031,0.072,0.027,0.039,
0.0,-0.117,0.064,-0.08,0.007,0.005,0.078,0.023,-0.056,0.002,
0.0,0.01,-0.036,-0.034,-0.046,-0.026,0.009,-0.027,-0.052,-0.097,
0.0,0.033,0.016,0.016,0.016,0.016,0.016,0.016,0.016,0.016,
0.0,-0.038,-0.035,0.004,-0.109,0.002,0.061,-0.029,-0.088,0.012,
0.0,0.084,0.132,0.134,0.072,0.08,0.045,0.03,0.009,0.003,
0.0,0.095,0.028,0.022,0.022,0.022,0.022,0.022,0.022,0.022,
0.0,-0.062,-0.029,0.035,-0.038,-0.033,-0.017,-0.035,0.03,0.012,
0.0,0.098,0.016,0.016,0.016,0.016,0.016,0.016,0.016,0.016,
0.0,0.044,0.023,0.032,-0.005,-0.02,-0.023,-0.052,-0.049,0.002,
0.0,-0.048,0.045,-0.082,0.031,0.135,-0.082,-0.016,0.005,-0.13,
0.0,-0.03,0.054,0.043,-0.05,0.046,0.036,0.034,-0.027,-0.083,
0.0,0.015,0.016,0.03,-0.029,0.0,0.015,-0.005,-0.072,-0.02,
0.0,-0.097,0.002,0.047,0.089,0.005,0.114,0.01,-0.107,-0.115,
0.0,-0.045,-0.131,0.0,0.021,-0.026,-0.039,-0.086,-0.069,0.01,
0.0,-0.065,0.027,0.05,0.018,0.058,0.003,0.0,0.0,0.0,
0.0,-0.19,-0.063,0.047,0.034,0.029,-0.046,-0.024,-0.073,-0.026,
0.0,0.054,0.023,-0.082,-0.076,-0.057,0.05,-0.023,-0.046,-0.018,
0.0,-0.069,-0.27,-0.218,0.125,0.11,0.019,-0.042,-0.072,-0.104,
0.0,0.012,-0.034,-0.117,-0.031,0.058,-0.011,0.022,0.02,-0.022,
0.0,0.075,0.073,0.048,0.049,0.015,-0.002,-0.04,-0.147,0.019,
0.0,0.018,0.009,0.009,0.009,0.009,0.009,0.009,0.009,0.009,
0.0,-0.056,-0.046,-0.065,0.088,-0.089,0.072,0.049,-0.015,-0.088,
0.0,0.015,-0.042,-0.031,0.047,0.034,0.085,0.011,0.067,0.046,
0.0,0.086,0.069,-0.079,-0.009,-0.033,-0.033,0.018,-0.019,-0.027,
0.0,0.043,-0.004,-0.052,-0.082,0.08,-0.07,-0.009,0.057,0.015,
0.0,0.015,-0.046,0.017,0.075,0.011,-0.031,-0.005,-0.022,-0.004,
0.0,-0.017,-0.062,-0.035,-0.053,-0.141,0.0,-0.027,0.068,0.04,
0.0,0.026,-0.12,-0.024,0.034,0.063,0.007,0.097,0.031,-0.025,
0.0,-0.056,-0.045,0.005,-0.054,-0.027,0.064,0.032,0.012,0.035,
0.0,0.128,-0.1,-0.02,0.002,0.124,0.017,-0.056,0.069,0.089,
0.0,-0.015,0.034,0.009,0.061,-0.051,-0.033,-0.018,0.0,0.003,
0.0,0.0,0.0,0.003,0.003,0.003,0.003,0.003,0.003,0.003,
0.0,0.046,0.073,0.113,-0.005,-0.05,-0.015,-0.094,-0.023,-0.1,
0.0,-0.069,-0.058,0.025,-0.062,-0.013,0.007,0.0,-0.019,-0.067,
0.0,0.027,-0.087,0.058,0.097,0.004,0.017,-0.039,-0.075,-0.097,
0.0,-0.052,-0.045,-0.031,-0.127,-0.078,0.03,0.042,0.038,0.069,
0.0,-0.029,-0.106,-0.06,0.009,0.027,0.024,0.03,0.003,0.003,
0.0,-0.183,-0.05,-0.012,-0.036,-0.024,0.0,0.003,0.003,0.003,
0.0,-0.112,-0.152,-0.088,-0.111,-0.053,-0.006,0.0,0.0,0.0,
0.0,-0.065,-0.002,0.063,0.06,0.097,0.055,-0.041,0.005,0.051,
0.0,0.075,0.102,0.106,0.126,-0.011,0.036,-0.003,-0.003,0.005,
0.0,-0.084,0.032,0.0,-0.056,0.04,-0.008,-0.006,-0.006,0.029,
0.0,0.044,0.046,0.015,0.019,0.019,0.019,0.019,0.019,0.019,
0.0,-0.048,-0.046,0.024,-0.039,0.0,0.024,0.006,0.006,0.003,
0.0,-0.089,-0.129,-0.003,0.036,0.0,0.027,0.018,0.095,0.039,
0.0,-0.035,-0.031,0.06,0.091,0.003,-0.005,-0.051,-0.051,0.003,
0.0,0.135,0.136,0.067,-0.071,0.054,-0.075,-0.094,-0.114,0.015,
0.0,-0.032,-0.018,-0.005,-0.075,-0.003,0.07,0.056,0.061,0.03,
0.0,0.019,-0.029,0.066,-0.022,0.002,0.01,-0.016,-0.036,0.003,
0.0,-0.04,0.019,0.047,-0.05,0.026,-0.047,0.043,-0.011,-0.039,
0.0,0.024,0.083,-0.078,0.017,0.002,0.046,-0.005,0.142,0.058,
0.0,0.052,0.067,0.039,0.022,0.022,0.022,0.022,0.022,0.022,
0.0,-0.104,0.031,0.025,0.022,0.022,0.022,0.022,0.022,0.022,
0.0,0.014,0.012,0.006,0.009,0.009,0.009,0.009,0.009,0.009,
0.0,0.157,0.22,0.031,-0.092,-0.09,-0.115,-0.014,-0.056,-0.055,
0.0,0.056,0.072,0.162,0.033,0.064,0.039,0.009,0.0,0.0,
0.0,-0.009,-0.017,-0.115,-0.016,0.063,0.015,0.021,-0.05,-0.018,
0.0,0.079,-0.111,-0.08,0.007,-0.036,-0.032,-0.063,-0.019,0.036,
0.0,-0.014,0.035,0.038,0.069,0.024,-0.002,-0.095,0.012,-0.05,
0.0,0.017,0.012,0.017,0.044,-0.051,-0.032,-0.019,0.039,0.013,
0.0,0.018,0.015,0.063,0.046,-0.235,-0.207,-0.169,-0.19,-0.105,
0.0,0.009,0.0,-0.124,-0.103,-0.055,-0.033,-0.052,-0.026,-0.054,
0.0,-0.025,-0.027,0.117,0.048,0.048,-0.092,-0.015,0.045,-0.01,
0.0,-0.183,-0.129,0.063,-0.066,0.041,0.046,0.063,0.059,-0.049,
0.0,-0.026,-0.036,0.084,-0.154,-0.054,-0.023,-0.095,-0.018,-0.087,
0.0,0.004,-0.093,-0.048,-0.109,0.044,-0.033,0.009,-0.005,0.019,
0.0,0.012,0.006,0.006,0.006,0.006,0.006,0.006,0.006,0.006,
0.0,0.002,0.024,-0.116,0.046,0.062,0.06,-0.053,-0.003,0.03,
0.0,-0.037,-0.073,-0.036,-0.03,0.042,-0.026,0.027,0.009,0.012,
0.0,0.244,0.204,0.155,0.164,0.056,0.083,0.045,0.033,0.132,
0.0,-0.097,-0.108,0.005,0.041,0.0,0.075,-0.064,-0.085,0.024,
0.0,0.0,0.037,0.009,0.047,0.047,-0.066,-0.036,-0.012,-0.006,
0.0,-0.027,0.019,0.077,-0.025,-0.057,0.022,0.044,-0.017,-0.01,
0.0,0.006,0.065,-0.016,-0.023,0.041,-0.015,0.03,0.005,0.019,
0.0,-0.016,-0.019,-0.032,-0.004,-0.061,-0.028,0.035,-0.068,0.102,
0.0,-0.057,0.031,0.089,0.029,0.012,0.059,-0.123,0.025,0.091,
0.0,0.044,0.087,0.08,0.064,0.006,0.0,0.0,0.0,0.0,
0.0,0.099,0.096,0.003,0.024,-0.027,-0.015,-0.012,-0.006,0.0,
0.0,0.059,0.053,0.099,0.03,0.003,0.006,0.003,0.003,0.003,
0.0,-0.127,-0.052,-0.043,0.005,0.0,-0.107,-0.003,0.048,0.066,
0.0,0.144,-0.065,0.092,-0.039,0.044,-0.02,0.092,-0.074,0.045,
0.0,-0.099,0.01,-0.062,-0.058,-0.069,-0.078,0.05,0.028,-0.07,
0.0,-0.072,-0.01,-0.018,0.002,-0.06,0.068,-0.041,-0.041,-0.04,
0.0,-0.017,0.053,0.051,0.0,-0.003,0.019,0.032,-0.058,-0.056,
0.0,-0.088,-0.132,-0.026,-0.04,-0.043,-0.036,-0.009,0.0,0.0,
0.0,-0.061,-0.09,-0.086,-0.053,0.017,0.054,-0.057,-0.031,0.073,
0.0,0.092,-0.157,0.012,0.07,-0.014,0.039,0.044,0.02,-0.091,
0.0,-0.079,-0.011,0.079,0.055,0.038,0.027,0.012,0.003,0.003,
0.0,0.006,0.123,0.071,0.026,0.03,-0.002,0.048,-0.04,0.002,
0.0,-0.079,-0.018,0.015,-0.089,-0.029,-0.036,-0.021,0.009,0.006,
0.0,0.021,0.006,0.003,0.003,0.003,0.003,0.003,0.003,0.003,
0.0,0.014,-0.02,-0.149,-0.026,0.0,-0.022,-0.003,-0.025,-0.031,
0.0,0.092,0.031,-0.023,-0.1,-0.042,0.037,0.08,0.067,0.024,
0.0,-0.107,-0.066,-0.015,-0.012,0.0,0.0,0.0,0.0,0.0,
0.0,-0.154,-0.134,-0.171,-0.196,-0.18,-0.105,0.035,-0.062,-0.133,
0.0,0.095,-0.074,-0.03,-0.086,0.02,-0.029,-0.17,-0.034,0.014,
0.0,-0.033,0.041,-0.108,0.081,-0.026,-0.042,0.041,0.008,0.048,
0.0,-0.051,0.054,0.117,0.042,0.108,0.027,0.012,0.039,0.015,
0.0,-0.148,-0.131,0.061,0.003,0.024,0.056,0.0,0.0,-0.02,
0.0,0.096,-0.1,-0.036,0.057,-0.09,-0.059,-0.052,0.024,-0.076,
0.0,-0.003,-0.003,-0.003,-0.003,-0.003,-0.003,-0.003,-0.003,-0.003,
0.0,-0.016,-0.034,-0.047,-0.055,-0.006,-0.036,-0.003,0.0,0.0,
0.0,-0.048,0.083,0.036,0.009,0.091,0.018,-0.068,-0.015,-0.009,
0.0,-0.03,0.034,0.074,0.062,-0.07,-0.086,0.054,-0.07,-0.035,
0.0,-0.104,-0.02,-0.051,-0.099,-0.036,-0.021,-0.003,0.003,0.003,
0.0,-0.046,0.002,0.114,-0.009,0.009,-0.081,0.058,0.035,0.08,
0.0,0.316,0.217,0.237,0.23,0.155,0.179,0.108,0.106,0.053,
0.0,-0.04,-0.113,-0.111,0.018,-0.076,-0.121,-0.113,-0.021,-0.042,
0.0,-0.042,-0.038,-0.049,0.053,-0.035,-0.044,0.021,-0.002,-0.056,
0.0,0.032,0.003,-0.003,0.0,0.0,0.0,0.0,0.0,0.0,
0.0,-0.037,0.009,0.082,0.124,-0.043,-0.163,-0.048,0.094,-0.015,
0.0,-0.024,0.028,0.134,0.156,0.12,0.035,0.015,-0.006,0.003,
0.0,-0.011,-0.002,0.056,-0.038,0.004,-0.056,0.062,0.046,-0.02,
0.0,0.068,0.027,-0.098,-0.035,-0.042,-0.021,0.006,0.021,0.05,
0.0,0.086,0.003,-0.017,-0.178,-0.088,-0.014,-0.151,-0.035,-0.071,
0.0,0.036,0.05,-0.03,-0.066,-0.023,-0.039,-0.056,-0.011,-0.045,
0.0,0.0,0.0,0.0,0.0,0.0,0.0,0.0,0.0,0.0,
0.0,0.032,0.05,-0.023,0.078,0.019,0.006,0.025,0.012,0.006,
0.0,-0.058,-0.028,0.008,0.026,0.052,0.038,0.012,0.038,0.009,
0.0,0.027,-0.021,0.053,-0.002,0.031,0.043,-0.036,0.111,0.013,
0.0,-0.015,0.006,0.051,-0.053,-0.126,-0.004,0.005,-0.081,0.037,
0.0,-0.022,0.016,0.043,-0.041,-0.096,-0.006,0.0,0.006,0.006,
0.0,-0.021,0.006,-0.004,-0.069,0.024,-0.088,-0.015,-0.059,0.004,
0.0,0.126,0.127,0.085,0.063,0.027,-0.062,-0.064,-0.045,-0.055,
0.0,0.097,0.033,0.006,0.003,0.003,0.003,0.003,0.003,0.003,
0.0,-0.189,-0.033,-0.073,-0.054,-0.063,-0.025,-0.063,-0.003,0.076,
0.0,-0.025,-0.029,0.078,-0.011,0.066,-0.046,-0.066,-0.018,0.018,
0.0,-0.009,0.217,0.066,0.023,-0.006,0.03,-0.008,-0.025,-0.024,
0.0,-0.004,-0.002,0.071,-0.024,0.035,-0.028,-0.04,-0.099,0.069,
0.0,0.009,-0.098,-0.033,-0.082,-0.122,-0.051,-0.08,-0.157,-0.09,
0.0,0.016,-0.044,-0.064,-0.041,-0.082,0.048,0.036,-0.034,-0.003,
0.0,-0.05,-0.043,-0.074,0.003,0.0,-0.033,0.032,0.047,-0.005,
0.0,0.1,0.177,0.062,0.041,0.006,0.003,0.003,0.003,0.003,
0.0,-0.041,0.003,0.009,0.009,0.009,0.009,0.009,0.009,0.009,
0.0,0.028,-0.046,0.02,-0.046,-0.081,-0.086,-0.084,0.022,-0.033,
0.0,0.036,-0.035,0.063,-0.035,0.093,0.068,-0.019,-0.105,-0.024,
0.0,-0.053,0.009,-0.018,-0.043,-0.053,-0.029,0.049,-0.01,0.019,
0.0,-0.126,-0.034,0.038,-0.071,0.083,0.038,-0.073,-0.01,0.088,
0.0,-0.075,0.002,-0.045,-0.005,-0.005,0.079,0.073,-0.008,-0.079,
0.0,-0.043,0.064,-0.018,-0.02,0.129,-0.01,0.148,-0.05,-0.006,
0.0,-0.098,-0.053,0.079,0.035,0.015,0.018,0.021,0.006,0.009,
0.0,-0.1,-0.05,0.02,-0.008,0.02,0.028,0.036,0.006,-0.021,
0.0,0.018,0.064,0.027,0.024,0.018,0.0,0.0,0.0,0.0,
0.0,-0.112,-0.083,-0.064,0.067,-0.054,0.07,-0.03,-0.007,0.01,
0.0,0.003,-0.032,-0.006,-0.04,-0.074,-0.039,-0.036,-0.018,-0.015,
0.0,-0.053,0.014,0.02,-0.084,0.015,-0.028,0.005,-0.003,0.025,
0.0,-0.13,-0.025,0.099,0.038,-0.017,-0.048,-0.069,-0.11,-0.02,
0.0,-0.023,-0.003,-0.153,0.0,0.025,-0.063,-0.003,0.003,-0.079,
0.0,0.081,0.033,0.073,0.022,-0.006,0.006,0.003,0.003,0.032,
0.0,-0.072,0.079,-0.062,0.007,0.002,-0.054,0.077,0.051,-0.072,
0.0,-0.012,0.021,-0.073,-0.006,0.098,0.054,0.051,-0.002,0.043,
0.0,-0.027,-0.032,-0.002,-0.177,-0.012,0.012,0.031,0.002,-0.092,
0.0,-0.11,-0.05,-0.052,0.003,-0.087,-0.037,-0.043,0.0,-0.074,
0.0,-0.059,-0.008,-0.112,-0.042,-0.165,-0.002,-0.109,-0.047,-0.022,
0.0,0.131,0.033,0.018,0.003,0.003,0.003,0.003,0.003,0.003,
0.0,-0.027,-0.052,-0.075,-0.079,-0.019,-0.003,0.066,-0.011,0.011,
0.0,-0.074,-0.124,-0.164,-0.151,-0.003,-0.038,-0.108,-0.124,-0.055,
0.0,0.094,0.022,0.009,0.006,0.006,0.006,0.006,0.006,0.006,
0.0,-0.006,-0.097,-0.022,0.082,0.114,-0.042,-0.005,-0.002,-0.01,
0.0,0.065,0.034,0.061,-0.009,-0.053,-0.096,-0.072,-0.033,-0.064,
0.0,0.03,0.122,-0.023,0.123,0.027,-0.083,0.0,-0.016,-0.067,
0.0,0.029,-0.029,-0.026,-0.108,-0.174,-0.189,-0.118,-0.085,-0.088,


