3148,7988,12716,16987,25715
24092,18456,16520,61712,71268
12026,45879,35301,135360,59335
28453,12120,17812,16136,82062
10572,8339,14091,9350,21422
28119,9151,25632,20021,15484
4592,15298,8030,34520,9140
5266,10723,24595,12171,45720
4285,18713,25757,23206,17208
9292,30487,16185,69681,85480
8993,17783,23116,32092,11271
12266,12847,25635,85059,34151
17547,33549,30342,149332,156475
3743,21427,24859,26576,31601
27562,70395,21484,20551,63835
8361,11358,38680,35035,71916
10336,3466,3428,22379,18864
16121,28159,35540,180299,48594
3903,4095,11898,30704,27462
6111,9760,19018,41941,50088
4125,8728,24678,18840,15288
9453,11301,65982,139474,45813
10475,14360,9290,58584,19407
25370,20975,20629,118532,189028
7402,9369,8410,45674,19976
9114,4984,19103,20492,8045
22078,23167,34780,137915,210927
4266,9856,14936,6072,29974
16179,50494,46852,56982,131989
6038,8839,24708,5392,5619
10889,13777,62345,68513,34781
7161,4466,6106,3964,13802
6971,41996,25013,72447,49846
5960,17468,33944,25006,29382
21945,25261,37778,33200,215862
18392,21713,49905,151474,96007
11633,32660,12601,86023,81196
14844,8184,28465,81717,41929
18699,72912,34462,27737,159020
30320,10879,50441,45878,70700
2826,4458,20183,22047,28954
5177,5817,17768,42767,51467
14216,48908,44486,18128,88982
14669,31202,54012,80578,116727
7137,14672,25985,48453,14171
8177,5654,25486,24214,7856
29129,16175,15117,82799,76988
7072,6975,20462,31121,20882
14267,11669,19209,88428,72569
5063,4755,37149,39097,45657
11020,7500,10881,37751,12331
4446,2776,13253,11597,11807
12476,12605,35363,18168,114795
4345,5856,9796,37972,42804
17183,8966,19856,87687,45067
13048,17854,23188,57325,21978
4628,9077,11408,45135,11453
2145,8641,5802,5886,5629
5624,11245,31010,16222,26980
7580,15988,11008,8554,47158
3438,24998,5179,8726,6352
8822,10511,11333,51820,25318
4166,3265,6034,15393,24429
5136,9777,11062,28748,8974
9054,13437,25331,12300,76563
10195,6809,15390,4855,21744
13205,12727,10623,86956,42408
8610,12312,11518,11397,55534
7941,7383,4523,8297,10662
11937,37058,28331,15131,30978
13024,6225,16704,50464,8549
53568,15721,16627,96294,21434
7568,8403,54565,18476,39157
13470,93753,114555,76662,66887
36532,87047,57091,89787,55302
5068,9222,28834,36725,33687
8011,12521,13962,16127,8261
8453,9240,24840,14309,75061
29604,16899,18954,18333,138358
6520,11389,21440,24613,57408
16756,28012,16352,78924,101042
5052,13134,3823,6163,6239
20192,46497,43334,36189,139097
9530,8935,12234,11770,39504
20839,62612,33342,69157,216746
9365,10285,8614,20749,23690
9731,11367,14309,64056,34149
9509,10088,21831,44587,62767
32664,34727,31548,53341,250526
7858,8176,25577,74168,37323
2204,5332,11295,4620,9913
5695,14455,8594,10951,18117
9830,12454,49995,65960,106346
9878,28036,13803,101359,93459
11940,11208,7815,58032,26045
22903,7676,35373,46851,17698
4183,12879,6050,21236,15138
14802,23595,40305,18407,138940
4188,10576,5483,34579,21982
8284,16006,21824,88639,39363
3813,5342,18903,7298,21983
14595,30974,22110,65723,49542
11662,11446,16173,66931,68351
12903,22771,43253,108714,91680
15679,15375,19548,40718,137349
11170,12557,8123,63379,36311
19125,18846,55306,66136,126328
8732,8194,25591,46185,84339
14122,10983,54975,44051,69281
7103,21152,16493,58534,63539
11183,24972,14826,54059,43781
7624,7941,53640,22728,46686
10910,13251,20647,43425,98023
9998,11063,19522,11664,64803
12849,12035,83182,112761,98636
4419,6858,33654,39935,28992
10597,14474,11057,22665,91860
3397,2404,14203,9995,7509
10782,15343,45156,100832,15811
7713,8186,9026,58733,12571
11234,46786,38799,47648,89673
2821,8540,1926,4172,2559
7125,9822,10093,22139,31114
6278,27672,6881,29562,16441
9499,9480,25019,23127,68030
9231,14420,28333,17286,19167
19939,11549,11385,32553,19688
6383,17855,26331,50011,32706
7508,10163,10100,47728,75423
7906,12471,42307,28444,44703
15519,7645,31241,57305,69697
2934,10445,3745,7717,13006
31714,43450,31962,76798,319373
8940,11193,52822,39928,56129
5483,4291,9462,12931,46886
6283,9131,27333,35587,10095
14356,9366,11391,31131,95319
8197,7260,11532,20141,31243
5654,8304,8501,13974,23247
19452,12074,20819,23690,69832
37676,35553,32395,272942,68387
32887,71765,58062,47722,263074
4680,4886,14564,14387,36993
7646,4389,4175,15256,5014
8485,5934,7078,56250,16682
5994,14150,7017,3401,4098
28197,22628,25851,25700,168016
23584,22330,11444,22185,69105
14502,13043,15659,37453,127849
5588,20325,18773,20571,42057
12379,25710,23953,15329,10078
7396,12578,9820,21831,78488
18289,34509,42029,123270,35238
14221,9596,15186,66712,34697
20531,11382,29198,27924,65738
7609,8562,26532,45449,63908
9501,11480,17952,12771,101971
10711,10788,41007,16925,77331
17812,15797,14594,14690,111095
6896,7130,18048,33864,50356
8797,12559,13364,42174,23859
11867,12080,20532,96912,18638
4357,18410,14765,13505,36955
7610,4886,15966,37937,19554
10936,5782,6928,19792,8256
15801,14811,41092,129330,89264
6294,10848,9540,7662,32694
39388,23181,63318,32272,165473
9408,12862,42083,97263,17607
9337,12933,44076,12799,8164
4068,15547,12462,25787,23418
8037,19598,7309,7652,51431
5363,6790,8026,8956,12139
8702,11072,12821,28107,12099
4851,11284,5526,2899,5669
9569,8636,12145,9038,66704
11517,20944,30820,31113,114122
13652,9913,11476,42018,35767
30563,21626,121789,43750,72526
14720,13244,15037,39311,142621
2611,16984,8081,13571,9615
9642,39420,23729,73268,16488
11355,19260,32089,111333,23695
5464,8375,5598,23907,36778
3257,10525,7912,27767,33134
9201,6670,48548,26187,51193
4368,2758,12906,14212,10134
4693,2822,8224,14638,16889
10071,9180,27726,29289,64768
4857,5130,7913,8491,30625
15311,18766,13393,15476,91447
5705,4664,13424,7557,4026
3219,3251,8131,14953,3619
47741,47898,49214,69474,271330
4991,34564,9188,19560,14845
27779,30145,108114,39401,116414
8064,14776,6641,24859,12495
4707,4847,33044,6964,13186
16838,27848,21652,26601,33967
13633,8893,21817,43234,53554
7986,8516,21989,34526,14804
3036,6798,3447,7028,12175
5618,9271,26752,16646,42664
13474,32706,18385,21475,123553
5310,6746,25601,39880,7900
15708,47417,19265,33294,37989
4318,7902,12693,9059,11203
9008,14683,44621,16711,65235
19210,16086,11324,57388,25397
6993,30272,17361,13995,24714
8817,10248,8796,14083,15386
12111,47840,20196,45744,95537
3993,10332,24774,11980,17233
6615,7676,6543,36383,30358
10752,8178,5222,11034,4818
9494,12509,24367,74223,13122
23671,36296,69168,59712,246934
7256,6400,14981,15124,66229
6695,6932,15280,47919,53797
6968,17995,10680,24818,5776
11576,7939,42359,53522,80645
13495,19431,12008,24894,96351
14315,16412,15921,58938,19059
7908,18893,13900,14211,62861
6735,11043,10116,8351,30551
7666,12322,39097,13506,23426
29611,37516,22385,115767,163033
8939,13293,16899,35635,60817
9392,9917,11427,31106,57991
6798,4679,4399,11560,32735
2060,3439,14332,4730,2569
6830,12310,38357,28840,13993
45271,47629,68666,136671,263887
24007,62521,27604,26992,153365
6815,8810,4617,18102,30632
14638,17744,9018,40552,16232
28701,76421,54916,59659,235418
12828,12987,23844,64710,103748
9978,18694,20155,7406,28915
17892,19633,26475,86700,49110
3636,17478,27515,6316,11196
37085,46961,109499,73624,149778
11809,27866,24160,34181,84777
6691,10218,15288,43973,40563
7670,13154,13270,12374,51959
5381,20008,36549,9598,43270
9080,6887,9026,22520,7148
9263,5829,6548,19531,7072
6093,8630,12968,28917,51987
24014,26057,39869,28297,168776
4935,4254,4655,4993,22840
7798,8525,32466,16951,62742
3450,4022,20847,17192,6510
10950,8627,26516,34496,57988
11523,16959,19776,111636,23521
3394,3017,12308,23496,19394
14156,6831,59526,31711,32978
5397,12008,45176,21958,15196
7738,15529,17117,56277,74972
5449,5396,13161,9742,9822
9440,19047,64995,53933,113015
6850,27735,15100,15928,22020
16752,12704,11587,66119,40251
17351,15591,16357,75659,139616
10906,9915,26404,33416,7966
10668,9478,8082,46929,66872
9247,19682,13598,22731,77200
4073,4018,18966,24832,30097
5081,5449,22292,13136,20701
5428,13074,10678,37218,65506
16144,16050,111581,15688,23030
7046,2148,3224,7306,8720
9243,11764,32318,74445,53603
10621,6262,7441,8601,35055
9543,16772,27416,12167,85459
15695,8514,15702,73352,61418
4578,5192,19351,11932,28869
4503,8721,18991,7083,29155
2716,27020,8676,26506,18668
5742,7889,7253,19303,19046
26426,22406,24490,113496,22968
10671,8901,13168,42766,43922
2227,5450,6965,2622,5917
19977,25095,20803,93265,27481
10209,8294,4441,4242,3170
9589,5619,5750,13426,31268
16557,9609,15900,25613,28065
9720,28532,21161,64471,62971
5611,9489,26382,40614,57330
11922,13172,119439,78340,27769
15591,107586,21333,66402,89992
18231,14743,52767,85546,125140
5238,7193,20808,50164,27177
31470,32544,56260,102838,200789
40417,97955,87120,292600,104230
4157,4248,9439,5519,8930
5430,3433,9439,8443,25219
7322,15669,23070,17142,29887
3155,20399,21962,12926,22608
8544,8131,25150,19505,29192
7768,6688,9871,19815,9233
7485,5274,11680,5977,19959
3662,26715,8999,18780,21409
11452,6704,17042,20580,65654
10463,13189,14514,87274,93073
10099,11475,18965,14153,39636
20693,34581,46189,27536,162317
9785,9377,7242,13267,61425
8679,24441,22534,20911,54662
7047,17916,18326,78027,82429
7208,26431,17842,10463,60996
16039,11893,22483,27496,89354
7974,19125,14698,11314,30824
7528,7585,24938,24966,70139
8344,7800,5969,7591,21267
12670,14480,23124,13738,75460
28115,21308,46899,113500,124325
5875,14159,12703,71733,51589
14092,13622,27226,42270,88380
7819,5915,10435,15641,51201
6972,20020,30886,35490,66943
8292,8842,9529,78540,29092
15746,34629,37612,138957,63733
2520,11622,4488,3287,2182
132712,127541,185656,80327,378922
2133,9211,4952,8593,5162
10637,11614,58660,30975,84780
17477,34054,21075,34078,147392
4689,11806,30990,16712,10450
13723,32642,108636,28715,43324
22789,8706,18792,47398,79307
16524,13849,15028,107023,112496
5664,7035,9865,28100,18794
8191,5115,14074,6242,29078
17204,36100,43383,28754,156093
12021,14707,16766,21931,95945
6157,19807,10781,44017,9758
9001,17562,27978,76475,54253
16786,14067,18228,53154,109004
17442,44331,33092,134401,34150
5806,4063,4856,23129,21623
9978,18890,18018,23004,91912
11594,11207,40040,52038,31714
33391,32975,45425,249871,396377
14767,27563,13109,12691,105793
30245,21403,43343,25285,93145
7124,5234,48228,29753,35831
5330,2502,17012,4657,3496
8703,4107,6405,14832,33901
3284,16380,16211,8873,26039
40357,39662,22882,36195,94573
12301,31828,19791,51980,121792
34938,60512,201481,57758,278511
5556,33421,25237,38684,11226
5837,32705,11700,36139,18472
13755,15221,35343,116071,52953
12911,24308,24557,18353,20938
5586,12095,14487,38433,27880
5390,10856,42189,21225,39976
10298,5292,8547,16930,11160
32593,30743,66383,101329,154390
11573,26002,42603,19477,55601
16934,27934,38387,55197,67933
10653,15502,15556,17121,40699
9220,6795,3843,26222,8701
5711,37525,44368,22015,41201
4116,11063,18181,14724,27109
25333,19094,18990,136496,29705
15995,13859,46075,90186,110047
5356,4584,4060,29008,5164
12542,14445,33251,95029,124126
14196,15548,21478,14309,44475
9691,25432,11261,11546,65876
8621,24570,99004,21159,44468
4439,11935,30450,9840,35611
7756,18097,9928,29301,17274
2469,2010,18758,7131,6537
27338,24215,23320,36177,188341
14120,14849,31273,139591,45720
5572,10644,52890,50870,25710
13886,29166,20120,17324,104113
24627,42258,228771,143933,221587
14359,5698,45875,18224,52291
21143,43040,65382,59605,155326
2154,5156,3197,13536,12876
38510,8561,7728,27050,17628
3849,4142,20333,11778,35928
8761,10693,13775,11969,50156
3895,6211,25040,49074,35082
32891,70630,68180,42108,204059
10131,11875,11652,75310,86486
7311,9618,6290,37280,30708
10243,28898,36162,14838,34985
9993,12938,34617,87324,95064
8332,11003,37646,23213,33393
4223,8943,8759,40445,38019
5993,13046,29370,22724,40894
17030,11746,40693,25691,20115
16851,33522,57976,27108,169939
16379,18686,48252,27461,177167
18398,28555,21457,51598,118192
16249,14134,13992,20725,143895
6280,6818,38381,40369,20798
6564,9296,12112,7940,14531
14892,13276,25177,52842,157943
5658,14553,8491,32385,39605
5654,4940,22021,8658,25102
4472,6200,30422,10649,26201
31593,12709,85602,47268,30218
2694,2816,15046,15798,8781
14966,11020,10600,20625,50352
5801,7648,15568,42196,40196
10748,10053,14309,27093,56469
17691,11298,49483,38648,55144
8781,8354,57666,34096,17618
6843,17027,27397,27564,64166
15837,25182,36148,38279,168188
30542,11068,63176,24298,22939
38881,40572,89434,85279,328288
9455,12779,13516,10337,78289
4634,40584,14638,25973,40375
4176,20462,10649,34726,9865
6595,21174,16261,16883,62820
14961,4257,9161,22752,7880
5711,21604,54694,59177,33467
11039,13381,29163,19720,78305
38220,31160,25698,33745,204938
5820,8172,9638,65188,6401
18554,37654,21630,24245,112916
16410,21163,115748,53894,124796
24672,96777,58337,214335,257581
3893,12315,20377,13532,10191
3589,28167,11271,12778,23834
7018,71071,19715,52271,66565
6274,17484,8204,10147,44263
10166,7852,9691,19727,25245
22008,8903,28193,34668,42652
11319,18289,26529,22599,93591
5486,45544,16482,44726,30968
6056,16569,6138,11645,18140
4519,19775,7254,22941,11619
5800,17127,14625,31925,46610
12295,10277,13780,13749,29760
4781,7368,22665,39574,8619
8315,25995,9569,55425,47940
10622,7648,14867,36979,37390
6168,18929,18025,67338,15188
5460,13253,17727,19125,43619
10000,5384,37862,12758,15106
4414,7625,40435,21910,27436
5692,15773,6564,4643,3895
3634,11182,26816,23990,31077
16201,12388,8404,17710,36225
8577,9279,25957,30826,16321
15960,15783,107824,156529,144222
21878,21124,70017,52192,201323
10998,9730,22223,5704,11154
16731,19357,30983,25600,127316
27025,47885,11197,11571,35736
10495,6596,28753,7964,27089
11762,20967,47050,105689,134981
9790,19380,29375,54537,76961
3634,12736,21171,11759,9289
6139,9517,7913,44042,10148
9558,29019,12686,37727,57690
3962,2941,17239,15475,6365
8079,12100,42189,16617,14521
3690,8083,25383,17506,10382
9196,15309,15724,12520,87747
15579,31010,31871,47182,134482
25055,25204,25296,83105,197297
11246,15976,23500,34167,73380
6904,10210,23275,22665,33739
10413,25946,27078,11169,21402
15974,15118,32362,73546,142872
3503,4041,2986,11420,25344
7654,5757,15072,58448,42032
5268,13881,9637,44299,49597
9611,19205,11905,12304,74350
4380,11410,7935,7225,7739
30140,46836,42167,116812,230174
1993,3510,12761,11985,13604
5852,9384,12520,11905,25363
4196,7307,14998,20508,19689
6448,12829,16359,5343,9221
10057,19555,19710,102129,60931
4284,9916,11555,36235,17585
6913,27560,23354,17073,25295
36874,111525,65977,116253,284687
7178,6266,9638,24588,52257
5340,10571,7300,29078,34112
19379,38137,100987,124208,234310
7603,8601,27022,16881,45057
1581,13626,5766,7794,9725
12797,6571,9317,33933,30469
7403,26559,6624,24651,21056
6491,8143,37531,32178,24891
12600,11449,17098,29055,39927
6801,10688,6724,14390,47500
5093,10647,28081,14994,26740
4458,12057,12985,39957,7888
5727,13887,23824,21090,11403
10355,60519,19680,27451,121686
12842,13236,26785,46293,63596
16328,8407,4742,27631,16723
21205,60255,28341,184492,47083
10585,20473,42448,26637,18470
9746,5758,10787,41142,20540
15582,10888,9295,9741,37829
9329,39820,28078,16115,72441
6379,28446,11794,16088,44098
9527,13763,10160,15169,83518
9070,19318,33953,45038,31868
9618,9384,50867,70439,23378
9372,8233,8106,13020,31858
35213,54476,36449,37900,252863
12140,44039,73966,38740,95842
7137,13268,64856,67177,19319
10159,64236,31267,91500,61783
2672,12040,4296,12980,5446
8278,11293,5573,16915,38290
16264,20652,22330,23678,68143
14973,19776,60954,25041,45818
12536,11072,9501,20874,62664
9483,15999,12625,14107,21409
6042,11580,23801,13379,57617
10139,45531,43651,58323,79674
15570,7469,12483,22320,20399
2919,3129,3218,32769,21070
4671,5658,6750,36743,24514
16263,4361,13914,12262,13521
3314,8552,24724,23327,12893
10886,22574,26851,28728,92888
3364,4992,7531,10500,19972
3723,8064,4538,28217,26891
6052,10520,7402,20127,4876
15443,15430,48864,29407,143923
14252,6460,8988,28205,36694
3360,1536,9905,7727,4070
10488,12705,12607,29189,66371
14706,16769,76985,82244,139603
14979,24925,28031,137481,96488
10906,25302,26067,16494,90281
9484,23335,28747,29273,70619
4791,7498,26621,4976,8919
8358,11605,33910,42319,58701
8815,8976,73030,49533,75113
17515,21612,169751,176606,129330
2160,4385,6825,12401,7452
17416,19329,19590,89604,143571
11482,9403,18006,13157,12262
34485,31457,50540,163067,58204
10497,51587,15214,95946,36865
3166,6020,15654,17337,29030
8278,9324,8978,10918,78794
11868,12250,32656,131053,112302
7372,6983,27421,8654,38632
12925,10786,13784,17236,50234
20664,21641,169821,101503,74165
6737,7838,21973,13553,71106
10233,8900,28524,21870,75961
6344,11312,19330,19300,36925
9747,27390,43567,62026,94835
11509,26196,46180,87211,102513
4066,9566,13066,30222,15403
20704,17343,26750,70657,149161
2580,12494,17552,19816,15235
1299,6465,7906,8381,3351
21344,57600,102816,54507,43459
7306,10377,41661,6990,10252
15491,15882,14850,83316,138569
13103,126625,46934,93580,53286
24911,13821,16484,70186,79212
12944,15987,13239,57019,84470
26991,26166,33207,141854,32264
11850,21888,21509,64074,96956
7330,11626,32721,16242,70880
2683,7847,21525,14522,25684
10652,24701,10528,53959,30120
19378,34398,24274,202787,38985
6987,11738,8853,18751,8280
2384,8713,4853,3596,12542
25852,17281,172601,60303,57721
7918,5990,19915,17235,9257
8662,11870,23219,14360,63060
4979,9319,15056,17643,23929
11284,10592,29562,61542,26771
9040,9232,14561,12265,10962
6698,11687,28424,42079,56477
5780,9767,7992,35276,9077
9617,34544,14787,35804,14341
14596,8353,19455,33307,57803
12826,17057,38414,100222,37397
8623,8545,20941,18783,68176
8111,15032,44160,75636,18916
23288,8635,9910,18007,5401
6866,7666,12485,12636,50104
21429,31675,16249,47367,17674
13734,16728,31947,16047,26246
7754,6512,10853,59571,37928
11236,9574,4357,10283,23045
5925,7945,6205,44284,42379
9789,37261,16959,70642,15402
21178,15649,56166,104726,81163
9016,10334,5946,42606,7715
3950,4941,37534,24815,13695
12505,10895,20802,11418,89069
27813,14641,12585,100923,105990
5308,6737,6350,6959,12227
9907,13283,47647,77555,111312
15343,23884,26167,18305,74909
6372,8193,10424,9164,11205
23472,9211,6944,8422,12730
9104,17266,9736,78687,85367
11836,7730,23021,27895,67809
4900,6125,17173,11355,5499
15868,14549,18076,15935,56761
1283,2946,2736,5694,10812
14687,12667,23273,62653,118074
9284,5408,27135,27155,16304
6740,4467,8198,19021,14894
10750,8886,18437,24730,64983
8573,48550,38155,21572,68804
40060,32151,52015,84939,215514
5964,7468,5956,13596,27594
4245,5491,15277,8276,24028
9474,7777,38307,11976,21906
21815,32286,47169,146377,168954
11443,16378,14174,68554,37453
6220,7751,11215,29973,69446
3279,11689,9454,19636,29280
13006,17569,17607,16551,101929
14568,7514,9254,19483,58522
3288,25965,11997,29304,17262
6061,15031,8026,17994,53904
11007,13373,14199,94603,59457
18667,16015,38695,87208,133921

