

Data analysis for each instance 
AVG,MED,MAX,MIN
0,0,0,0,0,0,0,0,0,0,
0,0,0.005,0.002,0.004,0.002,0.001,0,0,0.005,
0,0,0,0,0,0,0,0,0.001,0,
0,0,0,0,0.002,0,0,0.002,0.001,0,
0,-0.002,-0.001,0.001,0,0,0,0,-0.001,-0.001,
0,0,0,0,0,-0.001,0,0,0,0,
0,0,0.001,0,0,0,0,0,0,0,
0,0,0,0,0,0,0,0,0,0,
0,0,0,0,0,0,0,0,0,0,
0,0,-0.002,-0.003,-0.001,-0.001,0,0.001,0,-0.002,
0,0,0,0,0,0,0,0,0,0,
0,-0.003,0.001,0.004,0.002,0.001,-0.003,-0.001,0.002,-0.002,
0,0,0,-0.001,0,0,0,0,0,-0.001,
0,0,0.001,0,0,0,0,0,0,0,
0,-0.001,0,0,0,0.001,0.001,0,-0.001,-0.001,
0,0.007,0.007,0.006,0.006,0.006,0.003,0.004,0.001,0.004,
0,0,0,0,0,0,0,0,0,0,
0,0,-0.001,-0.001,-0.001,-0.001,0,0,-0.002,-0.001,
0,0.001,-0.001,0,0,0,0,0,-0.001,0,
0,0,0,0,0,0,0,0,0.002,0.002,
0,0,0,0,0,0,0,0,0,0,
0,-0.001,0,-0.001,0,0.001,0.001,-0.001,-0.001,0,
0,0,0,0,0,0,0,0,0,0,
0,0,0,0,0,0,0,0,0,0,
0,0,0,0.001,0,0,0,-0.001,-0.001,0,
0,0,0,0,0,0,0,0,0,0,
0,0.001,0.001,0,0,0,0,0,0,0,
0,0,0,0,0,0,0,0,0,0,
0,0,0,0,0,0,-0.001,0,0,0,
0,0,0,0,0,0,0,0,0,0,
0,0,0,0.001,0,0,0.001,0.001,0,0.001,
0,0,0,0,0,0,0,0,0,0,
0,0,0,0.001,0,-0.001,0,0.001,0.001,0.001,
0,0,0,0.001,0,0,0,0,0,0,
0,0,0,0.001,0.003,0.001,0,0,0,0,
0,0,0,0,0,0,0,0,0,0,
0,0,0.001,0.002,0.001,0,0,0,-0.001,-0.001,
0,0,0,0,0,0,0,0,0,0,
0,0.004,0.003,0.001,0,-0.002,-0.001,0,0,0,
0,0.002,0.002,0.003,0.002,0.002,0.008,0.006,0.003,0.002,
0,0,0,0,-0.001,0,0,0,0,0,
0,0,0,0.02,0.023,0.006,0.001,0,0,0.019,
0,0.001,0.001,0.001,0.001,0.001,0,-0.001,0,0,
0,0,0.001,0,0,0,0,0,0,0,
0,0.001,0,0,0,0,0,0,0,0,
0,0,0,0,0,0,0,0,0,0,
0,0.001,0,0,0,0,0,0,0,0,
0,0,0.001,0.001,0.001,-0.001,-0.001,0,-0.001,0,
0,-0.005,-0.002,0.002,-0.002,-0.001,0.001,0.002,0.002,0,
0,0.001,0,0,0.001,0,0,0,-0.001,0,
0,0,0,-0.005,-0.001,0,0,0,0,0,
0,0,0.001,0,0,0.001,0.001,0,-0.002,0,
0,0,0,0.001,0.001,-0.001,0,0,0,0,
0,0,0,0,0,0,0,0.001,0.001,0,
0,0,0,0,0,0,0,0,0,0,
0,0,0,0,0,0,0,0,0,0,
0,0,0,0,0,0,0,0,0,0,
0,0,0,0,0,0,0,0,0,0,
0,0,0,0,0,0,0,0,0,0,
0,0,0,0,0,0,0,0,0,0,
0,0,0,0,0,0,0,0,0,0,
0,0,0,0,0.004,-0.002,0.002,0.001,-0.005,-0.006,
0,0,0.002,0.002,0.004,0.001,-0.001,-0.001,0,0,
0,0.001,0,0,-0.001,0,0,0,0,0,
0,0,0,0,0,0,0,0,0,0,
0,-0.001,0.001,-0.001,0,0,0,0,0,-0.001,
0,0,0,0,0,0,0,0,0,0,
0,0,0,0,0,0,-0.001,0.001,0.001,0.001,
0,0,0,0,0,0,0,0,0,0,
0,0,0,0,0,0.001,0,0,0,0,
0,0.003,0.002,0.001,0,0.001,0,0,0.001,-0.001,
0,0,0,0,0,0,0,0,0,0,
0,0,0,0,0,0.001,0,0,0,0,
0,0,0,0,0.001,-0.002,0,0.001,0,0.001,
0,0,0,0.002,0.002,0.001,-0.001,0,-0.001,0,
0,-0.001,0.001,0.003,-0.001,-0.002,-0.001,0.002,0,0,
0,0,0,0,0,0,0,0,0,0,
0,-0.002,-0.002,-0.001,0,0,0.001,0.002,0.001,0,
0,0,0,0,0,0,0,0,0,0,
0,0,0,0,0,0,0,0,0,0,
0,0,0,0.001,-0.002,-0.006,-0.002,0.002,0.006,0.002,
0,0.002,0.005,-0.001,0,-0.005,-0.002,-0.001,0.002,0,
0,0,0,0,0.001,-0.001,-0.008,-0.01,-0.004,-0.001,
0,0,0.001,0,0,0,0,0,0,0,
0,0,0,0,0,0,0,0,0,0,
0,0,0,-0.001,0,-0.001,-0.001,0.002,0.001,0,
0,0,0,0,0,0,0,0,0,0,
0,-0.002,-0.001,0.001,0.001,0,0.001,0,0,0,
0,0,0,0,0,0,0,0,0,0,
0,0,0,0,0,0,0,0,0,0,
0,0,0,0.001,0,0,0,-0.001,0,0,
0,0,0,0,0,0,0,0,0,0,
0,0,0,0,0,0,0,0,0,0,
0,0,0,0,0,0,0.001,0,0,0,
0,0,0,0,0,0,0,0.001,0.001,0.001,
0,0,0,0,0,0,0,0,0,0,
0,0,0,0,0,0,0,0,0,0,
0,0.001,0.002,0,0,0.001,0,0,0,0.001,
0,0,0,0,0,0,0,0,0,0,
0,0,0,0,0.001,-0.001,0,0,-0.001,0.001,
0,0,0,0,0,0,0,-0.001,-0.001,0,
0,0,0,0,0,0,0,0,0,0,
0,0.001,0,0,0,0,0,0,0,0,
0,0.008,0.004,0.001,0.003,0.002,0,-0.003,-0.002,0,
0,0,-0.001,-0.001,0,0,0,0,0,0,
0,0,0,0,0,-0.001,0,0.001,0.001,-0.001,
0,0.001,0.001,0.001,0.005,0.002,0,0.003,-0.005,-0.001,
0,0,0,0,0,0,0,0,0,0,
0,0,0,0,0,0,0,0,0,0,
0,0.002,0.001,0,0.002,-0.001,-0.001,0,0.002,0.001,
0,0,0,0.001,0,0.001,0.003,0.001,-0.001,0.001,
0,0.001,0,0,0,0,0,0,0,0,
0,0,0.005,0.004,0.001,0,0.004,-0.001,-0.001,-0.001,
0,0,0,0,0.001,0,0,0,0,0,
0,0,0,0,0,0,0,0,0,0,
0,0.001,0.002,0.003,0.001,-0.001,-0.002,-0.001,0,0.001,
0,0,0,0,0.002,0,0.001,0.001,0.002,0.001,
0,0,0,0,0,0.001,0,0,-0.001,0,
0,0,0,0.001,0.001,0.001,-0.001,-0.001,-0.001,0.001,
0,0,0,0,0.004,0.002,-0.003,-0.004,-0.005,-0.003,
0,0,0,0,0,0,0,0,0,0,
0,0,0,0,0,0,0,0,0,0,
0,0,0,0.001,0,-0.001,0.001,0,0,-0.001,
0,0,0,0,0,0,0,-0.001,0,0.001,
0,0,0,0,0,0,0,0,0,0,
0,0,0,0,0,0,-0.001,-0.001,0,-0.001,
0,0,0,-0.001,-0.001,0.001,0.001,0.001,0.001,-0.001,
0,0.001,0.002,0.001,0.001,0.002,0.001,0.002,0,0.001,
0,-0.001,0,0,0,0,0,0,0,0,
0,0,0,0,0,0,0,0,0,0,
0,0,0,0,0,0,0,0,0,0,
0,0,0,0,0,0.001,0,0,0,0,
0,0.005,0.005,0.002,0.001,0.003,0.001,0.003,0,0,
0,0,0,0,0,0,0,0,0,0,
0,0,0,0.001,0,-0.001,-0.001,-0.002,0.001,0.001,
0,0.001,0.001,0.002,0.002,0.002,0.002,0.002,0.001,0,
0,0,0,0,0,0.001,0,0,0,0,
0,0,0,0,0,0,0,0,0,0,
0,0,0,0,-0.003,-0.001,0.001,0.002,-0.003,0.001,
0,0,0,0,0,0,0,0,0,0,
0,0,0,0.001,0.001,0,0,0,0,0,
0,0,0,0,0,0,0,0,0,0,
0,0.001,0,0,0,0,-0.001,0.001,-0.001,0,
0,0,0,0,0,0,0,0,0,0,
0,0,0,0,0,0,0,0,0,0,
0,0,0.001,0.001,0,0,0,0,0,0,
0,0,0,0,0,0,0,0.001,0,-0.001,
0,0,0,0,0,0,0,0,0,0,
0,0.002,0.001,0,0.001,-0.001,-0.001,0.001,0,0.002,
0,0,0,0,0,0,0,0,0,0,
0,0,0,0,0,0,0,0,0,0,
0,0.003,0.001,0,0.002,-0.001,0.001,0,0,-0.002,
0,0,0,0,0.001,0.002,0,0.001,-0.001,-0.001,
0,0,0,0,0,0,0,0,0,0,
0,0.001,0,0,0.001,0,0,0,0,0.003,
0,0,0,0,0,0,0,0,0,0,
0,0.008,-0.004,-0.008,-0.008,-0.002,0,0,0,0,
0,0,0,0,0,0,0,0,0,0,
0,0,0,0.003,0,0.001,-0.002,-0.003,0,-0.001,
0,0.001,0,0.001,0,-0.001,0.001,0,0,0,
0,0,0,0,0,-0.001,0,0,0,0,
0,0,0,0,0,0,0,0,0,0,
0,0,0,0,0,0,0,0,0,0,
0,0,0,0,0,-0.001,0.001,0,0.001,0.001,
0,0,0,0,-0.001,0,0,0,0,0,
0,0,0,-0.001,0.002,0,0.001,0.002,0,0,
0,0,0,0,0,0,0.001,0,0,0,
0,0,0.003,0.004,0.001,0.003,0.004,0.001,0.001,0,
0,0.001,0.001,0.001,0.001,0,0,0.001,-0.001,-0.001,
0,0.002,0.002,0.002,0.002,0.003,-0.001,-0.001,0,0,
0,0,0,0,-0.002,-0.001,-0.003,-0.001,-0.001,0,
0,0.001,0,0.001,0.001,0,0,-0.001,0,-0.002,
0,0,0,0,0,0,0,0,0,0,
0,0,0.001,0,-0.001,0,0.001,0,0,0,
0,0,0,0,0,0,0,0,0,0,
0,0,0,0,0,0,0,0,0,0,
0,0,0.001,0,0,-0.001,0.001,0,0,0,
0,0,0,0,0,0,0,0,0,0,
0,0,-0.001,-0.002,-0.001,0,0.001,-0.001,0,0,
0,0,0,0,0,0,0,0,0,0,
0,0,0,0,0,0,0,0,0,0,
0,0,0.001,-0.001,-0.001,0.001,0.001,0.001,0.001,0.001,
0,0,0,0,0,0,0,0,0,0,
0,0.007,0.006,0.001,0.006,-0.002,-0.005,-0.002,0.004,-0.004,
0,0.002,0.001,0,0,0.001,0.001,0,0,-0.001,
0,0,0,0,0,0,0,0,0,0,
0,0,0,0,0,0,0,0,0.001,0.001,
0,0,0,0,0,0,0,0,0,0,
0,0,0,0,0.002,0.002,0,-0.003,-0.002,0.003,
0,0,0,0,0,0,0.001,0,0,0,
0,0,0,0,0,0,0,0,-0.001,-0.001,
0,0,0,0,0,-0.001,0,0.001,0,-0.001,
0,0,0,0,0,0,0,0,0,0,
0,0,0,0,0,0,0,0,0,0,
0,0.002,0.002,0.001,0,0,0.001,0,-0.001,0,
0,0,0,0,0,0,0,0,0,0,
0,0,0,0,0,0,0,0,0,0.002,
0,0,0,0,0,0,0,0,0,0,
0,-0.001,-0.002,0,0.003,0.001,-0.001,0,0,0,
0,0.001,0.003,0.004,0.001,0,-0.001,-0.003,0,0,
0,0,0,0,0,0,0,0,0,0,
0,0,0,0,0,0,0,0,0,0,
0,0,0,0,0.001,0.001,0,0.001,0.002,0,
0,0,0,0,0,0,0,0,0,0,
0,0,0,0,0,0,0,0,0,0,
0,0,0,0,0,-0.001,0,0.001,0,0,
0,0,0,0,-0.001,-0.001,0,0,0.001,0,
0,0,0,0,0.003,0.001,0,0,-0.001,-0.001,
0,0,0,0,0,0,0,0,0,0,
0,0,0,0,0.001,0.001,0.001,0.001,0.001,-0.001,
0,0,0,0,0,0,0,0,0,0,
0,0,0,0,0,0,0,0,0,0,
0,0,0,0,0,0,0,0,0,0,
0,0.001,0,0,0,0,0,0,0,0,
0,0.001,0,0,0,0,0,0,0,0,
0,0,0,0,0,0,-0.001,-0.001,0,0,
0,0,0,0,0,-0.001,-0.001,0,0,0,
0,0,0,0,0,0,0,0,0,0,
0,0,0,0,0,0,0,0,0,0,
0,0,0.002,0.001,0.001,0,-0.004,-0.001,0.001,0,
0,0,0,0,0,0,0,0,0,0,
0,0.009,0.007,0.008,0.006,0.005,0.002,0.002,0.001,-0.003,
0,0.001,0.003,0.002,0.003,-0.005,-0.003,-0.003,-0.001,0.003,
0,0,0,0,0,0,0,0,0,0,
0,0,0,0,0,0,0,0,0,0,
0,0,0,0,0,0,0,0,0,0,
0,0,0,0,0,0,0,0,0,0,
0,0.001,0,0,0,0,0.002,0.002,0.001,0,
0,0,0,0,-0.001,0,0,0,0.001,-0.001,
0,0,0,0,0,0,0,0,0,0,
0,0,0,0,0.001,0.001,0,0,0,0,
0,0,0,0,0,0,0,0,0,0,
0,0,0,0,0,0,0,0,0,-0.001,
0,0,0,0,0,0,0,0,0,0,
0,0,0,0,0,0,0.001,0,-0.001,0,
0,0,0,0,0,-0.003,-0.004,-0.001,0,0,
0,0.001,0,0,0,0,0,0,0,0,
0,0,0.001,0,-0.001,0,0,0,0,0,
0,0,0.004,0.005,0.001,0.001,0,0,-0.003,-0.004,
0,0.007,0.005,0.001,0,0,0,0,0,0,
0,0,0,-0.001,0,0,0,0,0,0,
0,0,0.001,0,0,0,0,0,-0.001,0,
0,-0.002,-0.003,-0.001,0.001,0.001,0,-0.001,-0.002,-0.002,
0,-0.001,-0.003,-0.002,0,-0.004,-0.009,-0.003,0.003,-0.001,
0,0,0,0,0,0,0,0,0,0,
0,0,0,0,0,0,0,0,0,-0.001,
0,-0.003,-0.003,-0.001,0,0,0,0,0,0.002,
0,0,-0.002,-0.002,0.001,0,0,0,0,0,
0,0,0,0,0,0,0,0,0,-0.001,
0,0,0,0,0,0,0.001,0,0,0,
0,0,0,0,0,0,0,0,0,0,
0,0.001,0.001,0,0,0.001,0,0.001,-0.001,-0.001,
0,0,0.001,0,0,0,0,0,0,0,
0,0,0,0,0,0,0,0,0,0,
0,0,0,0,0,0,0,0,0,0,
0,0,0,0,0,0,0,0,0,0,
0,0,0,0,0,0,0.001,0.005,0.002,0.001,
0,0.001,0,0.001,0,0,0,0,0,0,
0,0.001,0,0.002,0.001,0.001,0,0.001,0,0,
0,0,0,0,0,0,0,0,0,0,
0,0,0,0,0,0,0,0,0,0,
0,0,0,0,0,0,0,0,0,0,
0,0,0.001,0,0.001,0.001,0.001,0,-0.001,0,
0,0,0,0,0,-0.001,0,-0.001,0,0,
0,0,0,0.002,0.001,0,0,0,0,0,
0,0,0,0,0,0,0,0,0,0,
0,0.001,0,0.001,0,0,0,0,0,0,
0,0.001,0,0,0,-0.002,0,0.001,0.001,-0.001,
0,0,0,0,0,0,0,0,0,0,
0,0,-0.001,-0.001,0,-0.001,0,0,0,0,
0,0,0,0,0,0.009,0.003,0,-0.009,0.006,
0,0,0,0,0,0,0,0,0,0,
0,0,0,0,0,0,0,0,0,0,
0,-0.001,0,0,0,0,-0.001,0,0,0,
0,0,0,0,0,0,0,0,0,0,
0,0,0,0,0,0,0,0,0,0,
0,0,0,0,0,0,0,0,0,0,
0,0,0,0,0,0,0,0,0,0,
0,0,0,0,0,0,0,0,0,0,
0,0,0.001,0,0,0,0.001,0.001,0,0,
0,0,0,0,0,-0.001,0,0,-0.001,-0.001,
0,0,0,0,0.019,0.004,0.001,0.034,0.026,0.005,
0,0,0,0,0,0,0,0,0,0,
0,-0.001,0,0,0,0,0,0,0,0,
0,0,0,0,0,0,0,0,0,0,
0,0,0,0,0,0,0,0,0,0,
0,0,0,0,0,-0.001,0,0,0,0,
0,0,0,0,0,0,0,0,0,0,
0,0,0,0,0,0,0,0,0,0,
0,0,0,0,0,0,0,0,0,0,
0,0,-0.005,-0.001,0,0,0,0,0,0.005,
0,0,-0.004,0,0,0,0,0,0,0,
0,0,0,0.001,0,0,0,0,0,0,
0,0,-0.005,-0.001,0,0,0,0,-0.005,-0.001,
0,0,0,0,0,0,0,0,0,0,
0,0,0,0,0,0,0,0,0,0,
0,0,0,0,0,0,0,0.001,0.001,0,
0,-0.001,0,0,0,0,0,0,0,0,
0,0,0,0,0,0,0,0,0.008,0.003,
0,-0.001,0,0,0,0,0,0,0,0,
0,0,0,0,0,0,0,0.001,0,-0.001,
0,0,0,0.001,0.003,0,0,0.003,0.001,0,
0,0,0,0,0,0,0,0,0,0,
0,0,0,-0.001,0,0,0,0,0,0,
0,0,0,0,0,0,0,0,0,0,
0,0,0,0,0,0,0,0,0,0,
0,0.001,0,0,0,0,0,0,0,-0.001,
0,0,0,0,0,0,0,0,0,0,
0,0,0,0,0,0,0,0,0,0,
0,0,0,0,0,0,0,0,-0.008,0,
0,0,0,0.001,0,0.02,0.001,0,0.021,0.021,
0,0,0,0,0,0,0,0,0,0,
0,-0.026,-0.102,-0.11,-0.112,0.013,0.003,0.142,0.182,0.133,
0,0,0,0,0,0,0,0,0,0,
0,0,0,0,0,0,0,0,0,0,
0,0,0,0,0,0,0,0,0,0,
0,0.001,0,0,0,0,0,0,0,0,
0,0,0,0,0,0,0,0,0,0,
0,0,0,0,0,0,0,0,0,0,
0,0,0,0,0,0,0,0,0,0,
0,-0.001,0,0,0,0,0,0,0,0,
0,0,0.001,0,0,-0.022,-0.014,-0.027,0.018,0.005,
0,0,0,0,0,0,0,0,0,0,
0,0.001,0,0,0,0,0,0,0,0,
0,0,0,0.001,0,0,0,0,0,0,
0,0,0,0,0,0,-0.001,-0.001,-0.001,-0.001,
0,0,0,0,0,0,0,0,0,0,
0,0.001,0,0,0,0,0,0,0,0,
0,0,0,0,0,0,0,0,0,0,
0,0.001,0,0,0,0,0,0,-0.001,0.001,
0,0,0,0,0,0,0,0,0,0,
0,0,-0.001,-0.001,0,-0.001,-0.001,0,0,0,
0,-0.001,0,0,0,0,0.001,-0.001,0,0,
0,0,0,0,0,0,0,0,0,0,
0,0,0,0,0,0,0,0,0,0,
0,0,0,0,0,0,0,0,0,0,
0,0,0,0,0,0,0,0,0,0,
0,0,0,0,0,0,0,0,0,0,
0,0,0,0,0,0,0,0,0.001,0,
0,0,0,0,0,0,0,0,0,0,
0,0,0,0,0,0,0,0,0,0,
0,0.001,0,0,0,0,0,0,0,0,
0,0,0,0,0,0,0,0,0,0,
0,0,0,0,0,0,0,0,0,0,
0,0,0,-0.001,0,0,0,0,0,0,
0,-0.001,0,0,0,0,-0.001,0,0,0,
0,0,0,0,0,0,0,0,0,0,
0,0,0,0,0,0,0,0,0,0,
0,0,0,0,0,0,0,0,0,0,
0,0.001,0,0,0,0,0,0,0,0,
0,0,0,0,0,0,0,0,0,0,
0,0,0,0,0,0,0,0,0,0,
0,0,-0.001,0,0,0,0,0,0,0,
0,0.001,0.001,0,-0.001,0,0,0,0,0,
0,0,0,0,0,0,0,0,0,0,
0,0,0,0,0.001,0,0,0,0,0,
0,0,0,0,0,0,0,0,0,0,
0,0,0,0,0,0,0,0,0,0,
0,0,0,0,0,0,0,0,0,0,
0,0,0,0,0,0,0,0,0,0,
0,0,0,0,0.001,0,0,0,0,0,
0,0,-0.001,0,-0.001,-0.001,-0.009,0,0,0,
0,0,0,0,0,0,0,0,0,0,
0,0,-0.001,0,0,0,0,0,-0.001,0,
0,0,0,0,0,0,0,0,0,0,
0,0,0,0,-0.001,0,0,0,0.01,0.018,
0,0,0,0,0,0,-0.001,0,0.001,0,
0,0,0,0,0,0,0,0,0,0,
0,0,0,0,0,0,0,0,0,0,
0,0,0,0,0,0,0,0,0,0,
0,0,0.001,0,0,0,0,0,0,0,
0,0,0,0,0,0,0,0,0,0,
0,0,0,0,0,0,0,0,0,0,
0,0,0,-0.001,0,0.009,0.003,-0.003,-0.001,-0.009,
0,0,0,0,0,0,0,0,0,0,
0,0,0,0,0,0,0,0,0,0,
0,0,0,0,0,0,0,0,0,0,
0,0,0,0.001,0,0,0,0,0,0,
0,0,0,0,0,0,0,0,0,0,
0,0,0,0,0,0,0,0,0,0,
0,0,-0.003,-0.006,0.01,0.004,0.003,0,0.006,0.001,
0,0,0,0,0,0,0,0,0,0,
0,0,0,0,0,0,0,0,0,0,
0,0,0,0,0,0,0,0,0,0,
0,0,0,0,0,0,0,0,0,0,
0,0,0,0,0,0,0,0,0,0,
0,0,0,0,0,0,0,0,0.001,0.001,
0,0,0,0,0.001,0,0,0,0,0,
0,0,0,0,0,0,0,0,0,0,
0,0,0,0,0,-0.004,-0.001,0,0,0,
0,0,0,0,0,0,0,0,0,0,
0,0.001,0,0,-0.001,0,0,0,0,0,
0,0,0,0,0,0,0,0,0,0,
0,0,0,0,0,0,-0.001,0.001,0,0,
0,0,0,0,0,0,0,0,0,0,
0,0,0,0,0,0,-0.001,0.001,-0.001,0,
0,0,0,0,0,0,0,0,0,0,
0,0,0,0,0,0,0,0,0,0,
0,0,-0.001,0,0,0,0,0,0,0,
0,0,0,0,0,0,0,0,0,0,
0,0,0,0,0,0,0,0,0,0,
0,0,0,0,-0.001,0,-0.001,-0.005,-0.001,0,
0,-0.001,0,0.004,0.001,-0.004,0,-0.001,0.003,-0.003,
0,0,0,0,0,0,0,0,0,0,
0,0,0.001,0,0,0,0,0,0,0,
0,0,0,0,0,0,0,0,0,0,
0,0,0,0,0,0,0,0.005,0.001,0.005,
0,0,0,0,0.001,0.008,0.001,0,0.001,0,
0,-0.001,0,0,0,0,0,0,0,0,
0,0,0,0,0,0,0,0,0,0,
0,0,0,0,0.001,0,0,0,0,0,
0,0,0,0,0,0,0,0,0,0,
0,0,0,-0.001,0,0,0,0,0,0,
0,0,0,0,0,0.044,0.008,-0.004,0.008,0.004,
0,0,0,0,-0.001,0,0,0,0,0,
0,0,0,0,0,0,0,0,0,0,
0,0,0,0,0,0,0,0,0,0,
0,0.001,-0.004,-0.026,-0.005,-0.013,-0.01,-0.014,0,0.014,
0,0,0,0,0,0,0,0,0,0,
0,0,0,0,-0.004,-0.001,-0.001,0,0.001,0,
0,0,0,0,0,0,0,0,0,0,
0,0,0,0,0,0,0,0,-0.001,0,
0,0,0,0,0,0,0,0,0,0,
0,0,0,0,0,0,0,0,0,0,
0,0,0,0,0,0,0,0,-0.001,0,
0,0,0.001,0.023,0.005,0.005,0,0.005,0.001,-0.017,
0,0,0,0,0,0,0,0,0,0,
0,0,0,0,0,0,0,0,0,0,
0,0,0,0,0,0,0,0,0,0,
0,-0.001,0,0,0,0,0,0,0,0,
0,0,0,0,0,0,0,0,0,0,
0,0,0,0.006,-0.005,-0.001,0,0.003,0,0,
0,0,0,0,0,0,0,0,0,0,
0,0,0,0,0,0,0,0,0,0,
0,0,0,0,0,0,0.001,0.001,0,0,
0,0,0,0,0,0,0,0,0,0,
0,0,0,0,0,0,0,0,0,0,
0,0,0,0,0,0,0,0,0,0.001,
0,0,0,0,0,0,0,0,0,0,
0,0,0,0.001,0,0,0,0,0,0,
0,0,0,0,0,0,0,0,0,0,
0,0,0,0,0.001,0,0,0,0,0,
0,0,0,0,0,0,0,0,0,0,
0,0,0,0,0,0,0,0,0,0,
0,0,0,0,0,0,0,0,0,0,
0,0,0,-0.001,0.001,0.019,0.006,0.001,0.01,0.003,
0,0,0,0,0,0,0,0,0,0,
0,0,0,0,0,0,-0.001,0,0.001,0,
0,0,0,0,0,0,0.001,0,-0.001,-0.001,
0,0,0,0.023,0.003,0.001,-0.016,-0.029,0.01,0.014,
0,0,0,0,0,0,0,0,0,0,
0,0,0,0,0,0,0,0,0,0,
0,-0.005,-0.011,-0.003,0,0,0,0.018,0.005,0,
0,0,0,0,0,0,0.001,-0.001,-0.001,0,
0,0.001,0,0,-0.001,0,0,0,0,0,
0,0,0,0,0,0,0,0,0,0,
0,0,0,0,0,0,0,0,0,0,
0,0,0,0.001,0,0,0,0,0,0,
0,0,0,0,0,0,0,0,0,0,
0,0,-0.001,0,0,0,0,0,0,0,
0,0,0,0,0,0,0,0,0,0,
0,0.007,0.003,0.003,0.001,0.005,0.001,0.003,0.001,0.001,
0,0,0,0,0,0,0,0,0,0,
0,0,0,0,0,0,0,0,0,0,
0,0,0.001,0,0,0,0,0,0,0,
0,0,0,0,0,0,0,0,0,0,
0,0,0,0,0,0,0,0,0.001,-0.001,
0,0,0,0,0,0,0,0,0,0,
0,0,0,0,0,0,0,0,0,-0.001,
0,0,0,0.003,0.001,0.001,0.002,0.002,0.003,0,
0,0.012,0.013,0.003,0.004,0.003,0.001,0.001,0.002,0.001,
0,0,0.001,0,0.001,0,0,0,0,0,
0,0,0,0,0,0,0,0,0,0,
0,0,0,0,0,-0.001,0,-0.001,0,0,
0,0.001,0.001,0,0,0,0.001,0,-0.001,-0.001,
0,0,0,0,0,0,0,0,0.002,0.002,
0,0,0,0,0,0,0,0,0,0,
0,0,0,0,0,0,0,0,0,0,
0,0,0.001,0.001,-0.001,-0.004,-0.001,0.009,0.003,0,
0,0,-0.001,0,0,0,0,0,0,0,
0,0,0,0,0,0,0,0,0,0,
0,-0.001,0,0,-0.001,0,0,0,0.003,0,
0,0,0,0,0,0,0,0,0,0,
0,0,0,0,0,0,0,0,0,0,
0,0.002,0,0,0,0,0,0.001,0,0,
0,0,0,0,0,0,0.001,0,0,0,
0,0,0,0,0,0.001,0.002,0.002,0.003,0.001,
0,0,0,0,0,0,0,0.001,-0.001,0,
0,0,0,0.001,0,0,0,0,0,0,
0,0,0.004,0.002,0.004,-0.002,0.001,0.001,0,-0.002,
0,0,0,0.004,0.001,-0.001,0.003,0.002,0,0.003,
0,0,0,0,0,-0.003,-0.007,-0.003,-0.001,0,
0,0,0,0,0,0,0,0,0,0,
0,0,0,0,0,0,0,0,0,0,
0,0,0,0,0,0,0,0,0,0,
0,0,0,0.001,0,0,0,0,0,0,
0,0,0,0,0,0,0,0,0,0,
0,0,0.037,0.065,0.03,0.05,0.026,-0.009,-0.046,0.031,
0,0,0,0,0,0,-0.001,0,-0.001,-0.001,
0,0,0,0,0,0,0,0,0,0,




Further Data analysis of all test cases 
INSTANCEID avg med max min 
INSTANCE1 0, 0, 0, 0, 
INSTANCE2 0, 0, 0.012, -0.026, 
INSTANCE3 0, 0, 0.037, -0.102, 
INSTANCE4 0, 0, 0.065, -0.11, 
INSTANCE5 0, 0, 0.03, -0.112, 
INSTANCE6 0, 0, 0.05, -0.022, 
INSTANCE7 -0, 0, 0.026, -0.016, 
INSTANCE8 0, 0, 0.142, -0.029, 
INSTANCE9 0, 0, 0.182, -0.046, 
INSTANCE10 0, 0, 0.133, -0.017, 



