

Data analysis for each instance 
AVG,MED,MAX,MIN
20009,14118,8126,7151,7078,7057,7055,7055,7055,7055,
15501,8757,6757,6519,6782,6065,5924,7121,8257,7695,
18879,8984,8701,9540,8544,9346,6749,10084,7839,7818,
16450,9304,7607,7120,7278,6875,6997,6749,6804,6617,
19249,8605,8128,7454,8737,8676,7706,6813,6720,6718,
12035,6573,6681,6117,6594,5027,5953,4955,6545,4687,
12716,7684,6735,6601,5867,6621,6578,5977,5721,4973,
11559,7326,5550,5679,6164,6156,5770,5940,5701,5453,
11466,7857,6632,6223,6176,5788,6355,5512,5923,5930,
18638,10090,8508,7445,6592,7345,6668,7300,8894,9688,
12689,8454,7500,6714,7163,6335,6215,6586,6516,7113,
15498,8879,7556,6823,6321,7755,7669,6129,8345,5650,
19326,8958,7370,6902,7942,6709,6698,6681,6669,6615,
14233,8069,6883,7082,6721,6182,6840,5934,6348,6447,
15515,8592,7855,7471,6464,7321,7884,6933,6531,6493,
9749,6673,5691,5719,5626,6086,5575,5174,5699,5106,
16917,8860,7095,7779,7305,6425,6388,6728,6875,8033,
12500,6964,6803,6767,6290,6432,6509,5982,6580,6155,
11104,7068,5881,5492,5773,5053,5915,5408,4997,5386,
32597,23363,20184,19852,19829,19829,19829,19829,19829,19829,
14309,7925,7112,6710,6538,7293,5892,5817,6684,6306,
18802,9302,8884,9332,9312,7267,7777,7304,7960,7629,
11625,6502,6811,6209,5544,6025,6242,5131,6269,6488,
11817,7648,7116,7278,6572,6327,6073,7080,6303,6972,
13905,8589,6347,6742,6387,6738,6961,6713,6529,7180,
15803,8797,7637,7687,8467,7837,6995,7014,7574,7018,
20605,11909,7334,7268,7133,7086,7086,7086,7086,7086,
16584,7429,6718,6541,7348,6009,6690,7519,6078,6657,
13874,8116,7408,6700,6638,7171,7094,6580,6883,6755,
15803,8321,7284,7264,8055,7025,8094,6020,6508,6200,
14915,7853,7164,6205,6526,6339,6551,7475,6952,6099,
11897,6650,5738,6306,6429,6346,5490,5499,6211,6553,
13116,6852,5821,6383,6653,5640,6386,6747,6228,5308,
15288,6715,5651,7079,7292,6348,5735,5368,6148,5345,
17900,10123,7686,7469,7099,7366,7062,7447,8119,8054,
18347,9336,7303,6300,6259,6216,7178,7398,7528,6399,
11420,7237,6244,6212,5535,6315,5941,6583,5768,5666,
18076,8420,6494,7237,6325,6314,6313,6313,6313,6313,
14495,7632,6914,6968,6340,6469,6308,6221,6494,5215,
14352,7097,6282,5785,5951,5669,6303,5874,5982,6667,
14600,7073,6297,5283,6021,6936,6675,7135,6294,5948,
11605,7128,6589,5546,5984,6325,6365,6375,6197,6465,
12753,7529,6622,6462,5723,6572,6123,6393,5857,6141,
12323,7262,7592,5784,6534,5518,5924,5860,5667,7044,
16144,9014,7599,7154,6475,6347,6697,6524,6598,6407,
16551,8565,6218,6714,6077,5911,5856,5763,5979,5765,
21205,9967,8635,8018,8017,7979,8010,7978,8010,7978,
12016,7524,6097,6042,6614,6087,5809,6449,7628,6675,
9910,6893,6342,5724,5901,5634,5952,6445,6005,5795,
12417,5889,5122,5418,5596,5603,5201,5659,5556,6958,
15459,8758,6564,6721,5809,5818,6020,5800,5825,5445,
12359,7661,7021,6781,5778,6444,6846,6263,6037,6311,
13986,7843,5917,6114,6585,6288,5859,5873,6104,5391,
15292,7801,8052,7175,6276,5948,6457,6631,6389,7012,
14617,8903,6937,7509,6603,6885,6513,7112,7256,6923,
13073,7275,7038,6144,6657,6566,6167,6328,6087,6478,
13356,6649,7034,6980,6597,6244,6848,5606,5242,6571,
10601,7106,6246,6540,5667,5721,5466,5673,5558,5560,
11762,7146,6578,5562,5827,6861,6237,6332,6782,6577,
11016,7356,6822,6453,6643,6341,6534,6358,6149,6531,
14951,8181,6711,7631,6692,5537,5918,5533,5435,6375,
11643,7082,6613,5935,5977,6206,5853,5512,5671,5150,
10516,7540,7135,6678,6303,6185,5728,6744,6267,6345,
13473,7520,7195,6799,5956,5181,6371,5170,4971,5076,
21492,11886,9734,8092,7994,7989,7989,7989,7989,7989,
16817,8289,7562,7478,6602,8850,7434,7900,7801,7299,
19245,11672,8907,7806,8739,8269,8200,8418,8249,9730,
10512,6761,6183,5936,6255,5606,5826,5770,5692,5750,
14529,7681,5936,5556,5428,5413,5413,5412,5412,5412,
13479,6811,5303,6513,6354,6533,6002,7595,5858,7437,
12351,6919,5437,7004,6928,6928,6346,5948,5944,6097,
13761,7976,6466,6257,5355,4975,5321,4951,4948,4947,
10186,7155,5846,5945,6188,5775,6472,6150,6498,6155,
10991,7049,6915,6144,6629,6870,6289,6450,5913,6074,
11677,7562,6512,6516,6039,6762,6378,6059,6055,6112,
11818,6840,6231,6328,7231,6071,5937,6579,6076,5827,
12945,8851,7479,6417,7682,6598,6148,5759,7282,6361,
33112,18870,14597,12954,12781,12764,12764,12764,12764,12764,
10381,7134,6293,5831,6415,5941,6306,5839,6173,6341,
11757,6926,7505,6269,5861,5835,5938,5930,6081,5042,
16681,9355,8251,7445,6993,7139,8639,7021,6351,7647,
12223,7435,6842,6734,6067,6335,6334,6054,6277,6697,
15944,6057,5428,5386,5373,5380,5372,5371,5371,5371,
9549,6029,5854,5494,5730,6009,5602,5664,5575,5785,
13977,7010,5999,6038,6351,5582,5969,5758,5712,5153,
13949,7938,6628,6743,6412,6718,6631,6318,5928,6774,
13262,6889,5404,5220,4968,5382,4983,5355,5071,4809,
15981,7313,6066,7750,5537,5978,5520,5518,5520,5519,
15458,8719,7350,6434,6821,7135,6423,7395,6543,6634,
10809,6686,5828,6227,6179,5536,5543,5522,5670,5533,
17248,7939,8215,7495,7166,7020,7428,7293,6563,7166,
15046,8843,7644,8095,6631,7805,6735,8084,7395,6463,
12114,7632,7081,6708,6377,5632,5902,6665,7067,6711,
11933,7693,6862,6342,6509,6751,6805,6685,6299,6913,
13678,7838,6160,7413,6566,5976,6502,6443,6949,6214,
11522,7237,6616,5963,5589,6488,5498,5502,6182,5891,
22496,9751,8250,8182,8178,8178,8178,8178,8178,8178,
11189,6328,5993,5091,5692,6052,5409,5565,5920,5659,
14409,7396,6268,5843,6204,6525,5960,6770,6000,6081,
19677,9418,8460,8002,7598,7879,8673,7754,8168,7393,
12511,7623,6791,6905,6388,6414,7167,6041,6450,6786,
9978,6057,6238,5297,5343,5808,5331,4335,4716,5373,
12164,6397,6082,7454,7404,5901,6605,6060,5785,5779,
11764,6978,6455,6151,6065,6351,6409,5847,5889,6004,
12268,7439,6361,6869,6089,6644,7055,7208,6687,6487,
10852,5760,5464,5245,5660,6120,4944,6199,5482,5051,
11224,7377,7202,6111,5578,5385,5379,4965,5049,5314,
16220,9081,7229,6424,7161,6327,6274,6409,5960,6843,
16626,8199,8141,7098,6262,7761,7456,6460,6720,6797,
17570,9480,6553,6303,6114,6134,6133,6128,6128,6128,
13209,7248,6616,6917,6532,7716,7172,6017,6521,6235,
14748,8243,7177,6875,7480,7060,6972,6406,6293,7780,
13654,8091,7193,6255,6687,6032,6638,7134,6617,7225,
13876,7465,5990,5582,6811,6262,4882,4724,4741,4725,
10528,6761,6492,6341,5295,6168,5956,6341,5810,6001,
10489,6051,5422,5256,5993,5542,4940,5300,5151,6693,
15832,8035,6888,7691,6988,5833,6029,6709,6339,5813,
16099,9044,8243,8193,7755,7120,7842,7432,6795,7169,
14112,7705,7102,6225,5845,6602,6424,6351,5807,6011,
15357,8468,7720,7769,6841,6429,6519,7710,6664,6995,
14167,7501,5882,6099,6545,6749,6177,5587,5726,5483,
19623,7880,6790,6764,6763,6763,6763,6763,6763,6763,
14289,7386,7075,6215,5620,5987,5906,6138,5902,7027,
14478,7603,6603,6801,6867,6379,6522,6251,6000,6668,
21535,9736,7709,7596,7591,7591,7591,7591,7591,7591,
9656,5264,5445,5632,5053,4867,5358,5511,4448,5833,
13135,7834,7330,7227,6335,6442,6166,5419,6486,6606,
17229,7822,6959,6736,6482,6426,7167,7022,6413,5796,
11405,6907,6973,6945,6054,6386,6357,6533,6904,6196,
15043,8781,7151,6951,6722,6663,6780,6348,6412,6670,
10389,7221,6906,5802,6469,6667,6141,6621,5820,6781,
11145,7123,6195,6471,6423,6384,6209,6358,6124,6431,
14269,7067,6188,6634,5673,6423,5827,5837,6441,5414,
13757,7080,6261,6361,6347,5948,6087,6439,6588,6538,
17911,9492,7384,6692,6589,6576,6576,6576,6576,6576,
12284,6033,6241,6349,5597,5558,4607,5562,6218,5077,
17185,9773,8989,8259,7199,8837,7413,7419,8116,7113,
21642,10028,8808,8727,7425,7677,7331,7342,8785,7732,
15485,8404,7671,6442,7165,6394,7176,7283,7100,6877,
18552,8737,7274,6526,6440,6479,6433,6478,6433,6478,
10887,6345,5850,4910,5473,4580,4992,4674,4512,4407,
17846,10197,9697,8051,6725,6692,8543,6959,8461,8639,
15783,8871,7992,6957,7015,6519,7296,6847,7224,7502,
12257,7124,6573,6696,6914,6759,6609,5930,6410,6069,
20289,8946,10026,9242,8837,7782,7717,7876,7223,7072,
12977,7070,6100,6850,5722,5605,6009,6296,5228,6015,
12502,7497,6204,6671,6238,6569,6103,6103,6918,5840,
10500,7468,5759,5677,5782,5933,5923,5385,5987,5320,
13223,7568,7478,7235,7184,6156,6168,5595,6290,6247,
15708,8305,8330,6768,7620,7070,7174,7338,7215,8010,
15831,8127,8147,7361,8169,7624,7153,6696,7302,7003,
10203,6675,6599,5793,6185,5896,5798,5912,6168,6134,
16876,7679,7600,7701,7539,6908,6022,6023,6021,6021,
11462,6975,7092,6618,5974,6481,6401,6254,6020,6264,
15376,8572,7159,6489,7067,6241,7690,6311,7960,6837,
12246,6535,6622,6337,6373,5489,6249,6357,5871,5651,
10192,6880,6582,6345,5413,6275,6234,5739,5689,5578,
13991,7488,7127,7569,6428,5986,6887,5153,5723,4932,
9073,6984,6603,6398,5936,6179,6071,5995,5784,5761,
12139,6626,5754,5111,5762,6133,6019,6010,5172,5886,
13699,7819,7167,6566,6440,5481,6472,6197,6921,7158,
9305,5985,5508,6154,5442,5253,5518,5127,4676,5476,
13778,7507,6772,6462,6714,5729,6134,5848,5687,5354,
11866,7160,7030,6000,5321,5722,5225,6060,5496,5806,
11182,7113,6498,6041,6081,5735,5860,5413,6219,5985,
14466,7407,6990,6896,6766,6106,5776,6460,6543,6681,
13106,6621,4987,5194,4917,5350,4730,4638,4633,4633,
13258,6211,6946,6088,5697,4921,5360,4798,4908,4941,
12199,7612,6094,6405,6465,6030,6018,5844,6256,5948,
15293,8850,7095,7253,6015,6544,6970,6537,7562,7755,
14828,8104,6133,7251,7221,6925,6490,7104,7453,6238,
25247,13757,10994,10591,10556,10554,10554,10554,10554,10554,
12046,7213,6909,5788,5369,6699,6536,6561,5589,6058,
17944,10253,8506,8175,8310,7320,6914,6966,6818,7324,
18364,8882,7401,7998,6665,6564,7442,6812,6890,7099,
8769,6015,6209,6203,5272,6620,5103,5587,5984,5597,
15800,7531,5928,5828,5824,5822,5823,5822,5823,5822,
11461,6704,6423,6071,5470,4918,6285,4948,5282,5618,
11093,6533,6349,5868,6592,6008,6918,6691,6155,6573,
12221,6352,6603,5984,5467,6455,6310,6315,5935,5933,
12745,6751,5813,4656,5408,4960,6264,4901,5960,4830,
10635,7073,6398,6029,5813,7123,6354,5173,4339,5928,
12126,6076,6838,5529,6296,5463,4802,4837,6373,5715,
18996,10668,7311,7495,7451,8794,6814,7608,6883,6494,
17742,8541,8268,8236,6946,7159,7687,7068,6777,7955,
11948,7122,6920,6451,6594,6397,6628,6706,6332,6659,
11639,6612,5602,6294,6704,5571,5306,5522,6650,4859,
11212,6723,5499,5771,5699,5602,5151,5182,5899,5616,
13039,6882,5749,6208,6252,5702,5987,5750,6129,5824,
13814,7429,7292,7182,7245,5599,6671,5749,6087,6129,
10619,6751,6697,6369,5852,5513,5820,5712,5895,5862,
11864,7380,7010,5469,4336,6812,4743,4095,4084,4971,
12688,7916,7241,7000,6676,6433,6344,5817,6458,6310,
9167,5135,5073,4538,4610,4479,4698,5089,4477,5397,
17271,7888,7032,6717,7398,6755,6685,7325,7462,6656,
13632,7416,7115,6069,6685,5737,6334,7662,5836,5397,
12441,7140,7066,6507,5521,7733,6365,5827,6271,6083,
12392,8018,6783,6253,6122,6302,6513,6543,6595,6711,
17231,9127,6771,6556,6540,6539,6539,6539,6539,6539,
9419,6242,6306,6046,5935,5807,6187,6086,6384,5986,
10360,5589,6171,5339,5102,6001,5686,5131,4915,4993,
12525,6823,4483,4317,4266,4255,4254,4254,4254,4254,
19173,9843,7167,8302,7220,6796,6773,6778,6776,6776,
12018,6442,6473,5312,6061,5887,5244,5835,5575,5456,
12316,7602,6160,6294,5710,5988,5948,6148,6144,6075,
10761,6340,6111,5893,5969,5600,5612,6084,5778,5589,
13521,6893,6461,6580,6019,6662,5369,6294,5696,6210,
13337,6814,6596,6822,6204,5713,5477,5241,5549,5849,
20326,9836,8171,7333,9055,8828,8348,7625,7586,7280,
16999,7750,7493,7144,7087,5914,7991,6260,6007,6711,
14527,7812,6588,6946,6686,6779,6431,6414,7301,7084,
17150,10833,8773,8785,8525,7528,7501,8840,6914,7033,
12029,7736,6126,7020,5923,5904,6234,6232,5247,5433,
11134,6929,6782,6247,6642,6827,5340,6722,6269,7063,
20697,11141,8818,7963,8410,7601,7680,7632,7688,7604,
13739,6779,6639,6660,5190,5758,5453,6777,5430,5568,
17529,7837,6647,6475,6453,6451,6451,6451,6451,6451,
11947,6985,5946,5486,6342,5566,5531,5724,5776,5774,
13667,6521,6508,6070,6291,6529,6805,7146,7274,5741,
22009,9706,7522,7494,7493,7493,7493,7493,7493,7493,
10891,7008,6669,6393,5762,5330,5701,5462,5468,5071,
10507,5756,6165,6253,6284,6854,6017,6394,5502,6111,
11167,7374,6809,6698,6694,6623,5701,6293,6403,6369,
15249,7962,5287,5182,5162,5158,5157,5157,5157,5157,
17058,10400,7235,7455,6453,6946,7263,6892,6792,6186,
11892,7365,7311,6699,6513,5961,6828,6372,6543,5929,
14993,8030,6537,6417,6422,6002,5629,6251,7068,5931,
10584,6100,6648,5283,5087,5510,4920,4988,4275,4342,
18947,8112,6467,6411,6409,6409,6409,6409,6409,6409,
12941,7517,6820,4840,4760,4750,4863,4747,4747,4747,
15619,8070,5859,5401,5378,5378,5378,5378,5378,5378,
13700,7921,6758,5839,6553,6115,6506,6201,6660,6278,
14615,7972,6407,7125,5685,5324,5702,5092,5714,6224,
12686,7065,6895,5747,6923,6005,6148,5897,6808,5922,
10224,6535,6201,5583,6367,4773,6348,6251,6554,6377,
13047,7362,6508,6569,6463,6101,5958,5780,5768,6693,
14289,8795,6992,7734,7005,6076,6653,6286,7099,6511,
12503,7891,7286,6613,6956,7754,6955,7486,7110,6433,
11414,6857,6182,6439,6868,6089,6300,6298,5706,5403,
10885,6978,6314,5436,5764,6022,4896,4810,5279,4887,
26786,15572,10775,10309,10260,10256,10256,10256,10256,10256,
14096,8587,7560,7716,7473,6374,6876,5845,4951,5315,
13165,6436,6777,7133,6074,6744,6695,5988,5922,5788,
14840,7102,5288,7392,7346,7197,7246,6517,6169,5928,
24915,14216,9436,9873,9800,9570,9549,9548,9548,9548,
13307,6575,7125,6377,6461,5535,6018,5405,5376,5355,
24722,11122,10411,9576,8794,9302,8742,8934,8726,8928,
16674,7888,6204,7022,5919,6072,5883,5904,5899,7045,
22293,10459,9451,7627,8546,7737,7489,8597,7666,7665,
13167,8658,6959,6977,6748,6962,6816,5880,6767,7274,
18512,9301,8357,9103,7395,7390,7750,8178,9087,7555,
17334,7843,6540,6462,6458,6458,6458,6458,6458,6458,
11961,7504,7199,7081,6022,6218,6585,6882,6809,7102,
11868,6781,6588,6109,5898,5992,5640,5596,5616,6009,
18405,9394,8612,7827,6933,6932,6930,6930,6930,6930,
10749,6303,6320,5987,6021,6636,5792,5968,5724,5904,
14737,8179,7816,6952,7143,7156,7228,7081,7866,8320,
14365,7617,6938,6690,6323,6224,6419,5524,6435,6054,
8787,6290,5105,4782,5810,5031,5173,5375,5303,4846,
15290,6650,5524,5509,6424,6180,6119,6508,6009,6205,
15479,8058,7141,6705,7621,6973,7103,6675,7410,7242,
13674,8823,7172,7250,6291,6495,6961,7191,7211,5879,
15112,7455,6731,6754,6799,5796,6203,7414,6706,6715,
11693,6098,6104,6278,5637,5881,6631,5809,6674,5985,
12367,6784,7141,6563,6120,6566,6342,5991,5616,6330,
16380,7237,5941,5732,5665,5652,5657,5652,5657,5652,
12725,7234,4618,4973,4281,4281,4281,4281,4281,4281,
14474,6880,6602,5890,6196,6058,5380,6322,6035,6644,
8148,4168,3019,2723,2723,2723,2723,2723,2723,2723,
10930,6099,4872,4371,5085,4098,4753,4288,4597,4267,
10306,5958,4566,5268,4739,5050,4034,4783,4831,4737,
9481,5344,4723,4627,4100,4311,4230,3782,3680,3782,
7587,4403,4372,3819,4355,4106,4206,3670,3706,3431,
7927,4984,4250,4451,4290,4600,4288,4102,4153,4110,
8600,4330,4353,5060,4500,3999,3388,4186,4215,4275,
10427,5997,5518,5321,4491,4169,4166,4954,4862,4092,
8949,5275,4392,4530,4868,5168,4616,4454,4091,4124,
8216,4462,4489,4442,4095,4456,4590,4241,3972,3652,
11265,5658,5167,3873,3773,3752,3751,3751,3751,3751,
10823,6173,5228,4950,4290,3685,3605,3644,3604,3644,
9427,4897,3583,3757,3491,4598,3779,3885,3653,4780,
9859,5247,4628,4465,4317,4547,4454,4714,4034,4341,
8042,4692,4521,5484,3854,3724,4337,3973,4483,5079,
12921,6217,5856,5534,5131,4575,4492,4438,4427,4368,
8891,4569,4363,4431,4036,3795,3832,3537,3551,2980,
12013,6175,4711,5689,4548,4149,4241,3967,3945,3999,
8792,5074,3907,4303,4160,3854,3853,3445,3651,3187,
9589,5777,4263,4863,4211,4823,4204,4401,3893,4867,
10112,5337,5412,4412,4533,4352,3938,4182,4253,4094,
11083,4687,4725,5725,4734,4187,4284,4026,3833,3795,
12783,6907,6043,5575,5325,5936,6167,4826,5429,4900,
15224,8432,5763,5578,5565,5565,5565,5565,5565,5565,
9220,4452,3940,3473,3747,3981,3465,3521,3295,3171,
12274,5712,5722,5340,4552,6082,5565,4693,5124,4354,
8778,5763,4215,4536,3833,3548,4160,4565,3602,3375,
10135,6084,5452,4839,4615,4295,4562,4318,3606,4090,
11210,6106,5320,5076,4986,4814,4842,4291,4744,4487,
8544,5077,3915,4635,4701,3532,3436,3982,4202,4592,
15390,7700,6753,6167,5469,5446,5443,5443,5443,5443,
9770,5915,5285,4781,4269,4718,4885,4638,4382,4483,
8904,4438,3952,4681,4433,3821,4046,4099,3484,3802,
9911,5501,4233,4305,4129,4310,3759,4057,3841,3770,
9334,5228,5410,4744,4410,5267,4681,5009,4636,4670,
11614,5363,5230,5767,5851,4412,4694,5763,4498,4333,
8683,5018,4770,4571,4110,3753,4487,3710,4944,4998,
7817,5505,4013,4928,3916,4307,3608,3926,3757,4814,
8661,4991,4271,4545,3908,3929,4220,4159,4108,3891,
11551,5479,4632,5227,5208,4487,5336,4876,5062,5367,
7900,4980,4894,4378,3998,3765,3817,3974,3963,4154,
8126,4746,4701,4185,3905,3423,4311,3936,4081,3874,
11664,6143,4616,4853,4163,4653,4364,5564,5402,4942,
7720,4734,4142,3905,3703,3547,3792,3391,3362,3498,
9503,5749,5514,4414,4506,4599,4031,4340,3834,4026,
9220,4851,4342,4673,4435,4505,4846,4805,4351,4470,
15017,6153,5893,5126,5089,5086,5089,5088,5087,5087,
9163,4173,4428,4531,4024,4375,4086,4420,4031,4520,
10822,4895,4286,4706,4682,6144,4274,4598,4320,4240,
10041,5328,5005,4118,4311,4435,4179,3819,4384,3650,
8408,4232,3792,3595,4974,4054,4081,4260,4392,4938,
11299,5934,4193,4406,4225,5228,3789,4262,5237,4269,
9858,4956,4224,3907,3546,3723,3475,3694,3990,3698,
12239,5080,5857,5946,5140,4982,4478,4844,5857,4455,
9328,4725,4619,4143,4037,4080,3871,3571,4059,4113,
9750,5023,5523,4668,5078,5130,5119,5049,4693,5235,
11381,5725,4677,4382,5571,5128,4285,3945,4090,4173,
13935,7217,6603,5130,4880,5764,4971,5035,5336,4931,
10132,5456,5150,5197,5169,5302,5190,4782,4866,4529,
9530,5333,4667,4519,4525,3994,4081,4385,4198,4371,
7669,4634,4651,3989,4530,3682,3978,3671,3999,3548,
10948,5029,5371,3946,3901,4603,3680,4193,3709,3885,
7471,4443,4549,4230,3683,4941,4184,3443,4028,4010,
7689,4554,4234,4240,4008,3758,3603,3456,3176,3043,
9079,5846,4899,4274,4529,4373,4228,4295,4112,4306,
8364,5183,4892,3703,3944,4399,4389,4100,4751,4252,
15935,7357,8060,5835,5880,5699,5764,6013,6518,5615,
11102,5034,4291,4354,4020,3802,3762,3759,3759,3759,
19763,7332,7318,6748,6760,6715,6754,6715,6754,6715,
10170,4313,4676,4347,4025,3462,3434,3463,3975,3452,
9781,5552,4487,4776,4023,3925,3899,3713,4071,3989,
13470,6690,4608,4579,4814,4574,4560,4560,4560,4560,
8772,4672,4418,4254,5035,4362,4264,4244,4832,4226,
12257,5544,5289,4807,4775,5490,5889,4535,5422,4880,
8593,5435,4661,4288,4538,4469,3851,4167,3842,3881,
9486,5475,5337,4981,4890,4387,4954,4587,5013,4192,
16933,7071,5829,5785,5783,5783,5783,5783,5783,5783,
12871,6739,6209,6124,6022,5116,5749,6246,5549,5559,
11014,5192,4787,4451,5889,4755,4901,4205,4396,3973,
15627,8010,6206,5230,5162,5160,5160,5160,5160,5160,
8814,5464,5357,4649,4030,3884,3861,3645,4482,3964,
7580,4826,4667,4462,4000,3308,4464,3972,3911,3898,
12149,5743,4391,4530,4213,5437,4169,4168,4168,4168,
8147,3820,4211,3233,2999,3343,3438,2703,2701,2700,
9299,4821,4804,4354,4683,4041,4909,4195,3914,4277,
8500,4586,4552,4212,4768,4834,4343,3905,4632,4176,
10499,6301,4861,4446,4272,4440,4700,4495,5035,4383,
11083,5908,5612,4532,4968,4306,3944,4336,4466,3945,
10347,6279,4708,5960,3584,4402,3475,3445,3435,3510,
8241,4937,5071,4549,4054,4011,3949,4251,4089,4218,
12621,5191,4464,4245,4227,4225,4225,4225,4225,4225,
7179,5147,4430,4480,4494,4242,4139,3965,4293,3967,
14082,6204,6090,5546,5738,6082,4954,5576,5014,5311,
10428,5327,4399,3955,4484,3828,3724,3723,3725,3725,
8553,4897,5068,4300,4429,4846,4041,3745,4194,3609,
10601,5299,4001,4278,5148,4341,4100,4063,4670,4231,
21195,8686,7562,7493,7491,7491,7491,7491,7491,7491,
8009,4838,5005,4564,4156,4167,3689,3963,4214,3713,
13555,6668,5843,5198,5083,4650,4906,4551,4531,5942,
9031,5122,4608,4446,4522,4206,3661,4332,4306,4449,
9919,4861,4671,4035,4285,4177,3800,4619,4108,4088,
10168,5710,4597,4670,4674,4664,4555,4724,5029,4476,
7640,5364,4189,3755,3895,4006,4278,4292,3723,3654,
11317,4568,3813,3748,3746,3746,3746,3746,3746,3746,
13035,5405,5039,5048,4626,4367,4914,4795,4653,4595,
10407,5240,4383,4439,4352,4792,4381,4197,3619,3666,
10602,5172,4807,4746,4011,4338,4138,4615,4592,3917,
10151,5361,4237,3863,4105,4552,5027,4633,3868,3453,
9757,4835,4968,4735,5251,4494,5141,4489,3853,4813,
17670,7585,6926,8256,6032,6209,6044,6032,6144,6532,
8723,5133,4764,4178,3850,4340,3532,3732,3908,3869,
11448,4825,3823,3762,3761,3761,3761,3761,3761,3761,
8638,5380,5004,4314,4679,4221,3841,4175,4364,4183,
9457,6031,4941,4570,4707,4274,4251,4170,4265,4560,
13240,6659,5363,5408,5572,6488,4446,5100,4400,4400,
9574,5608,4938,4817,4726,4245,4298,4568,4296,4688,
13326,5940,6501,4767,4538,5075,4402,4397,4397,4397,
11196,5495,4574,4066,4056,5122,3844,4138,4525,4772,
12246,6038,5596,5951,4711,4356,4078,4059,4091,4035,
10864,5669,4960,4158,4470,3868,3791,4331,3930,3796,
13220,6105,5383,4802,4497,4481,4480,4480,4480,4480,
11654,6340,5065,5550,5132,4427,4122,3905,3885,4259,
9426,4144,4016,3875,3583,3204,3732,3976,3433,3608,
8436,4823,5050,4279,4328,4456,4229,4312,3743,4552,
10096,5257,4529,3931,4885,3899,4448,3764,4653,4067,
17182,9001,6232,6760,6019,5849,6017,5846,6017,5846,
9321,6055,4727,5006,3780,4390,4268,4692,3934,3744,
10613,5686,5909,4199,5290,4964,5315,4284,4661,4536,
11062,6067,4736,5326,4051,4802,4756,4923,3947,4849,
8522,5119,4619,5078,4640,3972,4169,4040,4739,4369,
10818,5158,3719,3703,3702,3702,3702,3702,3702,3702,
12249,5860,4942,4917,5015,4509,4762,5672,4751,4548,
11455,5503,4838,4688,4075,4779,4978,4176,3945,3986,
8542,5140,4426,4496,3795,3772,4392,3978,4972,4003,
9743,5457,4905,4852,4453,4152,4771,4208,4978,4777,
10570,5102,4738,4635,4917,3789,4712,3985,4549,4079,
9612,4417,4252,3641,5041,3928,3816,3887,4303,3447,
9856,4627,3933,3549,4020,4190,4112,4511,3921,3843,
11511,4835,4797,3997,3932,3924,3924,3924,3924,3924,
11249,5966,5407,5531,5723,5078,4630,5180,5244,4525,
11645,5768,5638,4429,4415,6530,4647,4957,4824,5535,
10001,5029,4292,4076,4184,3593,4047,4234,4263,3829,
10854,5562,4964,4313,4962,3790,3939,4871,4544,4241,
10888,6005,5091,4393,5015,5338,4114,4644,4409,4356,
15413,7944,6194,5589,5492,6415,5553,5469,5332,5323,
10453,4726,4648,5074,5004,4064,3814,4308,4251,4013,
12775,6341,5220,5131,4501,4434,4416,4414,4414,4414,
11959,6194,5816,4980,5422,5563,5554,5208,6123,5127,
7278,5015,4135,3811,3497,4115,3677,3558,3442,2903,
12172,6431,4456,4192,4182,4182,4182,4182,4182,4182,
8395,5120,4283,4294,4091,4774,4560,4174,4158,4029,
8514,5114,4553,4216,3844,4349,4029,3343,3383,3198,
12534,4888,4195,4149,4146,4146,4146,4146,4146,4146,
9364,4945,4521,4447,4838,4265,4774,4545,3674,4970,
12262,6048,5096,4578,5066,4838,4435,4238,5671,4506,
11316,6117,3696,3689,3688,3688,3688,3688,3688,3688,
8721,5221,4044,4042,4194,3786,3713,4179,4731,3603,
14284,6190,5465,4705,5541,4781,4713,4972,5574,5195,
8296,4946,4584,4662,4262,4664,4578,4403,4012,4604,
9715,4760,4190,4345,3692,3324,4976,4024,5570,3992,
8684,4443,4269,4130,4190,3931,3968,4361,3705,4095,
8762,5066,4134,5066,4534,4253,3934,3920,4426,4208,
9931,5255,5263,4638,3749,4812,4057,4531,4086,3722,
9739,5457,5090,5489,5096,4327,4458,4410,4683,4292,
11767,5681,6094,5335,4713,5232,4354,4173,5714,4733,
11722,4718,4787,4921,4257,4177,4394,4420,4341,4520,
7901,4853,4626,4759,4248,3715,3743,4000,4211,3646,
9337,5192,4129,4441,4360,4321,4248,3987,4191,3840,
9230,5631,4880,4528,4750,4745,3982,4520,4255,4283,
13122,4988,4492,4472,4471,4471,4471,4471,4471,4471,
14500,6672,5075,8254,4700,4694,4694,4694,4694,4694,
14038,5682,4827,4763,4759,4759,4759,4759,4759,4759,
9874,5479,4621,4677,4988,4621,3499,3770,5085,4571,
12860,6082,5013,5540,5244,4643,4582,4707,4582,4378,
17564,8359,6776,6672,6664,6663,6663,6663,6663,6663,
9126,5213,4542,4261,4010,4539,4345,4576,4062,4725,
8327,4349,4100,4069,4144,3898,3310,3339,3703,3841,
11469,4361,4040,3859,4573,3929,4621,4688,4090,4726,
11816,5770,5473,5412,4952,4367,4382,4228,4192,4897,
10005,6176,5073,4616,4529,4641,4867,5028,4967,4775,
9434,5537,5023,4120,3785,3633,4359,4083,3523,4605,
15322,7628,5791,5464,5868,5314,5579,5640,5260,5080,
12708,5924,5852,4252,4248,4248,4248,4248,4248,4248,
9240,5222,5152,4078,4299,3751,3043,3043,3043,3043,
8840,5867,4918,4836,4198,4865,4644,4350,4551,4293,
11251,5380,5468,4397,4485,5409,4483,4706,4126,4430,
8105,4846,4733,3912,3731,4411,4503,4110,3922,3820,
8064,4433,3892,4231,4139,4033,4008,3810,3448,3849,
14122,7649,4831,4696,4689,4689,4689,4932,4688,4688,
9199,5711,4144,4313,4683,4683,3971,4554,3846,4542,
14741,5860,5113,5085,5085,5085,5085,5085,5085,5085,
9113,4564,4525,4357,4973,4726,4280,3777,4186,4632,
12674,6168,6216,6080,6283,5942,5784,6038,5914,6210,
11715,7270,6987,6720,5891,6477,6112,6098,6513,5996,
15158,7537,6959,5406,5193,5098,5097,5097,5097,5097,
11942,7868,6294,6589,6224,5379,6653,6786,5955,6230,
11308,7029,6741,5554,6714,6472,6197,6454,6674,5774,
14250,7665,6430,7103,6919,7193,7429,7062,6472,6864,
15038,6336,5461,6176,7868,7821,5646,6341,5506,7877,
12162,6542,6004,6106,6714,5314,6200,6198,4734,6145,
15939,9076,6752,7389,6548,6749,8057,6718,6865,6632,
20292,9900,7456,7222,7194,7192,7192,7192,7192,7192,
12851,7280,7018,6318,6107,7256,6841,7178,6821,6057,
14464,7697,6627,6627,6400,6661,6464,6452,5916,5826,
14150,8113,6826,7238,6123,5885,6230,5905,6360,5797,
18792,7782,7184,6258,6961,6247,6957,6247,6957,6247,
16043,8780,7124,7344,7906,6609,6124,6986,6726,6788,
13433,7544,7152,5623,6940,5834,5216,6146,6459,5909,
9164,5007,4792,4280,3922,4248,4079,4065,4156,3978,
12096,6643,5961,5964,6553,5888,5954,6320,5917,5643,
11282,6291,4952,5154,5366,4654,5053,4881,4365,4314,
9679,5035,5228,4954,4892,4162,4411,4626,4682,4518,
12104,6092,5932,4556,4713,4195,4190,4190,4190,4190,
11032,4844,5068,5263,4551,3976,3822,4886,4316,3831,
10564,5135,4603,3940,5222,3932,3690,3963,3559,4184,
11795,6836,6161,4772,4359,4085,4971,4476,4025,3929,
10626,6854,6350,5927,6391,6041,5867,5834,5940,5952,
10771,6871,5687,6046,5711,6164,6591,5419,5621,5546,
12989,6740,6532,7015,6361,5131,4600,6211,6446,5181,
16590,7946,6343,6152,6378,7380,7698,5891,6670,6252,
9790,6458,6002,5414,6311,5936,5480,5816,5841,5327,
12476,6822,6320,6963,6006,5996,5813,6563,6297,6994,
14805,7442,6422,6738,6150,5895,6119,6632,6286,6286,
12069,6915,6868,6467,6715,6667,6625,6443,6086,6058,
10569,5947,4517,4891,4520,4782,4982,5082,4177,4659,
12123,5351,5894,3917,3914,3914,3914,3914,3914,4430,
10309,5039,4141,4064,4184,4536,4788,4693,4182,4341,
13772,5558,5417,4881,4512,4539,4499,4499,4499,4499,
8915,4817,4081,3857,4799,3625,3542,3728,4335,4150,
10110,5570,5687,4753,4769,5055,5231,4851,4495,4751,
9346,4062,4357,4158,4507,3947,4303,3482,4290,4520,
21184,8506,7586,7541,7540,7540,7540,7540,7540,7540,


20009,10196,8016,7937,7900,7895,7895,7895,7895,7895,
15501,9335,7380,7108,6781,6142,5744,6237,7420,6872,
18879,11124,8405,9794,8323,7933,7230,7664,7651,7107,
16450,8928,8572,7960,8379,8775,7038,8032,7792,7611,
19249,11824,9859,7559,7487,7479,7478,7478,7478,7478,
12035,5928,5993,5970,6204,5963,5209,5359,5819,5504,
12716,6937,6630,6750,6599,6026,5692,6092,5246,5513,
11559,7380,6421,7017,5507,5038,6713,6615,5626,5576,
11466,7348,6312,5990,5871,5643,5531,6177,6447,5771,
18638,10998,7721,8761,7306,7263,7305,7273,7270,7270,
12689,7632,6875,6238,7236,6098,6542,7009,6540,6714,
15498,6473,5580,5531,5531,5531,5531,5531,5531,5531,
19326,10006,7483,7839,7225,7044,6993,6964,6962,6962,
14233,7669,7144,7052,7225,5939,6690,5762,7259,6428,
15515,8320,6742,6299,7927,6936,6757,7365,6728,6602,
9749,6525,6860,6057,5447,5924,6256,5436,6284,5616,
16917,8446,7578,6403,6308,6515,7286,8179,7595,7170,
12500,8143,7200,6750,7445,6547,5935,6355,6108,6204,
11104,6380,5474,5240,4945,5974,5660,5027,5318,5545,
32597,26882,21543,20521,20068,19982,19976,19975,19975,19975,
14309,7040,5392,5897,7145,5557,6270,5998,6502,5689,
18802,9552,9396,7049,7329,7642,8051,7369,7874,6876,
11625,7470,6744,7256,6572,6332,6144,6481,7185,5922,
11817,6620,6489,6579,6489,7186,6538,6286,6004,6701,
13905,8773,7873,6680,7341,7834,6691,7194,6688,6120,
15803,8756,8336,7888,8121,7001,7817,6788,6889,6103,
20605,11998,7950,7513,7473,7469,7469,7469,7469,7469,
16584,10483,7976,8138,6940,7570,7702,6560,6831,7491,
13874,8690,7371,6882,6865,6736,6733,6776,6308,6593,
15803,6794,6258,7584,7460,5973,6326,5830,5665,5665,
14915,9011,7967,7122,7392,6084,6793,6678,6460,6040,
11897,6203,7026,5547,6075,5344,5635,5419,5489,4992,
13116,7183,7527,6753,5406,6299,5855,5419,5718,5334,
15288,6966,5390,7148,6319,5814,5560,6418,5733,5533,
17900,9964,8267,7299,9240,7598,6509,6441,6859,6457,
18347,8885,8490,9418,7667,7398,6754,6617,6893,7396,
11420,6778,6326,5739,5715,6537,5752,6122,6347,5983,
18076,12089,8278,7665,7594,7586,7586,7586,7586,7586,
14495,8618,6703,6801,6618,7330,6867,7209,6089,5861,
14352,8821,6519,6583,5859,6387,5624,7294,6045,5579,
14600,8026,7331,6343,5267,5174,5164,5163,5163,5163,
11605,7334,7215,5808,6383,6612,5314,6450,6409,6150,
12753,7411,7073,6174,6487,6310,6390,6417,6106,6221,
12323,6447,5779,4603,4486,4372,5788,5061,4282,4278,
16144,8384,6895,6737,6795,6407,6376,6393,7507,7140,
16551,9348,7127,6280,6308,6081,5903,6838,7217,6153,
21205,13125,8600,8233,8213,8213,8213,8213,8213,8213,
12016,6916,6366,6643,6135,7037,6883,5871,6438,6318,
9910,6492,6249,6039,5622,6185,5682,5544,5470,6481,
12417,6162,5666,6309,6031,5769,6677,5927,5195,5181,
15459,9693,5947,6739,6099,5568,5566,5566,5566,5566,
12359,7670,6689,6709,6342,5784,6280,6770,6542,6370,
13986,7791,6756,6237,5454,5579,5453,5453,6327,5453,
15292,8441,7184,6072,6359,6231,6202,6739,6488,6837,
14617,8760,7996,7430,6600,7405,6603,6421,6367,6697,
13073,7065,7164,7002,6052,6973,6221,7162,6517,6948,
13356,7809,6078,5619,6907,6146,5673,5605,6868,5903,
10601,6826,6235,5759,5711,5951,5659,5376,5693,5363,
11762,7041,5666,5786,6681,6651,5953,5986,6533,5397,
11016,7545,6593,6588,6452,6165,6277,6162,6678,6450,
14951,7597,7013,7772,6202,5739,5978,5868,6981,6440,
11643,7242,5970,5977,5076,5320,5573,5503,5384,5557,
10516,6972,7146,6390,6177,5503,5904,5815,6441,6735,
13473,6128,6073,5159,5671,6141,5042,5465,6967,5042,
21492,12324,8601,10903,8570,8277,8225,8222,8222,8222,
16817,8248,6746,7503,8739,7714,6819,7972,7853,7088,
19245,11816,9231,8506,8831,10271,8190,8787,9282,9706,
10512,7127,6068,6062,5465,5760,5711,6439,5990,5557,
14529,7392,5738,5628,5621,5621,5621,5621,5998,5621,
13479,8696,7557,7211,7013,6429,6733,5562,6283,6797,
12351,6602,6208,5985,6826,7539,5884,6179,5489,6402,
13761,7503,5431,5196,5189,5187,5185,5185,5185,5185,
10186,7366,6520,6764,5736,5864,5453,6639,5812,6488,
10991,7373,6416,6337,6147,6442,6345,6236,6155,6977,
11677,6138,5397,6540,6670,6864,6711,7068,6381,6517,
11818,6687,6627,5772,6249,5707,5451,5838,6498,7011,
12945,7583,7184,6907,6065,7157,7065,6293,5652,5783,
33112,24960,22417,21448,21093,21026,21021,21021,21021,21021,
10381,7436,6572,6321,6318,6155,6172,6102,5722,6245,
11757,7143,6398,5801,5344,4961,4733,5972,6664,5807,
16681,9807,7112,7058,7391,6791,6790,6790,7769,7499,
12223,7510,6699,6677,6675,6878,6821,7151,6227,6611,
15944,6259,5459,5432,5432,5432,5432,5432,5432,5432,
9549,7093,6208,5779,5648,5722,5469,5476,5985,5835,
13977,7338,6829,6150,7023,6237,6051,5493,6225,5640,
13949,8445,7070,7426,6661,7238,5906,6256,6637,5726,
13262,6684,5491,6457,5036,6087,5831,5300,6130,6187,
15981,8949,6338,6164,6149,6149,6149,6149,6149,6149,
15458,8201,7370,6614,7670,7250,6982,7035,7043,8450,
10809,6963,5986,6009,5835,6656,6048,5522,6089,6538,
17248,9121,8328,6824,6801,7385,7278,7594,7907,8719,
15046,9481,6880,7035,7677,7796,7272,7810,7883,7133,
12114,7307,6782,6496,7443,7317,6831,6863,6721,6749,
11933,7879,7490,6112,6333,6397,5885,6348,5863,5880,
13678,8745,7020,6455,7064,6345,6910,6564,7378,6599,
11522,7723,6247,6314,5974,6122,5683,6498,5749,6538,
22496,13042,8942,8656,8639,8637,8637,8637,8637,8637,
11189,6153,5630,5230,5679,5349,5599,5126,5531,5583,
14409,8049,6468,6841,6155,6248,5441,5412,5939,5093,
19677,12985,9838,8163,7996,7976,7974,7974,7974,7974,
12511,7348,7597,6487,5591,6905,6679,7006,6588,6291,
9978,5564,4762,5411,5431,5685,5102,4761,4758,4807,
12164,6339,6110,5728,5592,5380,5516,6632,6430,6034,
11764,6676,6797,5821,6092,5719,5497,6391,5870,5983,
12268,7945,7237,7046,6333,6674,6058,7098,6275,7140,
10852,6245,5924,5430,6729,5504,5851,5814,5168,5370,
11224,7188,5872,5018,5166,4964,5756,5352,5252,4776,
16220,9665,7848,6618,7206,6950,6175,6165,7556,6557,
16626,9602,7606,8611,7894,7310,6737,7547,6582,7409,
17570,8492,6540,6441,6435,6434,6434,6434,6434,6434,
13209,8937,6481,7200,6720,6820,6539,6338,5792,7851,
14748,8179,7446,8432,6964,6830,6495,7565,6763,6653,
13654,7659,7251,7003,6500,6562,6443,6569,6429,6402,
13876,6780,5533,4966,5348,5521,4931,4927,6836,5176,
10528,6893,5847,6153,5546,6575,6326,5423,6007,6021,
10489,6227,5388,5310,5756,5317,5193,5479,5238,5506,
15832,9038,6973,6303,6504,6182,5612,6849,6479,6791,
16099,9796,7749,8057,8024,7741,7682,7673,8118,7620,
14112,6577,6136,5828,7107,6231,5972,5429,6057,6625,
15357,9508,7565,7523,8126,7263,7101,7145,7132,7693,
14167,8422,7342,5685,5637,5417,6812,7343,5953,6031,
19623,13507,9203,8391,8304,8294,8293,8293,8293,8293,
14289,7035,5728,6482,6111,5728,5828,5255,5473,5676,
14478,8685,6087,6847,6383,6980,6885,6353,7086,6010,
21535,11115,8414,8106,8090,8089,8089,8089,8089,8089,
9656,7047,5387,5775,5186,5389,5383,5202,5134,5515,
13135,8022,7560,7562,6135,7650,6660,6571,6692,7240,
17229,10516,7328,8582,8754,6873,8146,6042,5934,5934,
11405,8272,6221,6294,5567,6426,6452,6466,6415,7312,
15043,8604,7908,6816,6389,6387,7486,6548,6933,6173,
10389,6418,7429,6978,5946,6349,6080,6718,6163,5700,
11145,7391,6528,6301,6065,6136,6174,6378,6509,5976,
14269,7629,6761,6678,5703,6172,7117,6116,5941,5973,
13757,7769,6256,6701,6544,5811,6216,5467,6307,5246,
17911,12630,8991,7754,7637,7622,7621,7621,7621,7621,
12284,7165,5347,6448,6532,5256,6138,5938,4393,6374,
17185,12537,9326,10444,7185,9345,7059,6978,9439,7382,
21642,14184,8825,8239,8188,8185,8185,8185,8185,8185,
15485,8457,7728,7171,7534,7320,7119,7765,6950,6658,
18552,9712,7319,6728,6719,6718,6869,6718,6718,6718,
10887,6472,5921,6153,6010,5623,5921,5587,4641,5680,
17846,10514,8414,9083,8178,8580,7211,7806,7169,9384,
15783,9524,8465,7175,6854,7056,8486,7844,7604,7245,
12257,7544,7950,6007,7388,6101,6071,6070,6060,6114,
20289,11822,8544,8626,8515,10508,8913,9512,8414,9328,
12977,8212,6792,6813,5916,5545,6505,5843,6163,5929,
12502,6861,6153,6601,6653,5855,5694,6138,4656,6386,
10500,6680,5745,5386,5622,5704,5640,5530,5351,5630,
13223,8450,6175,7617,5798,4808,5117,6872,5389,5124,
15708,9565,8802,8088,8238,7308,7573,7389,7660,6818,
15831,8948,7442,7811,6555,7096,7855,7099,6593,5976,
10203,6821,6342,6795,6163,6014,6535,6508,6054,6101,
16876,10408,7747,6955,6922,6920,6919,6919,6919,6919,
11462,7462,6750,6423,6290,6381,6389,6109,6252,5994,
15376,9117,8348,7301,7555,6653,8745,7014,6790,7034,
12246,6881,5926,6495,6086,6536,5896,5502,5607,6361,
10192,6145,5605,5611,5821,6134,5834,5975,5891,5839,
13991,7974,4920,5784,5987,4968,4984,4818,4803,4801,
9073,6940,6933,6356,5881,5405,5559,6172,6124,6154,
12139,7048,6176,5161,4521,4521,4521,4521,4521,4521,
13699,8183,6830,6772,6425,6603,6265,6194,6062,6229,
9305,6020,5898,5553,5514,5058,5187,5153,5324,4719,
13778,7655,6408,5939,6683,6429,6818,5466,6144,6351,
11866,6658,5583,6191,6224,6220,5455,5544,5609,5048,
11182,6463,6150,5706,6010,5781,5183,5474,5441,5549,
14466,8683,6911,7430,6273,6029,7044,6465,6163,6759,
13106,6190,4918,4616,4616,4610,4609,4609,4609,4609,
13258,8730,7376,6035,5374,4842,4925,5473,5655,5414,
12199,6905,5993,6400,6209,6222,5920,6756,5971,5867,
15293,7232,6132,8376,7771,6418,6340,6373,6118,7004,
14828,7245,6902,6239,8702,7498,7286,7223,6229,6634,
25247,14338,10012,9612,9583,9582,9582,9582,9582,9582,
12046,7368,6279,6530,6093,6830,6293,5211,6228,6984,
17944,10629,8252,8128,7180,7036,7351,6905,6563,7047,
18364,9432,7101,6920,7546,6656,6554,6439,6956,6699,
8769,6229,5684,5736,5399,5673,5478,6337,5858,6362,
15800,8980,6380,6241,6229,6229,6229,6229,6229,6229,
11461,5146,5305,5301,5290,4850,5245,5281,5380,4963,
11093,6778,5750,6690,7040,5710,6411,6224,6299,5748,
12221,7290,6191,6333,6324,5903,5820,6107,6147,6120,
12745,8716,5862,5700,5420,5320,7136,5791,5238,4862,
10635,6707,6630,6547,5795,5521,6238,4996,5918,5678,
12126,6248,6185,5387,5837,5259,6157,5416,5070,5361,
18996,9742,7867,7261,7353,9247,7124,6889,7144,7684,
17742,11084,9679,8690,7666,7539,6876,7999,7403,7072,
11948,7077,7113,7135,7200,5731,6564,6414,6495,5579,
11639,5066,4736,4880,4941,6129,5827,6142,7142,5103,
11212,6988,5725,6232,5780,5681,5400,5662,5310,5428,
13039,7933,6400,5681,6245,6328,5402,5784,5450,5988,
13814,7513,5556,5890,6262,5889,7469,6281,6270,6700,
10619,6412,6199,6324,5971,6368,6198,5984,5954,5887,
11864,5757,6594,5583,4176,4835,4176,6150,4905,4555,
12688,7178,6839,6372,6035,6271,6398,5947,6307,6332,
9167,5970,5745,5158,6019,4477,4629,5269,5470,5329,
17271,9303,7641,6440,7381,6389,6583,6661,6173,6120,
13632,8545,7258,5500,5588,6909,6423,6916,5654,5371,
12441,7440,6437,6314,5967,6265,6836,6334,6396,5939,
12392,7989,7022,6512,6814,6085,5995,5851,5910,5822,
17231,11121,7708,7233,7183,7177,7176,7176,7176,7176,
9419,6664,6241,6079,6091,5890,6126,5410,6002,5406,
10360,6663,5709,4581,5341,5194,4736,5317,4647,4698,
12525,7173,4387,5566,5054,4594,4460,4456,4452,4452,
19173,13028,9681,9373,8300,8284,8283,8283,8283,8283,
12018,7331,6259,6107,6091,5517,6361,5407,5063,5346,
12316,7723,5813,6156,6155,6533,6312,6643,6373,6167,
10761,6532,6126,6382,5560,5733,6183,5836,5491,5736,
13521,7195,6995,6953,7396,6660,6340,6060,5806,5784,
13337,9475,7670,6218,5537,6052,5745,5999,5300,5287,
20326,11289,7991,7652,7438,7437,7437,7437,7437,7437,
16999,10365,7104,9133,7692,7054,7734,7555,7105,6646,
14527,8309,7388,6855,7221,6386,6250,6325,7054,7296,
17150,11724,8097,9305,7690,7618,6926,7282,8558,7308,
12029,6692,6023,6017,5660,5895,6583,5700,5984,7102,
11134,7340,6966,6211,5827,6349,5847,5962,5751,6431,
20697,14124,9535,10163,8253,8240,8240,8240,8240,8240,
13739,7303,6527,4948,6032,6030,5627,5011,5806,4890,
17529,9850,7131,7744,6620,6423,6405,6403,6403,6403,
11947,5737,6493,5178,5380,5309,5586,5217,5925,5604,
13667,7112,6092,6105,5227,6310,5227,5227,5989,5227,
22009,12028,8968,8397,8359,8357,8357,8357,8357,8357,
10891,5943,5940,5426,5183,5246,5191,5699,5741,4957,
10507,7132,6244,6649,5785,5743,6405,6373,5540,6250,
11167,6942,7291,5781,5632,6795,6758,6131,6225,5466,
15249,9500,5645,5563,5530,5545,5521,5520,5547,5522,
17058,8601,6651,6213,6869,6511,7027,6692,6376,6671,
11892,7464,6496,7055,6299,6192,6445,6301,6325,6560,
14993,8709,6431,7082,7009,6584,6287,6234,5911,6363,
10584,5478,6148,5450,5581,5466,5250,5319,5134,5103,
18947,12729,9408,8275,8167,8153,8151,8150,8150,8150,
12941,7553,6353,6187,5229,5085,4619,4593,4579,4578,
15619,8964,6340,6123,6110,6109,6108,6108,6108,6108,
13700,8579,7088,6768,6580,5750,6334,6696,6442,6456,
14615,7175,7024,7133,6785,5236,5495,5663,5970,5795,
12686,7969,6542,6630,5582,6348,5834,6144,5745,5482,
10224,4988,6301,5959,5202,5805,5320,6372,6266,5467,
13047,7111,7005,6919,6081,6083,5745,6099,6030,5729,
14289,7206,7767,7716,7467,7447,6454,6609,6613,7613,
12503,7940,6572,7094,6615,7101,6524,6200,6017,6154,
11414,6734,6685,6688,6578,6086,5459,6163,6037,6749,
10885,6049,5544,6028,4910,4917,6052,5397,5611,5125,
26786,18785,16878,16721,16715,16715,16715,16715,16715,16715,
14096,8620,5417,5741,5330,4830,4814,4813,4813,4813,
13165,7424,7730,6653,6764,6981,6937,5863,6210,6712,
14840,6958,7261,6726,6699,5971,6596,7191,6137,5929,
24915,17633,15709,15540,15533,15529,15529,15529,15529,15529,
13307,6770,7292,6091,5123,5121,5211,5121,5121,5778,
24722,15103,10451,9655,9621,9603,9566,9566,9566,9566,
16674,7635,6109,7842,6152,6151,7566,6040,6040,6040,
22293,11000,8175,7949,7931,7929,7929,7929,7929,7929,
13167,8264,6529,6449,6880,5798,6636,6896,6891,6756,
18512,10834,8246,9378,6851,7064,6828,8183,7247,7060,
17334,10497,7132,6869,6846,6845,6845,6845,6845,6845,
11961,7724,7481,7252,7578,6935,6572,6705,6407,6728,
11868,6678,5634,5900,6967,5754,6568,5474,5522,5200,
18405,11545,8531,7836,7775,7768,7768,7768,7768,7768,
10749,7085,6614,5952,5432,5918,5787,6124,5559,5471,
14737,8086,7541,8516,6471,7911,6506,7476,7584,7179,
14365,8236,7372,6094,6513,7021,6477,6659,6914,6805,
8787,5808,6106,5189,5731,5920,5227,5229,4834,5477,
15290,6714,6006,5470,5471,5465,5470,5465,5470,5465,
15479,8932,6836,7403,6611,6313,6092,5872,6270,5755,
13674,8143,6699,6440,6597,5645,6875,6921,6797,6139,
15112,8937,7479,7528,6414,7154,5945,6759,6160,6501,
11693,8046,5882,6878,6029,6218,5829,6137,6111,6332,
12367,8300,7097,5942,6108,6779,6365,6576,5759,6018,
16380,9511,6481,6159,6141,6140,6140,6140,6140,6140,
12725,5555,4754,4703,4700,4700,4700,4700,4700,4700,
14474,7410,6309,6244,5866,6053,5973,5321,6074,5764,
8148,4226,3519,3551,3487,4066,2983,2868,3543,3004,
10930,5347,4625,4876,5372,4345,4640,4954,4935,4721,
10306,6188,5671,5031,5426,5122,5027,5098,4675,5280,
9481,5258,4431,4120,4471,4023,4236,4715,4397,4112,
7586,4766,4523,4316,4134,3628,4107,3773,3959,3881,
7927,4743,4846,4352,4338,3640,3674,3455,3891,3842,
8600,4091,4150,4441,3843,4074,4539,3841,3908,3859,
10427,5948,5192,4797,4922,5301,5373,4236,4120,4596,
8949,4240,5375,5236,4614,4827,4262,4416,4570,4939,
8216,4659,4827,4136,4135,4245,4081,4355,4298,4372,
11265,4998,4430,3831,3831,3831,4046,3831,3831,3831,
10823,5640,5822,4300,4104,3704,3678,3903,3766,3935,
9427,4609,4343,3732,3402,3224,3224,3224,3224,3224,
9859,4028,4227,4904,4210,4711,4551,3896,4060,3604,
8042,3985,4009,4192,5101,4644,4296,4044,4294,4899,
12921,5968,5932,5392,4481,4447,5773,4491,4657,6085,
8891,4620,4601,4285,3990,3926,4070,3708,4203,3546,
12013,6039,4835,5799,5342,6053,5100,4389,4207,4206,
8792,5228,4138,3861,4794,3799,3740,3827,3415,4017,
9589,5677,4331,4093,4909,4481,4196,4398,4302,4152,
10112,4559,4597,4423,4716,3911,5329,4335,3891,3858,
11083,4896,4165,4635,4161,4795,4500,4382,3921,3921,
12783,7191,6177,5626,6108,5489,4892,6215,5721,5068,
15224,8117,5945,5790,5780,5779,5779,5779,5779,5779,
9220,4241,4161,3471,4026,3740,3230,3856,3394,3256,
12274,5529,5728,5519,4537,4444,5055,4590,6102,5295,
8778,4696,4260,3939,4423,4099,3905,3641,4392,4254,
10135,5385,4419,4551,4881,4044,4530,4573,4626,3919,
11210,6758,5273,5023,4604,5032,4932,6011,5086,5172,
8544,4908,4461,4547,4459,4214,3974,3951,3811,4040,
15390,7036,5722,5647,5643,5643,5643,5643,5643,5643,
9770,5704,5255,4901,4478,4848,5253,4645,4786,4422,
8904,5120,4080,3750,4086,3020,2983,3334,3339,3131,
9911,5173,4699,5385,5061,4067,4083,3791,4648,3911,
9334,5525,4939,4394,4863,4560,4500,5001,5191,4680,
11614,5651,5814,4798,5618,4463,5932,4199,4963,4890,
8683,4553,4789,4360,4839,3713,4715,4028,4343,3965,
7817,4846,4341,4329,3961,4030,4657,3745,3652,4082,
8661,5647,4771,4587,4367,4575,3816,4488,4215,4106,
11551,5318,4561,4907,4107,4005,3979,4003,3978,4003,
7900,5063,4421,3995,4342,4349,4160,3716,3882,3772,
8126,4569,4691,4364,4010,3928,3610,3441,4500,3816,
11664,5701,5532,4452,4188,5486,4654,4275,4203,5238,
7720,4819,4206,3802,3633,3443,3729,3958,3778,3246,
9503,5084,4882,4475,5012,4014,4613,3897,3835,3756,
9220,5552,4894,4369,4004,4610,4675,4191,4391,4515,
15017,7088,5361,5217,5195,5172,5170,5170,5170,5170,
9163,4699,4408,3654,4359,4336,3771,4634,3829,3591,
10822,5173,4623,4874,5240,4597,3990,4917,5681,4146,
10041,4917,4640,3929,4581,3922,3756,4105,4000,3984,
8408,4483,4511,4197,3465,4387,3492,3204,3974,4345,
11299,5785,5212,4442,4685,4200,4338,4163,4933,4349,
9858,5017,4728,4054,4061,4628,3759,4617,3702,4208,
12239,5247,4375,4325,6685,5962,4187,4981,4365,4327,
9328,5284,4413,4169,3996,3901,3341,3824,4064,4187,
9750,5284,5028,4970,4843,5126,5276,4845,4424,4723,
11381,5868,4660,5174,5678,4858,4285,4513,4088,4088,
13935,7868,6946,5502,4743,4735,4735,4735,4735,4735,
10132,5154,4087,4090,5277,5164,4126,4549,5136,4382,
9530,5268,4716,4440,4362,4735,4591,3852,3402,4467,
7669,4521,4242,4280,4194,4160,3782,3469,4108,3778,
10948,4942,4245,4665,3708,3708,3708,4763,3708,4739,
7471,5031,3522,4326,4308,3659,3546,3138,3868,4063,
7689,4483,4639,3822,4103,4280,3532,3887,3879,4193,
9079,5240,4593,4424,4385,4286,4182,4802,4296,3891,
8364,4707,4461,4039,4757,4525,4382,3879,4297,3843,
15935,7809,6083,5971,5963,5963,5963,5963,5963,5963,
11102,6343,3848,5159,3771,3697,3697,4022,3697,3697,
19763,10872,8499,8415,8491,7617,8404,7603,8403,7603,
10170,4742,4303,3605,3712,3530,3457,3610,3460,3883,
9781,5221,4804,4579,4640,4102,3975,3813,3691,4266,
13470,6720,5354,5170,5163,5163,5163,5163,5163,5163,
8772,4682,4629,4548,4491,4263,4476,4281,3967,3927,
12257,5000,6103,4619,5295,6091,4875,4342,4342,4208,
8593,4236,3954,4649,3869,3781,3953,4892,4982,4173,
9486,5498,5437,4529,5308,4572,5005,5008,5209,4349,
16933,7433,6252,6187,6183,6181,6181,6181,6181,6181,
12871,5939,6148,6168,5505,5675,6009,4853,5615,5664,
11014,6047,5844,5238,5628,4521,4618,5138,4998,4408,
15627,6867,5644,5591,5590,5590,5590,5590,5590,5590,
8814,4865,4315,4249,4054,4003,3562,3983,4403,4155,
7580,5161,4081,3925,3708,3634,4147,4063,3750,3454,
12149,4950,4285,4251,4251,4251,4251,4251,4251,4251,
8147,4006,4265,3577,3175,3534,3284,3122,3985,4120,
9299,5193,5301,5008,4561,4637,4538,4255,4376,4334,
8500,4582,4570,4736,3919,4012,4110,4102,4511,3887,
10499,6373,4702,4483,3720,3720,4612,3806,4017,3747,
11083,5205,5320,4745,4846,4662,5616,5590,5095,4238,
10347,5655,4820,4498,5720,4015,4177,3669,3492,4810,
8241,4661,4449,4586,4048,4485,4596,4200,4407,4304,
12621,5061,4372,4347,4346,4346,4346,4346,4346,4346,
7179,4722,4730,3921,4601,4277,3916,3911,4125,4640,
14082,6904,5484,5664,6033,5182,5451,4857,4884,4842,
10428,5239,4529,4595,4065,3770,3770,3949,3937,3799,
8553,4834,4535,3835,4631,3905,4335,3930,3937,3689,
10601,6262,4928,4115,5265,4112,3913,4246,4167,4604,
21195,7930,7198,7165,7163,7163,7163,7163,7163,7163,
8009,5299,4151,5021,3729,4064,4571,4228,3686,3799,
13555,6026,5307,6263,4955,4969,5503,5267,4856,4967,
9031,4969,4837,4017,4839,4714,4041,3818,4222,3665,
9919,4901,5069,4167,4113,4344,3780,4096,4262,4082,
10168,5924,5266,4876,5426,5037,4127,4456,4391,4480,
7640,4027,4275,4437,4235,4168,3987,3715,3596,3586,
11317,4563,4841,3857,3828,3824,3824,3824,3824,3824,
13035,5627,5144,5701,5197,4584,4563,5226,4953,4560,
10407,5441,4068,4370,3927,4240,3607,4355,3814,4728,
10602,6433,4347,3760,4754,4092,4272,4741,3837,3555,
10151,5081,5114,5146,4516,4609,3618,3618,3618,3618,
9757,5331,4657,4521,5434,3884,4009,4464,4397,4217,
17670,8838,7466,7354,7231,6709,6096,6059,6057,6057,
8723,4643,3844,4811,3647,4359,4177,4320,4213,3498,
11448,5897,5445,3898,3874,3872,3872,3872,3872,3872,
8638,5423,4885,5005,4722,4741,4283,4577,4212,4384,
9457,5180,4747,4609,4694,4035,3999,4799,4626,4504,
13240,5118,5107,5445,4571,4645,4571,4571,4571,4571,
9574,4816,4705,4517,4122,4591,4037,4226,4764,4319,
13326,5978,5039,4977,4974,4974,4974,4974,4974,4974,
11196,5560,4588,4356,4988,4763,4410,4145,3904,4767,
12246,4813,5640,4215,4377,4205,4205,4205,4205,4205,
10864,4686,4027,3982,3981,3981,3981,3981,3981,3981,
13220,6679,5808,5825,4647,4600,4597,4597,4596,4598,
11654,5823,5649,5280,4391,4242,5352,4424,3947,3983,
9426,5344,4567,3529,3348,3362,3880,3369,3503,3223,
8436,6055,4376,4636,4206,3958,3519,4294,4381,4032,
10096,4987,4380,4576,4888,4477,4265,4518,4606,3605,
17182,7631,6933,6193,6129,6121,6120,6120,6120,6120,
9321,5069,4432,4583,4317,4534,4052,4559,4724,4176,
10613,5932,5872,4438,4667,4095,4618,5387,5561,4495,
11062,6675,5654,5126,5234,5536,4787,5208,4499,4450,
8522,4974,4055,4474,4116,4102,4321,4744,4464,4001,
10818,4917,4506,4244,3923,3923,3923,3923,3923,3923,
12249,5938,5582,5842,5641,4755,5715,5529,4911,4369,
11455,5491,4923,4736,4230,4230,4230,4732,4230,4230,
8542,4931,5631,4826,4273,4653,3806,4196,4246,4968,
9743,6364,5207,4543,4162,4460,4731,5462,4061,4496,
10570,4614,4482,5068,3927,3682,3703,4118,3729,3669,
9612,3902,3913,3794,3722,3528,3912,3723,3356,3878,
9856,4553,3714,3895,4720,4368,3954,4709,3892,3548,
11511,6081,4524,4157,3862,3860,3860,3860,3860,3860,
11249,5947,5305,5514,5595,4689,4721,5169,5577,5368,
11645,6423,6051,5333,4846,5115,4940,5302,4487,4292,
10001,5003,4265,4643,4796,4320,4055,4265,4157,3611,
10854,6014,4329,4857,4379,3769,3731,3742,4542,3738,
10888,7000,5054,4439,5071,4397,4616,4752,4390,4527,
15413,7145,5375,5290,5287,5284,5283,5283,5283,5283,
10453,6654,4878,5159,3972,3927,4401,3586,4355,4162,
12775,6743,5856,5533,4895,5268,4894,4894,4894,4894,
11959,7076,6075,5887,5920,5153,5186,5187,5243,5919,
7278,4337,4044,4348,4155,3979,3356,3932,3696,3939,
12172,4862,4213,4187,4186,4186,4186,4186,4186,4186,
8395,5343,4752,4299,4524,3994,4410,4136,3806,4105,
8514,4989,4160,4204,4450,4342,3904,3514,4210,3780,
12534,6459,4191,4162,4156,4155,4155,4155,4155,4155,
9364,5488,4594,4670,4537,4435,4546,3817,4253,5122,
12262,7079,5202,5140,4749,4701,5398,4697,4590,4615,
11316,4779,3994,3969,3967,3967,3967,3967,3967,3967,
8721,4612,4875,4465,4539,3889,4135,4471,4082,4545,
14284,6305,6985,6144,6057,4899,4899,4899,4899,4899,
8296,5076,4112,5157,4473,4070,4468,4337,4386,4619,
9715,5332,4493,4149,5515,4565,3986,4284,3448,3260,
8684,5539,3841,4302,4144,3551,3719,3742,3152,3757,
8762,4706,4676,3919,4324,3340,3640,3512,3991,4433,
9931,5322,4955,4631,3802,4975,3588,3401,3393,3398,
9739,5009,4739,4673,5115,4165,4221,4132,3859,4054,
11767,6125,5742,4885,4799,4206,4016,4012,5340,5226,
11722,4756,5054,4310,4729,4317,4104,4718,4655,4683,
7901,4795,4448,4429,3735,4379,3853,3979,3444,3640,
9337,4925,4426,4568,4321,3806,4049,4040,3912,3548,
9230,5052,5007,4437,4373,4747,4732,4822,4595,4824,
13122,6449,5137,5044,5037,5037,5037,5037,5037,5037,
14500,9379,5010,4884,4882,4882,4882,4882,4882,4882,
14038,6291,4990,4911,4906,4906,4906,4906,4906,4906,
9874,5045,4263,4475,4909,4680,4458,5101,4948,4429,
12860,6224,6194,5370,4906,5906,4505,4455,4481,4458,
17564,8250,6661,6569,6564,6564,6564,6564,6564,6564,
9126,5315,4630,4902,4397,4290,4178,3955,4472,4395,
8327,4197,3984,3906,3686,3831,3523,4189,3432,3849,
11469,4408,4323,4766,3967,4385,4027,3960,3997,3936,
11816,6057,4923,5912,5915,5505,4880,4811,4889,5205,
10005,5577,5114,5272,5160,4466,5007,4398,5117,4567,
9434,5566,4007,4671,3584,4446,3288,3163,3722,4613,
15322,8786,5659,7537,6202,5713,5505,5504,5504,5504,
12708,6348,4641,5535,4974,4507,4503,4502,4502,4502,
9240,5268,4985,4938,4947,4347,4066,3879,3213,3906,
8840,5132,4876,4811,4343,4501,4773,4839,4157,4614,
11251,5612,5396,5512,5221,5018,4661,5190,4639,4297,
8105,4680,4424,4278,4482,4585,3945,4166,4503,4508,
8064,4629,4275,4308,4127,4298,3882,3619,3541,3099,
14122,7600,5634,5490,5481,5479,5479,5479,5479,5479,
9199,4578,4397,4548,4911,4204,3837,4622,4409,4544,
14741,8053,5963,5797,5785,5784,5784,5784,5784,5784,
9113,5174,5469,4854,4485,3940,3915,3851,4120,3951,
12674,7408,6189,5899,6136,6557,5986,6307,5703,5493,
11715,8048,6154,6006,6123,6025,5957,5875,6822,7142,
15158,8350,5273,5197,5195,5195,5195,5195,5195,5195,
11942,7532,7048,6903,6982,6450,5907,6335,6818,7031,
11308,6976,7071,6132,6336,6001,5934,6136,6272,6409,
14250,8761,7523,7574,7614,6893,7781,6924,6660,6607,
15038,8163,6805,5914,6129,5901,5901,5901,5901,5901,
12162,5460,4418,6139,5567,5889,5553,5365,5996,5191,
15939,9082,8406,6883,7163,8083,6624,7585,6558,6882,
20292,11255,7746,7307,7290,7290,7290,7290,7290,7290,
12851,7582,7287,6940,6556,6567,6107,6219,5984,6974,
14464,8119,6127,6480,6965,7435,6471,7036,6541,6460,
14150,7394,6107,5805,6426,5737,5949,5823,5730,5897,
18792,13498,6162,6101,6100,6100,6100,6100,6100,6100,
16043,8325,7183,6716,7082,6272,7162,6012,6164,5992,
13433,7604,7044,5957,6076,6400,5820,5812,5632,5772,
9164,4579,4681,4197,4228,4588,4229,3896,3774,3861,
12096,7290,6131,6188,6125,6261,5960,5574,6606,6336,
11282,5713,5020,5970,5441,4737,4398,4644,5240,4896,
9679,5346,4676,5292,4838,3998,4321,4781,4405,4436,
12104,5442,4301,4255,4253,4253,4253,4253,4253,4253,
11032,5335,4112,3923,3877,3877,3877,3877,3877,3877,
10564,5601,4656,5251,4021,3694,3859,3568,4042,3775,
11795,6246,4358,4021,4129,4025,4019,4019,4019,4019,
10626,6707,6505,6378,6159,5726,6107,5946,5905,5899,
10771,7252,6642,5980,5527,6392,5973,5688,5412,5526,
12989,6175,6650,6507,6669,5051,5831,5875,6332,4758,
16590,7743,6569,7109,7860,6526,6739,7093,7586,6381,
9790,4752,5092,6135,5990,5321,5314,5390,6098,5394,
12476,7062,6228,6685,6245,6679,5679,6998,6485,5909,
14805,6716,7566,6716,6211,6294,5744,6636,6726,6147,
12069,7528,6477,6509,6647,6453,6135,6628,6844,6943,
10569,5532,5039,4953,4668,4332,4906,4681,4960,4536,
12123,6095,4297,6071,4604,4138,4138,4138,4138,4138,
10309,6211,5558,4027,4378,4089,4140,4645,4556,4738,
13772,6014,5065,5263,6736,4775,4998,4717,4589,4589,
8915,5098,4179,4012,3835,3340,3877,4237,4047,4651,
10110,5989,5791,5019,4892,5046,4352,4666,4548,4711,
9346,4615,3620,3908,4869,4723,3671,4055,4332,3368,
21184,14132,12677,11684,10113,9802,9748,9741,9740,9740,


20009,8454,6910,6698,6681,6678,6678,6678,6678,6678,
15501,7868,7401,6404,6121,5938,6992,6886,6415,6306,
18879,10118,9445,9233,8721,8299,8343,7048,7836,7274,
16450,7841,9031,7801,7227,7211,7806,6963,6880,8012,
19249,8223,8834,8113,6986,8487,7559,6862,6883,6805,
12035,6409,6115,6244,6507,5926,6261,5281,6237,5443,
12716,7250,7042,7204,6546,5934,6160,5289,5378,5824,
11559,5867,5890,6925,6682,5302,7007,5327,5609,5516,
11466,6976,5885,6365,6081,6539,5938,6297,5496,6099,
18638,9319,8862,9392,7578,8400,7081,6774,8515,7320,
12689,7570,7614,6338,7081,6904,6836,6740,6338,6524,
15498,7759,8110,5418,5168,5166,5166,5166,5166,5166,
19326,8334,6607,6546,6505,6545,6494,6505,6497,6546,
14233,7530,6416,7014,6887,6311,5857,6646,6152,6131,
15515,7928,8177,6679,6964,7523,6848,6695,6785,7171,
9749,6305,6518,5804,6630,5202,5133,5580,5175,6519,
16917,8284,7372,6499,6951,6110,5824,5848,6281,7095,
12500,6552,6865,6661,6888,6763,6766,6613,6295,6360,
11104,6095,5776,6577,6061,4917,4668,5234,5235,5874,
32597,15711,10088,10086,10086,10086,10086,10086,10086,10086,
14309,8298,6435,6874,6474,6397,6304,6021,6898,7129,
18802,7765,8900,7601,7298,7846,9035,6997,6394,7173,
11625,7636,7103,6798,6627,5970,5243,6622,6229,5491,
11817,7631,6174,6641,6094,6004,6076,6465,7573,6640,
13905,7546,8078,7396,6466,6935,7097,7261,6330,7091,
15803,6926,7681,6241,6359,7340,7098,6259,7010,7788,
20605,7412,6848,6821,6819,6819,6819,6819,6819,6819,
16584,7492,8128,6338,7479,6470,6401,7006,6999,6708,
13874,7519,7131,6931,6630,7006,6918,6896,6763,7153,
15803,8375,7049,8214,7041,5464,7009,5454,5478,6055,
14915,7405,6778,6805,5973,5930,7366,6155,6421,6233,
11897,6126,5740,6508,6264,5586,6222,6137,6222,5265,
13116,5978,6401,5170,6855,6266,5807,6202,7010,5607,
15288,5976,6207,7224,7051,5972,5927,5178,5822,5509,
17900,8233,7472,7366,6628,7528,6831,6641,6684,6845,
18347,9293,6443,7702,7301,8788,7303,6881,6653,7193,
11420,6505,6537,6498,5515,5869,5852,6810,6140,6188,
18076,9094,8019,6751,6082,5928,5904,5903,5903,5903,
14495,6785,6636,6961,6298,6345,6758,7505,5856,5650,
14352,8024,6986,5971,5903,6224,6829,5906,6163,6336,
14600,7630,6139,7382,6051,8118,6051,7702,6189,5792,
11605,7397,7100,6383,6437,6130,6602,5716,6285,5718,
12753,7065,6745,6533,6304,6620,6784,5893,6756,6951,
12323,6441,4728,5884,4418,4846,5867,4407,4992,4436,
16144,7560,6166,6046,6803,7444,6620,6171,7476,6102,
16551,7447,7574,7162,6452,7780,6831,6233,6213,7512,
21205,8184,7211,8417,8461,7613,7463,7461,7461,7461,
12016,7976,6696,6419,7187,6729,6582,6280,6175,6607,
9910,6983,6616,5997,6383,5840,6346,5595,6192,5442,
12417,7344,6181,5711,6089,5277,6265,5753,4639,4809,
15459,6326,5359,5290,5282,5282,5282,5282,5282,5282,
12359,6772,6500,6044,6373,6623,6263,6160,5812,5233,
13986,7381,5988,6047,5934,6348,6625,5197,5922,5054,
15292,7106,6178,5864,6245,6086,6216,6255,5734,6331,
14617,7380,6794,6777,6859,6719,7506,6506,6412,6020,
13073,7602,7280,6652,7070,6066,6615,6335,7178,6913,
13356,7507,7259,6976,6081,5175,6839,7525,6903,6726,
10601,6829,6386,5860,5837,5897,5710,5401,5361,5032,
11762,7099,6444,6529,7283,6526,5798,6248,5974,6981,
11016,7122,6840,6515,6665,6301,6334,6092,6401,5839,
14951,6864,6752,6193,5821,5250,5659,5229,5216,5215,
11643,6523,6696,5646,5536,5594,5160,5671,4736,5491,
10516,6791,6809,6299,6183,6970,6462,6473,5975,7092,
13473,6984,5512,5189,4687,5116,5317,6513,6089,4861,
21492,7882,7175,7163,7163,7163,7163,7163,7163,7163,
16817,10191,7760,7643,8783,7008,8189,6943,6855,6644,
19245,9687,7655,8484,9282,8291,8302,7545,7680,8970,
10512,6612,6672,6481,6027,5432,6475,6217,6409,5002,
14529,6583,6651,5901,7146,5061,5082,6626,7394,4892,
13479,7936,6713,6219,6167,6880,5669,6835,6312,6248,
12351,7611,6092,6600,7145,6020,6563,6646,6091,6726,
13761,6710,6658,5729,6608,6456,5005,4833,4813,4813,
10186,6649,6205,6517,6720,6059,6807,6124,6357,5766,
10991,6910,6680,6341,6033,6261,6210,6617,6588,5887,
11677,6235,6623,7669,5978,6884,6266,5868,6053,6604,
11818,6548,6053,6311,6676,7357,6086,5802,5525,5441,
12945,7040,7325,6496,5522,5962,6250,6858,7389,5817,
33112,10347,10261,10258,10258,10258,10258,10258,10258,10258,
10381,6921,6902,6733,6413,6155,6988,6141,6013,6219,
11757,7126,6543,5946,6068,5860,6054,5780,6223,5490,
16681,7016,7144,7904,7711,6265,7577,7717,8166,7171,
12223,7190,7345,6695,6436,6244,6518,6683,6720,7259,
15944,5772,5894,5335,5352,5326,5340,5333,5329,5340,
9549,6439,6004,5677,5660,5733,5906,5049,5321,5794,
13977,7065,6506,6808,6143,6422,5386,5191,5485,5209,
13949,7012,6832,6589,6255,6926,6255,7152,6068,5754,
13262,5927,6238,5351,5285,5550,5693,4887,4990,5492,
15981,7894,6779,6019,6256,6028,5610,5548,5546,5546,
15458,8061,7152,6387,7283,6864,6561,7793,6214,6236,
10809,7570,5822,6064,6483,6215,5824,5776,6175,5389,
17248,8962,7671,7284,7373,7948,7070,6375,6712,7244,
15046,8948,8405,7066,7888,6673,7712,6548,7616,6765,
12114,7324,7082,6502,6128,6751,6080,6943,6602,7319,
11933,7893,7126,6270,6964,6810,5932,6808,6349,6788,
13678,7759,7425,6708,7294,6786,5986,6388,7063,6061,
11522,6461,6105,6414,6440,6429,6048,5753,6432,6456,
22496,7613,7202,7200,7200,7200,7200,7200,7200,7200,
11189,6960,6182,5691,5541,5236,5927,6160,6268,5531,
14409,7409,5894,5472,6160,6364,6265,6744,6774,6661,
19677,8619,6853,6702,6693,6692,6692,6692,6692,6692,
12511,7893,7017,6796,7117,6487,6402,6423,7275,6903,
9978,6364,6050,5892,5803,5825,5219,5152,5166,4442,
12164,6536,6086,5357,6977,5997,5850,5839,5625,5430,
11764,6374,6440,6322,6150,5699,5912,5761,6265,7035,
12268,7749,7154,6835,7528,6386,6582,7220,6319,6220,
10852,6171,5947,5927,5427,5146,5998,5668,5734,5526,
11224,6252,6524,5219,5603,5627,5259,5084,5250,7042,
16220,8742,6940,6286,6897,7512,6528,6437,6926,6131,
16626,8082,7156,6740,7443,6788,7609,6916,7529,7056,
17570,6734,5992,5892,5912,5894,5893,5893,5893,5893,
13209,7201,7904,7051,6497,6584,6843,7339,5989,6502,
14748,8980,6815,6636,7305,7676,6790,6685,6893,7141,
13654,7400,6745,6485,6275,6028,6232,6074,7023,6162,
13876,7167,7078,7331,6441,5024,6725,5994,6007,5556,
10528,7229,5966,6166,6212,6082,5808,5802,5790,5944,
10489,6155,5692,5333,5476,5638,5643,5776,5146,5552,
15832,7673,6538,6113,6542,6373,6647,6253,6275,5725,
16099,8697,8143,7193,7355,7188,6909,7890,7235,8336,
14112,6619,7241,5888,5661,6032,5693,7255,6072,6141,
15357,7752,7628,7199,6197,7546,6919,6825,6701,6756,
14167,5986,6036,5805,5986,6006,6145,5851,6917,5502,
19623,6645,6375,6360,6359,6359,6359,6359,6359,6359,
14289,6478,5857,5255,5656,5582,5621,5343,6244,5819,
14478,6721,6869,6851,6439,6585,5587,6115,5717,6660,
21535,11644,7674,7251,7239,7239,7239,7239,7239,7239,
9656,6244,5578,5322,5462,5021,5376,5072,5397,4892,
13135,7469,6961,6882,6853,7049,6111,7125,7658,7570,
17229,8266,8171,6744,8110,7083,5889,5872,5871,5871,
11405,7234,6817,6679,6086,6849,5821,6187,6866,6164,
15043,7735,7475,7214,7151,6728,6230,6829,6835,6318,
10389,7198,6606,6527,6342,7291,6462,6053,5926,5720,
11145,7748,6396,6504,6372,6105,6591,6193,6433,6434,
14269,7172,6329,7224,7540,7273,6178,6645,6147,6153,
13757,6668,7027,6112,5776,5621,6557,5827,5252,6735,
17911,9318,7033,6846,6064,6056,6047,6047,6047,6047,
12284,7470,6574,4839,6155,4307,5426,4954,4763,4930,
17185,9019,9296,7846,7611,8422,7692,6931,8125,8434,
21642,8744,8088,7561,7269,7359,7365,7250,7405,7433,
15485,7911,6750,6757,7078,7254,6601,7136,6388,6737,
18552,9948,6911,7175,6329,6523,6461,6267,6265,6318,
10887,6025,5819,5312,5293,6278,5515,5899,5622,4738,
17846,9187,8204,8066,8317,6776,8768,7970,8770,8072,
15783,6928,8245,8478,7001,6795,7720,7483,7245,6756,
12257,7363,7533,6822,6915,6781,5942,6073,6790,6622,
20289,8401,8890,7809,7484,8093,9886,8073,8396,7222,
12977,6931,7229,7244,6437,6681,5923,6205,6061,6307,
12502,7468,6782,6601,5616,5092,5686,6695,6408,4426,
10500,6400,7188,6620,6384,6384,5979,5856,5748,6520,
13223,7481,6149,5740,6686,7167,6145,7161,8190,6699,
15708,7691,7775,7827,7376,7180,7789,7246,7915,7075,
15831,7686,7602,6310,8417,7481,7074,6990,6756,6594,
10203,6952,6263,6023,6184,6193,6081,6137,6166,6050,
16876,7441,8526,5936,6290,6076,6006,6004,6006,6113,
11462,7416,6640,7030,6399,6114,6293,7088,6631,6329,
15376,9134,8696,8682,6444,7152,7479,7105,6395,6476,
12246,6380,5564,5793,6309,6160,5946,6677,6384,6079,
10192,6480,6032,5772,5719,6450,5667,6304,6216,5856,
13991,7915,6157,6395,7373,6636,5401,5853,5752,5241,
9073,6211,6210,5794,6439,6489,5952,5705,6306,5662,
12139,6027,5850,6052,5887,5933,5229,4896,5752,5746,
13699,7604,6975,6368,6047,6189,6178,6485,5530,5529,
9305,6028,5354,5413,5594,5668,5937,5349,5484,5537,
13778,7323,7227,6256,6098,6456,6291,6636,6342,6798,
11866,5717,6213,5492,5504,5599,6431,6717,6040,5594,
11182,6940,5353,5876,5997,6240,5704,5925,5706,5743,
14466,7593,6965,6843,6638,6619,6551,6433,6218,6043,
13106,5515,4637,4442,4438,4438,4438,4438,4438,4438,
13258,5716,6018,5496,4817,4839,5511,5801,5998,5134,
12199,7114,6087,6181,6419,5701,6227,6326,5958,6696,
15293,8073,8660,7540,6606,6555,5787,5913,5790,6812,
14828,8837,6076,7367,8152,6766,7259,6877,6090,5570,
25247,7967,7634,7633,7633,7633,7633,7633,7633,7633,
12046,7164,7033,6466,5347,4641,5828,5694,5566,6126,
17944,7914,8335,7870,7510,7313,6666,6368,7426,6764,
18364,7638,7107,6617,6504,6465,6491,6471,6738,6949,
8769,5956,6571,5639,6179,5602,5485,5531,5303,5709,
15800,5631,5253,5200,5199,5199,5199,5199,5199,5199,
11461,7124,6119,5567,5956,5270,5852,5586,4949,4600,
11093,6784,6701,6496,5790,5926,6281,5871,6182,6198,
12221,7404,6061,6132,6155,5843,5183,6971,5873,5736,
12745,6054,5567,6092,6325,6239,5237,5556,5692,5239,
10635,5505,5711,4693,5224,5224,5439,5619,5629,5649,
12126,7187,5486,4738,6275,5228,6559,5579,6015,5766,
18996,8945,8444,9332,8048,7374,7416,7069,6645,8402,
17742,7159,6835,8175,7044,6858,7034,6720,6769,6475,
11948,7698,6533,6706,6884,6434,5951,6484,6262,7106,
11639,6132,5193,5849,6529,4900,4904,6201,4372,5979,
11212,6699,6255,6828,6308,5481,5857,5527,5191,5475,
13039,6487,5419,5604,6129,5895,6653,6216,6608,5459,
13814,8581,7801,7272,5917,7267,7036,6547,6731,5977,
10619,6681,5807,5879,6068,5758,5809,6172,5840,5951,
11864,7241,6232,4975,4072,4966,4352,4727,4567,4148,
12688,7420,6730,6502,6556,6287,6575,6248,6236,6104,
9167,7149,5877,6029,5663,4660,5766,4912,4557,4748,
17271,8909,6376,7821,6978,6359,8096,6327,6304,6204,
13632,6090,6573,5678,4762,5071,5596,6801,8347,7182,
12441,6970,6943,6376,5983,6293,6259,6200,6187,6855,
12392,6697,7490,6197,7059,6492,5846,6110,6002,6754,
17231,7227,6767,5899,5927,5859,5865,5862,5859,5854,
9419,6344,6049,6066,6081,5597,6136,6486,5791,5670,
10360,5837,6306,5616,7044,6230,5191,5591,5766,6193,
12525,6618,6449,4780,6355,4334,4427,4214,4202,4200,
19173,7172,6484,6455,6455,6454,6454,6454,6454,6454,
12018,7594,6487,5928,6225,5829,5822,6202,5846,5863,
12316,6985,6527,6189,6624,6347,5926,6452,6275,5685,
10761,7433,6070,5572,6197,5465,5890,5374,5225,5577,
13521,6739,7377,6271,6188,6117,5938,6049,6976,6147,
13337,6559,6098,6359,7905,6611,6097,5800,5667,5766,
20326,7673,6770,6757,6759,6756,6756,6756,6756,6756,
16999,7320,5840,5904,5839,5839,6742,7851,6310,5899,
14527,7497,7142,7014,6802,6241,6777,6452,6526,6168,
17150,8383,8786,8910,7005,7189,7862,8150,6935,7484,
12029,6313,6419,5636,5812,6418,5635,6243,7056,5811,
11134,7589,6801,6059,6764,5576,6747,6803,6965,6452,
20697,10049,8428,7816,8243,9440,8482,9156,8288,8136,
13739,8526,6963,6816,6761,6643,6269,6166,6090,5288,
17529,6416,5868,5855,5854,5854,5854,5854,5854,5854,
11947,6584,6856,6249,6421,6057,6221,5659,6214,5231,
13667,8111,5601,6880,6336,5451,5695,6107,5197,6257,
22009,8317,7472,7425,7422,7422,7422,7422,7422,7422,
10891,6569,6062,5180,5541,5278,4858,4731,5168,5993,
10507,7772,6877,5926,6489,5859,6366,5793,5406,5930,
11167,6786,6706,7016,5836,6081,6673,6122,5711,6051,
15249,6594,6033,5236,5439,5251,5210,5207,5207,5207,
17058,7693,8857,6577,6414,7203,6660,6407,6485,7026,
11892,7059,6913,6686,6224,5889,5910,5859,5765,5853,
14993,7844,7491,5836,6354,5824,6094,6064,6283,5699,
10584,7570,5512,5084,5714,5643,5533,5979,5691,5568,
18947,7007,6373,6356,6356,6356,6356,6356,6356,6356,
12941,6255,5895,5478,4746,4589,4474,4460,4460,4460,
15619,8168,6463,5370,5475,5570,5293,5296,5346,5289,
13700,6620,7486,6624,6820,6394,7043,5899,6603,7360,
14615,7472,5600,6398,5291,5625,5558,5053,5240,5163,
12686,6311,7024,5997,6677,5618,6173,7130,5825,5624,
10224,6524,6224,4915,4854,5763,5335,5919,4670,4559,
13047,7224,7342,6774,7251,6210,6484,6366,6491,6149,
14289,7411,7490,6406,6013,6624,6078,7349,5986,6262,
12503,8133,6796,6830,7238,6603,6428,6516,6515,6882,
11414,6979,6418,6236,6710,5789,6116,5702,6227,6097,
10885,6378,6079,6065,5939,5452,6113,5709,6382,6014,
26786,9710,8943,8930,8930,8930,8930,8930,8930,8930,
14096,6612,6186,6831,7726,7477,5384,4892,5527,5492,
13165,6970,6015,6974,5827,6081,5511,5888,6019,5341,
14840,8361,7939,6400,5728,7102,7002,6909,5979,5736,
24915,8216,7972,7971,7971,7971,7971,7971,7971,7971,
13307,7305,6643,6497,6377,6232,6116,5805,5575,5199,
24722,10192,10071,8871,8617,8667,8671,8266,8255,8260,
16674,8723,6549,6892,6878,5967,6448,5972,5614,5605,
22293,8061,7541,7470,7459,7458,7502,7458,7458,7458,
13167,7163,7145,6860,7004,6726,6736,6954,6825,6125,
18512,9887,8064,8865,7559,6669,6648,6941,6746,8675,
17334,6626,5562,5553,5553,5553,5553,5553,5553,5553,
11961,7593,7164,6201,7075,6493,7133,6512,6071,6664,
11868,6238,5476,5579,5717,5594,5059,6348,6630,6821,
18405,6674,6167,6155,6154,6154,6154,6154,6154,6154,
10749,5908,6088,5861,5606,5523,5071,5514,6220,5654,
14737,7286,7597,7737,6737,8054,7216,6576,7452,7180,
14365,7243,6349,6100,6805,6111,5627,6698,6130,6003,
8787,6248,5116,4930,5710,4564,5076,5118,5759,5306,
15290,7812,6041,6435,5759,5367,6144,5376,5370,5356,
15479,7828,6754,7162,7130,6623,6259,7034,6674,7518,
13674,6843,7019,6142,6478,6175,6253,7432,6904,6622,
15112,7483,7004,7719,7261,6848,5911,7186,6544,5663,
11693,7115,6511,6279,6493,6432,6835,5768,6299,6003,
12367,6409,6890,6059,6482,7003,6086,6405,6391,6467,
16380,6129,5502,5459,5459,5458,5458,5458,5458,5458,
12725,7288,6287,5058,4650,6251,5146,6244,4569,5328,
14474,6289,5598,5924,6462,5909,7574,5646,5268,6667,
8148,4307,3049,3336,3200,2725,2702,2700,2700,2700,
10930,4960,4011,5175,5102,5066,4503,4212,5373,4443,
10306,5995,5284,5632,4599,4856,4501,5130,5015,4338,
9481,5172,4628,4215,4412,3983,4419,4322,3857,3968,
7586,4829,4701,4464,4106,4018,3759,4104,4036,3717,
7927,4994,4457,4309,4148,4193,4446,4179,4342,3944,
8600,5470,4337,4349,4220,4314,3424,3896,4542,4055,
10427,4803,4459,4602,4368,4151,4268,5230,5142,4245,
8949,4800,4281,5657,5023,4902,4099,4745,4504,4278,
8216,5328,4642,4179,4085,4264,4622,4215,4042,4305,
11265,5813,5622,5458,3678,3663,3662,3647,3646,3646,
10823,4715,6003,4131,3567,4009,3671,3574,3570,3569,
9427,4705,4158,4685,3668,3779,4230,3177,3688,4611,
9859,5238,4981,4559,4056,4334,4280,4168,4492,4388,
8042,5193,4775,4484,4447,4456,4204,4005,3885,4084,
12921,4685,4403,5687,5147,4738,5582,4428,4636,4367,
8891,4965,4294,4149,4335,4224,3849,3564,4475,3873,
12013,5833,4106,5268,4155,5003,5521,5290,4199,4447,
8792,4688,3662,3417,3790,3319,3805,4567,3745,4476,
9589,4959,5046,4622,5155,4277,4004,4391,3651,4738,
10112,5713,4122,4139,5262,4725,4544,4511,4023,4303,
11083,4718,3730,4576,4185,4676,5619,5544,3771,4565,
12783,7699,5553,5921,5922,5030,5339,4924,5352,6208,
15224,5315,4954,4917,4916,4916,4916,4916,4916,4916,
9220,4126,3199,3109,3121,3110,3121,3109,3121,3109,
12274,5952,5635,4664,4514,6246,5706,5224,5059,5171,
8778,4773,4545,4083,3758,4041,4338,3449,3955,4121,
10135,5266,5312,4750,4592,4916,4289,4698,4483,4066,
11210,5972,4915,5485,4905,4298,4957,4660,4392,4628,
8544,4783,4252,4504,4072,4363,4086,4029,4231,4048,
15390,7211,5359,4985,4982,4981,4981,4981,4981,4981,
9770,5944,4798,5141,4743,4856,4616,4927,4743,4581,
8904,3995,4688,4092,3793,4387,3388,3757,3195,4090,
9911,5841,4518,4622,4047,4625,4405,4407,4134,4120,
9334,5531,5430,4905,4317,4415,4579,4687,4361,4886,
11614,6067,5620,5652,4724,4361,4892,4183,4695,5204,
8683,4948,4240,4398,4773,4261,3812,3852,3956,5237,
7817,4877,5090,4543,4544,4075,3901,4166,3793,4106,
8661,4642,4780,5008,4324,3988,4103,4142,4183,3659,
11551,5752,4667,5052,4047,4014,4418,4048,4095,4216,
7900,4813,4205,4811,4443,3940,4141,4311,3800,4401,
8126,4757,4576,4131,3913,4221,3860,4180,4125,3408,
11664,5809,5258,4934,5319,4559,4297,4472,5576,4742,
7720,4867,4122,3790,3699,3477,3399,3509,3996,3853,
9503,4685,5492,4860,4612,4173,4344,4353,4288,3810,
9220,5536,4419,4883,4322,4552,4599,4389,4452,4549,
15017,7019,5210,5035,4963,4953,4953,4953,4953,4953,
9163,4724,4611,3834,4491,4005,3783,4480,4431,4366,
10822,4985,5116,4694,4972,4620,5355,5213,4631,4323,
10041,4810,4265,4780,4413,3717,3654,4067,4930,5033,
8408,4175,4245,4374,3831,3780,4463,4499,4711,4575,
11299,6940,4924,4506,5139,4456,4098,4123,4213,3859,
9858,5006,4777,3823,3552,4347,4592,3578,3699,3764,
12239,5952,5662,5027,4359,4344,4290,3983,4012,4002,
9328,5101,5029,4366,3939,3751,3821,4637,3749,3651,
9750,5170,5338,4998,5167,4255,5387,4030,5199,4649,
11381,5571,4980,4254,5034,4634,4816,5078,4084,5325,
13935,5473,4620,4936,4562,4540,4524,4523,4523,4523,
10132,5369,5665,4904,3924,5126,4185,4646,5127,4187,
9530,4938,4514,4052,4714,4629,4306,4188,4301,4609,
7669,4472,3877,3974,3844,3867,3839,3429,3434,4259,
10948,5838,5350,4128,4699,4746,3862,3717,3805,3747,
7471,4611,4727,3938,4251,4500,3552,3892,3589,3540,
7689,4578,4362,4014,4626,4239,3922,3502,4292,3905,
9079,5212,4306,4665,4235,4111,4586,4223,4168,4295,
8364,4437,4459,4488,4228,4597,3667,3886,3658,4309,
15935,5748,5283,5569,5848,5256,5249,5405,5290,5540,
11102,5067,3921,3630,3617,3617,3617,3617,3617,3617,
19763,8823,6947,7265,6421,6805,6588,6496,6487,6487,
10170,4924,4649,5243,3884,3680,3839,3822,3488,3577,
9781,5017,4078,3967,4039,4306,3908,3996,4260,4032,
13470,6652,5178,4601,5422,5028,4511,4468,4463,4463,
8772,5143,4412,4455,4193,5048,4716,3853,4080,4078,
12257,6518,5679,6121,5311,4408,6508,4664,5259,4564,
8593,5428,4751,4362,4238,4254,3673,4502,3710,3571,
9486,5418,5174,5135,4955,4813,4192,4668,4285,4784,
16933,5944,5556,5549,5549,5549,5549,5549,5549,5549,
12871,6447,6016,5260,5030,4941,5286,5022,4673,5097,
11014,4952,4871,4648,4870,4882,4429,4504,4266,4828,
15627,8281,6154,5186,5048,5608,5065,6176,5055,5099,
8814,4871,4632,4249,4671,4355,3752,3553,3580,3810,
7580,5183,3840,4289,4176,3523,3306,3652,3701,3573,
12149,4963,3980,3968,3968,3968,3968,3968,3968,3968,
8147,3945,3486,2698,2692,2690,2690,2690,2690,2690,
9299,4746,5234,4801,4670,5277,4882,4449,4845,4228,
8500,5227,5006,4315,4529,3797,3826,3921,3907,3666,
10499,4774,4862,4377,4316,4365,4464,4278,4815,4718,
11083,5751,5505,4222,4835,4362,4113,4214,4004,4846,
10347,5610,4775,4173,3668,3834,3707,4607,4025,3530,
8241,5026,4733,4384,4057,4258,4164,4225,4111,4331,
12621,4536,4119,4113,4113,4113,4113,4113,4113,4113,
7179,4826,4208,4471,4073,4041,4087,4282,3767,4498,
14082,6625,5265,5435,5044,5308,5251,5188,5363,4799,
10428,5369,5409,4876,4100,4341,4634,3711,3571,3601,
8553,4644,4698,4403,3690,3574,3751,3728,3711,3941,
10601,4539,4360,5268,4584,4433,3887,5194,4344,4378,
21195,7293,6917,6909,6909,6909,6909,6909,6909,6909,
8009,5169,4101,4317,4544,4236,4262,3822,3788,3930,
13555,5482,5034,4511,4656,4913,4564,5141,5345,4941,
9031,4748,4661,5031,4969,4457,4002,4334,4163,3756,
9919,5129,3923,4371,4536,3698,3831,3362,3765,4706,
10168,5294,5565,5280,5023,4420,3983,5785,4609,4650,
7640,5419,4360,4366,4646,3819,3947,3783,4280,4172,
11317,4464,3781,3722,3721,3721,3721,3721,3721,3721,
13035,4739,5293,4778,4761,5057,4713,5489,5019,4844,
10407,4890,4359,3774,4869,4416,4564,4438,4837,4328,
10602,5014,4892,4632,5128,4937,4149,4719,4697,4242,
10151,6257,4562,3691,3601,3359,3345,3345,3345,3345,
9757,5334,4524,4641,4504,4721,4613,4015,4945,4689,
17670,7579,7778,6657,5921,5845,7464,6092,6808,6027,
8723,4735,4176,4132,3219,3191,3770,4039,3207,3363,
11448,5747,5348,4354,3950,4613,4536,3728,3866,3786,
8638,5095,4982,4298,4591,4348,4236,4897,4227,4255,
9457,4931,4644,4681,4575,4294,4382,4982,4730,4203,
13240,6043,5096,6437,5564,4860,4574,4492,4416,4415,
9574,5083,4782,4952,4674,4695,3998,3982,4644,4411,
13326,5241,6827,5495,4898,4351,4348,4348,4348,4348,
11196,4432,5347,5126,4059,4347,4330,4153,4941,3897,
12246,5499,4631,5589,6149,4200,4542,5283,4960,5098,
10864,4351,3632,3627,3615,3614,3614,3614,3614,3614,
13220,5572,5815,4466,4411,4400,4399,4402,4400,4400,
11654,4879,4642,4870,4374,5427,4480,4573,4959,4499,
9426,4093,4064,4017,3870,3503,3483,3372,3638,3372,
8436,5681,4723,4217,4328,4366,4065,3886,4214,4639,
10096,5263,4731,4102,4682,4402,5012,3937,4521,4071,
17182,6522,5531,5411,5411,5411,5411,5411,5411,5411,
9321,4730,5652,5037,3993,4684,4698,4996,4188,4428,
10613,5867,5113,5420,4184,5312,4098,4220,4523,5424,
11062,6498,5325,5341,5087,4832,4980,4187,4535,4561,
8522,4789,4992,4349,4466,4343,4622,4076,4395,4110,
10818,4631,3623,3600,3588,3587,3587,3587,3587,3587,
12249,5581,5018,4969,4903,4978,5387,4400,4321,4562,
11455,5583,4912,4720,3796,3782,4271,4494,3766,3808,
8542,4646,4278,5011,4515,4276,4185,4333,3961,4899,
9743,5586,5149,4808,4740,4979,4711,4873,4744,3979,
10570,4832,3809,4413,4619,4208,4780,3908,3673,3968,
9612,4404,3398,3618,3643,4107,3193,3407,3688,3498,
9856,4708,4291,4304,3497,3874,3826,3674,4497,3479,
11511,5085,3887,3967,4212,3810,3798,3797,3797,3797,
11249,6071,5373,4764,4736,5263,4852,5005,4922,5618,
11645,6023,5566,4438,4208,4535,5614,4960,5430,5394,
10001,5311,3868,3767,4243,3892,3698,4054,3867,3960,
10854,5546,5224,4961,3845,4870,3709,3819,3671,3746,
10888,5677,4686,4025,4176,4591,3827,4990,4376,4122,
15413,6353,5586,5132,5736,5161,5158,5153,5152,5152,
10453,4817,3843,5030,3729,3637,4830,4049,4342,4121,
12775,5894,4423,4270,4252,4251,4250,4250,4250,4250,
11959,6163,5623,5849,5542,4959,4874,5250,5027,5542,
7278,4537,4821,4541,3798,3749,3868,3807,4269,3652,
12172,4962,4034,3942,3938,3938,3938,3938,3938,3938,
8395,4796,5197,4845,4323,4444,4238,4182,4654,4452,
8514,4866,4228,4374,4484,4069,3397,4304,4864,3697,
12534,4356,4096,4087,4087,4087,4087,4087,4087,4087,
9364,4436,4913,5009,4834,4480,4233,3916,4487,4526,
12262,5292,4839,4756,5791,5024,4709,4678,5701,4924,
11316,4533,3681,3562,3554,3553,3553,3553,3553,3553,
8721,5029,4254,4623,4127,3865,3548,4215,4102,4414,
14284,7019,4824,4686,6072,6672,5039,4785,5567,4818,
8296,5550,4732,4299,4729,4559,4455,4632,4340,4238,
9715,4852,5106,5068,4031,3821,4389,4846,3704,3788,
8684,4710,4781,4471,4287,4085,3559,3678,3544,3290,
8762,4978,4569,4538,4237,4436,4426,4242,4025,4303,
9931,5024,4323,5072,4375,4664,4267,4823,4757,4531,
9739,5376,4941,4255,4515,3940,4506,4252,4628,4295,
11767,6153,5313,5417,4488,4828,4394,4401,4709,4224,
11722,4457,4491,4376,3983,4347,3975,3940,4169,3917,
7901,4688,4570,3909,3903,3866,3627,4103,4192,3966,
9337,4469,4395,4655,4383,4300,3887,3540,3881,3754,
9230,5863,5160,4490,4563,3970,4365,4307,4129,3975,
13122,6038,5492,4482,4854,5455,4315,4315,4315,4315,
14500,4676,4535,4533,4533,4533,4533,4533,4533,4533,
14038,5266,4617,4582,4581,4581,4581,4581,4581,4581,
9874,4543,5209,4139,5090,4212,3837,4290,4921,3654,
12860,5916,5672,5168,4708,5296,5348,4647,4641,4680,
17564,7960,5772,5564,5564,5564,5564,5564,5564,5564,
9126,5030,4943,4277,4148,4517,3734,4408,4453,4416,
8327,4931,4193,4372,4046,4351,4170,3858,3787,3187,
11469,5654,4267,4347,4051,4085,4870,4484,6043,3959,
11816,5572,5229,5123,4466,4760,4204,4687,4546,4933,
10005,5976,4708,5305,4920,4754,4788,4812,5236,4637,
9434,4525,4702,3541,3976,4754,3953,4656,4378,4836,
15322,7087,7318,5744,6543,5997,5731,5508,5138,5811,
12708,5180,4165,4143,4142,4142,4142,4142,4142,4142,
9240,5047,3697,4857,4912,3466,3176,3131,3044,3043,
8840,5062,4738,5368,4737,4292,4647,4309,4707,4014,
11251,5903,5131,4537,4384,5159,4908,4462,4978,4413,
8105,4690,4554,4295,3927,3597,4416,4299,4038,4035,
8064,4534,4296,4002,4012,4319,3992,3474,3443,2874,
14122,4764,4611,4554,4554,4554,4554,4554,4554,4554,
9199,4453,4789,4683,5006,4574,4234,4519,4087,4122,
14741,5053,4790,4778,4778,4778,4778,4778,4778,4778,
9113,5762,4884,3874,4075,4399,4475,4262,3588,4590,
12674,7212,6297,6034,5675,5495,6331,5885,5688,6052,
11715,7498,6939,6903,6637,6410,6126,5557,6245,6578,
15158,7328,7807,5205,5145,5113,5111,5111,5111,5111,
11942,7787,6477,7130,7137,6712,6174,7105,7119,6859,
11308,6211,6677,6436,6522,6654,6359,6407,6158,6275,
14250,7206,7708,6611,6548,6887,6507,6054,7202,6373,
15038,7006,6348,6292,7798,5905,5786,6193,7413,6061,
12162,6129,6113,5329,5272,4899,4354,4340,4499,4337,
15939,7546,7366,7685,7953,8131,7305,6063,7628,6393,
20292,7868,6856,6836,6836,6836,6836,6836,6836,6836,
12851,7948,6639,6652,6839,6186,6303,5998,6158,6848,
14464,7518,6943,6136,7195,6501,6584,6507,5999,6519,
14150,6691,6232,7261,6330,6527,6280,6054,6136,7101,
18792,13328,7706,7967,6597,6735,6594,6708,6594,6708,
16043,7568,6575,6692,5772,6226,6237,5604,6854,6366,
13433,7227,6374,7192,5897,5938,5532,6027,5549,5498,
9164,5484,4884,4196,3968,4860,3955,4128,3656,3834,
12096,7132,6490,5966,5945,6234,6248,6078,6006,5837,
11282,6189,4510,4921,4319,4848,4349,5267,5470,4589,
9679,5002,4973,4339,5051,4701,4491,4588,4192,4427,
12104,6056,4172,4026,4024,4024,4024,4024,4024,4024,
11032,4709,4514,3791,3722,3636,3651,3635,3651,3635,
10564,3884,3625,3476,3626,3582,3459,3452,3452,3452,
11795,6097,5923,4208,4211,4169,3995,3987,3987,3987,
10626,6925,6842,5965,6313,6160,6317,6551,6094,5925,
10771,6656,6339,5614,6014,6078,5803,5521,6412,5473,
12989,6770,6402,7042,5521,6790,5817,5309,6904,5535,
16590,8238,7331,7255,8155,6778,6073,7298,7206,6497,
9790,6632,5645,6434,6249,5332,5916,5423,5568,6030,
12476,7067,6303,6044,6745,5750,6005,6050,6455,5984,
14805,6547,6291,6415,7034,6414,7095,5807,6624,5790,
12069,6826,6374,7522,6570,6394,6184,6613,6786,5999,
10569,5512,5325,4643,5075,4363,3978,4319,4924,4163,
12123,6411,4391,5212,4269,4296,4710,4307,4109,4973,
10309,5041,5603,4918,4288,4319,5263,4679,4231,4693,
13772,5464,5174,4662,4505,4504,4504,4504,4504,4504,
8915,5195,4143,4598,4127,4215,3986,4011,4219,3619,
10110,6232,4891,5433,4776,4957,4201,4190,4820,4708,
9346,5337,4394,4248,4289,4038,3580,4665,4132,4147,
21184,6857,6665,6662,6662,6662,6662,6662,6662,6662,




Further Data analysis of all test cases 
INSTANCEID avg med max min 
INSTANCE1 12798.358, 12124.5, 33112, 7179, 
INSTANCE2 6906.506, 6812.5, 23363, 3820, 
INSTANCE3 6088.44, 6146.5, 20184, 3019, 
INSTANCE4 5859.302, 5855.5, 19852, 2723, 
INSTANCE5 5735.924, 5768.5, 19829, 2723, 
INSTANCE6 5653.856, 5725.5, 19829, 2723, 
INSTANCE7 5596.294, 5651.5, 19829, 2723, 
INSTANCE8 5563.008, 5570.5, 19829, 2703, 
INSTANCE9 5569.846, 5668.5, 19829, 2701, 
INSTANCE10 5530.124, 5501, 19829, 2700, 


INSTANCE1 12798.356, 12124.5, 33112, 7179, 
INSTANCE2 7212.06, 6874, 26882, 3902, 
INSTANCE3 6156.02, 6059.5, 22417, 3519, 
INSTANCE4 5985.506, 5893.5, 21448, 3471, 
INSTANCE5 5851.478, 5691, 21093, 3175, 
INSTANCE6 5725.618, 5678, 21026, 3020, 
INSTANCE7 5649.114, 5614, 21021, 2983, 
INSTANCE8 5666.832, 5503.5, 21021, 2868, 
INSTANCE9 5654.35, 5613, 21021, 3152, 
INSTANCE10 5606.658, 5505, 21021, 3004, 


INSTANCE1 12798.356, 12124.5, 33112, 7179, 
INSTANCE2 6530.244, 6530, 15711, 3884, 
INSTANCE3 5969.922, 6045, 10261, 3049, 
INSTANCE4 5747.148, 5782.5, 10258, 2698, 
INSTANCE5 5664.428, 5797, 10258, 2692, 
INSTANCE6 5556.358, 5579, 10258, 2690, 
INSTANCE7 5507.546, 5620, 10258, 2690, 
INSTANCE8 5485.374, 5556.5, 10258, 2690, 
INSTANCE9 5490.168, 5549, 10258, 2690, 
INSTANCE10 5428.728, 5491, 10258, 2690, 



