

Data analysis for each instance 
AVG,MED,MAX,MIN
-0.503,-0.521,-0.361,-0.541,
-0.445,-0.441,-0.361,-0.506,
-0.502,-0.52,-0.361,-0.524,
-0.505,-0.522,-0.361,-0.54,
-0.429,-0.431,-0.361,-0.483,
-0.471,-0.483,-0.361,-0.511,
-0.505,-0.52,-0.361,-0.557,
-0.538,-0.565,-0.361,-0.595,
-0.509,-0.52,-0.361,-0.555,
-0.472,-0.49,-0.361,-0.513,
-0.51,-0.519,-0.361,-0.561,
-0.448,-0.452,-0.361,-0.497,
-0.436,-0.438,-0.361,-0.48,
-0.467,-0.461,-0.361,-0.557,
-0.521,-0.536,-0.361,-0.566,
-0.466,-0.459,-0.361,-0.535,
-0.458,-0.447,-0.361,-0.521,
-0.515,-0.522,-0.361,-0.57,
-0.429,-0.412,-0.361,-0.499,
-0.508,-0.526,-0.361,-0.529,
-0.487,-0.506,-0.361,-0.522,
-0.483,-0.488,-0.361,-0.543,
-0.448,-0.439,-0.361,-0.513,
-0.469,-0.468,-0.361,-0.533,
-0.483,-0.486,-0.361,-0.573,
-0.476,-0.476,-0.361,-0.536,
-0.51,-0.51,-0.361,-0.579,
-0.455,-0.444,-0.361,-0.538,
-0.437,-0.432,-0.361,-0.492,
-0.452,-0.454,-0.361,-0.501,
-0.456,-0.473,-0.361,-0.484,
-0.487,-0.49,-0.361,-0.567,
-0.468,-0.466,-0.361,-0.518,
-0.433,-0.433,-0.361,-0.499,
-0.471,-0.472,-0.361,-0.513,
-0.43,-0.433,-0.361,-0.467,
-0.491,-0.508,-0.361,-0.536,
-0.468,-0.474,-0.361,-0.494,
-0.55,-0.575,-0.361,-0.613,
-0.518,-0.526,-0.361,-0.564,
-0.455,-0.449,-0.361,-0.534,
-0.459,-0.461,-0.361,-0.526,
-0.455,-0.446,-0.361,-0.527,
-0.463,-0.449,-0.361,-0.565,
-0.456,-0.461,-0.361,-0.488,
-0.537,-0.561,-0.361,-0.582,
-0.477,-0.489,-0.361,-0.519,
-0.444,-0.443,-0.361,-0.489,
-0.453,-0.452,-0.361,-0.529,
-0.504,-0.524,-0.361,-0.568,
-0.427,-0.422,-0.361,-0.508,
-0.479,-0.489,-0.361,-0.535,
-0.449,-0.44,-0.361,-0.505,
-0.465,-0.46,-0.361,-0.513,
-0.476,-0.47,-0.361,-0.55,
-0.476,-0.493,-0.361,-0.558,
-0.474,-0.479,-0.361,-0.509,
-0.533,-0.55,-0.361,-0.574,
-0.504,-0.514,-0.361,-0.547,
-0.444,-0.439,-0.361,-0.499,
-0.444,-0.454,-0.361,-0.468,
-0.486,-0.498,-0.361,-0.535,
-0.503,-0.525,-0.361,-0.535,
-0.537,-0.553,-0.361,-0.576,
-0.471,-0.471,-0.361,-0.519,
-0.545,-0.573,-0.361,-0.598,
-0.487,-0.504,-0.361,-0.528,
-0.495,-0.508,-0.361,-0.546,
-0.487,-0.501,-0.361,-0.522,
-0.496,-0.521,-0.361,-0.535,
-0.521,-0.544,-0.361,-0.566,
-0.473,-0.477,-0.361,-0.514,
-0.473,-0.484,-0.361,-0.522,
-0.463,-0.457,-0.361,-0.531,
-0.473,-0.483,-0.361,-0.518,
-0.457,-0.465,-0.361,-0.486,
-0.438,-0.457,-0.341,-0.483,
-0.467,-0.47,-0.361,-0.523,
-0.506,-0.518,-0.361,-0.549,
-0.54,-0.565,-0.361,-0.594,
-0.448,-0.436,-0.361,-0.504,
-0.45,-0.45,-0.361,-0.5,
-0.535,-0.552,-0.361,-0.583,
-0.471,-0.479,-0.361,-0.526,
-0.471,-0.465,-0.361,-0.559,
-0.483,-0.5,-0.361,-0.526,
-0.504,-0.532,-0.361,-0.551,
-0.486,-0.488,-0.361,-0.563,
-0.497,-0.52,-0.361,-0.534,
-0.477,-0.483,-0.361,-0.551,
-0.481,-0.475,-0.361,-0.553,
-0.448,-0.443,-0.361,-0.522,
-0.477,-0.489,-0.361,-0.495,
-0.513,-0.53,-0.361,-0.56,
-0.434,-0.436,-0.361,-0.467,
-0.496,-0.52,-0.361,-0.535,
-0.453,-0.458,-0.361,-0.487,
-0.457,-0.442,-0.361,-0.527,
-0.443,-0.435,-0.361,-0.507,
-0.438,-0.437,-0.361,-0.501,
-0.519,-0.54,-0.361,-0.558,
-0.46,-0.484,-0.361,-0.539,
-0.458,-0.464,-0.361,-0.482,
-0.518,-0.545,-0.361,-0.546,
-0.441,-0.442,-0.361,-0.486,
-0.502,-0.506,-0.361,-0.575,
-0.517,-0.535,-0.361,-0.57,
-0.558,-0.583,-0.361,-0.6,
-0.475,-0.468,-0.361,-0.538,
-0.486,-0.504,-0.361,-0.526,
-0.475,-0.463,-0.361,-0.569,
-0.457,-0.455,-0.361,-0.526,
-0.458,-0.443,-0.361,-0.574,
-0.456,-0.46,-0.361,-0.489,
-0.486,-0.483,-0.361,-0.55,
-0.456,-0.463,-0.361,-0.495,
-0.546,-0.564,-0.361,-0.615,
-0.477,-0.487,-0.361,-0.517,
-0.426,-0.423,-0.361,-0.471,
-0.453,-0.446,-0.361,-0.536,
-0.515,-0.533,-0.361,-0.567,
-0.461,-0.45,-0.361,-0.526,
-0.447,-0.444,-0.361,-0.504,
-0.529,-0.541,-0.361,-0.577,
-0.463,-0.48,-0.361,-0.49,
-0.462,-0.45,-0.361,-0.533,
-0.564,-0.588,-0.361,-0.618,
-0.46,-0.467,-0.361,-0.504,
-0.491,-0.505,-0.361,-0.559,
-0.465,-0.467,-0.361,-0.514,
-0.497,-0.506,-0.361,-0.546,
-0.491,-0.491,-0.361,-0.552,
-0.471,-0.472,-0.361,-0.522,
-0.5,-0.512,-0.361,-0.55,
-0.537,-0.563,-0.361,-0.582,
-0.49,-0.496,-0.361,-0.529,
-0.442,-0.445,-0.361,-0.48,
-0.484,-0.488,-0.361,-0.552,
-0.487,-0.489,-0.361,-0.539,
-0.398,-0.389,-0.361,-0.458,
-0.468,-0.464,-0.361,-0.527,
-0.468,-0.469,-0.361,-0.514,
-0.437,-0.432,-0.361,-0.498,
-0.523,-0.546,-0.361,-0.566,
-0.531,-0.561,-0.361,-0.584,
-0.514,-0.534,-0.361,-0.546,
-0.49,-0.493,-0.361,-0.538,
-0.484,-0.488,-0.361,-0.518,
-0.472,-0.479,-0.361,-0.506,
-0.456,-0.453,-0.361,-0.521,
-0.535,-0.558,-0.361,-0.571,
-0.536,-0.573,-0.361,-0.574,
-0.53,-0.552,-0.361,-0.578,
-0.499,-0.518,-0.361,-0.55,
-0.494,-0.509,-0.361,-0.526,
-0.477,-0.481,-0.361,-0.522,
-0.451,-0.452,-0.361,-0.487,
-0.465,-0.469,-0.361,-0.511,
-0.461,-0.464,-0.361,-0.527,
-0.532,-0.557,-0.361,-0.595,
-0.433,-0.429,-0.361,-0.509,
-0.524,-0.548,-0.361,-0.589,
-0.495,-0.506,-0.361,-0.555,
-0.47,-0.474,-0.361,-0.517,
-0.531,-0.548,-0.361,-0.557,
-0.482,-0.496,-0.361,-0.527,
-0.481,-0.492,-0.361,-0.524,
-0.486,-0.482,-0.361,-0.558,
-0.421,-0.421,-0.361,-0.461,
-0.457,-0.453,-0.361,-0.513,
-0.49,-0.501,-0.361,-0.534,
-0.555,-0.576,-0.361,-0.616,
-0.462,-0.456,-0.361,-0.536,
-0.486,-0.482,-0.361,-0.557,
-0.519,-0.528,-0.361,-0.56,
-0.482,-0.487,-0.361,-0.537,
-0.445,-0.444,-0.361,-0.49,
-0.421,-0.415,-0.361,-0.484,
-0.479,-0.483,-0.361,-0.515,
-0.442,-0.448,-0.361,-0.459,
-0.501,-0.5,-0.361,-0.568,
-0.449,-0.453,-0.361,-0.494,
-0.448,-0.457,-0.361,-0.497,
-0.433,-0.423,-0.361,-0.491,
-0.423,-0.418,-0.361,-0.472,
-0.508,-0.52,-0.361,-0.544,
-0.474,-0.476,-0.361,-0.531,
-0.561,-0.577,-0.361,-0.611,
-0.537,-0.548,-0.361,-0.592,
-0.468,-0.48,-0.361,-0.507,
-0.513,-0.536,-0.361,-0.544,
-0.439,-0.443,-0.361,-0.474,
-0.469,-0.485,-0.361,-0.497,
-0.475,-0.476,-0.361,-0.518,
-0.472,-0.479,-0.361,-0.542,
-0.489,-0.511,-0.361,-0.539,
-0.499,-0.498,-0.361,-0.56,
-0.513,-0.526,-0.361,-0.55,
-0.479,-0.481,-0.361,-0.549,
-0.484,-0.49,-0.361,-0.529,
-0.451,-0.449,-0.361,-0.509,
-0.499,-0.496,-0.361,-0.567,
-0.435,-0.432,-0.361,-0.469,
-0.501,-0.515,-0.361,-0.548,
-0.468,-0.491,-0.361,-0.504,
-0.474,-0.483,-0.361,-0.496,
-0.472,-0.471,-0.361,-0.562,
-0.479,-0.485,-0.361,-0.525,
-0.461,-0.466,-0.361,-0.491,
-0.457,-0.453,-0.361,-0.525,
-0.452,-0.436,-0.361,-0.53,
-0.449,-0.449,-0.361,-0.498,
-0.462,-0.473,-0.361,-0.5,
-0.441,-0.433,-0.361,-0.502,
-0.477,-0.468,-0.361,-0.564,
-0.446,-0.45,-0.361,-0.478,
-0.437,-0.438,-0.361,-0.476,
-0.461,-0.467,-0.361,-0.534,
-0.491,-0.508,-0.361,-0.538,
-0.45,-0.442,-0.361,-0.515,
-0.508,-0.532,-0.361,-0.543,
-0.463,-0.46,-0.361,-0.556,
-0.484,-0.492,-0.361,-0.532,
-0.451,-0.445,-0.361,-0.521,
-0.497,-0.502,-0.361,-0.548,
-0.463,-0.454,-0.361,-0.541,
-0.469,-0.476,-0.361,-0.532,
-0.49,-0.49,-0.361,-0.565,
-0.466,-0.453,-0.361,-0.533,
-0.481,-0.482,-0.361,-0.54,
-0.48,-0.495,-0.361,-0.541,
-0.469,-0.454,-0.361,-0.553,
-0.452,-0.433,-0.361,-0.524,
-0.452,-0.448,-0.361,-0.508,
-0.45,-0.442,-0.361,-0.507,
-0.513,-0.538,-0.361,-0.547,
-0.479,-0.499,-0.361,-0.525,
-0.48,-0.481,-0.361,-0.531,
-0.452,-0.456,-0.361,-0.484,
-0.453,-0.443,-0.361,-0.525,
-0.478,-0.49,-0.361,-0.516,
-0.418,-0.427,-0.361,-0.502,
-0.476,-0.489,-0.361,-0.533,
-0.511,-0.525,-0.361,-0.572,
-0.47,-0.461,-0.361,-0.537,
-0.533,-0.552,-0.361,-0.572,
-0.517,-0.536,-0.361,-0.556,
-0.502,-0.524,-0.361,-0.525,
-0.559,-0.582,-0.361,-0.605,
-0.479,-0.503,-0.361,-0.505,
-0.459,-0.459,-0.361,-0.541,
-0.486,-0.5,-0.361,-0.529,
-0.532,-0.562,-0.361,-0.593,
-0.5,-0.515,-0.361,-0.549,
-0.457,-0.452,-0.361,-0.533,
-0.474,-0.482,-0.361,-0.517,
-0.516,-0.534,-0.361,-0.571,
-0.476,-0.5,-0.361,-0.519,
-0.504,-0.512,-0.361,-0.568,
-0.499,-0.504,-0.361,-0.586,
-0.512,-0.538,-0.361,-0.539,
-0.482,-0.496,-0.361,-0.573,
-0.457,-0.458,-0.361,-0.504,
-0.464,-0.47,-0.361,-0.506,
-0.485,-0.495,-0.361,-0.54,
-0.466,-0.48,-0.361,-0.516,
-0.462,-0.466,-0.361,-0.506,
-0.451,-0.453,-0.361,-0.514,
-0.451,-0.447,-0.361,-0.509,
-0.516,-0.53,-0.361,-0.563,
-0.479,-0.48,-0.361,-0.551,
-0.487,-0.493,-0.361,-0.516,
-0.492,-0.51,-0.361,-0.533,
-0.541,-0.571,-0.361,-0.572,
-0.479,-0.489,-0.361,-0.504,
-0.461,-0.467,-0.361,-0.497,
-0.457,-0.454,-0.361,-0.521,
-0.42,-0.406,-0.361,-0.5,
-0.461,-0.449,-0.361,-0.552,
-0.471,-0.459,-0.361,-0.536,
-0.479,-0.494,-0.361,-0.507,
-0.499,-0.516,-0.361,-0.541,
-0.482,-0.492,-0.361,-0.519,
-0.506,-0.524,-0.361,-0.55,
-0.474,-0.482,-0.361,-0.512,
-0.448,-0.445,-0.361,-0.512,
-0.432,-0.428,-0.361,-0.477,
-0.438,-0.44,-0.361,-0.478,
-0.547,-0.572,-0.361,-0.591,
-0.52,-0.54,-0.361,-0.566,
-0.504,-0.512,-0.361,-0.574,
-0.561,-0.588,-0.361,-0.611,
-0.49,-0.494,-0.361,-0.536,
-0.42,-0.425,-0.361,-0.448,
-0.507,-0.514,-0.361,-0.562,
-0.549,-0.562,-0.361,-0.591,
-0.527,-0.551,-0.361,-0.583,
-0.443,-0.436,-0.361,-0.535,
-0.465,-0.453,-0.361,-0.577,
-0.454,-0.453,-0.361,-0.523,
-0.557,-0.591,-0.361,-0.605,
-0.471,-0.476,-0.361,-0.545,
-0.441,-0.447,-0.361,-0.469,
-0.536,-0.561,-0.361,-0.572,
-0.481,-0.478,-0.361,-0.535,
-0.476,-0.47,-0.361,-0.557,
-0.483,-0.467,-0.361,-0.577,
-0.538,-0.557,-0.361,-0.579,
-0.492,-0.495,-0.361,-0.533,
-0.449,-0.449,-0.361,-0.527,
-0.439,-0.431,-0.361,-0.504,
-0.532,-0.543,-0.361,-0.612,
-0.443,-0.445,-0.361,-0.48,
-0.531,-0.562,-0.361,-0.571,
-0.542,-0.573,-0.361,-0.588,
-0.516,-0.53,-0.361,-0.567,
-0.482,-0.484,-0.361,-0.548,
-0.499,-0.516,-0.361,-0.54,
-0.504,-0.534,-0.361,-0.546,
-0.461,-0.465,-0.361,-0.509,
-0.428,-0.425,-0.361,-0.468,
-0.541,-0.556,-0.361,-0.578,
-0.452,-0.464,-0.361,-0.481,
-0.452,-0.439,-0.361,-0.52,
-0.501,-0.5,-0.361,-0.568,
-0.484,-0.497,-0.361,-0.534,
-0.509,-0.522,-0.361,-0.572,
-0.517,-0.526,-0.361,-0.584,
-0.446,-0.448,-0.361,-0.501,
-0.455,-0.464,-0.361,-0.473,
-0.471,-0.479,-0.361,-0.514,
-0.502,-0.524,-0.361,-0.532,
-0.486,-0.508,-0.361,-0.513,
-0.538,-0.556,-0.361,-0.584,
-0.465,-0.482,-0.361,-0.486,
-0.514,-0.528,-0.361,-0.589,
-0.447,-0.456,-0.361,-0.516,
-0.458,-0.466,-0.361,-0.502,
-0.458,-0.468,-0.361,-0.515,
-0.445,-0.444,-0.361,-0.488,
-0.476,-0.477,-0.361,-0.536,
-0.475,-0.478,-0.361,-0.523,
-0.575,-0.607,-0.361,-0.619,
-0.515,-0.521,-0.361,-0.558,
-0.512,-0.536,-0.361,-0.548,
-0.521,-0.539,-0.361,-0.569,
-0.501,-0.508,-0.361,-0.555,
-0.487,-0.495,-0.361,-0.539,
-0.498,-0.521,-0.361,-0.529,
-0.482,-0.491,-0.361,-0.531,
-0.443,-0.438,-0.361,-0.52,
-0.495,-0.51,-0.361,-0.544,
-0.46,-0.458,-0.361,-0.509,
-0.489,-0.509,-0.361,-0.518,
-0.431,-0.43,-0.361,-0.479,
-0.511,-0.532,-0.361,-0.535,
-0.46,-0.454,-0.361,-0.522,
-0.447,-0.452,-0.361,-0.488,
-0.526,-0.541,-0.361,-0.597,
-0.523,-0.554,-0.361,-0.557,
-0.446,-0.448,-0.361,-0.483,
-0.467,-0.477,-0.361,-0.531,
-0.472,-0.471,-0.361,-0.548,
-0.532,-0.545,-0.361,-0.585,
-0.482,-0.504,-0.361,-0.505,
-0.517,-0.554,-0.361,-0.556,
-0.48,-0.493,-0.361,-0.52,
-0.516,-0.532,-0.361,-0.579,
-0.504,-0.51,-0.361,-0.572,
-0.461,-0.479,-0.361,-0.498,
-0.441,-0.441,-0.361,-0.49,
-0.497,-0.501,-0.361,-0.584,
-0.429,-0.427,-0.361,-0.505,
-0.518,-0.534,-0.361,-0.548,
-0.432,-0.422,-0.361,-0.509,
-0.458,-0.466,-0.361,-0.52,
-0.535,-0.553,-0.361,-0.58,
-0.444,-0.432,-0.361,-0.516,
-0.517,-0.529,-0.361,-0.574,
-0.503,-0.518,-0.361,-0.539,
-0.518,-0.542,-0.361,-0.56,
-0.468,-0.472,-0.361,-0.529,
-0.532,-0.558,-0.361,-0.565,
-0.45,-0.452,-0.361,-0.487,
-0.458,-0.455,-0.361,-0.508,
-0.454,-0.454,-0.361,-0.521,
-0.446,-0.462,-0.361,-0.484,
-0.523,-0.54,-0.361,-0.561,
-0.524,-0.536,-0.361,-0.576,
-0.445,-0.439,-0.361,-0.515,
-0.502,-0.52,-0.361,-0.522,
-0.479,-0.483,-0.361,-0.528,
-0.461,-0.463,-0.361,-0.502,
-0.505,-0.51,-0.361,-0.579,
-0.503,-0.52,-0.361,-0.541,
-0.452,-0.45,-0.361,-0.495,
-0.512,-0.518,-0.361,-0.563,
-0.545,-0.569,-0.361,-0.598,
-0.438,-0.425,-0.361,-0.493,
-0.501,-0.515,-0.361,-0.568,
-0.492,-0.504,-0.361,-0.546,
-0.472,-0.479,-0.361,-0.508,
-0.475,-0.483,-0.361,-0.523,
-0.489,-0.497,-0.361,-0.557,
-0.461,-0.462,-0.361,-0.517,
-0.547,-0.578,-0.361,-0.586,
-0.442,-0.429,-0.361,-0.527,
-0.539,-0.551,-0.361,-0.586,
-0.469,-0.471,-0.361,-0.521,
-0.469,-0.461,-0.361,-0.572,
-0.5,-0.518,-0.361,-0.55,
-0.479,-0.5,-0.361,-0.525,
-0.541,-0.565,-0.361,-0.579,
-0.512,-0.53,-0.361,-0.565,
-0.567,-0.579,-0.361,-0.625,
-0.506,-0.527,-0.361,-0.53,
-0.483,-0.481,-0.361,-0.543,
-0.512,-0.525,-0.361,-0.566,
-0.538,-0.558,-0.361,-0.582,
-0.48,-0.482,-0.361,-0.523,
-0.466,-0.455,-0.361,-0.535,
-0.47,-0.488,-0.361,-0.512,
-0.463,-0.481,-0.361,-0.535,
-0.446,-0.44,-0.361,-0.505,
-0.511,-0.521,-0.361,-0.555,
-0.515,-0.532,-0.361,-0.559,
-0.434,-0.438,-0.361,-0.469,
-0.45,-0.459,-0.361,-0.492,
-0.452,-0.449,-0.361,-0.527,
-0.503,-0.508,-0.361,-0.56,
-0.487,-0.497,-0.361,-0.522,
-0.501,-0.527,-0.361,-0.54,
-0.514,-0.53,-0.361,-0.551,
-0.551,-0.575,-0.361,-0.59,
-0.507,-0.534,-0.361,-0.534,
-0.451,-0.448,-0.361,-0.51,
-0.519,-0.54,-0.361,-0.554,
-0.484,-0.504,-0.361,-0.537,
-0.47,-0.48,-0.361,-0.527,
-0.465,-0.469,-0.361,-0.514,
-0.504,-0.512,-0.361,-0.55,
-0.479,-0.487,-0.361,-0.532,
-0.482,-0.49,-0.361,-0.528,
-0.457,-0.453,-0.361,-0.551,
-0.468,-0.468,-0.361,-0.537,
-0.533,-0.552,-0.361,-0.569,
-0.425,-0.423,-0.361,-0.486,
-0.417,-0.426,-0.361,-0.435,
-0.555,-0.585,-0.361,-0.602,
-0.461,-0.457,-0.361,-0.501,
-0.529,-0.548,-0.361,-0.607,
-0.461,-0.471,-0.361,-0.511,
-0.555,-0.568,-0.361,-0.611,
-0.488,-0.494,-0.361,-0.566,
-0.447,-0.444,-0.361,-0.496,
-0.406,-0.404,-0.361,-0.445,
-0.466,-0.474,-0.361,-0.5,
-0.482,-0.484,-0.361,-0.542,
-0.459,-0.45,-0.361,-0.511,
-0.466,-0.472,-0.361,-0.557,
-0.458,-0.465,-0.361,-0.484,
-0.455,-0.456,-0.361,-0.491,
-0.497,-0.524,-0.361,-0.529,
-0.52,-0.534,-0.361,-0.58,
-0.442,-0.461,-0.361,-0.482,
-0.468,-0.476,-0.361,-0.501,
-0.439,-0.443,-0.361,-0.483,
-0.463,-0.46,-0.361,-0.525,
-0.533,-0.551,-0.361,-0.589,
-0.492,-0.499,-0.361,-0.529,
-0.456,-0.447,-0.361,-0.511,
-0.423,-0.419,-0.361,-0.465,
-0.543,-0.575,-0.361,-0.581,
-0.515,-0.518,-0.361,-0.575,
-0.507,-0.54,-0.361,-0.552,
-0.441,-0.44,-0.361,-0.521,
-0.571,-0.587,-0.361,-0.619,
-0.452,-0.451,-0.361,-0.522,
-0.508,-0.528,-0.361,-0.574,
-0.504,-0.526,-0.361,-0.542,
-0.478,-0.484,-0.361,-0.534,
-0.487,-0.483,-0.361,-0.541,
-0.454,-0.465,-0.361,-0.471,
-0.519,-0.535,-0.361,-0.578,
-0.499,-0.503,-0.361,-0.561,
-0.431,-0.429,-0.361,-0.487,
-0.433,-0.429,-0.361,-0.512,
-0.523,-0.542,-0.361,-0.548,
-0.52,-0.528,-0.361,-0.567,
-0.486,-0.49,-0.361,-0.554,
-0.479,-0.5,-0.361,-0.511,
-0.48,-0.494,-0.361,-0.518,
-0.531,-0.552,-0.361,-0.571,
-0.447,-0.44,-0.361,-0.533,
-0.542,-0.571,-0.361,-0.594,
-0.503,-0.533,-0.361,-0.535,
-0.453,-0.455,-0.361,-0.507,
-0.509,-0.518,-0.361,-0.557,
-0.482,-0.501,-0.361,-0.515,
-0.473,-0.467,-0.361,-0.54,
-0.531,-0.555,-0.361,-0.564,
-0.525,-0.546,-0.361,-0.551,
-0.468,-0.47,-0.361,-0.541,
-0.468,-0.478,-0.361,-0.535,
-0.555,-0.581,-0.361,-0.597,
-0.464,-0.47,-0.361,-0.515,
-0.455,-0.448,-0.361,-0.523,
-0.453,-0.43,-0.361,-0.548,
-0.462,-0.453,-0.361,-0.534,
-0.465,-0.453,-0.361,-0.509,
-0.525,-0.537,-0.361,-0.574,
-0.459,-0.459,-0.361,-0.512,
-0.504,-0.52,-0.361,-0.561,
-0.535,-0.55,-0.361,-0.589,
-0.436,-0.435,-0.361,-0.488,
-0.453,-0.454,-0.361,-0.512,
-0.481,-0.484,-0.361,-0.521,
-0.499,-0.507,-0.361,-0.546,
-0.455,-0.453,-0.361,-0.539,
-0.493,-0.508,-0.361,-0.551,
-0.467,-0.471,-0.361,-0.514,
-0.477,-0.496,-0.361,-0.514,
-0.524,-0.548,-0.361,-0.565,
-0.5,-0.514,-0.361,-0.544,
-0.44,-0.444,-0.361,-0.463,
-0.488,-0.503,-0.361,-0.522,
-0.513,-0.514,-0.361,-0.591,
-0.478,-0.492,-0.361,-0.51,
-0.515,-0.537,-0.361,-0.539,
-0.46,-0.476,-0.361,-0.527,
-0.504,-0.514,-0.361,-0.542,
-0.479,-0.476,-0.361,-0.54,
-0.547,-0.573,-0.361,-0.582,
-0.476,-0.483,-0.361,-0.539,
-0.501,-0.518,-0.361,-0.538,
-0.463,-0.462,-0.361,-0.531,
-0.433,-0.432,-0.361,-0.482,
-0.439,-0.432,-0.361,-0.495,
-0.46,-0.46,-0.361,-0.517,
-0.451,-0.46,-0.361,-0.472,
-0.453,-0.442,-0.361,-0.52,
-0.441,-0.44,-0.361,-0.518,
-0.455,-0.44,-0.361,-0.55,
-0.454,-0.449,-0.361,-0.548,
-0.433,-0.433,-0.361,-0.479,
-0.433,-0.429,-0.361,-0.512,
-0.439,-0.435,-0.361,-0.488,
-0.434,-0.43,-0.361,-0.506,
-0.444,-0.428,-0.361,-0.544,
-0.447,-0.442,-0.361,-0.538,
-0.458,-0.466,-0.361,-0.492,
-0.439,-0.429,-0.361,-0.51,
-0.431,-0.428,-0.361,-0.492,
-0.438,-0.435,-0.361,-0.515,
-0.433,-0.422,-0.361,-0.517,
-0.445,-0.44,-0.361,-0.51,
-0.46,-0.459,-0.361,-0.512,
-0.452,-0.454,-0.361,-0.493,
-0.438,-0.431,-0.361,-0.534,
-0.452,-0.449,-0.361,-0.519,
-0.446,-0.441,-0.361,-0.533,
-0.447,-0.448,-0.361,-0.5,
-0.437,-0.433,-0.361,-0.503,
-0.454,-0.456,-0.361,-0.504,
-0.462,-0.447,-0.361,-0.566,
-0.45,-0.441,-0.361,-0.536,
-0.463,-0.463,-0.361,-0.516,
-0.46,-0.462,-0.361,-0.52,
-0.455,-0.445,-0.361,-0.539,
-0.421,-0.425,-0.361,-0.45,
-0.441,-0.439,-0.361,-0.5,
-0.434,-0.434,-0.361,-0.495,
-0.454,-0.461,-0.361,-0.479,
-0.449,-0.432,-0.361,-0.532,
-0.429,-0.424,-0.361,-0.512,
-0.439,-0.433,-0.361,-0.524,
-0.426,-0.429,-0.361,-0.448,
-0.481,-0.493,-0.361,-0.521,
-0.451,-0.442,-0.361,-0.515,
-0.405,-0.409,-0.361,-0.416,
-0.436,-0.43,-0.361,-0.521,
-0.429,-0.425,-0.361,-0.486,
-0.45,-0.449,-0.361,-0.514,
-0.451,-0.449,-0.361,-0.521,
-0.433,-0.431,-0.361,-0.486,
-0.435,-0.428,-0.361,-0.505,
-0.422,-0.425,-0.361,-0.469,
-0.466,-0.466,-0.361,-0.515,
-0.448,-0.435,-0.361,-0.531,
-0.462,-0.455,-0.361,-0.535,
-0.418,-0.409,-0.361,-0.495,
-0.462,-0.46,-0.361,-0.519,
-0.431,-0.426,-0.361,-0.495,
-0.447,-0.443,-0.361,-0.533,
-0.431,-0.431,-0.361,-0.474,
-0.423,-0.418,-0.361,-0.5,
-0.43,-0.428,-0.361,-0.494,
-0.413,-0.408,-0.361,-0.461,
-0.454,-0.465,-0.361,-0.495,
-0.426,-0.43,-0.36,-0.456,
-0.428,-0.435,-0.361,-0.449,
-0.451,-0.457,-0.361,-0.477,
-0.455,-0.451,-0.361,-0.54,
-0.439,-0.437,-0.361,-0.501,
-0.433,-0.431,-0.361,-0.489,
-0.442,-0.444,-0.361,-0.479,
-0.417,-0.413,-0.361,-0.479,
-0.438,-0.436,-0.361,-0.496,
-0.446,-0.434,-0.361,-0.556,
-0.482,-0.488,-0.361,-0.54,
-0.44,-0.438,-0.361,-0.504,
-0.442,-0.44,-0.361,-0.506,
-0.44,-0.435,-0.361,-0.518,
-0.434,-0.436,-0.361,-0.479,
-0.435,-0.429,-0.361,-0.522,
-0.475,-0.468,-0.361,-0.564,
-0.425,-0.421,-0.361,-0.489,
-0.44,-0.442,-0.361,-0.468,
-0.442,-0.437,-0.361,-0.499,
-0.423,-0.416,-0.361,-0.507,
-0.445,-0.444,-0.361,-0.518,
-0.428,-0.429,-0.361,-0.467,
-0.44,-0.439,-0.361,-0.508,
-0.44,-0.44,-0.361,-0.484,
-0.456,-0.454,-0.361,-0.529,
-0.484,-0.485,-0.361,-0.546,
-0.411,-0.413,-0.361,-0.431,
-0.428,-0.426,-0.361,-0.489,
-0.48,-0.48,-0.361,-0.528,
-0.439,-0.443,-0.361,-0.479,
-0.459,-0.451,-0.361,-0.531,
-0.412,-0.411,-0.361,-0.458,
-0.417,-0.427,-0.361,-0.454,
-0.456,-0.465,-0.361,-0.489,
-0.463,-0.453,-0.361,-0.54,
-0.435,-0.424,-0.361,-0.534,
-0.429,-0.428,-0.361,-0.472,
-0.424,-0.423,-0.361,-0.473,
-0.457,-0.462,-0.361,-0.515,
-0.433,-0.427,-0.361,-0.475,
-0.412,-0.41,-0.361,-0.456,
-0.414,-0.412,-0.361,-0.47,
-0.487,-0.488,-0.361,-0.542,
-0.455,-0.446,-0.361,-0.55,
-0.429,-0.429,-0.361,-0.458,
-0.427,-0.425,-0.361,-0.483,
-0.443,-0.436,-0.361,-0.51,
-0.449,-0.444,-0.361,-0.523,
-0.446,-0.446,-0.361,-0.497,
-0.437,-0.427,-0.361,-0.529,
-0.424,-0.422,-0.361,-0.479,
-0.459,-0.456,-0.361,-0.542,
-0.46,-0.464,-0.361,-0.497,
-0.454,-0.458,-0.361,-0.496,
-0.445,-0.445,-0.361,-0.499,
-0.477,-0.479,-0.361,-0.533,
-0.446,-0.441,-0.361,-0.499,
-0.454,-0.449,-0.361,-0.542,
-0.454,-0.465,-0.361,-0.477,
-0.444,-0.441,-0.361,-0.526,
-0.43,-0.426,-0.361,-0.501,
-0.421,-0.421,-0.361,-0.461,
-0.458,-0.445,-0.361,-0.549,
-0.436,-0.423,-0.361,-0.487,
-0.432,-0.431,-0.361,-0.493,
-0.433,-0.435,-0.361,-0.467,
-0.447,-0.446,-0.361,-0.502,
-0.437,-0.435,-0.361,-0.506,
-0.443,-0.444,-0.361,-0.487,
-0.461,-0.461,-0.361,-0.526,
-0.44,-0.439,-0.361,-0.507,
-0.427,-0.426,-0.361,-0.477,
-0.434,-0.431,-0.361,-0.486,
-0.434,-0.43,-0.361,-0.499,
-0.457,-0.445,-0.361,-0.542,
-0.467,-0.475,-0.361,-0.518,
-0.446,-0.441,-0.361,-0.537,
-0.428,-0.425,-0.361,-0.482,
-0.457,-0.456,-0.361,-0.509,
-0.442,-0.438,-0.361,-0.513,
-0.428,-0.425,-0.361,-0.487,
-0.384,-0.367,-0.361,-0.505,
-0.445,-0.441,-0.361,-0.522,
-0.433,-0.433,-0.361,-0.478,
-0.44,-0.433,-0.361,-0.53,
-0.411,-0.415,-0.248,-0.57,
-0.422,-0.421,-0.361,-0.455,
-0.459,-0.457,-0.361,-0.522,
-0.454,-0.447,-0.361,-0.537,
-0.45,-0.447,-0.361,-0.504,
-0.493,-0.487,-0.361,-0.581,
-0.459,-0.469,-0.361,-0.496,
-0.421,-0.417,-0.361,-0.483,
-0.457,-0.446,-0.361,-0.545,
-0.41,-0.403,-0.361,-0.463,
-0.443,-0.441,-0.361,-0.493,
-0.467,-0.472,-0.361,-0.508,
-0.42,-0.417,-0.353,-0.518,
-0.467,-0.459,-0.361,-0.549,
-0.439,-0.433,-0.361,-0.498,
-0.417,-0.413,-0.361,-0.497,
-0.459,-0.458,-0.361,-0.529,
-0.456,-0.458,-0.361,-0.507,
-0.43,-0.425,-0.361,-0.501,
-0.441,-0.452,-0.361,-0.475,
-0.435,-0.436,-0.361,-0.481,
-0.451,-0.443,-0.361,-0.515,
-0.449,-0.44,-0.361,-0.507,
-0.459,-0.459,-0.361,-0.523,
-0.425,-0.423,-0.361,-0.483,
-0.43,-0.423,-0.361,-0.501,
-0.466,-0.472,-0.361,-0.52,
-0.46,-0.46,-0.361,-0.526,
-0.431,-0.423,-0.361,-0.524,
-0.44,-0.434,-0.361,-0.534,
-0.463,-0.464,-0.361,-0.506,
-0.449,-0.453,-0.361,-0.489,
-0.461,-0.459,-0.361,-0.54,
-0.428,-0.423,-0.361,-0.503,
-0.451,-0.452,-0.361,-0.494,
-0.436,-0.43,-0.361,-0.517,
-0.453,-0.464,-0.361,-0.479,
-0.439,-0.436,-0.361,-0.501,
-0.395,-0.403,-0.361,-0.464,
-0.459,-0.455,-0.361,-0.549,
-0.445,-0.443,-0.361,-0.514,
-0.464,-0.451,-0.361,-0.552,
-0.44,-0.443,-0.361,-0.473,
-0.455,-0.463,-0.361,-0.502,
-0.415,-0.423,-0.361,-0.444,
-0.441,-0.439,-0.361,-0.508,
-0.437,-0.437,-0.361,-0.489,
-0.428,-0.424,-0.361,-0.495,
-0.422,-0.423,-0.361,-0.485,
-0.441,-0.441,-0.361,-0.491,
-0.442,-0.44,-0.361,-0.498,
-0.441,-0.436,-0.361,-0.523,
-0.443,-0.437,-0.361,-0.525,
-0.442,-0.431,-0.361,-0.535,
-0.454,-0.448,-0.361,-0.519,
-0.452,-0.434,-0.361,-0.547,
-0.501,-0.514,-0.361,-0.568,
-0.425,-0.421,-0.361,-0.491,
-0.469,-0.471,-0.361,-0.52,
-0.424,-0.422,-0.361,-0.47,
-0.422,-0.422,-0.361,-0.462,
-0.433,-0.425,-0.361,-0.521,
-0.432,-0.434,-0.361,-0.479,
-0.478,-0.489,-0.361,-0.509,
-0.445,-0.442,-0.361,-0.519,
-0.476,-0.467,-0.361,-0.541,
-0.429,-0.433,-0.361,-0.449,
-0.466,-0.465,-0.361,-0.538,
-0.447,-0.443,-0.361,-0.505,
-0.443,-0.441,-0.361,-0.521,
-0.467,-0.466,-0.361,-0.535,
-0.447,-0.444,-0.361,-0.527,
-0.436,-0.433,-0.361,-0.509,
-0.432,-0.432,-0.361,-0.475,
-0.453,-0.454,-0.361,-0.502,
-0.465,-0.471,-0.361,-0.497,
-0.45,-0.446,-0.361,-0.519,
-0.435,-0.434,-0.361,-0.483,
-0.434,-0.429,-0.361,-0.515,
-0.425,-0.422,-0.361,-0.478,
-0.431,-0.425,-0.361,-0.515,
-0.454,-0.452,-0.361,-0.517,
-0.448,-0.43,-0.361,-0.543,
-0.44,-0.438,-0.361,-0.472,
-0.429,-0.427,-0.361,-0.482,
-0.443,-0.439,-0.361,-0.517,
-0.469,-0.463,-0.361,-0.559,
-0.428,-0.427,-0.361,-0.464,
-0.443,-0.44,-0.361,-0.495,
-0.455,-0.452,-0.361,-0.554,
-0.466,-0.477,-0.361,-0.492,
-0.445,-0.446,-0.361,-0.497,
-0.432,-0.428,-0.361,-0.5,
-0.439,-0.438,-0.361,-0.502,
-0.451,-0.46,-0.361,-0.502,
-0.419,-0.416,-0.361,-0.473,
-0.434,-0.43,-0.361,-0.493,
-0.433,-0.431,-0.361,-0.501,
-0.489,-0.508,-0.361,-0.53,
-0.454,-0.441,-0.361,-0.538,
-0.492,-0.504,-0.361,-0.529,
-0.468,-0.468,-0.361,-0.521,
-0.465,-0.473,-0.361,-0.487,
-0.427,-0.432,-0.361,-0.449,
-0.436,-0.433,-0.361,-0.516,
-0.457,-0.457,-0.361,-0.51,
-0.477,-0.497,-0.361,-0.549,
-0.449,-0.444,-0.361,-0.508,
-0.427,-0.43,-0.361,-0.454,
-0.441,-0.438,-0.361,-0.51,
-0.441,-0.427,-0.361,-0.524,
-0.443,-0.438,-0.361,-0.524,
-0.441,-0.439,-0.361,-0.509,
-0.444,-0.433,-0.361,-0.519,
-0.464,-0.47,-0.361,-0.502,
-0.432,-0.423,-0.361,-0.537,
-0.441,-0.439,-0.361,-0.508,
-0.44,-0.443,-0.361,-0.469,
-0.414,-0.411,-0.361,-0.469,
-0.445,-0.44,-0.361,-0.52,
-0.428,-0.424,-0.361,-0.494,
-0.426,-0.423,-0.361,-0.494,
-0.45,-0.448,-0.361,-0.541,
-0.427,-0.427,-0.361,-0.456,
-0.445,-0.45,-0.361,-0.489,
-0.446,-0.444,-0.361,-0.512,
-0.445,-0.445,-0.361,-0.497,
-0.422,-0.416,-0.361,-0.476,
-0.436,-0.43,-0.361,-0.521,
-0.467,-0.461,-0.361,-0.54,
-0.463,-0.436,-0.361,-0.553,
-0.466,-0.47,-0.361,-0.504,
-0.433,-0.429,-0.361,-0.512,
-0.426,-0.425,-0.361,-0.466,
-0.439,-0.438,-0.361,-0.494,
-0.474,-0.488,-0.361,-0.561,
-0.416,-0.412,-0.361,-0.462,
-0.428,-0.425,-0.361,-0.499,
-0.442,-0.441,-0.361,-0.482,
-0.442,-0.441,-0.361,-0.509,
-0.465,-0.471,-0.361,-0.536,
-0.483,-0.508,-0.361,-0.546,
-0.444,-0.444,-0.361,-0.504,
-0.443,-0.443,-0.361,-0.502,
-0.471,-0.502,-0.361,-0.507,
-0.438,-0.438,-0.361,-0.493,
-0.436,-0.433,-0.361,-0.512,
-0.444,-0.438,-0.361,-0.502,
-0.454,-0.455,-0.361,-0.516,
-0.418,-0.418,-0.361,-0.445,
-0.467,-0.465,-0.361,-0.548,
-0.436,-0.428,-0.361,-0.509,
-0.46,-0.455,-0.361,-0.534,
-0.419,-0.418,-0.361,-0.454,
-0.422,-0.416,-0.361,-0.496,
-0.433,-0.427,-0.361,-0.522,
-0.449,-0.45,-0.361,-0.51,
-0.433,-0.432,-0.361,-0.484,
-0.449,-0.45,-0.361,-0.481,
-0.439,-0.435,-0.361,-0.525,
-0.423,-0.419,-0.361,-0.492,
-0.44,-0.438,-0.361,-0.509,
-0.41,-0.415,-0.361,-0.422,
-0.469,-0.469,-0.361,-0.536,
-0.425,-0.422,-0.361,-0.49,
-0.42,-0.419,-0.361,-0.454,
-0.446,-0.444,-0.361,-0.515,
-0.431,-0.421,-0.361,-0.512,
-0.459,-0.454,-0.361,-0.535,
-0.431,-0.431,-0.361,-0.479,
-0.439,-0.436,-0.361,-0.519,
-0.452,-0.45,-0.361,-0.526,
-0.434,-0.424,-0.361,-0.505,
-0.468,-0.483,-0.361,-0.487,
-0.441,-0.442,-0.361,-0.496,
-0.425,-0.432,-0.361,-0.436,
-0.412,-0.409,-0.361,-0.46,
-0.423,-0.422,-0.361,-0.476,
-0.436,-0.435,-0.361,-0.489,
-0.431,-0.427,-0.361,-0.505,
-0.432,-0.424,-0.361,-0.521,
-0.422,-0.418,-0.361,-0.49,
-0.447,-0.45,-0.361,-0.489,
-0.46,-0.466,-0.361,-0.508,
-0.431,-0.427,-0.361,-0.506,
-0.433,-0.425,-0.361,-0.521,
-0.468,-0.462,-0.361,-0.533,
-0.448,-0.448,-0.361,-0.495,
-0.434,-0.427,-0.361,-0.527,
-0.469,-0.463,-0.361,-0.541,
-0.454,-0.452,-0.361,-0.525,
-0.438,-0.432,-0.361,-0.517,
-0.443,-0.441,-0.361,-0.506,
-0.444,-0.446,-0.361,-0.506,
-0.447,-0.434,-0.361,-0.542,
-0.454,-0.451,-0.361,-0.505,
-0.449,-0.447,-0.361,-0.497,
-0.436,-0.43,-0.361,-0.517,
-0.41,-0.404,-0.361,-0.471,
-0.429,-0.427,-0.361,-0.483,
-0.435,-0.43,-0.361,-0.514,
-0.435,-0.431,-0.361,-0.503,
-0.448,-0.451,-0.361,-0.501,
-0.451,-0.455,-0.361,-0.496,
-0.432,-0.428,-0.361,-0.505,
-0.439,-0.44,-0.361,-0.484,
-0.46,-0.458,-0.361,-0.515,
-0.441,-0.436,-0.361,-0.52,
-0.416,-0.415,-0.361,-0.463,
-0.429,-0.421,-0.361,-0.493,
-0.424,-0.421,-0.361,-0.483,
-0.441,-0.435,-0.361,-0.529,
-0.425,-0.432,-0.361,-0.445,
-0.432,-0.43,-0.361,-0.501,
-0.432,-0.443,-0.361,-0.458,
-0.441,-0.435,-0.361,-0.521,
-0.422,-0.419,-0.361,-0.464,
-0.425,-0.417,-0.361,-0.504,
-0.421,-0.413,-0.361,-0.497,
-0.438,-0.434,-0.361,-0.511,
-0.443,-0.44,-0.361,-0.514,
-0.428,-0.423,-0.361,-0.501,
-0.468,-0.471,-0.361,-0.511,
-0.475,-0.48,-0.361,-0.526,
-0.454,-0.458,-0.361,-0.491,
-0.438,-0.436,-0.361,-0.495,
-0.484,-0.477,-0.361,-0.568,
-0.455,-0.448,-0.361,-0.554,
-0.427,-0.426,-0.361,-0.481,
-0.418,-0.429,-0.361,-0.466,
-0.427,-0.425,-0.361,-0.506,
-0.44,-0.438,-0.361,-0.503,
-0.419,-0.411,-0.361,-0.501,
-0.433,-0.428,-0.361,-0.509,
-0.44,-0.437,-0.361,-0.489,
-0.463,-0.463,-0.361,-0.505,
-0.455,-0.465,-0.361,-0.519,
-0.454,-0.449,-0.361,-0.502,
-0.48,-0.475,-0.361,-0.549,
-0.498,-0.501,-0.361,-0.546,
-0.504,-0.528,-0.361,-0.552,
-0.456,-0.45,-0.361,-0.516,
-0.469,-0.467,-0.361,-0.512,
-0.464,-0.469,-0.361,-0.519,
-0.486,-0.498,-0.361,-0.505,
-0.506,-0.514,-0.361,-0.565,
-0.511,-0.533,-0.361,-0.549,
-0.494,-0.511,-0.361,-0.544,
-0.456,-0.46,-0.361,-0.498,
-0.45,-0.442,-0.361,-0.509,
-0.506,-0.53,-0.361,-0.547,
-0.452,-0.451,-0.361,-0.515,
-0.496,-0.524,-0.361,-0.536,
-0.492,-0.512,-0.361,-0.547,
-0.472,-0.481,-0.361,-0.496,
-0.465,-0.467,-0.361,-0.511,
-0.457,-0.457,-0.361,-0.504,
-0.468,-0.457,-0.361,-0.538,
-0.459,-0.462,-0.361,-0.517,
-0.455,-0.451,-0.361,-0.506,
-0.46,-0.456,-0.361,-0.519,
-0.479,-0.499,-0.361,-0.507,
-0.481,-0.483,-0.361,-0.535,
-0.483,-0.482,-0.361,-0.54,
-0.538,-0.555,-0.361,-0.596,
-0.427,-0.417,-0.361,-0.499,
-0.498,-0.512,-0.361,-0.558,
-0.455,-0.451,-0.361,-0.518,
-0.441,-0.44,-0.361,-0.503,
-0.466,-0.475,-0.361,-0.495,
-0.426,-0.423,-0.361,-0.487,
-0.452,-0.438,-0.361,-0.538,
-0.459,-0.444,-0.361,-0.529,
-0.433,-0.43,-0.361,-0.51,
-0.467,-0.456,-0.361,-0.533,
-0.436,-0.433,-0.361,-0.504,
-0.46,-0.459,-0.361,-0.531,
-0.454,-0.453,-0.361,-0.522,
-0.415,-0.409,-0.361,-0.469,
-0.436,-0.433,-0.361,-0.505,
-0.431,-0.443,-0.361,-0.479,
-0.436,-0.439,-0.361,-0.461,
-0.457,-0.453,-0.361,-0.526,
-0.521,-0.54,-0.361,-0.566,
-0.449,-0.447,-0.361,-0.498,
-0.517,-0.545,-0.361,-0.551,
-0.421,-0.417,-0.361,-0.487,
-0.546,-0.571,-0.361,-0.594,
-0.506,-0.532,-0.361,-0.539,
-0.456,-0.452,-0.361,-0.518,
-0.471,-0.472,-0.361,-0.541,
-0.485,-0.485,-0.361,-0.535,
-0.452,-0.446,-0.361,-0.518,
-0.521,-0.535,-0.361,-0.573,
-0.454,-0.455,-0.361,-0.503,
-0.454,-0.451,-0.361,-0.509,
-0.535,-0.54,-0.361,-0.583,
-0.455,-0.462,-0.361,-0.482,
-0.529,-0.546,-0.361,-0.577,
-0.408,-0.413,-0.341,-0.492,
-0.42,-0.417,-0.361,-0.478,
-0.433,-0.43,-0.361,-0.497,
-0.417,-0.414,-0.361,-0.475,
-0.423,-0.422,-0.361,-0.463,
-0.463,-0.463,-0.361,-0.512,
-0.465,-0.453,-0.361,-0.556,
-0.441,-0.435,-0.361,-0.52,
-0.424,-0.432,-0.361,-0.45,
-0.447,-0.449,-0.361,-0.501,
-0.45,-0.444,-0.361,-0.506,
-0.465,-0.463,-0.361,-0.544,
-0.426,-0.424,-0.361,-0.473,
-0.436,-0.438,-0.361,-0.468,
-0.423,-0.428,-0.361,-0.467,
-0.446,-0.446,-0.361,-0.502,


0.027,0.006,0.132,-0.088,
-0.084,-0.104,0.041,-0.156,
0.069,0.108,0.117,-0.041,
0.038,0.042,0.145,-0.057,
-0.116,-0.137,0,-0.176,
-0.089,-0.099,0,-0.135,
0.021,0.021,0.067,-0.024,
0.063,0.093,0.152,-0.064,
0.033,0.029,0.098,-0.068,
-0.079,-0.084,0,-0.157,
-0.029,-0.018,0.016,-0.086,
0.026,0.024,0.138,-0.039,
-0.075,-0.076,0,-0.158,
-0.052,-0.058,0.053,-0.13,
-0.018,-0.022,0.021,-0.057,
0.008,0.005,0.029,0,
0.002,-0.023,0.094,-0.036,
-0.023,-0.021,0,-0.047,
-0.052,-0.032,0,-0.138,
0.045,0.06,0.093,-0.027,
0.085,0.107,0.129,-0.039,
-0.106,-0.141,0.011,-0.199,
0.026,0.037,0.109,-0.049,
0.029,0.018,0.096,-0.009,
0.026,0.013,0.131,-0.059,
0.05,0.039,0.146,-0.017,
0.103,0.103,0.192,0,
0.009,-0.006,0.114,-0.037,
-0.038,-0.058,0.041,-0.064,
-0.107,-0.097,0,-0.231,
-0.054,-0.067,0,-0.074,
0.067,0.071,0.145,-0.013,
-0.004,0.005,0.029,-0.038,
-0.017,-0.019,0,-0.04,
0.004,-0.007,0.046,-0.009,
-0.03,-0.01,0,-0.088,
-0.037,-0.045,0.034,-0.129,
0.024,0.022,0.047,0,
0.051,0.018,0.285,-0.099,
-0.06,-0.056,0,-0.13,
-0.105,-0.104,0.002,-0.225,
-0.057,-0.064,0,-0.078,
-0.014,-0.012,0,-0.05,
0.048,0.011,0.167,0,
-0.075,-0.083,0,-0.106,
0.11,0.16,0.213,-0.036,
0.038,0.022,0.096,0,
-0.048,-0.05,0.015,-0.123,
-0.071,-0.086,0,-0.104,
-0.042,-0.042,0.047,-0.126,
-0.071,-0.083,0.016,-0.108,
-0.019,-0.035,0.078,-0.102,
0.012,0.016,0.096,-0.101,
0.001,-0.005,0.092,-0.053,
-0.068,-0.072,0.051,-0.154,
0.008,0.01,0.126,-0.203,
0.033,0.063,0.063,-0.121,
0.028,0.009,0.112,-0.027,
-0.016,-0.017,0.026,-0.056,
0.008,0.016,0.045,-0.04,
-0.039,-0.056,0.013,-0.065,
0.023,0.036,0.108,-0.055,
-0.035,-0.048,0.072,-0.089,
-0,0.003,0.047,-0.052,
-0.001,0.012,0.024,-0.062,
0.181,0.206,0.314,0,
0.033,0.065,0.093,-0.087,
0.038,0.037,0.116,-0.042,
0.074,0.086,0.151,-0.032,
-0.018,-0.014,0.034,-0.074,
-0.016,-0.032,0.074,-0.091,
0.034,0.051,0.059,-0.023,
-0.031,-0.045,0.075,-0.092,
-0.012,-0.002,0.018,-0.073,
-0.166,-0.197,0,-0.212,
-0.096,-0.101,0,-0.188,
-0.123,-0.145,0,-0.221,
-0.006,-0.017,0.061,-0.063,
0.012,0.034,0.075,-0.075,
0.049,0.061,0.148,-0.047,
-0.06,-0.084,0.03,-0.104,
-0.017,0.001,0.013,-0.072,
0.12,0.155,0.166,0,
0.05,0.045,0.121,-0.023,
0.022,0.013,0.099,-0.1,
0.033,0.04,0.072,-0.044,
-0.011,0.002,0.015,-0.089,
-0.077,-0.086,0.027,-0.198,
-0.133,-0.151,0,-0.19,
-0.121,-0.16,0,-0.197,
0.011,0.014,0.079,-0.056,
-0.014,0.003,0.009,-0.098,
0.014,0.005,0.107,-0.029,
0.049,0.079,0.13,-0.103,
-0.087,-0.095,0,-0.13,
-0.03,-0.041,0.007,-0.041,
-0.128,-0.162,0,-0.199,
-0.035,-0.007,0.059,-0.113,
-0.026,-0.017,0,-0.07,
-0.024,0,0.009,-0.122,
0.045,0.061,0.073,-0.016,
-0.042,-0.037,0.096,-0.158,
0.034,0.054,0.056,-0.022,
0.007,-0.021,0.121,-0.032,
-0.007,0.005,0.027,-0.073,
-0.019,-0.002,0.038,-0.121,
0.041,0.017,0.183,-0.065,
0.168,0.174,0.282,0,
0.008,0,0.082,-0.015,
-0.074,-0.074,0,-0.142,
0.004,0.016,0.071,-0.144,
0.007,0,0.038,-0.041,
-0.126,-0.168,0,-0.223,
-0.019,-0.001,0.015,-0.097,
-0.026,-0.021,0.049,-0.117,
0.041,0.043,0.093,0,
0.044,0.051,0.162,-0.094,
-0.039,-0.056,0.033,-0.064,
0.023,0.033,0.045,-0.047,
-0.016,-0.01,0,-0.062,
0.104,0.108,0.204,0,
0.021,0.01,0.066,0,
-0.039,-0.024,0,-0.113,
0.024,0.023,0.085,-0.031,
0.056,0.054,0.127,-0.026,
-0.061,-0.054,0.015,-0.191,
0.059,0.071,0.128,-0.051,
0.01,0.006,0.073,-0.026,
-0.015,-0.041,0.088,-0.102,
0.036,0.038,0.11,-0.066,
-0.081,-0.064,0,-0.168,
-0.045,-0.05,0,-0.074,
-0.013,-0.007,0.048,-0.081,
-0.041,-0.022,0.022,-0.134,
0.036,0.027,0.119,-0.019,
-0.032,-0.032,0.018,-0.102,
0.005,0,0.074,-0.077,
0.052,0.081,0.121,-0.053,
0.007,0,0.052,-0.002,
-0.083,-0.068,0,-0.201,
-0.01,-0.011,0.074,-0.042,
-0.038,-0.045,0,-0.062,
-0.01,-0.013,0.033,-0.036,
0.032,0.014,0.162,-0.066,
0.119,0.148,0.211,-0.012,
0.071,0.12,0.182,-0.07,
0.046,0.073,0.162,-0.126,
-0.022,-0.019,0,-0.052,
0.001,0.009,0.081,-0.072,
-0.015,-0.033,0.079,-0.041,
-0.009,-0.003,0.046,-0.064,
0.096,0.097,0.259,-0.047,
-0.04,-0.046,0,-0.088,
-0.043,-0.042,0.05,-0.126,
0.016,0.014,0.095,-0.042,
-0.079,-0.1,0.033,-0.217,
-0.03,-0.003,0.002,-0.182,
0.012,0.023,0.033,-0.045,
-0.013,-0.003,0,-0.048,
-0.05,-0.06,0.065,-0.153,
-0.025,-0.021,0.007,-0.071,
0.07,0.073,0.151,0,
-0.047,-0.045,0,-0.098,
0.009,0.009,0.071,-0.028,
0.096,0.054,0.212,-0.012,
0.044,0.056,0.151,-0.166,
0.028,0.048,0.074,-0.052,
-0.025,-0.024,0.085,-0.105,
-0.009,-0.011,0.008,-0.028,
-0.033,-0.038,0.003,-0.072,
0.079,0.124,0.128,-0.074,
0.046,0.041,0.13,0,
0.026,0.011,0.108,0,
-0.08,-0.104,0,-0.112,
0.033,0.025,0.111,-0.022,
0.098,0.114,0.174,-0.017,
-0.031,-0.025,0,-0.085,
0.027,0.021,0.05,0,
0.046,0.053,0.133,-0.034,
-0.1,-0.131,0,-0.134,
0.05,0.04,0.12,-0.03,
-0.082,-0.084,0,-0.127,
-0.09,-0.105,0,-0.161,
-0.013,-0.022,0.032,-0.077,
-0.033,-0.039,0,-0.068,
0.01,0.025,0.077,-0.134,
0.019,0.022,0.051,-0.033,
0.012,0.007,0.067,-0.071,
0.036,0.025,0.132,-0.01,
-0.097,-0.08,0,-0.2,
0.101,0.138,0.161,0,
-0.041,-0.035,0,-0.111,
0.031,0.028,0.11,-0.047,
0.021,0.043,0.048,-0.069,
0.046,0.056,0.105,-0.038,
0.029,0.028,0.127,-0.057,
0.041,0.069,0.127,-0.061,
0.052,0.078,0.09,-0.041,
0.065,0.091,0.11,-0.031,
-0.079,-0.077,0,-0.189,
-0.045,-0.034,0,-0.106,
0.017,-0.005,0.131,-0.011,
-0.064,-0.054,0,-0.139,
0.033,0.013,0.139,-0.046,
-0.032,-0.027,0.028,-0.141,
-0.012,0.015,0.044,-0.145,
0.048,0.051,0.21,-0.076,
-0.055,-0.044,0.041,-0.147,
-0.017,-0.006,0,-0.085,
-0.006,-0.01,0.101,-0.057,
-0.041,-0.026,0.019,-0.1,
-0.046,-0.039,0,-0.119,
-0.027,-0.001,0.013,-0.123,
-0.03,-0.018,0,-0.082,
-0.084,-0.114,0,-0.115,
-0.041,-0.031,0,-0.081,
-0.028,-0.043,0.029,-0.044,
-0.075,-0.089,0.004,-0.143,
0.011,0.007,0.079,-0.049,
-0.005,0.019,0.05,-0.095,
-0.054,-0.058,0.007,-0.116,
-0.055,-0.032,0.018,-0.181,
-0.099,-0.108,0,-0.178,
0.012,0.004,0.087,-0.014,
0.004,0.017,0.084,-0.111,
-0.075,-0.079,0,-0.18,
-0.077,-0.095,0.044,-0.227,
0.07,0.068,0.165,-0.078,
0.028,0.017,0.106,-0.067,
-0.046,-0.053,0.006,-0.091,
-0.062,-0.063,0,-0.135,
-0.122,-0.133,0,-0.222,
-0.122,-0.143,0,-0.167,
-0.089,-0.076,0,-0.19,
-0.052,-0.055,0,-0.101,
0.084,0.11,0.157,-0.045,
0.046,0.032,0.126,-0.011,
0.008,0.013,0.07,-0.078,
-0.014,0.001,0.083,-0.1,
0.028,0.038,0.142,-0.054,
0.01,0.004,0.103,-0.104,
-0.098,-0.106,0,-0.19,
0.025,0.029,0.107,-0.083,
-0.005,-0.021,0.13,-0.075,
-0.05,-0.054,0.02,-0.134,
0.122,0.155,0.181,-0.003,
0.108,0.153,0.18,-0.054,
0.013,0.01,0.05,-0.042,
0.078,0.091,0.24,-0.05,
-0.014,-0.023,0.012,-0.042,
0.015,0.023,0.119,-0.08,
0.06,0.072,0.118,-0.05,
0.067,0.07,0.165,-0.053,
0.025,0.034,0.125,-0.103,
-0.129,-0.146,0,-0.199,
0.049,0.063,0.144,-0.055,
0.131,0.192,0.263,-0.017,
-0.055,-0.026,0,-0.15,
-0.017,0,0.012,-0.088,
0.058,0.067,0.155,-0.027,
0.007,-0.006,0.092,-0.035,
-0.062,-0.051,0.019,-0.149,
0.003,0.009,0.013,-0.046,
0.016,0.028,0.047,-0.047,
-0.064,-0.084,0.09,-0.166,
0.025,0.049,0.136,-0.113,
-0.005,-0.012,0.043,-0.037,
-0.069,-0.077,0,-0.096,
-0.025,-0.016,0,-0.067,
0.053,0.026,0.152,-0.033,
0.029,0.043,0.06,-0.05,
0.028,0.062,0.075,-0.081,
-0.022,-0.028,0.102,-0.15,
0.002,0,0.056,-0.034,
-0.035,-0.041,0.018,-0.075,
-0.034,-0.011,0.048,-0.187,
0.017,0.003,0.119,-0.021,
-0.143,-0.131,0,-0.248,
0.017,-0.008,0.157,-0.013,
-0.102,-0.124,0,-0.149,
-0.062,-0.087,0.012,-0.096,
0.013,0.038,0.069,-0.134,
0.062,0.059,0.15,-0.026,
-0.003,-0.005,0.075,-0.05,
0.035,0.041,0.091,-0.043,
0.013,-0.001,0.104,-0.015,
-0.062,-0.068,0,-0.077,
-0.024,-0.006,0,-0.079,
0.012,0.01,0.062,-0.045,
-0.001,-0.015,0.07,-0.069,
-0.019,-0.031,0.071,-0.078,
-0.031,-0.038,0.012,-0.061,
0.06,0.068,0.176,-0.053,
-0.04,-0.036,0,-0.112,
0.013,0.003,0.105,-0.049,
0.08,0.081,0.194,-0.003,
0.114,0.146,0.183,0,
-0.002,0.018,0.029,-0.066,
-0.009,-0.019,0.06,-0.029,
-0.014,0.003,0.032,-0.11,
0.065,0.098,0.135,-0.065,
-0.09,-0.083,0,-0.185,
-0.018,0.001,0.002,-0.086,
0.085,0.092,0.152,-0.011,
0.045,0.032,0.107,-0.006,
-0.121,-0.177,0.041,-0.229,
0.01,-0.006,0.107,-0.047,
-0.005,0.001,0.022,-0.077,
-0.018,-0.021,0.087,-0.166,
-0.046,-0.046,0,-0.099,
-0.026,-0.031,0,-0.032,
-0.037,-0.052,0.09,-0.129,
0.007,0.018,0.025,-0.039,
0.032,0.043,0.174,-0.126,
-0.078,-0.073,0,-0.17,
0.083,0.08,0.156,-0.007,
-0.012,0.017,0.04,-0.099,
0.009,-0.001,0.087,-0.069,
0.085,0.117,0.148,-0.037,
-0.034,-0.046,0.024,-0.053,
-0.046,-0.052,0,-0.101,
0.007,-0.006,0.108,-0.086,
0.055,0.064,0.101,-0.033,
-0.008,-0.03,0.089,-0.036,
0.079,0.089,0.16,-0.046,
-0.067,-0.063,0,-0.102,
0.041,0.055,0.109,-0.047,
0.047,0.075,0.099,-0.067,
-0.001,0,0.027,-0.04,
0.009,0.025,0.027,-0.067,
0.038,0.033,0.093,-0.013,
-0.071,-0.087,0,-0.102,
0.033,0.071,0.116,-0.228,
0.078,0.088,0.152,-0.006,
0.071,0.092,0.108,-0.028,
0.09,0.076,0.192,0,
-0.131,-0.14,-0.042,-0.23,
0,0.007,0.015,-0.044,
0.046,0.04,0.13,-0.006,
-0.018,-0.009,0,-0.067,
-0.003,0.013,0.015,-0.094,
-0.029,-0.013,0.03,-0.105,
0.082,0.051,0.19,-0.058,
-0.07,-0.067,0,-0.133,
0.043,0.021,0.168,-0.133,
0.073,0.088,0.198,-0.116,
-0.052,-0.047,0.014,-0.134,
-0.121,-0.122,0,-0.207,
-0.025,-0.022,0.022,-0.086,
0.013,0.021,0.039,-0.053,
-0.059,-0.034,0,-0.161,
0.069,0.059,0.175,-0.03,
-0.071,-0.046,0.004,-0.172,
-0.069,-0.084,0,-0.117,
-0.06,-0.04,0,-0.137,
0.058,0.079,0.111,-0.032,
-0.121,-0.149,0,-0.173,
0.046,0.036,0.115,-0.018,
0.081,0.09,0.16,0,
-0.062,-0.08,0.013,-0.086,
-0.005,0.004,0.013,-0.057,
-0.024,-0.015,0.073,-0.146,
0.019,0.032,0.08,-0.043,
0.113,0.118,0.216,0,
0.095,0.155,0.176,-0.071,
-0.004,0.025,0.072,-0.163,
0.028,0.045,0.047,-0.045,
0.074,0.079,0.138,-0.052,
0.054,0.055,0.162,-0.011,
-0.079,-0.069,0,-0.159,
-0.046,-0.027,0,-0.171,
0.117,0.108,0.251,0,
-0.011,-0.015,0.092,-0.096,
-0.049,-0.054,0,-0.094,
-0.004,-0.005,0.115,-0.072,
0.026,0.025,0.083,-0.031,
0.012,0,0.124,-0.066,
-0.008,0.001,0.06,-0.074,
0.041,0.054,0.12,-0.08,
0.092,0.111,0.143,-0.06,
-0.028,-0.035,0,-0.046,
0.008,0.019,0.075,-0.077,
-0.01,-0.021,0.065,-0.033,
-0.041,-0.018,0,-0.136,
0.008,0.018,0.021,-0.018,
0.006,0.017,0.027,-0.065,
-0.03,-0.042,0.058,-0.111,
0.032,0.025,0.07,0,
0.071,0.081,0.132,-0.012,
-0.014,-0.005,0.021,-0.069,
-0.061,-0.056,0,-0.126,
0.027,0.047,0.057,-0.09,
-0.043,-0.035,0.04,-0.166,
0.035,0.006,0.171,-0.023,
0.086,0.1,0.168,0,
0.02,0.016,0.081,-0.042,
0.115,0.124,0.169,0,
0.052,0.053,0.115,-0.024,
-0.037,-0.045,0.01,-0.073,
0.047,0.033,0.115,-0.04,
0.008,0.018,0.046,-0.039,
-0.093,-0.1,0,-0.166,
-0.058,-0.064,0.033,-0.164,
-0.002,-0.004,0.052,-0.035,
0.01,0,0.036,-0.011,
0.175,0.223,0.237,0,
0.001,-0.017,0.074,-0.036,
0.048,0.035,0.216,-0.084,
-0.023,-0.027,0.024,-0.067,
-0.054,-0.054,0,-0.1,
0.064,0.068,0.207,-0.063,
-0.089,-0.081,0,-0.192,
0.025,0.017,0.158,-0.145,
-0.105,-0.108,0,-0.176,
-0.01,-0.013,0.116,-0.099,
0.071,0.1,0.137,-0.021,
0.043,0.043,0.121,-0.077,
-0.056,-0.075,0.004,-0.088,
0.106,0.137,0.196,0,
-0.09,-0.113,0,-0.135,
-0.056,-0.071,0.078,-0.138,
0.026,0.011,0.129,-0.035,
-0.051,-0.061,0.098,-0.172,
-0.004,-0.007,0.033,-0.039,
0.051,0.048,0.109,0,
-0.003,-0.018,0.083,-0.06,
-0.09,-0.09,0,-0.178,
0.002,0.017,0.021,-0.098,
0.006,0.018,0.034,-0.108,
0.095,0.102,0.174,0,
0.005,0,0.068,-0.075,
-0.001,0.007,0.064,-0.097,
0.109,0.131,0.17,0,
0.06,0.035,0.21,-0.039,
0.096,0.143,0.15,-0.036,
0.005,0.005,0.055,-0.035,
0.062,0.054,0.144,-0.003,
0.007,0.016,0.111,-0.101,
0.016,0.039,0.14,-0.108,
-0.097,-0.1,0.002,-0.244,
-0.137,-0.14,0,-0.207,
-0.005,-0.009,0.024,-0.03,
-0.035,-0.022,0,-0.128,
-0.139,-0.184,0,-0.195,
-0.038,-0.044,0,-0.054,
0.069,0.069,0.171,-0.049,
-0.093,-0.093,0,-0.147,
-0.029,-0.002,0.002,-0.154,
0.019,0.016,0.058,-0.015,
-0.057,-0.057,0.02,-0.185,
0.094,0.092,0.199,-0.025,
-0.09,-0.108,0,-0.144,
0.09,0.113,0.173,-0.037,
-0.078,-0.061,0.022,-0.204,
-0.099,-0.12,0,-0.137,
-0.051,-0.057,0.002,-0.124,
-0.002,-0.003,0.054,-0.036,
-0.042,-0.038,0,-0.128,
0.001,-0.001,0.06,-0.067,
0.051,0.025,0.209,-0.122,
-0.048,-0.03,0.028,-0.175,
-0.088,-0.111,0,-0.132,
0.119,0.141,0.169,0,
-0.041,-0.04,0.128,-0.143,
0.023,0.013,0.097,-0.023,
-0.047,-0.053,0,-0.078,
-0.068,-0.05,0,-0.146,
0.013,0.021,0.035,-0.015,
-0.017,0,0.023,-0.103,
0.016,0.028,0.12,-0.105,
-0.017,-0.014,0.058,-0.098,
-0.025,-0.013,0,-0.084,
0.026,0.044,0.112,-0.119,
0.058,0.085,0.099,-0.024,
0.068,0.114,0.128,-0.04,
-0.046,-0.051,0.06,-0.109,
0.162,0.193,0.244,0,
-0.035,-0.005,0.013,-0.175,
0.09,0.073,0.263,-0.005,
0.001,0,0.046,-0.036,
0.016,0.001,0.106,-0.044,
-0.057,-0.029,0.057,-0.191,
-0.046,-0.045,0,-0.09,
0.134,0.174,0.184,-0.029,
0.048,0.055,0.124,-0.062,
0.008,0.036,0.051,-0.074,
-0.082,-0.082,0,-0.139,
0.07,0.071,0.107,0,
0.057,0.046,0.168,-0.018,
0.052,0.072,0.084,-0.013,
0.014,0.003,0.093,-0.12,
0.029,0.008,0.127,-0.044,
0.079,0.079,0.138,0,
-0.036,-0.027,0.032,-0.13,
0.043,0.046,0.077,0,
-0.002,-0.02,0.068,-0.058,
-0.013,0.008,0.022,-0.095,
0.046,0.057,0.099,-0.033,
0.076,0.108,0.112,-0.046,
0.024,0.015,0.103,-0.059,
-0.01,-0.004,0.028,-0.061,
0.024,0.022,0.098,-0.045,
-0.021,-0.022,0.124,-0.137,
-0.072,-0.082,0.093,-0.212,
0.104,0.152,0.2,-0.052,
-0.022,-0.015,0.071,-0.121,
-0.021,-0.029,0.013,-0.045,
-0.032,-0.047,0.161,-0.136,
-0.05,-0.044,0,-0.127,
-0.069,-0.068,0,-0.129,
0.084,0.083,0.199,-0.046,
-0.005,0.005,0.038,-0.067,
0.063,0.057,0.151,-0.043,
0.009,-0.004,0.075,-0.059,
-0.03,-0.027,0,-0.054,
-0.004,0.005,0.037,-0.071,
0.029,0.066,0.075,-0.091,
-0.004,0.001,0.086,-0.141,
0.038,0.036,0.149,-0.014,
0.064,0.066,0.12,-0.06,
0.011,0.012,0.086,-0.052,
-0.009,0.004,0.015,-0.047,
0.052,0.062,0.13,-0.042,
0.085,0.102,0.158,-0.045,
-0.01,-0.013,0,-0.014,
-0.037,-0.039,0.013,-0.099,
0.007,-0.013,0.088,-0.046,
0.052,0.075,0.082,0,
-0.038,-0.053,0.079,-0.098,
-0.064,-0.037,0.033,-0.158,
-0.043,-0.035,0,-0.088,
0.019,0.002,0.094,-0.011,
0.032,0.033,0.062,0,
-0.052,-0.048,0.015,-0.114,
-0.007,-0.003,0.064,-0.065,
0.021,0.029,0.046,-0.051,
0.022,0.033,0.033,-0.035,
0.009,0.005,0.061,-0.009,
0.014,0.01,0.035,0,
-0.097,-0.113,0,-0.185,
-0.011,-0.022,0.031,-0.031,
0.029,0.025,0.068,0,
-0.025,-0.046,0.072,-0.05,
0,0.018,0.019,-0.074,
-0.015,-0.01,0,-0.054,
0.007,0.003,0.043,0,
0.024,0.02,0.071,0,
-0.034,-0.034,0.039,-0.113,
0.002,-0.017,0.141,-0.031,
0.003,0,0.061,-0.035,
-0.003,0.002,0.002,-0.037,
0.011,0.002,0.1,-0.018,
0.016,0.018,0.031,-0.002,
-0.01,-0.005,0,-0.045,
0.002,0.002,0.021,-0.015,
-0.008,-0.005,0.018,-0.057,
-0.004,0.003,0.005,-0.026,
0.042,0.043,0.056,0,
-0.018,-0.03,0.051,-0.03,
0.042,0.041,0.07,0,
-0.01,-0.007,0,-0.027,
-0.043,-0.022,0,-0.115,
-0.019,-0.025,0.009,-0.025,
0.008,0.022,0.022,-0.073,
0.051,0.037,0.148,0,
0.049,0.044,0.102,0,
0.046,0.045,0.084,0,
0.063,0.073,0.075,0,
0.001,-0.009,0.061,-0.015,
0.005,0.01,0.01,-0.014,
0.057,0.058,0.089,0,
0.016,0.004,0.045,-0.011,
0.038,0.048,0.052,-0.009,
0.019,0.001,0.094,-0.007,
-0.033,-0.036,0,-0.054,
-0.021,-0.032,0.048,-0.036,
-0.02,-0.013,0,-0.077,
-0.002,-0.005,0.04,-0.042,
0.049,0.038,0.105,0,
-0.028,-0.021,0,-0.1,
-0.041,-0.045,0,-0.048,
-0.047,-0.032,0,-0.112,
-0.014,-0.017,0,-0.02,
0.038,0.043,0.054,0,
0.014,0.02,0.027,-0.036,
0.01,0.004,0.049,0,
-0.005,-0.005,0.007,-0.016,
0.051,0.056,0.102,-0.005,
0.032,0.02,0.111,0,
0.039,0.031,0.098,0,
0.003,-0.002,0.06,-0.005,
0.037,0.029,0.079,0,
-0.013,-0.017,0,-0.02,
0.006,0.007,0.009,0,
-0.001,0.003,0.003,-0.024,
-0.032,-0.03,0,-0.067,
-0.006,-0.008,0,-0.008,
-0.033,-0.04,0,-0.091,
0.036,0.047,0.07,-0.038,
-0.011,0.001,0.005,-0.063,
-0.006,-0.005,0,-0.022,
0.063,0.072,0.079,0,
-0.006,0,0,-0.039,
-0.033,-0.043,0.022,-0.046,
-0.011,-0.015,0.002,-0.017,
0.049,0.063,0.094,-0.054,
0.013,0.01,0.032,0,
0.002,0.002,0.007,-0.007,
0.027,0.013,0.113,0,
0.087,0.104,0.111,0,
-0,0.002,0.007,-0.022,
0.005,0.007,0.007,0,
-0.005,-0.005,0,-0.011,
-0.06,-0.059,0,-0.097,
0.004,0.01,0.01,-0.038,
0.018,0.005,0.11,0,
-0.026,-0.04,0.057,-0.04,
-0.004,0.001,0.007,-0.049,
0.01,0.015,0.021,-0.028,
-0.026,-0.033,0,-0.035,
0.024,0.017,0.058,0,
0.012,0.022,0.022,-0.041,
-0.034,-0.034,0,-0.054,
0.012,0.017,0.056,-0.067,
-0.034,-0.033,0,-0.072,
0.072,0.084,0.1,0,
-0.04,-0.032,0,-0.085,
-0.012,-0.01,0,-0.041,
-0.054,-0.054,0,-0.107,
0.025,0.032,0.041,-0.023,
0.03,0.029,0.103,-0.019,
-0.031,-0.028,0,-0.065,
-0.047,-0.044,0,-0.114,
-0.016,-0.029,0.03,-0.082,
0.027,0.024,0.066,0,
-0.054,-0.075,0.013,-0.096,
-0.041,-0.044,0,-0.056,
-0.009,-0.005,0,-0.038,
0.024,0.04,0.041,-0.052,
-0.033,-0.05,0.012,-0.058,
0.002,0,0.016,0,
-0.031,-0.025,0,-0.075,
-0.029,-0.011,0,-0.186,
0.021,0.002,0.154,0,
0.032,0.035,0.056,0,
-0.003,0,0,-0.02,
0.049,0.045,0.137,0,
-0.036,-0.042,0.002,-0.063,
0.012,0.034,0.036,-0.08,
0.005,-0.003,0.05,-0.008,
0.01,0.015,0.015,-0.019,
0.022,0.017,0.065,0,
-0.002,-0.007,0.047,-0.024,
-0,0,0,-0.004,
0.009,0.012,0.015,-0.012,
0.025,0.037,0.041,-0.053,
0.025,0.022,0.089,-0.011,
0.032,0.027,0.063,0,
-0.031,-0.021,0,-0.118,
-0.042,-0.041,0,-0.087,
-0.013,-0.015,0.007,-0.026,
-0.032,-0.022,0,-0.118,
0.045,0.027,0.176,0,
0.026,0.003,0.099,-0.005,
0.023,0.028,0.028,0,
-0.002,0.001,0.048,-0.061,
0.04,0.044,0.056,0,
-0.011,-0.008,0,-0.022,
0.011,0.012,0.022,0,
-0.006,-0.011,0.05,-0.065,
0.013,0.022,0.022,-0.032,
0.044,0.043,0.079,0,
-0.007,-0.01,0.016,-0.012,
0.001,0.003,0.017,-0.034,
-0.014,-0.033,0.051,-0.045,
0.072,0.082,0.164,-0.007,
0.003,0.001,0.009,0,
-0.004,-0.003,0,-0.011,
0.035,0.038,0.09,-0.023,
-0,-0.002,0.013,-0.002,
0.014,0.013,0.033,0,
-0.004,0.003,0.043,-0.077,
-0.044,-0.047,0,-0.061,
-0,0,0,-0.002,
0.025,0.018,0.059,0,
-0.007,-0.038,0.164,-0.041,
0.016,0.017,0.03,0,
0.029,0.021,0.069,0,
-0.035,-0.038,0,-0.048,
-0.003,0.012,0.024,-0.1,
0.106,0.085,0.23,0,
0.032,0.046,0.074,-0.052,
-0.016,-0.018,0,-0.022,
-0.001,-0.02,0.133,-0.026,
-0.064,-0.076,0,-0.078,
0.005,0.007,0.027,-0.033,
0.054,0.085,0.088,-0.04,
0.014,0,0.088,-0.005,
-0.001,-0.013,0.06,-0.014,
-0.02,-0.027,0.017,-0.03,
-0.024,0.003,0.005,-0.165,
0.021,0.038,0.038,-0.067,
0.058,0.065,0.078,0,
-0.061,-0.059,0,-0.1,
0.01,0.011,0.037,-0.056,
-0.004,-0.01,0.05,-0.023,
-0.03,-0.029,0,-0.077,
0.009,0.001,0.056,-0.04,
0.027,0.031,0.032,0,
-0.016,-0.02,0.002,-0.026,
-0.057,-0.068,0,-0.078,
0.065,0.081,0.115,-0.039,
0.011,0.002,0.072,0,
-0.02,-0.009,0,-0.088,
0.028,0.02,0.106,0,
0.049,0.05,0.074,0,
0.059,0.057,0.104,0,
0.029,0.046,0.046,-0.022,
0.019,0.026,0.031,-0.015,
0.038,0.05,0.052,-0.002,
-0.018,-0.022,0,-0.025,
0.032,0.059,0.082,-0.057,
-0.032,-0.033,0,-0.05,
-0.053,-0.054,0,-0.087,
0.078,0.076,0.203,0,
0.006,0.002,0.027,0,
0.029,0.02,0.143,-0.007,
-0.019,-0.019,0,-0.035,
0.048,0.034,0.135,-0.027,
-0.004,-0.005,0.004,-0.01,
-0.059,-0.076,0.021,-0.08,
0.013,0.018,0.02,-0.006,
0.021,0.018,0.05,0,
0.012,0.013,0.017,0,
-0.004,0,0,-0.04,
0.003,-0.006,0.054,-0.014,
-0.02,-0.032,0.049,-0.033,
-0,0.015,0.015,-0.054,
0.016,0,0.153,-0.019,
-0.001,-0.013,0.06,-0.023,
0.03,0.007,0.168,-0.039,
0.132,0.155,0.263,0,
-0.011,-0.01,0,-0.026,
0.027,0.054,0.067,-0.057,
-0.014,-0.012,0,-0.047,
-0.011,0.002,0.003,-0.111,
-0.027,-0.036,0,-0.036,
-0.041,-0.045,0,-0.051,
-0.009,-0.002,0.026,-0.106,
0.003,0.005,0.007,-0.018,
0.01,-0.006,0.116,-0.019,
-0.001,0,0,-0.009,
0.042,0.044,0.056,0,
0.018,0.02,0.066,-0.052,
-0.019,-0.005,0,-0.101,
0.036,0.026,0.112,0,
0.025,0.027,0.03,0,
-0.008,-0.005,0,-0.029,
0.005,0.01,0.013,-0.03,
0.003,0.017,0.019,-0.079,
0.039,0.06,0.063,-0.055,
0.013,0.017,0.023,-0.027,
0.032,0.035,0.057,0,
0,0,0.015,-0.007,
-0.017,-0.02,0.006,-0.032,
-0.01,-0.02,0.041,-0.02,
0.037,0.04,0.046,0,
-0.09,-0.127,0,-0.141,
0.078,0.074,0.128,0,
0.015,0.01,0.07,0,
0.025,0.03,0.04,-0.004,
0.029,0.014,0.15,-0.008,
-0,0,0.01,-0.011,
0.028,0.01,0.084,0,
0.026,0.013,0.102,-0.005,
-0.001,0.01,0.018,-0.051,
-0.022,-0.017,0,-0.07,
-0,0,0.005,-0.003,
-0.002,0,0,-0.015,
0.01,-0.004,0.044,-0.032,
-0.024,-0.015,0,-0.093,
0.002,-0.009,0.067,-0.01,
-0.018,-0.024,0.026,-0.029,
0.034,0.059,0.075,-0.041,
0.019,-0.003,0.113,-0.03,
0.037,0.048,0.05,0,
0.062,0.066,0.089,0,
0.061,0.084,0.085,-0.02,
-0.002,0,0.002,-0.022,
-0.021,-0.031,0.028,-0.033,
0.022,0.027,0.031,0,
0.034,0.064,0.077,-0.071,
-0.009,-0.006,0,-0.025,
-0.012,-0.003,0,-0.073,
0.013,0.012,0.023,0,
-0.037,-0.016,0,-0.127,
0.029,0.022,0.079,0,
-0.04,-0.042,0,-0.055,
0.047,0.029,0.095,0,
0.027,0.024,0.062,0,
-0.039,-0.037,0.014,-0.129,
-0.004,0,0,-0.028,
-0.076,-0.056,0,-0.174,
-0.016,-0.01,0,-0.066,
0.025,0.022,0.056,0,
0.007,-0.007,0.1,-0.008,
0.013,0.015,0.017,0,
-0.004,-0.003,0.007,-0.037,
-0.017,-0.022,0,-0.024,
0.059,0.065,0.109,0,
0.004,0.007,0.016,-0.038,
0.007,0.002,0.058,0,
-0.045,-0.053,0,-0.069,
-0.016,-0.02,0.007,-0.024,
0.002,-0.007,0.054,-0.013,
0.047,0.015,0.187,-0.008,
0.047,0.07,0.07,-0.041,
-0.023,-0.027,0,-0.029,
0.007,0.015,0.018,-0.045,
0.009,0.012,0.013,-0.009,
0.034,0.042,0.071,-0.012,
-0.002,-0.005,0.01,-0.005,
0.009,0.015,0.015,-0.025,
-0.026,-0.024,0,-0.09,
0.007,0.007,0.019,0,
0.081,0.093,0.129,0,
0.073,0.085,0.19,-0.104,
0.043,0.061,0.064,-0.058,
0.029,0.042,0.042,-0.036,
0.064,0.108,0.111,-0.061,
0.026,0.025,0.05,0,
-0.009,-0.012,0.025,-0.035,
0.006,0,0.069,-0.024,
0.011,0.022,0.074,-0.039,
-0.009,-0.02,0.054,-0.021,
0.053,0.045,0.142,0,
-0.033,-0.037,0.007,-0.078,
-0.014,-0.025,0.064,-0.038,
0.001,-0.004,0.038,-0.012,
-0.024,-0.021,0,-0.074,
-0.042,-0.038,0,-0.089,
0.03,0.029,0.058,0,
-0.007,-0.005,0,-0.012,
0.013,0.019,0.028,-0.031,
-0.005,-0.005,0,-0.014,
-0.033,-0.04,0,-0.042,
-0.038,-0.041,0,-0.053,
-0.034,-0.027,0,-0.083,
0.059,0.057,0.119,0,
-0.014,-0.013,0,-0.035,
-0.01,-0.01,0,-0.018,
0.04,0.04,0.066,0,
-0.02,-0.028,0.027,-0.03,
-0.016,-0.032,0.065,-0.033,
-0.049,-0.059,0,-0.066,
-0.016,-0.015,0,-0.027,
-0.001,-0.006,0.026,-0.007,
-0.011,-0.021,0.036,-0.025,
0.035,0.043,0.045,0,
0.029,0.027,0.074,0,
0.011,0.01,0.032,0,
-0.023,-0.026,0,-0.029,
0.01,0.013,0.015,-0.008,
0.002,0.007,0.008,-0.037,
-0.017,-0.018,0,-0.03,
-0.012,-0.013,0,-0.021,
0.015,0.008,0.078,0,
-0.019,0.009,0.024,-0.118,
0.092,0.089,0.163,0,
-0.006,-0.015,0.051,-0.015,
-0.001,-0.01,0.029,-0.01,
0.002,0.002,0.053,-0.028,
0.007,0.012,0.025,-0.044,
-0.003,0,0,-0.027,
0.03,0.019,0.125,0,
0.025,0.032,0.036,-0.017,
-0.023,-0.034,0.026,-0.034,
0.019,0.017,0.047,0,
-0.039,-0.05,0,-0.052,
0.009,-0.004,0.066,-0.012,
0.047,0.048,0.1,0,
0.016,0.025,0.027,-0.03,
-0.037,-0.039,0,-0.048,
0.003,-0.012,0.091,-0.017,
0.023,0.02,0.066,0,
-0.005,-0.001,0.043,-0.059,
-0.035,-0.029,0,-0.075,
0.039,0.044,0.05,0,
0.025,0.04,0.04,-0.037,
-0.009,-0.008,0,-0.031,
0.056,0.066,0.07,0,
0.087,0.093,0.119,0,
0.011,0.015,0.015,-0.011,
-0.002,0,0,-0.014,
-0.022,-0.037,0.034,-0.039,
0.002,0,0.017,0,
-0.026,-0.022,0,-0.052,
-0.007,0.001,0.002,-0.06,
-0.035,-0.034,0,-0.073,
-0.011,-0.009,0.002,-0.033,
-0.035,-0.052,0.028,-0.055,
-0.012,-0.021,0.028,-0.023,
0.004,0.003,0.014,-0.004,
-0.031,-0.034,0,-0.054,
-0.006,0.002,0.003,-0.06,
0.026,0.029,0.041,0,
0.006,0,0.034,0,
0.064,0.082,0.087,-0.024,
0.03,0.024,0.099,-0.052,
0.019,0.022,0.032,-0.002,
-0.018,-0.026,0.02,-0.027,
-0.023,-0.025,0,-0.029,
0.036,0.03,0.07,0,
-0.004,0,0,-0.027,
-0.005,-0.008,0,-0.008,
0.008,0.005,0.036,0,
-0.015,-0.012,0,-0.04,
-0.002,0,0,-0.018,
-0.001,0,0,-0.007,
-0.026,-0.04,0.017,-0.043,
0.025,0.038,0.076,-0.109,
0.02,0.022,0.067,-0.054,
-0.001,-0.002,0.072,-0.051,
0.057,0.049,0.107,0,
-0.039,-0.051,0.018,-0.074,
0.022,0.035,0.111,-0.118,
0,-0.015,0.081,-0.034,
-0.071,-0.075,0.008,-0.163,
0.05,0.037,0.12,0,
0.045,0.084,0.1,-0.106,
-0.021,-0.03,0.031,-0.053,
0.071,0.087,0.15,-0.026,
-0.025,-0.019,0.086,-0.115,
-0.044,-0.025,0.054,-0.178,
-0.028,-0.041,0.03,-0.073,
0.079,0.09,0.148,-0.01,
-0.07,-0.084,0,-0.086,
0.083,0.091,0.166,-0.046,
0.055,0.058,0.153,-0.013,
0.038,0.048,0.081,-0.031,
0.036,0.049,0.057,-0.036,
-0.058,-0.054,0,-0.108,
-0.052,-0.066,0,-0.074,
-0.009,0.001,0.002,-0.052,
-0.043,-0.014,0.007,-0.17,
-0.128,-0.17,0,-0.205,
-0.004,0.014,0.037,-0.089,
0.041,0.044,0.084,0,
0.016,0.011,0.067,-0.021,
0.082,0.098,0.185,-0.046,
-0.076,-0.063,0,-0.158,
0.023,0.042,0.063,-0.094,
0.016,0.015,0.063,-0.011,
0.021,0.017,0.087,0,
-0.033,-0.011,0.036,-0.182,
-0.031,-0.032,0,-0.049,
0.044,0.022,0.151,0,
0.036,0.009,0.144,0,
-0.011,-0.01,0,-0.021,
0.013,0.015,0.112,-0.093,
0.022,0.018,0.072,0,
-0.016,-0.021,0,-0.021,
-0.003,0.001,0.002,-0.018,
-0.054,-0.05,0,-0.148,
-0.024,-0.032,0.015,-0.048,
0.051,0.055,0.066,0,
0.04,0.051,0.069,-0.033,
-0.035,-0.021,0,-0.096,
0.039,0.03,0.108,-0.055,
0.007,0.025,0.041,-0.085,
0.164,0.203,0.231,0,
-0.105,-0.135,0,-0.147,
0.068,0.083,0.156,-0.012,
-0.009,-0.004,0.036,-0.07,
-0.05,-0.008,0,-0.209,
0.025,0.04,0.047,-0.04,
0.018,0.007,0.096,-0.016,
-0.009,-0.007,0.044,-0.066,
0.083,0.087,0.177,-0.011,
-0.014,-0.017,0.017,-0.038,
-0.051,-0.064,0.039,-0.104,
0.055,0.051,0.15,0,
0.038,0.071,0.076,-0.083,
0.05,0.043,0.158,-0.113,
-0.027,-0.034,0,-0.035,
-0.046,-0.054,0,-0.054,
-0.005,-0.003,0.005,-0.033,
-0.006,-0.008,0,-0.008,
-0.018,-0.015,0,-0.061,
0.013,0.031,0.031,-0.048,
0.034,0.004,0.167,0,
-0.035,-0.011,0.014,-0.115,
0.006,0,0.042,0,
0.004,0.012,0.012,-0.031,
0.02,0.006,0.077,0,
0.055,0.05,0.116,0,
-0.012,-0.015,0,-0.015,
0.007,0.012,0.015,-0.019,
-0.032,-0.028,0,-0.068,
0,0,0.004,0,




Further Data analysis of all test cases 
avg med max min 
AVGs,-0.466,-0.458,-0.384,-0.575,
MEDs,-0.469,-0.458,-0.367,-0.607,
MAXs,-0.361,-0.361,-0.248,-0.361,
MINs,-0.522,-0.519,-0.416,-0.625,


AVGs,0.002,0.001,0.181,-0.166,
MEDs,0.003,0.001,0.223,-0.197,
MAXs,0.059,0.045,0.314,-0.042,
MINs,-0.06,-0.046,0,-0.248,



