0.0,0.0,0.0,0.0,0.0,0.0,0.0,0.0,0.0,0.0,
0.0,0.0,0.0,0.0,0.0,0.0,0.0,0.0,0.0,0.0,
0.0,0.0,0.0,0.0,0.0,0.0,0.0,0.0,0.0,0.0,
0.0,0.0,0.0,0.0,0.0,0.0,0.0,0.0,0.0,0.0,
0.0,0.0,0.0,0.0,0.0,0.0,0.0,0.0,0.0,0.0,
0.0,0.0,0.0,0.0,0.0,0.0,0.0,0.0,0.0,0.0,
0.0,0.0,0.0,0.0,0.0,0.0,0.0,0.0,0.0,0.0,
0.0,0.0,0.0,0.0,0.0,0.0,0.0,0.0,0.0,0.0,
0.0,0.0,0.0,0.0,0.0,0.0,0.0,0.0,0.0,0.0,
0.0,0.0,0.0,0.0,0.0,0.0,0.0,0.0,0.0,0.0,
0.0,0.0,0.0,0.0,0.0,0.0,0.0,0.0,0.0,0.0,
0.0,0.0,0.0,0.0,0.0,0.0,0.0,0.0,0.0,0.0,
0.0,0.0,0.0,0.0,0.0,0.0,0.0,0.0,0.0,0.0,
0.0,0.0,0.0,0.0,0.0,0.0,0.0,0.0,0.0,0.0,
0.0,0.0,0.0,0.0,0.0,0.0,0.0,0.0,0.0,0.0,
0.0,0.0,0.0,0.0,0.0,0.0,0.0,0.0,0.0,0.0,
0.0,0.0,0.0,0.0,0.0,0.0,0.0,0.0,0.0,0.0,
0.0,0.0,0.0,0.0,0.0,0.0,0.0,0.0,0.0,0.0,
0.0,0.0,0.0,0.0,0.0,0.0,0.0,0.0,0.0,0.0,
0.0,0.0,0.0,0.0,0.0,0.0,0.0,0.0,0.0,0.0,
0.0,0.0,0.0,0.0,0.0,0.0,0.0,0.0,0.0,0.0,
0.0,0.0,0.0,0.0,0.0,0.0,0.0,0.0,0.0,0.0,
0.0,0.0,0.0,0.0,0.0,0.0,0.0,0.0,0.0,0.0,
0.0,0.0,0.0,0.0,0.0,0.0,0.0,0.0,0.0,0.0,
0.0,0.0,0.0,0.0,0.0,0.0,0.0,0.0,0.0,0.0,
0.0,0.0,0.0,0.0,0.0,0.0,0.0,0.0,0.0,0.0,
0.0,0.0,0.0,0.0,0.0,0.0,0.0,0.0,0.0,0.0,
0.0,0.0,0.0,0.0,0.0,0.0,0.0,0.0,0.0,0.0,
0.0,0.0,0.0,0.0,0.0,0.0,0.0,0.0,0.0,0.0,
0.0,0.0,0.0,0.0,0.0,0.0,0.0,0.0,0.0,0.0,
0.0,0.0,0.0,0.0,0.0,0.0,0.0,0.0,0.0,0.0,
0.0,0.0,0.0,0.0,0.0,0.0,0.0,0.0,0.0,0.0,
0.0,0.0,0.0,0.0,0.0,0.0,0.0,0.0,0.0,0.0,
0.0,0.0,0.0,0.0,0.0,0.0,0.0,0.0,0.0,0.0,
0.0,0.0,0.0,0.0,0.0,0.0,0.0,0.0,0.0,0.0,
0.0,0.0,0.0,0.0,0.0,0.0,0.0,0.0,0.0,0.0,
0.0,0.0,0.0,0.0,0.0,0.0,0.0,0.0,0.0,0.0,
0.0,0.0,0.0,0.0,0.0,0.0,0.0,0.0,0.0,0.0,
0.0,0.0,0.0,0.0,0.0,0.0,0.0,0.0,0.0,0.0,
0.0,0.0,0.0,0.0,0.0,0.0,0.0,0.0,0.0,0.0,
0.0,0.0,0.0,0.0,0.0,0.0,0.0,0.0,0.0,0.0,
0.0,0.0,0.0,0.0,0.0,0.0,0.0,0.0,0.0,0.0,
0.0,0.0,0.0,0.0,0.0,0.0,0.0,0.0,0.0,0.0,
0.0,0.0,0.0,0.0,0.0,0.0,0.0,0.0,0.0,0.0,
0.0,0.0,0.0,0.0,0.0,0.0,0.0,0.0,0.0,0.0,
0.0,0.0,0.0,0.0,0.0,0.0,0.0,0.0,0.0,0.0,
0.0,0.0,0.0,0.0,0.0,0.0,0.0,0.0,0.0,0.0,
0.0,0.0,0.0,0.0,0.0,0.0,0.0,0.0,0.0,0.0,
0.0,0.0,0.0,0.0,0.0,0.0,0.0,0.0,0.0,0.0,
0.0,0.0,0.0,0.0,0.0,0.0,0.0,0.0,0.0,0.0,
0.0,0.0,0.0,0.0,0.0,0.0,0.0,0.0,0.0,0.0,
0.0,0.0,0.0,0.0,0.0,0.0,0.0,0.0,0.0,0.0,
0.0,0.0,0.0,0.0,0.0,0.0,0.0,0.0,0.0,0.0,
0.0,0.0,0.0,0.0,0.0,0.0,0.0,0.0,0.0,0.0,
0.0,0.0,0.0,0.0,0.0,0.0,0.0,0.0,0.0,0.0,
0.0,0.0,0.0,0.0,0.0,0.0,0.0,0.0,0.0,0.0,
0.0,0.0,0.0,0.0,0.0,0.0,0.0,0.0,0.0,0.0,
0.0,0.0,0.0,0.0,0.0,0.0,0.0,0.0,0.0,0.0,
0.0,0.0,0.0,0.0,0.0,0.0,0.0,0.0,0.0,0.0,
0.0,0.0,0.0,0.0,0.0,0.0,0.0,0.0,0.0,0.0,
0.0,0.0,0.0,0.0,0.0,0.0,0.0,0.0,0.0,0.0,
0.0,0.0,0.0,0.0,0.0,0.0,0.0,0.0,0.0,0.0,
0.0,0.0,0.0,0.0,0.0,0.0,0.0,0.0,0.0,0.0,
0.0,0.0,0.0,0.0,0.0,0.0,0.0,0.0,0.0,0.0,
0.0,0.0,0.0,0.0,0.0,0.0,0.0,0.0,0.0,0.0,
0.0,0.0,0.0,0.0,0.0,0.0,0.0,0.0,0.0,0.0,
0.0,0.0,0.0,0.0,0.0,0.0,0.0,0.0,0.0,0.0,
0.0,0.0,0.0,0.0,0.0,0.0,0.0,0.0,0.0,0.0,
0.0,0.0,0.0,0.0,0.0,0.0,0.0,0.0,0.0,0.0,
0.0,0.0,0.0,0.0,0.0,0.0,0.0,0.0,0.0,0.0,
0.0,0.0,0.0,0.0,0.0,0.0,0.0,0.0,0.0,0.0,
0.0,0.0,0.0,0.0,0.0,0.0,0.0,0.0,0.0,0.0,
0.0,0.0,0.0,0.0,0.0,0.0,0.0,0.0,0.0,0.0,
0.0,0.0,0.0,0.0,0.0,0.0,0.0,0.0,0.0,0.0,
0.0,0.0,0.0,0.0,0.0,0.0,0.0,0.0,0.0,0.0,
0.0,0.0,0.0,0.0,0.0,0.0,0.0,0.0,0.0,0.0,
0.0,0.0,0.0,0.0,0.0,0.0,0.0,0.0,0.0,0.0,
0.0,0.0,0.0,0.0,0.0,0.0,0.0,0.0,0.0,0.0,
0.0,0.0,0.0,0.0,0.0,0.0,0.0,0.0,0.0,0.0,
0.0,0.0,0.0,0.0,0.0,0.0,0.0,0.0,0.0,0.0,
0.0,0.0,0.0,0.0,0.0,0.0,0.0,0.0,0.0,0.0,
0.0,0.0,0.0,0.0,0.0,0.0,0.0,0.0,0.0,0.0,
0.0,0.0,0.0,0.0,0.0,0.0,0.0,0.0,0.0,0.0,
0.0,0.0,0.0,0.0,0.0,0.0,0.0,0.0,0.0,0.0,
0.0,0.0,0.0,0.0,0.0,0.0,0.0,0.0,0.0,0.0,
0.0,0.0,0.0,0.0,0.0,0.0,0.0,0.0,0.0,0.0,
0.0,0.0,0.0,0.0,0.0,0.0,0.0,0.0,0.0,0.0,
0.0,0.0,0.0,0.0,0.0,0.0,0.0,0.0,0.0,0.0,
0.0,0.0,0.0,0.0,0.0,0.0,0.0,0.0,0.0,0.0,
0.0,0.0,0.0,0.0,0.0,0.0,0.0,0.0,0.0,0.0,
0.0,0.0,0.0,0.0,0.0,0.0,0.0,0.0,0.0,0.0,
0.0,0.0,0.0,0.0,0.0,0.0,0.0,0.0,0.0,0.0,
0.0,0.0,0.0,0.0,0.0,0.0,0.0,0.0,0.0,0.0,
0.0,0.0,0.0,0.0,0.0,0.0,0.0,0.0,0.0,0.0,
0.0,0.0,0.0,0.0,0.0,0.0,0.0,0.0,0.0,0.0,
0.0,0.0,0.0,0.0,0.0,0.0,0.0,0.0,0.0,0.0,
0.0,0.0,0.0,0.0,0.0,0.0,0.0,0.0,0.0,0.0,
0.0,0.0,0.0,0.0,0.0,0.0,0.0,0.0,0.0,0.0,
0.0,0.0,0.0,0.0,0.0,0.0,0.0,0.0,0.0,0.0,
0.0,0.0,0.0,0.0,0.0,0.0,0.0,0.0,0.0,0.0,
0.0,0.0,0.0,0.0,0.0,0.0,0.0,0.0,0.0,0.0,
0.0,0.0,0.0,0.0,0.0,0.0,0.0,0.0,0.0,0.0,
0.0,0.0,0.0,0.0,0.0,0.0,0.0,0.0,0.0,0.0,
0.0,0.0,0.0,0.0,0.0,0.0,0.0,0.0,0.0,0.0,
0.0,0.0,0.0,0.0,0.0,0.0,0.0,0.0,0.0,0.0,
0.0,0.0,0.0,0.0,0.0,0.0,0.0,0.0,0.0,0.0,
0.0,0.0,0.0,0.0,0.0,0.0,0.0,0.0,0.0,0.0,
0.0,0.0,0.0,0.0,0.0,0.0,0.0,0.0,0.0,0.0,
0.0,0.0,0.0,0.0,0.0,0.0,0.0,0.0,0.0,0.0,
0.0,0.0,0.0,0.0,0.0,0.0,0.0,0.0,0.0,0.0,
0.0,0.0,0.0,0.0,0.0,0.0,0.0,0.0,0.0,0.0,
0.0,0.0,0.0,0.0,0.0,0.0,0.0,0.0,0.0,0.0,
0.0,0.0,0.0,0.0,0.0,0.0,0.0,0.0,0.0,0.0,
0.0,0.0,0.0,0.0,0.0,0.0,0.0,0.0,0.0,0.0,
0.0,0.0,0.0,0.0,0.0,0.0,0.0,0.0,0.0,0.0,
0.0,0.0,0.0,0.0,0.0,0.0,0.0,0.0,0.0,0.0,
0.0,0.0,0.0,0.0,0.0,0.0,0.0,0.0,0.0,0.0,
0.0,0.0,0.0,0.0,0.0,0.0,0.0,0.0,0.0,0.0,
0.0,0.0,0.0,0.0,0.0,0.0,0.0,0.0,0.0,0.0,
0.0,0.0,0.0,0.0,0.0,0.0,0.0,0.0,0.0,0.0,
0.0,0.0,0.0,0.0,0.0,0.0,0.0,0.0,0.0,0.0,
0.0,0.0,0.0,0.0,0.0,0.0,0.0,0.0,0.0,0.0,
0.0,0.0,0.0,0.0,0.0,0.0,0.0,0.0,0.0,0.0,
0.0,0.0,0.0,0.0,0.0,0.0,0.0,0.0,0.0,0.0,
0.0,0.0,0.0,0.0,0.0,0.0,0.0,0.0,0.0,0.0,
0.0,0.0,0.0,0.0,0.0,0.0,0.0,0.0,0.0,0.0,
0.0,0.0,0.0,0.0,0.0,0.0,0.0,0.0,0.0,0.0,
0.0,0.0,0.0,0.0,0.0,0.0,0.0,0.0,0.0,0.0,
0.0,0.0,0.0,0.0,0.0,0.0,0.0,0.0,0.0,0.0,
0.0,0.0,0.0,0.0,0.0,0.0,0.0,0.0,0.0,0.0,
0.0,0.0,0.0,0.0,0.0,0.0,0.0,0.0,0.0,0.0,
0.0,0.0,0.0,0.0,0.0,0.0,0.0,0.0,0.0,0.0,
0.0,0.0,0.0,0.0,0.0,0.0,0.0,0.0,0.0,0.0,
0.0,0.0,0.0,0.0,0.0,0.0,0.0,0.0,0.0,0.0,
0.0,0.0,0.0,0.0,0.0,0.0,0.0,0.0,0.0,0.0,
0.0,0.0,0.0,0.0,0.0,0.0,0.0,0.0,0.0,0.0,
0.0,0.0,0.0,0.0,0.0,0.0,0.0,0.0,0.0,0.0,
0.0,0.0,0.0,0.0,0.0,0.0,0.0,0.0,0.0,0.0,
0.0,0.0,0.0,0.0,0.0,0.0,0.0,0.0,0.0,0.0,
0.0,0.0,0.0,0.0,0.0,0.0,0.0,0.0,0.0,0.0,
0.0,0.0,0.0,0.0,0.0,0.0,0.0,0.0,0.0,0.0,
0.0,0.0,0.0,0.0,0.0,0.0,0.0,0.0,0.0,0.0,
0.0,0.0,0.0,0.0,0.0,0.0,0.0,0.0,0.0,0.0,
0.0,0.0,0.0,0.0,0.0,0.0,0.0,0.0,0.0,0.0,
0.0,0.0,0.0,0.0,0.0,0.0,0.0,0.0,0.0,0.0,
0.0,0.0,0.0,0.0,0.0,0.0,0.0,0.0,0.0,0.0,
0.0,0.0,0.0,0.0,0.0,0.0,0.0,0.0,0.0,0.0,
0.0,0.0,0.0,0.0,0.0,0.0,0.0,0.0,0.0,0.0,
0.0,0.0,0.0,0.0,0.0,0.0,0.0,0.0,0.0,0.0,
0.0,0.0,0.0,0.0,0.0,0.0,0.0,0.0,0.0,0.0,
0.0,0.0,0.0,0.0,0.0,0.0,0.0,0.0,0.0,0.0,
0.0,0.0,0.0,0.0,0.0,0.0,0.0,0.0,0.0,0.0,
0.0,0.0,0.0,0.0,0.0,0.0,0.0,0.0,0.0,0.0,
0.0,0.0,0.0,0.0,0.0,0.0,0.0,0.0,0.0,0.0,
0.0,0.0,0.0,0.0,0.0,0.0,0.0,0.0,0.0,0.0,
0.0,0.0,0.0,0.0,0.0,0.0,0.0,0.0,0.0,0.0,
0.0,0.0,0.0,0.0,0.0,0.0,0.0,0.0,0.0,0.0,
0.0,0.0,0.0,0.0,0.0,0.0,0.0,0.0,0.0,0.0,
0.0,0.0,0.0,0.0,0.0,0.0,0.0,0.0,0.0,0.0,
0.0,0.0,0.0,0.0,0.0,0.0,0.0,0.0,0.0,0.0,
0.0,0.0,0.0,0.0,0.0,0.0,0.0,0.0,0.0,0.0,
0.0,0.0,0.0,0.0,0.0,0.0,0.0,0.0,0.0,0.0,
0.0,0.0,0.0,0.0,0.0,0.0,0.0,0.0,0.0,0.0,
0.0,0.0,0.0,0.0,0.0,0.0,0.0,0.0,0.0,0.0,
0.0,0.0,0.0,0.0,0.0,0.0,0.0,0.0,0.0,0.0,
0.0,0.0,0.0,0.0,0.0,0.0,0.0,0.0,0.0,0.0,
0.0,0.0,0.0,0.0,0.0,0.0,0.0,0.0,0.0,0.0,
0.0,0.0,0.0,0.0,0.0,0.0,0.0,0.0,0.0,0.0,
0.0,0.0,0.0,0.0,0.0,0.0,0.0,0.0,0.0,0.0,
0.0,0.0,0.0,0.0,0.0,0.0,0.0,0.0,0.0,0.0,
0.0,0.0,0.0,0.0,0.0,0.0,0.0,0.0,0.0,0.0,
0.0,0.0,0.0,0.0,0.0,0.0,0.0,0.0,0.0,0.0,
0.0,0.0,0.0,0.0,0.0,0.0,0.0,0.0,0.0,0.0,
0.0,0.0,0.0,0.0,0.0,0.0,0.0,0.0,0.0,0.0,
0.0,0.0,0.0,0.0,0.0,0.0,0.0,0.0,0.0,0.0,
0.0,0.0,0.0,0.0,0.0,0.0,0.0,0.0,0.0,0.0,
0.0,0.0,0.0,0.0,0.0,0.0,0.0,0.0,0.0,0.0,
0.0,0.0,0.0,0.0,0.0,0.0,0.0,0.0,0.0,0.0,
0.0,0.0,0.0,0.0,0.0,0.0,0.0,0.0,0.0,0.0,
0.0,0.0,0.0,0.0,0.0,0.0,0.0,0.0,0.0,0.0,
0.0,0.0,0.0,0.0,0.0,0.0,0.0,0.0,0.0,0.0,
0.0,0.0,0.0,0.0,0.0,0.0,0.0,0.0,0.0,0.0,
0.0,0.0,0.0,0.0,0.0,0.0,0.0,0.0,0.0,0.0,
0.0,0.0,0.0,0.0,0.0,0.0,0.0,0.0,0.0,0.0,
0.0,0.0,0.0,0.0,0.0,0.0,0.0,0.0,0.0,0.0,
0.0,0.0,0.0,0.0,0.0,0.0,0.0,0.0,0.0,0.0,
0.0,0.0,0.0,0.0,0.0,0.0,0.0,0.0,0.0,0.0,
0.0,0.0,0.0,0.0,0.0,0.0,0.0,0.0,0.0,0.0,
0.0,0.0,0.0,0.0,0.0,0.0,0.0,0.0,0.0,0.0,
0.0,0.0,0.0,0.0,0.0,0.0,0.0,0.0,0.0,0.0,
0.0,0.0,0.0,0.0,0.0,0.0,0.0,0.0,0.0,0.0,
0.0,0.0,0.0,0.0,0.0,0.0,0.0,0.0,0.0,0.0,
0.0,0.0,0.0,0.0,0.0,0.0,0.0,0.0,0.0,0.0,
0.0,0.0,0.0,0.0,0.0,0.0,0.0,0.0,0.0,0.0,
0.0,0.0,0.0,0.0,0.0,0.0,0.0,0.0,0.0,0.0,
0.0,0.0,0.0,0.0,0.0,0.0,0.0,0.0,0.0,0.0,
0.0,0.0,0.0,0.0,0.0,0.0,0.0,0.0,0.0,0.0,
0.0,0.0,0.0,0.0,0.0,0.0,0.0,0.0,0.0,0.0,
0.0,0.0,0.0,0.0,0.0,0.0,0.0,0.0,0.0,0.0,
0.0,0.0,0.0,0.0,0.0,0.0,0.0,0.0,0.0,0.0,
0.0,0.0,0.0,0.0,0.0,0.0,0.0,0.0,0.0,0.0,
0.0,0.0,0.0,0.0,0.0,0.0,0.0,0.0,0.0,0.0,
0.0,0.0,0.0,0.0,0.0,0.0,0.0,0.0,0.0,0.0,
0.0,0.0,0.0,0.0,0.0,0.0,0.0,0.0,0.0,0.0,
0.0,0.0,0.0,0.0,0.0,0.0,0.0,0.0,0.0,0.0,
0.0,0.0,0.0,0.0,0.0,0.0,0.0,0.0,0.0,0.0,
0.0,0.0,0.0,0.0,0.0,0.0,0.0,0.0,0.0,0.0,
0.0,0.0,0.0,0.0,0.0,0.0,0.0,0.0,0.0,0.0,
0.0,0.0,0.0,0.0,0.0,0.0,0.0,0.0,0.0,0.0,
0.0,0.0,0.0,0.0,0.0,0.0,0.0,0.0,0.0,0.0,
0.0,0.0,0.0,0.0,0.0,0.0,0.0,0.0,0.0,0.0,
0.0,0.0,0.0,0.0,0.0,0.0,0.0,0.0,0.0,0.0,
0.0,0.0,0.0,0.0,0.0,0.0,0.0,0.0,0.0,0.0,
0.0,0.0,0.0,0.0,0.0,0.0,0.0,0.0,0.0,0.0,
0.0,0.0,0.0,0.0,0.0,0.0,0.0,0.0,0.0,0.0,
0.0,0.0,0.0,0.0,0.0,0.0,0.0,0.0,0.0,0.0,
0.0,0.0,0.0,0.0,0.0,0.0,0.0,0.0,0.0,0.0,
0.0,0.0,0.0,0.0,0.0,0.0,0.0,0.0,0.0,0.0,
0.0,0.0,0.0,0.0,0.0,0.0,0.0,0.0,0.0,0.0,
0.0,0.0,0.0,0.0,0.0,0.0,0.0,0.0,0.0,0.0,
0.0,0.0,0.0,0.0,0.0,0.0,0.0,0.0,0.0,0.0,
0.0,0.0,0.0,0.0,0.0,0.0,0.0,0.0,0.0,0.0,
0.0,0.0,0.0,0.0,0.0,0.0,0.0,0.0,0.0,0.0,
0.0,0.0,0.0,0.0,0.0,0.0,0.0,0.0,0.0,0.0,
0.0,0.0,0.0,0.0,0.0,0.0,0.0,0.0,0.0,0.0,
0.0,0.0,0.0,0.0,0.0,0.0,0.0,0.0,0.0,0.0,
0.0,0.0,0.0,0.0,0.0,0.0,0.0,0.0,0.0,0.0,
0.0,0.0,0.0,0.0,0.0,0.0,0.0,0.0,0.0,0.0,
0.0,0.0,0.0,0.0,0.0,0.0,0.0,0.0,0.0,0.0,
0.0,0.0,0.0,0.0,0.0,0.0,0.0,0.0,0.0,0.0,
0.0,0.0,0.0,0.0,0.0,0.0,0.0,0.0,0.0,0.0,
0.0,0.0,0.0,0.0,0.0,0.0,0.0,0.0,0.0,0.0,
0.0,0.0,0.0,0.0,0.0,0.0,0.0,0.0,0.0,0.0,
0.0,0.0,0.0,0.0,0.0,0.0,0.0,0.0,0.0,0.0,
0.0,0.0,0.0,0.0,0.0,0.0,0.0,0.0,0.0,0.0,
0.0,0.0,0.0,0.0,0.0,0.0,0.0,0.0,0.0,0.0,
0.0,0.0,0.0,0.0,0.0,0.0,0.0,0.0,0.0,0.0,
0.0,0.0,0.0,0.0,0.0,0.0,0.0,0.0,0.0,0.0,
0.0,0.0,0.0,0.0,0.0,0.0,0.0,0.0,0.0,0.0,
0.0,0.0,0.0,0.0,0.0,0.0,0.0,0.0,0.0,0.0,
0.0,0.0,0.0,0.0,0.0,0.0,0.0,0.0,0.0,0.0,
0.0,0.0,0.0,0.0,0.0,0.0,0.0,0.0,0.0,0.0,
0.0,0.0,0.0,0.0,0.0,0.0,0.0,0.0,0.0,0.0,
0.0,0.0,0.0,0.0,0.0,0.0,0.0,0.0,0.0,0.0,
0.0,0.0,0.0,0.0,0.0,0.0,0.0,0.0,0.0,0.0,
0.0,0.0,0.0,0.0,0.0,0.0,0.0,0.0,0.0,0.0,
0.0,0.0,0.0,0.0,0.0,0.0,0.0,0.0,0.0,0.0,
0.0,0.0,0.0,0.0,0.0,0.0,0.0,0.0,0.0,0.0,
0.0,0.0,0.0,0.0,0.0,0.0,0.0,0.0,0.0,0.0,
0.0,0.0,0.0,0.0,0.0,0.0,0.0,0.0,0.0,0.0,
0.0,0.0,0.0,0.0,0.0,0.0,0.0,0.0,0.0,0.0,
0.0,0.0,0.0,0.0,0.0,0.0,0.0,0.0,0.0,0.0,
0.0,0.0,0.0,0.0,0.0,0.0,0.0,0.0,0.0,0.0,
0.0,0.0,0.0,0.0,0.0,0.0,0.0,0.0,0.0,0.0,
0.0,0.0,0.0,0.0,0.0,0.0,0.0,0.0,0.0,0.0,
0.0,0.0,0.0,0.0,0.0,0.0,0.0,0.0,0.0,0.0,
0.0,0.0,0.0,0.0,0.0,0.0,0.0,0.0,0.0,0.0,
0.0,0.0,0.0,0.0,0.0,0.0,0.0,0.0,0.0,0.0,
0.0,0.0,0.0,0.0,0.0,0.0,0.0,0.0,0.0,0.0,
0.0,0.0,0.0,0.0,0.0,0.0,0.0,0.0,0.0,0.0,
0.0,0.0,0.0,0.0,0.0,0.0,0.0,0.0,0.0,0.0,
0.0,0.0,0.0,0.0,0.0,0.0,0.0,0.0,0.0,0.0,
0.0,0.0,0.0,0.0,0.0,0.0,0.0,0.0,0.0,0.0,
0.0,0.0,0.0,0.0,0.0,0.0,0.0,0.0,0.0,0.0,
0.0,0.0,0.0,0.0,0.0,0.0,0.0,0.0,0.0,0.0,
0.0,0.0,0.0,0.0,0.0,0.0,0.0,0.0,0.0,0.0,
0.0,0.0,0.0,0.0,0.0,0.0,0.0,0.0,0.0,0.0,
0.0,0.0,0.0,0.0,0.0,0.0,0.0,0.0,0.0,0.0,
0.0,0.0,0.0,0.0,0.0,0.0,0.0,0.0,0.0,0.0,
0.0,0.0,0.0,0.0,0.0,0.0,0.0,0.0,0.0,0.0,
0.0,0.0,0.0,0.0,0.0,0.0,0.0,0.0,0.0,0.0,
0.0,0.0,0.0,0.0,0.0,0.0,0.0,0.0,0.0,0.0,
0.0,0.0,0.0,0.0,0.0,0.0,0.0,0.0,0.0,0.0,
0.0,0.0,0.0,0.0,0.0,0.0,0.0,0.0,0.0,0.0,
0.0,0.0,0.0,0.0,0.0,0.0,0.0,0.0,0.0,0.0,
0.0,0.0,0.0,0.0,0.0,0.0,0.0,0.0,0.0,0.0,
0.0,0.0,0.0,0.0,0.0,0.0,0.0,0.0,0.0,0.0,
0.0,0.0,0.0,0.0,0.0,0.0,0.0,0.0,0.0,0.0,
0.0,0.0,0.0,0.0,0.0,0.0,0.0,0.0,0.0,0.0,
0.0,0.0,0.0,0.0,0.0,0.0,0.0,0.0,0.0,0.0,
0.0,0.0,0.0,0.0,0.0,0.0,0.0,0.0,0.0,0.0,
0.0,0.0,0.0,0.0,0.0,0.0,0.0,0.0,0.0,0.0,
0.0,0.0,0.0,0.0,0.0,0.0,0.0,0.0,0.0,0.0,
0.0,0.0,0.0,0.0,0.0,0.0,0.0,0.0,0.0,0.0,
0.0,0.0,0.0,0.0,0.0,0.0,0.0,0.0,0.0,0.0,
0.0,0.0,0.0,0.0,0.0,0.0,0.0,0.0,0.0,0.0,
0.0,0.0,0.0,0.0,0.0,0.0,0.0,0.0,0.0,0.0,
0.0,0.0,0.0,0.0,0.0,0.0,0.0,0.0,0.0,0.0,
0.0,0.0,0.0,0.0,0.0,0.0,0.0,0.0,0.0,0.0,
0.0,0.0,0.0,0.0,0.0,0.0,0.0,0.0,0.0,0.0,
0.0,0.0,0.0,0.0,0.0,0.0,0.0,0.0,0.0,0.0,
0.0,0.0,0.0,0.0,0.0,0.0,0.0,0.0,0.0,0.0,
0.0,0.0,0.0,0.0,0.0,0.0,0.0,0.0,0.0,0.0,
0.0,0.0,0.0,0.0,0.0,0.0,0.0,0.0,0.0,0.0,
0.0,0.0,0.0,0.0,0.0,0.0,0.0,0.0,0.0,0.0,
0.0,0.0,0.0,0.0,0.0,0.0,0.0,0.0,0.0,0.0,
0.0,0.0,0.0,0.0,0.0,0.0,0.0,0.0,0.0,0.0,
0.0,0.0,0.0,0.0,0.0,0.0,0.0,0.0,0.0,0.0,
0.0,0.0,0.0,0.0,0.0,0.0,0.0,0.0,0.0,0.0,
0.0,0.0,0.0,0.0,0.0,0.0,0.0,0.0,0.0,0.0,
0.0,0.0,0.0,0.0,0.0,0.0,0.0,0.0,0.0,0.0,
0.0,0.0,0.0,0.0,0.0,0.0,0.0,0.0,0.0,0.0,
0.0,0.0,0.0,0.0,0.0,0.0,0.0,0.0,0.0,0.0,
0.0,0.0,0.0,0.0,0.0,0.0,0.0,0.0,0.0,0.0,
0.0,0.0,0.0,0.0,0.0,0.0,0.0,0.0,0.0,0.0,
0.0,0.0,0.0,0.0,0.0,0.0,0.0,0.0,0.0,0.0,
0.0,0.0,0.0,0.0,0.0,0.0,0.0,0.0,0.0,0.0,
0.0,0.0,0.0,0.0,0.0,0.0,0.0,0.0,0.0,0.0,
0.0,0.0,0.0,0.0,0.0,0.0,0.0,0.0,0.0,0.0,
0.0,0.0,0.0,0.0,0.0,0.0,0.0,0.0,0.0,0.0,
0.0,0.0,0.0,0.0,0.0,0.0,0.0,0.0,0.0,0.0,
0.0,0.0,0.0,0.0,0.0,0.0,0.0,0.0,0.0,0.0,
0.0,0.0,0.0,0.0,0.0,0.0,0.0,0.0,0.0,0.0,
0.0,0.0,0.0,0.0,0.0,0.0,0.0,0.0,0.0,0.0,
0.0,0.0,0.0,0.0,0.0,0.0,0.0,0.0,0.0,0.0,
0.0,0.0,0.0,0.0,0.0,0.0,0.0,0.0,0.0,0.0,
0.0,0.0,0.0,0.0,0.0,0.0,0.0,0.0,0.0,0.0,
0.0,0.0,0.0,0.0,0.0,0.0,0.0,0.0,0.0,0.0,
0.0,0.0,0.0,0.0,0.0,0.0,0.0,0.0,0.0,0.0,
0.0,0.0,0.0,0.0,0.0,0.0,0.0,0.0,0.0,0.0,
0.0,0.0,0.0,0.0,0.0,0.0,0.0,0.0,0.0,0.0,
0.0,0.0,0.0,0.0,0.0,0.0,0.0,0.0,0.0,0.0,
0.0,0.0,0.0,0.0,0.0,0.0,0.0,0.0,0.0,0.0,
0.0,0.0,0.0,0.0,0.0,0.0,0.0,0.0,0.0,0.0,
0.0,0.0,0.0,0.0,0.0,0.0,0.0,0.0,0.0,0.0,
0.0,0.0,0.0,0.0,0.0,0.0,0.0,0.0,0.0,0.0,
0.0,0.0,0.0,0.0,0.0,0.0,0.0,0.0,0.0,0.0,
0.0,0.0,0.0,0.0,0.0,0.0,0.0,0.0,0.0,0.0,
0.0,0.0,0.0,0.0,0.0,0.0,0.0,0.0,0.0,0.0,
0.0,0.0,0.0,0.0,0.0,0.0,0.0,0.0,0.0,0.0,
0.0,0.0,0.0,0.0,0.0,0.0,0.0,0.0,0.0,0.0,
0.0,0.0,0.0,0.0,0.0,0.0,0.0,0.0,0.0,0.0,
0.0,0.0,0.0,0.0,0.0,0.0,0.0,0.0,0.0,0.0,
0.0,0.0,0.0,0.0,0.0,0.0,0.0,0.0,0.0,0.0,
0.0,0.0,0.0,0.0,0.0,0.0,0.0,0.0,0.0,0.0,
0.0,0.0,0.0,0.0,0.0,0.0,0.0,0.0,0.0,0.0,
0.0,0.0,0.0,0.0,0.0,0.0,0.0,0.0,0.0,0.0,
0.0,0.0,0.0,0.0,0.0,0.0,0.0,0.0,0.0,0.0,
0.0,0.0,0.0,0.0,0.0,0.0,0.0,0.0,0.0,0.0,
0.0,0.0,0.0,0.0,0.0,0.0,0.0,0.0,0.0,0.0,
0.0,0.0,0.0,0.0,0.0,0.0,0.0,0.0,0.0,0.0,
0.0,0.0,0.0,0.0,0.0,0.0,0.0,0.0,0.0,0.0,
0.0,0.0,0.0,0.0,0.0,0.0,0.0,0.0,0.0,0.0,
0.0,0.0,0.0,0.0,0.0,0.0,0.0,0.0,0.0,0.0,
0.0,0.0,0.0,0.0,0.0,0.0,0.0,0.0,0.0,0.0,
0.0,0.0,0.0,0.0,0.0,0.0,0.0,0.0,0.0,0.0,
0.0,0.0,0.0,0.0,0.0,0.0,0.0,0.0,0.0,0.0,
0.0,0.0,0.0,0.0,0.0,0.0,0.0,0.0,0.0,0.0,
0.0,0.0,0.0,0.0,0.0,0.0,0.0,0.0,0.0,0.0,
0.0,0.0,0.0,0.0,0.0,0.0,0.0,0.0,0.0,0.0,
0.0,0.0,0.0,0.0,0.0,0.0,0.0,0.0,0.0,0.0,
0.0,0.0,0.0,0.0,0.0,0.0,0.0,0.0,0.0,0.0,
0.0,0.0,0.0,0.0,0.0,0.0,0.0,0.0,0.0,0.0,
0.0,0.0,0.0,0.0,0.0,0.0,0.0,0.0,0.0,0.0,
0.0,0.0,0.0,0.0,0.0,0.0,0.0,0.0,0.0,0.0,
0.0,0.0,0.0,0.0,0.0,0.0,0.0,0.0,0.0,0.0,
0.0,0.0,0.0,0.0,0.0,0.0,0.0,0.0,0.0,0.0,
0.0,0.0,0.0,0.0,0.0,0.0,0.0,0.0,0.0,0.0,
0.0,0.0,0.0,0.0,0.0,0.0,0.0,0.0,0.0,0.0,
0.0,0.0,0.0,0.0,0.0,0.0,0.0,0.0,0.0,0.0,
0.0,0.0,0.0,0.0,0.0,0.0,0.0,0.0,0.0,0.0,
0.0,0.0,0.0,0.0,0.0,0.0,0.0,0.0,0.0,0.0,
0.0,0.0,0.0,0.0,0.0,0.0,0.0,0.0,0.0,0.0,
0.0,0.0,0.0,0.0,0.0,0.0,0.0,0.0,0.0,0.0,
0.0,0.0,0.0,0.0,0.0,0.0,0.0,0.0,0.0,0.0,
0.0,0.0,0.0,0.0,0.0,0.0,0.0,0.0,0.0,0.0,
0.0,0.0,0.0,0.0,0.0,0.0,0.0,0.0,0.0,0.0,
0.0,0.0,0.0,0.0,0.0,0.0,0.0,0.0,0.0,0.0,
0.0,0.0,0.0,0.0,0.0,0.0,0.0,0.0,0.0,0.0,
0.0,0.0,0.0,0.0,0.0,0.0,0.0,0.0,0.0,0.0,
0.0,0.0,0.0,0.0,0.0,0.0,0.0,0.0,0.0,0.0,
0.0,0.0,0.0,0.0,0.0,0.0,0.0,0.0,0.0,0.0,
0.0,0.0,0.0,0.0,0.0,0.0,0.0,0.0,0.0,0.0,
0.0,0.0,0.0,0.0,0.0,0.0,0.0,0.0,0.0,0.0,
0.0,0.0,0.0,0.0,0.0,0.0,0.0,0.0,0.0,0.0,
0.0,0.0,0.0,0.0,0.0,0.0,0.0,0.0,0.0,0.0,
0.0,0.0,0.0,0.0,0.0,0.0,0.0,0.0,0.0,0.0,
0.0,0.0,0.0,0.0,0.0,0.0,0.0,0.0,0.0,0.0,
0.0,0.0,0.0,0.0,0.0,0.0,0.0,0.0,0.0,0.0,
0.0,0.0,0.0,0.0,0.0,0.0,0.0,0.0,0.0,0.0,
0.0,0.0,0.0,0.0,0.0,0.0,0.0,0.0,0.0,0.0,
0.0,0.0,0.0,0.0,0.0,0.0,0.0,0.0,0.0,0.0,
0.0,0.0,0.0,0.0,0.0,0.0,0.0,0.0,0.0,0.0,
0.0,0.0,0.0,0.0,0.0,0.0,0.0,0.0,0.0,0.0,
0.0,0.0,0.0,0.0,0.0,0.0,0.0,0.0,0.0,0.0,
0.0,0.0,0.0,0.0,0.0,0.0,0.0,0.0,0.0,0.0,
0.0,0.0,0.0,0.0,0.0,0.0,0.0,0.0,0.0,0.0,
0.0,0.0,0.0,0.0,0.0,0.0,0.0,0.0,0.0,0.0,
0.0,0.0,0.0,0.0,0.0,0.0,0.0,0.0,0.0,0.0,
0.0,0.0,0.0,0.0,0.0,0.0,0.0,0.0,0.0,0.0,
0.0,0.0,0.0,0.0,0.0,0.0,0.0,0.0,0.0,0.0,
0.0,0.0,0.0,0.0,0.0,0.0,0.0,0.0,0.0,0.0,
0.0,0.0,0.0,0.0,0.0,0.0,0.0,0.0,0.0,0.0,
0.0,0.0,0.0,0.0,0.0,0.0,0.0,0.0,0.0,0.0,
0.0,0.0,0.0,0.0,0.0,0.0,0.0,0.0,0.0,0.0,
0.0,0.0,0.0,0.0,0.0,0.0,0.0,0.0,0.0,0.0,
0.0,0.0,0.0,0.0,0.0,0.0,0.0,0.0,0.0,0.0,
0.0,0.0,0.0,0.0,0.0,0.0,0.0,0.0,0.0,0.0,
0.0,0.0,0.0,0.0,0.0,0.0,0.0,0.0,0.0,0.0,
0.0,0.0,0.0,0.0,0.0,0.0,0.0,0.0,0.0,0.0,
0.0,0.0,0.0,0.0,0.0,0.0,0.0,0.0,0.0,0.0,
0.0,0.0,0.0,0.0,0.0,0.0,0.0,0.0,0.0,0.0,
0.0,0.0,0.0,0.0,0.0,0.0,0.0,0.0,0.0,0.0,
0.0,0.0,0.0,0.0,0.0,0.0,0.0,0.0,0.0,0.0,
0.0,0.0,0.0,0.0,0.0,0.0,0.0,0.0,0.0,0.0,
0.0,0.0,0.0,0.0,0.0,0.0,0.0,0.0,0.0,0.0,
0.0,0.0,0.0,0.0,0.0,0.0,0.0,0.0,0.0,0.0,
0.0,0.0,0.0,0.0,0.0,0.0,0.0,0.0,0.0,0.0,
0.0,0.0,0.0,0.0,0.0,0.0,0.0,0.0,0.0,0.0,
0.0,0.0,0.0,0.0,0.0,0.0,0.0,0.0,0.0,0.0,
0.0,0.0,0.0,0.0,0.0,0.0,0.0,0.0,0.0,0.0,
0.0,0.0,0.0,0.0,0.0,0.0,0.0,0.0,0.0,0.0,
0.0,0.0,0.0,0.0,0.0,0.0,0.0,0.0,0.0,0.0,
0.0,0.0,0.0,0.0,0.0,0.0,0.0,0.0,0.0,0.0,
0.0,0.0,0.0,0.0,0.0,0.0,0.0,0.0,0.0,0.0,
0.0,0.0,0.0,0.0,0.0,0.0,0.0,0.0,0.0,0.0,
0.0,0.0,0.0,0.0,0.0,0.0,0.0,0.0,0.0,0.0,
0.0,0.0,0.0,0.0,0.0,0.0,0.0,0.0,0.0,0.0,
0.0,0.0,0.0,0.0,0.0,0.0,0.0,0.0,0.0,0.0,
0.0,0.0,0.0,0.0,0.0,0.0,0.0,0.0,0.0,0.0,
0.0,0.0,0.0,0.0,0.0,0.0,0.0,0.0,0.0,0.0,
0.0,0.0,0.0,0.0,0.0,0.0,0.0,0.0,0.0,0.0,
0.0,0.0,0.0,0.0,0.0,0.0,0.0,0.0,0.0,0.0,
0.0,0.0,0.0,0.0,0.0,0.0,0.0,0.0,0.0,0.0,
0.0,0.0,0.0,0.0,0.0,0.0,0.0,0.0,0.0,0.0,
0.0,0.0,0.0,0.0,0.0,0.0,0.0,0.0,0.0,0.0,
0.0,0.0,0.0,0.0,0.0,0.0,0.0,0.0,0.0,0.0,
0.0,0.0,0.0,0.0,0.0,0.0,0.0,0.0,0.0,0.0,
0.0,0.0,0.0,0.0,0.0,0.0,0.0,0.0,0.0,0.0,
0.0,0.0,0.0,0.0,0.0,0.0,0.0,0.0,0.0,0.0,
0.0,0.0,0.0,0.0,0.0,0.0,0.0,0.0,0.0,0.0,
0.0,0.0,0.0,0.0,0.0,0.0,0.0,0.0,0.0,0.0,
0.0,0.0,0.0,0.0,0.0,0.0,0.0,0.0,0.0,0.0,
0.0,0.0,0.0,0.0,0.0,0.0,0.0,0.0,0.0,0.0,
0.0,0.0,0.0,0.0,0.0,0.0,0.0,0.0,0.0,0.0,
0.0,0.0,0.0,0.0,0.0,0.0,0.0,0.0,0.0,0.0,
0.0,0.0,0.0,0.0,0.0,0.0,0.0,0.0,0.0,0.0,
0.0,0.0,0.0,0.0,0.0,0.0,0.0,0.0,0.0,0.0,
0.0,0.0,0.0,0.0,0.0,0.0,0.0,0.0,0.0,0.0,
0.0,0.0,0.0,0.0,0.0,0.0,0.0,0.0,0.0,0.0,
0.0,0.0,0.0,0.0,0.0,0.0,0.0,0.0,0.0,0.0,
0.0,0.0,0.0,0.0,0.0,0.0,0.0,0.0,0.0,0.0,
0.0,0.0,0.0,0.0,0.0,0.0,0.0,0.0,0.0,0.0,
0.0,0.0,0.0,0.0,0.0,0.0,0.0,0.0,0.0,0.0,
0.0,0.0,0.0,0.0,0.0,0.0,0.0,0.0,0.0,0.0,
0.0,0.0,0.0,0.0,0.0,0.0,0.0,0.0,0.0,0.0,
0.0,0.0,0.0,0.0,0.0,0.0,0.0,0.0,0.0,0.0,
0.0,0.0,0.0,0.0,0.0,0.0,0.0,0.0,0.0,0.0,
0.0,0.0,0.0,0.0,0.0,0.0,0.0,0.0,0.0,0.0,
0.0,0.0,0.0,0.0,0.0,0.0,0.0,0.0,0.0,0.0,
0.0,0.0,0.0,0.0,0.0,0.0,0.0,0.0,0.0,0.0,
0.0,0.0,0.0,0.0,0.0,0.0,0.0,0.0,0.0,0.0,
0.0,0.0,0.0,0.0,0.0,0.0,0.0,0.0,0.0,0.0,
0.0,0.0,0.0,0.0,0.0,0.0,0.0,0.0,0.0,0.0,
0.0,0.0,0.0,0.0,0.0,0.0,0.0,0.0,0.0,0.0,
0.0,0.0,0.0,0.0,0.0,0.0,0.0,0.0,0.0,0.0,
0.0,0.0,0.0,0.0,0.0,0.0,0.0,0.0,0.0,0.0,
0.0,0.0,0.0,0.0,0.0,0.0,0.0,0.0,0.0,0.0,
0.0,0.0,0.0,0.0,0.0,0.0,0.0,0.0,0.0,0.0,
0.0,0.0,0.0,0.0,0.0,0.0,0.0,0.0,0.0,0.0,
0.0,0.0,0.0,0.0,0.0,0.0,0.0,0.0,0.0,0.0,
0.0,0.0,0.0,0.0,0.0,0.0,0.0,0.0,0.0,0.0,
0.0,0.0,0.0,0.0,0.0,0.0,0.0,0.0,0.0,0.0,
0.0,0.0,0.0,0.0,0.0,0.0,0.0,0.0,0.0,0.0,
0.0,0.0,0.0,0.0,0.0,0.0,0.0,0.0,0.0,0.0,
0.0,0.0,0.0,0.0,0.0,0.0,0.0,0.0,0.0,0.0,
0.0,0.0,0.0,0.0,0.0,0.0,0.0,0.0,0.0,0.0,
0.0,0.0,0.0,0.0,0.0,0.0,0.0,0.0,0.0,0.0,
0.0,0.0,0.0,0.0,0.0,0.0,0.0,0.0,0.0,0.0,
0.0,0.0,0.0,0.0,0.0,0.0,0.0,0.0,0.0,0.0,
0.0,0.0,0.0,0.0,0.0,0.0,0.0,0.0,0.0,0.0,
0.0,0.0,0.0,0.0,0.0,0.0,0.0,0.0,0.0,0.0,
0.0,0.0,0.0,0.0,0.0,0.0,0.0,0.0,0.0,0.0,
0.0,0.0,0.0,0.0,0.0,0.0,0.0,0.0,0.0,0.0,
0.0,0.0,0.0,0.0,0.0,0.0,0.0,0.0,0.0,0.0,
0.0,0.0,0.0,0.0,0.0,0.0,0.0,0.0,0.0,0.0,
0.0,0.0,0.0,0.0,0.0,0.0,0.0,0.0,0.0,0.0,
0.0,0.0,0.0,0.0,0.0,0.0,0.0,0.0,0.0,0.0,
0.0,0.0,0.0,0.0,0.0,0.0,0.0,0.0,0.0,0.0,
0.0,0.0,0.0,0.0,0.0,0.0,0.0,0.0,0.0,0.0,
0.0,0.0,0.0,0.0,0.0,0.0,0.0,0.0,0.0,0.0,
0.0,0.0,0.0,0.0,0.0,0.0,0.0,0.0,0.0,0.0,
0.0,0.0,0.0,0.0,0.0,0.0,0.0,0.0,0.0,0.0,
0.0,0.0,0.0,0.0,0.0,0.0,0.0,0.0,0.0,0.0,
0.0,0.0,0.0,0.0,0.0,0.0,0.0,0.0,0.0,0.0,
0.0,0.0,0.0,0.0,0.0,0.0,0.0,0.0,0.0,0.0,
0.0,0.0,0.0,0.0,0.0,0.0,0.0,0.0,0.0,0.0,
0.0,0.0,0.0,0.0,0.0,0.0,0.0,0.0,0.0,0.0,
0.0,0.0,0.0,0.0,0.0,0.0,0.0,0.0,0.0,0.0,
0.0,0.0,0.0,0.0,0.0,0.0,0.0,0.0,0.0,0.0,
0.0,0.0,0.0,0.0,0.0,0.0,0.0,0.0,0.0,0.0,
0.0,0.0,0.0,0.0,0.0,0.0,0.0,0.0,0.0,0.0,
0.0,0.0,0.0,0.0,0.0,0.0,0.0,0.0,0.0,0.0,
0.0,0.0,0.0,0.0,0.0,0.0,0.0,0.0,0.0,0.0,
0.0,0.0,0.0,0.0,0.0,0.0,0.0,0.0,0.0,0.0,
0.0,0.0,0.0,0.0,0.0,0.0,0.0,0.0,0.0,0.0,
0.0,0.0,0.0,0.0,0.0,0.0,0.0,0.0,0.0,0.0,
0.0,0.0,0.0,0.0,0.0,0.0,0.0,0.0,0.0,0.0,
0.0,0.0,0.0,0.0,0.0,0.0,0.0,0.0,0.0,0.0,
0.0,0.0,0.0,0.0,0.0,0.0,0.0,0.0,0.0,0.0,
0.0,0.0,0.0,0.0,0.0,0.0,0.0,0.0,0.0,0.0,
0.0,0.0,0.0,0.0,0.0,0.0,0.0,0.0,0.0,0.0,
0.0,0.0,0.0,0.0,0.0,0.0,0.0,0.0,0.0,0.0,
0.0,0.0,0.0,0.0,0.0,0.0,0.0,0.0,0.0,0.0,
0.0,0.0,0.0,0.0,0.0,0.0,0.0,0.0,0.0,0.0,
0.0,0.0,0.0,0.0,0.0,0.0,0.0,0.0,0.0,0.0,
0.0,0.0,0.0,0.0,0.0,0.0,0.0,0.0,0.0,0.0,
0.0,0.0,0.0,0.0,0.0,0.0,0.0,0.0,0.0,0.0,
0.0,0.0,0.0,0.0,0.0,0.0,0.0,0.0,0.0,0.0,
0.0,0.0,0.0,0.0,0.0,0.0,0.0,0.0,0.0,0.0,
0.0,0.0,0.0,0.0,0.0,0.0,0.0,0.0,0.0,0.0,
0.0,0.0,0.0,0.0,0.0,0.0,0.0,0.0,0.0,0.0,
0.0,0.0,0.0,0.0,0.0,0.0,0.0,0.0,0.0,0.0,
0.0,0.0,0.0,0.0,0.0,0.0,0.0,0.0,0.0,0.0,
0.0,0.0,0.0,0.0,0.0,0.0,0.0,0.0,0.0,0.0,
0.0,0.0,0.0,0.0,0.0,0.0,0.0,0.0,0.0,0.0,
0.0,0.0,0.0,0.0,0.0,0.0,0.0,0.0,0.0,0.0,
0.0,0.0,0.0,0.0,0.0,0.0,0.0,0.0,0.0,0.0,
0.0,0.0,0.0,0.0,0.0,0.0,0.0,0.0,0.0,0.0,
0.0,0.0,0.0,0.0,0.0,0.0,0.0,0.0,0.0,0.0,
0.0,0.0,0.0,0.0,0.0,0.0,0.0,0.0,0.0,0.0,
0.0,0.0,0.0,0.0,0.0,0.0,0.0,0.0,0.0,0.0,
0.0,0.0,0.0,0.0,0.0,0.0,0.0,0.0,0.0,0.0,
0.0,0.0,0.0,0.0,0.0,0.0,0.0,0.0,0.0,0.0,
0.0,0.0,0.0,0.0,0.0,0.0,0.0,0.0,0.0,0.0,
0.0,0.0,0.0,0.0,0.0,0.0,0.0,0.0,0.0,0.0,
0.0,0.0,0.0,0.0,0.0,0.0,0.0,0.0,0.0,0.0,
0.0,0.0,0.0,0.0,0.0,0.0,0.0,0.0,0.0,0.0,
0.0,0.0,0.0,0.0,0.0,0.0,0.0,0.0,0.0,0.0,
0.0,0.0,0.0,0.0,0.0,0.0,0.0,0.0,0.0,0.0,
0.0,0.0,0.0,0.0,0.0,0.0,0.0,0.0,0.0,0.0,
0.0,0.0,0.0,0.0,0.0,0.0,0.0,0.0,0.0,0.0,
0.0,0.0,0.0,0.0,0.0,0.0,0.0,0.0,0.0,0.0,
0.0,0.0,0.0,0.0,0.0,0.0,0.0,0.0,0.0,0.0,
0.0,0.0,0.0,0.0,0.0,0.0,0.0,0.0,0.0,0.0,
0.0,0.0,0.0,0.0,0.0,0.0,0.0,0.0,0.0,0.0,
0.0,0.0,0.0,0.0,0.0,0.0,0.0,0.0,0.0,0.0,
0.0,0.0,0.0,0.0,0.0,0.0,0.0,0.0,0.0,0.0,
0.0,0.0,0.0,0.0,0.0,0.0,0.0,0.0,0.0,0.0,
0.0,0.0,0.0,0.0,0.0,0.0,0.0,0.0,0.0,0.0,
0.0,0.0,0.0,0.0,0.0,0.0,0.0,0.0,0.0,0.0,
0.0,0.0,0.0,0.0,0.0,0.0,0.0,0.0,0.0,0.0,
0.0,0.0,0.0,0.0,0.0,0.0,0.0,0.0,0.0,0.0,
0.0,0.0,0.0,0.0,0.0,0.0,0.0,0.0,0.0,0.0,
0.0,0.0,0.0,0.0,0.0,0.0,0.0,0.0,0.0,0.0,
0.0,0.0,0.0,0.0,0.0,0.0,0.0,0.0,0.0,0.0,
0.0,0.0,0.0,0.0,0.0,0.0,0.0,0.0,0.0,0.0,
0.0,0.0,0.0,0.0,0.0,0.0,0.0,0.0,0.0,0.0,
0.0,0.0,0.0,0.0,0.0,0.0,0.0,0.0,0.0,0.0,
0.0,0.0,0.0,0.0,0.0,0.0,0.0,0.0,0.0,0.0,
0.0,0.0,0.0,0.0,0.0,0.0,0.0,0.0,0.0,0.0,
0.0,0.0,0.0,0.0,0.0,0.0,0.0,0.0,0.0,0.0,
0.0,0.0,0.0,0.0,0.0,0.0,0.0,0.0,0.0,0.0,
0.0,0.0,0.0,0.0,0.0,0.0,0.0,0.0,0.0,0.0,
0.0,0.0,0.0,0.0,0.0,0.0,0.0,0.0,0.0,0.0,
0.0,0.0,0.0,0.0,0.0,0.0,0.0,0.0,0.0,0.0,
0.0,0.0,0.0,0.0,0.0,0.0,0.0,0.0,0.0,0.0,
0.0,0.0,0.0,0.0,0.0,0.0,0.0,0.0,0.0,0.0,
0.0,0.0,0.0,0.0,0.0,0.0,0.0,0.0,0.0,0.0,
0.0,0.0,0.0,0.0,0.0,0.0,0.0,0.0,0.0,0.0,
0.0,0.0,0.0,0.0,0.0,0.0,0.0,0.0,0.0,0.0,
0.0,0.0,0.0,0.0,0.0,0.0,0.0,0.0,0.0,0.0,
0.0,0.0,0.0,0.0,0.0,0.0,0.0,0.0,0.0,0.0,
0.0,0.0,0.0,0.0,0.0,0.0,0.0,0.0,0.0,0.0,
0.0,0.0,0.0,0.0,0.0,0.0,0.0,0.0,0.0,0.0,
0.0,0.0,0.0,0.0,0.0,0.0,0.0,0.0,0.0,0.0,
0.0,0.0,0.0,0.0,0.0,0.0,0.0,0.0,0.0,0.0,
0.0,0.0,0.0,0.0,0.0,0.0,0.0,0.0,0.0,0.0,
0.0,0.0,0.0,0.0,0.0,0.0,0.0,0.0,0.0,0.0,
0.0,0.0,0.0,0.0,0.0,0.0,0.0,0.0,0.0,0.0,
0.0,0.0,0.0,0.0,0.0,0.0,0.0,0.0,0.0,0.0,
0.0,0.0,0.0,0.0,0.0,0.0,0.0,0.0,0.0,0.0,
0.0,0.0,0.0,0.0,0.0,0.0,0.0,0.0,0.0,0.0,
0.0,0.0,0.0,0.0,0.0,0.0,0.0,0.0,0.0,0.0,
0.0,0.0,0.0,0.0,0.0,0.0,0.0,0.0,0.0,0.0,
0.0,0.0,0.0,0.0,0.0,0.0,0.0,0.0,0.0,0.0,
0.0,0.0,0.0,0.0,0.0,0.0,0.0,0.0,0.0,0.0,
0.0,0.0,0.0,0.0,0.0,0.0,0.0,0.0,0.0,0.0,
0.0,0.0,0.0,0.0,0.0,0.0,0.0,0.0,0.0,0.0,
0.0,0.0,0.0,0.0,0.0,0.0,0.0,0.0,0.0,0.0,
0.0,0.0,0.0,0.0,0.0,0.0,0.0,0.0,0.0,0.0,
0.0,0.0,0.0,0.0,0.0,0.0,0.0,0.0,0.0,0.0,
0.0,0.0,0.0,0.0,0.0,0.0,0.0,0.0,0.0,0.0,
0.0,0.0,0.0,0.0,0.0,0.0,0.0,0.0,0.0,0.0,
0.0,0.0,0.0,0.0,0.0,0.0,0.0,0.0,0.0,0.0,
0.0,0.0,0.0,0.0,0.0,0.0,0.0,0.0,0.0,0.0,
0.0,0.0,0.0,0.0,0.0,0.0,0.0,0.0,0.0,0.0,
0.0,0.0,0.0,0.0,0.0,0.0,0.0,0.0,0.0,0.0,
0.0,0.0,0.0,0.0,0.0,0.0,0.0,0.0,0.0,0.0,
0.0,0.0,0.0,0.0,0.0,0.0,0.0,0.0,0.0,0.0,
0.0,0.0,0.0,0.0,0.0,0.0,0.0,0.0,0.0,0.0,
0.0,0.0,0.0,0.0,0.0,0.0,0.0,0.0,0.0,0.0,
0.0,0.0,0.0,0.0,0.0,0.0,0.0,0.0,0.0,0.0,
0.0,0.0,0.0,0.0,0.0,0.0,0.0,0.0,0.0,0.0,
0.0,0.0,0.0,0.0,0.0,0.0,0.0,0.0,0.0,0.0,
0.0,0.0,0.0,0.0,0.0,0.0,0.0,0.0,0.0,0.0,
0.0,0.0,0.0,0.0,0.0,0.0,0.0,0.0,0.0,0.0,
0.0,0.0,0.0,0.0,0.0,0.0,0.0,0.0,0.0,0.0,
0.0,0.0,0.0,0.0,0.0,0.0,0.0,0.0,0.0,0.0,
0.0,0.0,0.0,0.0,0.0,0.0,0.0,0.0,0.0,0.0,
0.0,0.0,0.0,0.0,0.0,0.0,0.0,0.0,0.0,0.0,
0.0,0.0,0.0,0.0,0.0,0.0,0.0,0.0,0.0,0.0,
0.0,0.0,0.0,0.0,0.0,0.0,0.0,0.0,0.0,0.0,
0.0,0.0,0.0,0.0,0.0,0.0,0.0,0.0,0.0,0.0,
0.0,0.0,0.0,0.0,0.0,0.0,0.0,0.0,0.0,0.0,
0.0,0.0,0.0,0.0,0.0,0.0,0.0,0.0,0.0,0.0,
0.0,0.0,0.0,0.0,0.0,0.0,0.0,0.0,0.0,0.0,
0.0,0.0,0.0,0.0,0.0,0.0,0.0,0.0,0.0,0.0,
0.0,0.0,0.0,0.0,0.0,0.0,0.0,0.0,0.0,0.0,
0.0,0.0,0.0,0.0,0.0,0.0,0.0,0.0,0.0,0.0,
0.0,0.0,0.0,0.0,0.0,0.0,0.0,0.0,0.0,0.0,
0.0,0.0,0.0,0.0,0.0,0.0,0.0,0.0,0.0,0.0,
0.0,0.0,0.0,0.0,0.0,0.0,0.0,0.0,0.0,0.0,
0.0,0.0,0.0,0.0,0.0,0.0,0.0,0.0,0.0,0.0,
0.0,0.0,0.0,0.0,0.0,0.0,0.0,0.0,0.0,0.0,
0.0,0.0,0.0,0.0,0.0,0.0,0.0,0.0,0.0,0.0,
0.0,0.0,0.0,0.0,0.0,0.0,0.0,0.0,0.0,0.0,
0.0,0.0,0.0,0.0,0.0,0.0,0.0,0.0,0.0,0.0,
0.0,0.0,0.0,0.0,0.0,0.0,0.0,0.0,0.0,0.0,
0.0,0.0,0.0,0.0,0.0,0.0,0.0,0.0,0.0,0.0,
0.0,0.0,0.0,0.0,0.0,0.0,0.0,0.0,0.0,0.0,
0.0,0.0,0.0,0.0,0.0,0.0,0.0,0.0,0.0,0.0,
0.0,0.0,0.0,0.0,0.0,0.0,0.0,0.0,0.0,0.0,
0.0,0.0,0.0,0.0,0.0,0.0,0.0,0.0,0.0,0.0,
0.0,0.0,0.0,0.0,0.0,0.0,0.0,0.0,0.0,0.0,
0.0,0.0,0.0,0.0,0.0,0.0,0.0,0.0,0.0,0.0,
0.0,0.0,0.0,0.0,0.0,0.0,0.0,0.0,0.0,0.0,
0.0,0.0,0.0,0.0,0.0,0.0,0.0,0.0,0.0,0.0,
0.0,0.0,0.0,0.0,0.0,0.0,0.0,0.0,0.0,0.0,
0.0,0.0,0.0,0.0,0.0,0.0,0.0,0.0,0.0,0.0,
0.0,0.0,0.0,0.0,0.0,0.0,0.0,0.0,0.0,0.0,
0.0,0.0,0.0,0.0,0.0,0.0,0.0,0.0,0.0,0.0,
0.0,0.0,0.0,0.0,0.0,0.0,0.0,0.0,0.0,0.0,
0.0,0.0,0.0,0.0,0.0,0.0,0.0,0.0,0.0,0.0,
0.0,0.0,0.0,0.0,0.0,0.0,0.0,0.0,0.0,0.0,
0.0,0.0,0.0,0.0,0.0,0.0,0.0,0.0,0.0,0.0,
0.0,0.0,0.0,0.0,0.0,0.0,0.0,0.0,0.0,0.0,
0.0,0.0,0.0,0.0,0.0,0.0,0.0,0.0,0.0,0.0,
0.0,0.0,0.0,0.0,0.0,0.0,0.0,0.0,0.0,0.0,
0.0,0.0,0.0,0.0,0.0,0.0,0.0,0.0,0.0,0.0,
0.0,0.0,0.0,0.0,0.0,0.0,0.0,0.0,0.0,0.0,
0.0,0.0,0.0,0.0,0.0,0.0,0.0,0.0,0.0,0.0,
0.0,0.0,0.0,0.0,0.0,0.0,0.0,0.0,0.0,0.0,
0.0,0.0,0.0,0.0,0.0,0.0,0.0,0.0,0.0,0.0,
0.0,0.0,0.0,0.0,0.0,0.0,0.0,0.0,0.0,0.0,
0.0,0.0,0.0,0.0,0.0,0.0,0.0,0.0,0.0,0.0,
0.0,0.0,0.0,0.0,0.0,0.0,0.0,0.0,0.0,0.0,
0.0,0.0,0.0,0.0,0.0,0.0,0.0,0.0,0.0,0.0,
0.0,0.0,0.0,0.0,0.0,0.0,0.0,0.0,0.0,0.0,
0.0,0.0,0.0,0.0,0.0,0.0,0.0,0.0,0.0,0.0,
0.0,0.0,0.0,0.0,0.0,0.0,0.0,0.0,0.0,0.0,
0.0,0.0,0.0,0.0,0.0,0.0,0.0,0.0,0.0,0.0,
0.0,0.0,0.0,0.0,0.0,0.0,0.0,0.0,0.0,0.0,
0.0,0.0,0.0,0.0,0.0,0.0,0.0,0.0,0.0,0.0,
0.0,0.0,0.0,0.0,0.0,0.0,0.0,0.0,0.0,0.0,
0.0,0.0,0.0,0.0,0.0,0.0,0.0,0.0,0.0,0.0,
0.0,0.0,0.0,0.0,0.0,0.0,0.0,0.0,0.0,0.0,
0.0,0.0,0.0,0.0,0.0,0.0,0.0,0.0,0.0,0.0,
0.0,0.0,0.0,0.0,0.0,0.0,0.0,0.0,0.0,0.0,
0.0,0.0,0.0,0.0,0.0,0.0,0.0,0.0,0.0,0.0,
0.0,0.0,0.0,0.0,0.0,0.0,0.0,0.0,0.0,0.0,
0.0,0.0,0.0,0.0,0.0,0.0,0.0,0.0,0.0,0.0,
0.0,0.0,0.0,0.0,0.0,0.0,0.0,0.0,0.0,0.0,
0.0,0.0,0.0,0.0,0.0,0.0,0.0,0.0,0.0,0.0,
0.0,0.0,0.0,0.0,0.0,0.0,0.0,0.0,0.0,0.0,
0.0,0.0,0.0,0.0,0.0,0.0,0.0,0.0,0.0,0.0,
0.0,0.0,0.0,0.0,0.0,0.0,0.0,0.0,0.0,0.0,
0.0,0.0,0.0,0.0,0.0,0.0,0.0,0.0,0.0,0.0,
0.0,0.0,0.0,0.0,0.0,0.0,0.0,0.0,0.0,0.0,
0.0,0.0,0.0,0.0,0.0,0.0,0.0,0.0,0.0,0.0,
0.0,0.0,0.0,0.0,0.0,0.0,0.0,0.0,0.0,0.0,
0.0,0.0,0.0,0.0,0.0,0.0,0.0,0.0,0.0,0.0,
0.0,0.0,0.0,0.0,0.0,0.0,0.0,0.0,0.0,0.0,
0.0,0.0,0.0,0.0,0.0,0.0,0.0,0.0,0.0,0.0,
0.0,0.0,0.0,0.0,0.0,0.0,0.0,0.0,0.0,0.0,
0.0,0.0,0.0,0.0,0.0,0.0,0.0,0.0,0.0,0.0,
0.0,0.0,0.0,0.0,0.0,0.0,0.0,0.0,0.0,0.0,
0.0,0.0,0.0,0.0,0.0,0.0,0.0,0.0,0.0,0.0,
0.0,0.0,0.0,0.0,0.0,0.0,0.0,0.0,0.0,0.0,
0.0,0.0,0.0,0.0,0.0,0.0,0.0,0.0,0.0,0.0,
0.0,0.0,0.0,0.0,0.0,0.0,0.0,0.0,0.0,0.0,
0.0,0.0,0.0,0.0,0.0,0.0,0.0,0.0,0.0,0.0,
0.0,0.0,0.0,0.0,0.0,0.0,0.0,0.0,0.0,0.0,
0.0,0.0,0.0,0.0,0.0,0.0,0.0,0.0,0.0,0.0,
0.0,0.0,0.0,0.0,0.0,0.0,0.0,0.0,0.0,0.0,
0.0,0.0,0.0,0.0,0.0,0.0,0.0,0.0,0.0,0.0,
0.0,0.0,0.0,0.0,0.0,0.0,0.0,0.0,0.0,0.0,
0.0,0.0,0.0,0.0,0.0,0.0,0.0,0.0,0.0,0.0,
0.0,0.0,0.0,0.0,0.0,0.0,0.0,0.0,0.0,0.0,
0.0,0.0,0.0,0.0,0.0,0.0,0.0,0.0,0.0,0.0,
0.0,0.0,0.0,0.0,0.0,0.0,0.0,0.0,0.0,0.0,
0.0,0.0,0.0,0.0,0.0,0.0,0.0,0.0,0.0,0.0,
0.0,0.0,0.0,0.0,0.0,0.0,0.0,0.0,0.0,0.0,
0.0,0.0,0.0,0.0,0.0,0.0,0.0,0.0,0.0,0.0,
0.0,0.0,0.0,0.0,0.0,0.0,0.0,0.0,0.0,0.0,
0.0,0.0,0.0,0.0,0.0,0.0,0.0,0.0,0.0,0.0,
0.0,0.0,0.0,0.0,0.0,0.0,0.0,0.0,0.0,0.0,
0.0,0.0,0.0,0.0,0.0,0.0,0.0,0.0,0.0,0.0,
0.0,0.0,0.0,0.0,0.0,0.0,0.0,0.0,0.0,0.0,
0.0,0.0,0.0,0.0,0.0,0.0,0.0,0.0,0.0,0.0,
0.0,0.0,0.0,0.0,0.0,0.0,0.0,0.0,0.0,0.0,
0.0,0.0,0.0,0.0,0.0,0.0,0.0,0.0,0.0,0.0,
0.0,0.0,0.0,0.0,0.0,0.0,0.0,0.0,0.0,0.0,
0.0,0.0,0.0,0.0,0.0,0.0,0.0,0.0,0.0,0.0,
0.0,0.0,0.0,0.0,0.0,0.0,0.0,0.0,0.0,0.0,
0.0,0.0,0.0,0.0,0.0,0.0,0.0,0.0,0.0,0.0,
0.0,0.0,0.0,0.0,0.0,0.0,0.0,0.0,0.0,0.0,
0.0,0.0,0.0,0.0,0.0,0.0,0.0,0.0,0.0,0.0,
0.0,0.0,0.0,0.0,0.0,0.0,0.0,0.0,0.0,0.0,
0.0,0.0,0.0,0.0,0.0,0.0,0.0,0.0,0.0,0.0,
0.0,0.0,0.0,0.0,0.0,0.0,0.0,0.0,0.0,0.0,
0.0,0.0,0.0,0.0,0.0,0.0,0.0,0.0,0.0,0.0,
0.0,0.0,0.0,0.0,0.0,0.0,0.0,0.0,0.0,0.0,
0.0,0.0,0.0,0.0,0.0,0.0,0.0,0.0,0.0,0.0,
0.0,0.0,0.0,0.0,0.0,0.0,0.0,0.0,0.0,0.0,
0.0,0.0,0.0,0.0,0.0,0.0,0.0,0.0,0.0,0.0,
0.0,0.0,0.0,0.0,0.0,0.0,0.0,0.0,0.0,0.0,
0.0,0.0,0.0,0.0,0.0,0.0,0.0,0.0,0.0,0.0,
0.0,0.0,0.0,0.0,0.0,0.0,0.0,0.0,0.0,0.0,
0.0,0.0,0.0,0.0,0.0,0.0,0.0,0.0,0.0,0.0,
0.0,0.0,0.0,0.0,0.0,0.0,0.0,0.0,0.0,0.0,
0.0,0.0,0.0,0.0,0.0,0.0,0.0,0.0,0.0,0.0,
0.0,0.0,0.0,0.0,0.0,0.0,0.0,0.0,0.0,0.0,
0.0,0.0,0.0,0.0,0.0,0.0,0.0,0.0,0.0,0.0,
0.0,0.0,0.0,0.0,0.0,0.0,0.0,0.0,0.0,0.0,
0.0,0.0,0.0,0.0,0.0,0.0,0.0,0.0,0.0,0.0,
0.0,0.0,0.0,0.0,0.0,0.0,0.0,0.0,0.0,0.0,
0.0,0.0,0.0,0.0,0.0,0.0,0.0,0.0,0.0,0.0,
0.0,0.0,0.0,0.0,0.0,0.0,0.0,0.0,0.0,0.0,
0.0,0.0,0.0,0.0,0.0,0.0,0.0,0.0,0.0,0.0,
0.0,0.0,0.0,0.0,0.0,0.0,0.0,0.0,0.0,0.0,
0.0,0.0,0.0,0.0,0.0,0.0,0.0,0.0,0.0,0.0,
0.0,0.0,0.0,0.0,0.0,0.0,0.0,0.0,0.0,0.0,
0.0,0.0,0.0,0.0,0.0,0.0,0.0,0.0,0.0,0.0,
0.0,0.0,0.0,0.0,0.0,0.0,0.0,0.0,0.0,0.0,
0.0,0.0,0.0,0.0,0.0,0.0,0.0,0.0,0.0,0.0,
0.0,0.0,0.0,0.0,0.0,0.0,0.0,0.0,0.0,0.0,
0.0,0.0,0.0,0.0,0.0,0.0,0.0,0.0,0.0,0.0,
0.0,0.0,0.0,0.0,0.0,0.0,0.0,0.0,0.0,0.0,
0.0,0.0,0.0,0.0,0.0,0.0,0.0,0.0,0.0,0.0,
0.0,0.0,0.0,0.0,0.0,0.0,0.0,0.0,0.0,0.0,
0.0,0.0,0.0,0.0,0.0,0.0,0.0,0.0,0.0,0.0,
0.0,0.0,0.0,0.0,0.0,0.0,0.0,0.0,0.0,0.0,
0.0,0.0,0.0,0.0,0.0,0.0,0.0,0.0,0.0,0.0,
0.0,0.0,0.0,0.0,0.0,0.0,0.0,0.0,0.0,0.0,
0.0,0.0,0.0,0.0,0.0,0.0,0.0,0.0,0.0,0.0,
0.0,0.0,0.0,0.0,0.0,0.0,0.0,0.0,0.0,0.0,
0.0,0.0,0.0,0.0,0.0,0.0,0.0,0.0,0.0,0.0,
0.0,0.0,0.0,0.0,0.0,0.0,0.0,0.0,0.0,0.0,
0.0,0.0,0.0,0.0,0.0,0.0,0.0,0.0,0.0,0.0,
0.0,0.0,0.0,0.0,0.0,0.0,0.0,0.0,0.0,0.0,
0.0,0.0,0.0,0.0,0.0,0.0,0.0,0.0,0.0,0.0,
0.0,0.0,0.0,0.0,0.0,0.0,0.0,0.0,0.0,0.0,
0.0,0.0,0.0,0.0,0.0,0.0,0.0,0.0,0.0,0.0,
0.0,0.0,0.0,0.0,0.0,0.0,0.0,0.0,0.0,0.0,
0.0,0.0,0.0,0.0,0.0,0.0,0.0,0.0,0.0,0.0,
0.0,0.0,0.0,0.0,0.0,0.0,0.0,0.0,0.0,0.0,
0.0,0.0,0.0,0.0,0.0,0.0,0.0,0.0,0.0,0.0,
0.0,0.0,0.0,0.0,0.0,0.0,0.0,0.0,0.0,0.0,
0.0,0.0,0.0,0.0,0.0,0.0,0.0,0.0,0.0,0.0,
0.0,0.0,0.0,0.0,0.0,0.0,0.0,0.0,0.0,0.0,
0.0,0.0,0.0,0.0,0.0,0.0,0.0,0.0,0.0,0.0,
0.0,0.0,0.0,0.0,0.0,0.0,0.0,0.0,0.0,0.0,
0.0,0.0,0.0,0.0,0.0,0.0,0.0,0.0,0.0,0.0,
0.0,0.0,0.0,0.0,0.0,0.0,0.0,0.0,0.0,0.0,
0.0,0.0,0.0,0.0,0.0,0.0,0.0,0.0,0.0,0.0,
0.0,0.0,0.0,0.0,0.0,0.0,0.0,0.0,0.0,0.0,
0.0,0.0,0.0,0.0,0.0,0.0,0.0,0.0,0.0,0.0,
0.0,0.0,0.0,0.0,0.0,0.0,0.0,0.0,0.0,0.0,
0.0,0.0,0.0,0.0,0.0,0.0,0.0,0.0,0.0,0.0,
0.0,0.0,0.0,0.0,0.0,0.0,0.0,0.0,0.0,0.0,
0.0,0.0,0.0,0.0,0.0,0.0,0.0,0.0,0.0,0.0,
0.0,0.0,0.0,0.0,0.0,0.0,0.0,0.0,0.0,0.0,
0.0,0.0,0.0,0.0,0.0,0.0,0.0,0.0,0.0,0.0,
0.0,0.0,0.0,0.0,0.0,0.0,0.0,0.0,0.0,0.0,
0.0,0.0,0.0,0.0,0.0,0.0,0.0,0.0,0.0,0.0,
0.0,0.0,0.0,0.0,0.0,0.0,0.0,0.0,0.0,0.0,
0.0,0.0,0.0,0.0,0.0,0.0,0.0,0.0,0.0,0.0,
0.0,0.0,0.0,0.0,0.0,0.0,0.0,0.0,0.0,0.0,
0.0,0.0,0.0,0.0,0.0,0.0,0.0,0.0,0.0,0.0,
0.0,0.0,0.0,0.0,0.0,0.0,0.0,0.0,0.0,0.0,
0.0,0.0,0.0,0.0,0.0,0.0,0.0,0.0,0.0,0.0,
0.0,0.0,0.0,0.0,0.0,0.0,0.0,0.0,0.0,0.0,
0.0,0.0,0.0,0.0,0.0,0.0,0.0,0.0,0.0,0.0,
0.0,0.0,0.0,0.0,0.0,0.0,0.0,0.0,0.0,0.0,
0.0,0.0,0.0,0.0,0.0,0.0,0.0,0.0,0.0,0.0,
0.0,0.0,0.0,0.0,0.0,0.0,0.0,0.0,0.0,0.0,
0.0,0.0,0.0,0.0,0.0,0.0,0.0,0.0,0.0,0.0,
0.0,0.0,0.0,0.0,0.0,0.0,0.0,0.0,0.0,0.0,
0.0,0.0,0.0,0.0,0.0,0.0,0.0,0.0,0.0,0.0,
0.0,0.0,0.0,0.0,0.0,0.0,0.0,0.0,0.0,0.0,
0.0,0.0,0.0,0.0,0.0,0.0,0.0,0.0,0.0,0.0,
0.0,0.0,0.0,0.0,0.0,0.0,0.0,0.0,0.0,0.0,
0.0,0.0,0.0,0.0,0.0,0.0,0.0,0.0,0.0,0.0,
0.0,0.0,0.0,0.0,0.0,0.0,0.0,0.0,0.0,0.0,
0.0,0.0,0.0,0.0,0.0,0.0,0.0,0.0,0.0,0.0,
0.0,0.0,0.0,0.0,0.0,0.0,0.0,0.0,0.0,0.0,
0.0,0.0,0.0,0.0,0.0,0.0,0.0,0.0,0.0,0.0,
0.0,0.0,0.0,0.0,0.0,0.0,0.0,0.0,0.0,0.0,
0.0,0.0,0.0,0.0,0.0,0.0,0.0,0.0,0.0,0.0,
0.0,0.0,0.0,0.0,0.0,0.0,0.0,0.0,0.0,0.0,
0.0,0.0,0.0,0.0,0.0,0.0,0.0,0.0,0.0,0.0,
0.0,0.0,0.0,0.0,0.0,0.0,0.0,0.0,0.0,0.0,
0.0,0.0,0.0,0.0,0.0,0.0,0.0,0.0,0.0,0.0,
0.0,0.0,0.0,0.0,0.0,0.0,0.0,0.0,0.0,0.0,
0.0,0.0,0.0,0.0,0.0,0.0,0.0,0.0,0.0,0.0,
0.0,0.0,0.0,0.0,0.0,0.0,0.0,0.0,0.0,0.0,
0.0,0.0,0.0,0.0,0.0,0.0,0.0,0.0,0.0,0.0,
0.0,0.0,0.0,0.0,0.0,0.0,0.0,0.0,0.0,0.0,
0.0,0.0,0.0,0.0,0.0,0.0,0.0,0.0,0.0,0.0,
0.0,0.0,0.0,0.0,0.0,0.0,0.0,0.0,0.0,0.0,
0.0,0.0,0.0,0.0,0.0,0.0,0.0,0.0,0.0,0.0,
0.0,0.0,0.0,0.0,0.0,0.0,0.0,0.0,0.0,0.0,
0.0,0.0,0.0,0.0,0.0,0.0,0.0,0.0,0.0,0.0,
0.0,0.0,0.0,0.0,0.0,0.0,0.0,0.0,0.0,0.0,
0.0,0.0,0.0,0.0,0.0,0.0,0.0,0.0,0.0,0.0,
0.0,0.0,0.0,0.0,0.0,0.0,0.0,0.0,0.0,0.0,
0.0,0.0,0.0,0.0,0.0,0.0,0.0,0.0,0.0,0.0,
0.0,0.0,0.0,0.0,0.0,0.0,0.0,0.0,0.0,0.0,
0.0,0.0,0.0,0.0,0.0,0.0,0.0,0.0,0.0,0.0,
0.0,0.0,0.0,0.0,0.0,0.0,0.0,0.0,0.0,0.0,
0.0,0.0,0.0,0.0,0.0,0.0,0.0,0.0,0.0,0.0,
0.0,0.0,0.0,0.0,0.0,0.0,0.0,0.0,0.0,0.0,
0.0,0.0,0.0,0.0,0.0,0.0,0.0,0.0,0.0,0.0,
0.0,0.0,0.0,0.0,0.0,0.0,0.0,0.0,0.0,0.0,
0.0,0.0,0.0,0.0,0.0,0.0,0.0,0.0,0.0,0.0,
0.0,0.0,0.0,0.0,0.0,0.0,0.0,0.0,0.0,0.0,
0.0,0.0,0.0,0.0,0.0,0.0,0.0,0.0,0.0,0.0,
0.0,0.0,0.0,0.0,0.0,0.0,0.0,0.0,0.0,0.0,
0.0,0.0,0.0,0.0,0.0,0.0,0.0,0.0,0.0,0.0,
0.0,0.0,0.0,0.0,0.0,0.0,0.0,0.0,0.0,0.0,
0.0,0.0,0.0,0.0,0.0,0.0,0.0,0.0,0.0,0.0,
0.0,0.0,0.0,0.0,0.0,0.0,0.0,0.0,0.0,0.0,
0.0,0.0,0.0,0.0,0.0,0.0,0.0,0.0,0.0,0.0,
0.0,0.0,0.0,0.0,0.0,0.0,0.0,0.0,0.0,0.0,
0.0,0.0,0.0,0.0,0.0,0.0,0.0,0.0,0.0,0.0,
0.0,0.0,0.0,0.0,0.0,0.0,0.0,0.0,0.0,0.0,
0.0,0.0,0.0,0.0,0.0,0.0,0.0,0.0,0.0,0.0,
0.0,0.0,0.0,0.0,0.0,0.0,0.0,0.0,0.0,0.0,
0.0,0.0,0.0,0.0,0.0,0.0,0.0,0.0,0.0,0.0,
0.0,0.0,0.0,0.0,0.0,0.0,0.0,0.0,0.0,0.0,
0.0,0.0,0.0,0.0,0.0,0.0,0.0,0.0,0.0,0.0,
0.0,0.0,0.0,0.0,0.0,0.0,0.0,0.0,0.0,0.0,
0.0,0.0,0.0,0.0,0.0,0.0,0.0,0.0,0.0,0.0,
0.0,0.0,0.0,0.0,0.0,0.0,0.0,0.0,0.0,0.0,
0.0,0.0,0.0,0.0,0.0,0.0,0.0,0.0,0.0,0.0,
0.0,0.0,0.0,0.0,0.0,0.0,0.0,0.0,0.0,0.0,
0.0,0.0,0.0,0.0,0.0,0.0,0.0,0.0,0.0,0.0,
0.0,0.0,0.0,0.0,0.0,0.0,0.0,0.0,0.0,0.0,
0.0,0.0,0.0,0.0,0.0,0.0,0.0,0.0,0.0,0.0,
0.0,0.0,0.0,0.0,0.0,0.0,0.0,0.0,0.0,0.0,
0.0,0.0,0.0,0.0,0.0,0.0,0.0,0.0,0.0,0.0,
0.0,0.0,0.0,0.0,0.0,0.0,0.0,0.0,0.0,0.0,
0.0,0.0,0.0,0.0,0.0,0.0,0.0,0.0,0.0,0.0,
0.0,0.0,0.0,0.0,0.0,0.0,0.0,0.0,0.0,0.0,
0.0,0.0,0.0,0.0,0.0,0.0,0.0,0.0,0.0,0.0,
0.0,0.0,0.0,0.0,0.0,0.0,0.0,0.0,0.0,0.0,
0.0,0.0,0.0,0.0,0.0,0.0,0.0,0.0,0.0,0.0,
0.0,0.0,0.0,0.0,0.0,0.0,0.0,0.0,0.0,0.0,
0.0,0.0,0.0,0.0,0.0,0.0,0.0,0.0,0.0,0.0,
0.0,0.0,0.0,0.0,0.0,0.0,0.0,0.0,0.0,0.0,
0.0,0.0,0.0,0.0,0.0,0.0,0.0,0.0,0.0,0.0,
0.0,0.0,0.0,0.0,0.0,0.0,0.0,0.0,0.0,0.0,
0.0,0.0,0.0,0.0,0.0,0.0,0.0,0.0,0.0,0.0,
0.0,0.0,0.0,0.0,0.0,0.0,0.0,0.0,0.0,0.0,
0.0,0.0,0.0,0.0,0.0,0.0,0.0,0.0,0.0,0.0,
0.0,0.0,0.0,0.0,0.0,0.0,0.0,0.0,0.0,0.0,
0.0,0.0,0.0,0.0,0.0,0.0,0.0,0.0,0.0,0.0,
0.0,0.0,0.0,0.0,0.0,0.0,0.0,0.0,0.0,0.0,
0.0,0.0,0.0,0.0,0.0,0.0,0.0,0.0,0.0,0.0,
0.0,0.0,0.0,0.0,0.0,0.0,0.0,0.0,0.0,0.0,
0.0,0.0,0.0,0.0,0.0,0.0,0.0,0.0,0.0,0.0,
0.0,0.0,0.0,0.0,0.0,0.0,0.0,0.0,0.0,0.0,
0.0,0.0,0.0,0.0,0.0,0.0,0.0,0.0,0.0,0.0,
0.0,0.0,0.0,0.0,0.0,0.0,0.0,0.0,0.0,0.0,
0.0,0.0,0.0,0.0,0.0,0.0,0.0,0.0,0.0,0.0,
0.0,0.0,0.0,0.0,0.0,0.0,0.0,0.0,0.0,0.0,
0.0,0.0,0.0,0.0,0.0,0.0,0.0,0.0,0.0,0.0,
0.0,0.0,0.0,0.0,0.0,0.0,0.0,0.0,0.0,0.0,
0.0,0.0,0.0,0.0,0.0,0.0,0.0,0.0,0.0,0.0,
0.0,0.0,0.0,0.0,0.0,0.0,0.0,0.0,0.0,0.0,
0.0,0.0,0.0,0.0,0.0,0.0,0.0,0.0,0.0,0.0,
0.0,0.0,0.0,0.0,0.0,0.0,0.0,0.0,0.0,0.0,
0.0,0.0,0.0,0.0,0.0,0.0,0.0,0.0,0.0,0.0,
0.0,0.0,0.0,0.0,0.0,0.0,0.0,0.0,0.0,0.0,
0.0,0.0,0.0,0.0,0.0,0.0,0.0,0.0,0.0,0.0,
0.0,0.0,0.0,0.0,0.0,0.0,0.0,0.0,0.0,0.0,
0.0,0.0,0.0,0.0,0.0,0.0,0.0,0.0,0.0,0.0,
0.0,0.0,0.0,0.0,0.0,0.0,0.0,0.0,0.0,0.0,
0.0,0.0,0.0,0.0,0.0,0.0,0.0,0.0,0.0,0.0,
0.0,0.0,0.0,0.0,0.0,0.0,0.0,0.0,0.0,0.0,
0.0,0.0,0.0,0.0,0.0,0.0,0.0,0.0,0.0,0.0,
0.0,0.0,0.0,0.0,0.0,0.0,0.0,0.0,0.0,0.0,
0.0,0.0,0.0,0.0,0.0,0.0,0.0,0.0,0.0,0.0,
0.0,0.0,0.0,0.0,0.0,0.0,0.0,0.0,0.0,0.0,
0.0,0.0,0.0,0.0,0.0,0.0,0.0,0.0,0.0,0.0,
0.0,0.0,0.0,0.0,0.0,0.0,0.0,0.0,0.0,0.0,
0.0,0.0,0.0,0.0,0.0,0.0,0.0,0.0,0.0,0.0,
0.0,0.0,0.0,0.0,0.0,0.0,0.0,0.0,0.0,0.0,
0.0,0.0,0.0,0.0,0.0,0.0,0.0,0.0,0.0,0.0,
0.0,0.0,0.0,0.0,0.0,0.0,0.0,0.0,0.0,0.0,
0.0,0.0,0.0,0.0,0.0,0.0,0.0,0.0,0.0,0.0,
0.0,0.0,0.0,0.0,0.0,0.0,0.0,0.0,0.0,0.0,
0.0,0.0,0.0,0.0,0.0,0.0,0.0,0.0,0.0,0.0,
0.0,0.0,0.0,0.0,0.0,0.0,0.0,0.0,0.0,0.0,
0.0,0.0,0.0,0.0,0.0,0.0,0.0,0.0,0.0,0.0,
0.0,0.0,0.0,0.0,0.0,0.0,0.0,0.0,0.0,0.0,
0.0,0.0,0.0,0.0,0.0,0.0,0.0,0.0,0.0,0.0,
0.0,0.0,0.0,0.0,0.0,0.0,0.0,0.0,0.0,0.0,
0.0,0.0,0.0,0.0,0.0,0.0,0.0,0.0,0.0,0.0,
0.0,0.0,0.0,0.0,0.0,0.0,0.0,0.0,0.0,0.0,
0.0,0.0,0.0,0.0,0.0,0.0,0.0,0.0,0.0,0.0,
0.0,0.0,0.0,0.0,0.0,0.0,0.0,0.0,0.0,0.0,
0.0,0.0,0.0,0.0,0.0,0.0,0.0,0.0,0.0,0.0,
0.0,0.0,0.0,0.0,0.0,0.0,0.0,0.0,0.0,0.0,
0.0,0.0,0.0,0.0,0.0,0.0,0.0,0.0,0.0,0.0,
0.0,0.0,0.0,0.0,0.0,0.0,0.0,0.0,0.0,0.0,
0.0,0.0,0.0,0.0,0.0,0.0,0.0,0.0,0.0,0.0,
0.0,0.0,0.0,0.0,0.0,0.0,0.0,0.0,0.0,0.0,
0.0,0.0,0.0,0.0,0.0,0.0,0.0,0.0,0.0,0.0,
0.0,0.0,0.0,0.0,0.0,0.0,0.0,0.0,0.0,0.0,
0.0,0.0,0.0,0.0,0.0,0.0,0.0,0.0,0.0,0.0,
0.0,0.0,0.0,0.0,0.0,0.0,0.0,0.0,0.0,0.0,
0.0,0.0,0.0,0.0,0.0,0.0,0.0,0.0,0.0,0.0,
0.0,0.0,0.0,0.0,0.0,0.0,0.0,0.0,0.0,0.0,
0.0,0.0,0.0,0.0,0.0,0.0,0.0,0.0,0.0,0.0,
0.0,0.0,0.0,0.0,0.0,0.0,0.0,0.0,0.0,0.0,
0.0,0.0,0.0,0.0,0.0,0.0,0.0,0.0,0.0,0.0,
0.0,0.0,0.0,0.0,0.0,0.0,0.0,0.0,0.0,0.0,
0.0,0.0,0.0,0.0,0.0,0.0,0.0,0.0,0.0,0.0,
0.0,0.0,0.0,0.0,0.0,0.0,0.0,0.0,0.0,0.0,
0.0,0.0,0.0,0.0,0.0,0.0,0.0,0.0,0.0,0.0,
0.0,0.0,0.0,0.0,0.0,0.0,0.0,0.0,0.0,0.0,
0.0,0.0,0.0,0.0,0.0,0.0,0.0,0.0,0.0,0.0,
0.0,0.0,0.0,0.0,0.0,0.0,0.0,0.0,0.0,0.0,
0.0,0.0,0.0,0.0,0.0,0.0,0.0,0.0,0.0,0.0,
0.0,0.0,0.0,0.0,0.0,0.0,0.0,0.0,0.0,0.0,
0.0,0.0,0.0,0.0,0.0,0.0,0.0,0.0,0.0,0.0,
0.0,0.0,0.0,0.0,0.0,0.0,0.0,0.0,0.0,0.0,
0.0,0.0,0.0,0.0,0.0,0.0,0.0,0.0,0.0,0.0,
0.0,0.0,0.0,0.0,0.0,0.0,0.0,0.0,0.0,0.0,
0.0,0.0,0.0,0.0,0.0,0.0,0.0,0.0,0.0,0.0,
0.0,0.0,0.0,0.0,0.0,0.0,0.0,0.0,0.0,0.0,
0.0,0.0,0.0,0.0,0.0,0.0,0.0,0.0,0.0,0.0,
0.0,0.0,0.0,0.0,0.0,0.0,0.0,0.0,0.0,0.0,
0.0,0.0,0.0,0.0,0.0,0.0,0.0,0.0,0.0,0.0,
0.0,0.0,0.0,0.0,0.0,0.0,0.0,0.0,0.0,0.0,
0.0,0.0,0.0,0.0,0.0,0.0,0.0,0.0,0.0,0.0,
0.0,0.0,0.0,0.0,0.0,0.0,0.0,0.0,0.0,0.0,
0.0,0.0,0.0,0.0,0.0,0.0,0.0,0.0,0.0,0.0,
0.0,0.0,0.0,0.0,0.0,0.0,0.0,0.0,0.0,0.0,
0.0,0.0,0.0,0.0,0.0,0.0,0.0,0.0,0.0,0.0,
0.0,0.0,0.0,0.0,0.0,0.0,0.0,0.0,0.0,0.0,
0.0,0.0,0.0,0.0,0.0,0.0,0.0,0.0,0.0,0.0,
0.0,0.0,0.0,0.0,0.0,0.0,0.0,0.0,0.0,0.0,
0.0,0.0,0.0,0.0,0.0,0.0,0.0,0.0,0.0,0.0,
0.0,0.0,0.0,0.0,0.0,0.0,0.0,0.0,0.0,0.0,
0.0,0.0,0.0,0.0,0.0,0.0,0.0,0.0,0.0,0.0,
0.0,0.0,0.0,0.0,0.0,0.0,0.0,0.0,0.0,0.0,
0.0,0.0,0.0,0.0,0.0,0.0,0.0,0.0,0.0,0.0,
0.0,0.0,0.0,0.0,0.0,0.0,0.0,0.0,0.0,0.0,
0.0,0.0,0.0,0.0,0.0,0.0,0.0,0.0,0.0,0.0,
0.0,0.0,0.0,0.0,0.0,0.0,0.0,0.0,0.0,0.0,
0.0,0.0,0.0,0.0,0.0,0.0,0.0,0.0,0.0,0.0,
0.0,0.0,0.0,0.0,0.0,0.0,0.0,0.0,0.0,0.0,
0.0,0.0,0.0,0.0,0.0,0.0,0.0,0.0,0.0,0.0,
0.0,0.0,0.0,0.0,0.0,0.0,0.0,0.0,0.0,0.0,
0.0,0.0,0.0,0.0,0.0,0.0,0.0,0.0,0.0,0.0,
0.0,0.0,0.0,0.0,0.0,0.0,0.0,0.0,0.0,0.0,
0.0,0.0,0.0,0.0,0.0,0.0,0.0,0.0,0.0,0.0,
0.0,0.0,0.0,0.0,0.0,0.0,0.0,0.0,0.0,0.0,
0.0,0.0,0.0,0.0,0.0,0.0,0.0,0.0,0.0,0.0,
0.0,0.0,0.0,0.0,0.0,0.0,0.0,0.0,0.0,0.0,
0.0,0.0,0.0,0.0,0.0,0.0,0.0,0.0,0.0,0.0,
0.0,0.0,0.0,0.0,0.0,0.0,0.0,0.0,0.0,0.0,
0.0,0.0,0.0,0.0,0.0,0.0,0.0,0.0,0.0,0.0,
0.0,0.0,0.0,0.0,0.0,0.0,0.0,0.0,0.0,0.0,
0.0,0.0,0.0,0.0,0.0,0.0,0.0,0.0,0.0,0.0,
0.0,0.0,0.0,0.0,0.0,0.0,0.0,0.0,0.0,0.0,
0.0,0.0,0.0,0.0,0.0,0.0,0.0,0.0,0.0,0.0,
0.0,0.0,0.0,0.0,0.0,0.0,0.0,0.0,0.0,0.0,
0.0,0.0,0.0,0.0,0.0,0.0,0.0,0.0,0.0,0.0,
0.0,0.0,0.0,0.0,0.0,0.0,0.0,0.0,0.0,0.0,
0.0,0.0,0.0,0.0,0.0,0.0,0.0,0.0,0.0,0.0,
0.0,0.0,0.0,0.0,0.0,0.0,0.0,0.0,0.0,0.0,
0.0,0.0,0.0,0.0,0.0,0.0,0.0,0.0,0.0,0.0,
0.0,0.0,0.0,0.0,0.0,0.0,0.0,0.0,0.0,0.0,
0.0,0.0,0.0,0.0,0.0,0.0,0.0,0.0,0.0,0.0,
0.0,0.0,0.0,0.0,0.0,0.0,0.0,0.0,0.0,0.0,
0.0,0.0,0.0,0.0,0.0,0.0,0.0,0.0,0.0,0.0,
0.0,0.0,0.0,0.0,0.0,0.0,0.0,0.0,0.0,0.0,
0.0,0.0,0.0,0.0,0.0,0.0,0.0,0.0,0.0,0.0,
0.0,0.0,0.0,0.0,0.0,0.0,0.0,0.0,0.0,0.0,
0.0,0.0,0.0,0.0,0.0,0.0,0.0,0.0,0.0,0.0,
0.0,0.0,0.0,0.0,0.0,0.0,0.0,0.0,0.0,0.0,
0.0,0.0,0.0,0.0,0.0,0.0,0.0,0.0,0.0,0.0,
0.0,0.0,0.0,0.0,0.0,0.0,0.0,0.0,0.0,0.0,
0.0,0.0,0.0,0.0,0.0,0.0,0.0,0.0,0.0,0.0,
0.0,0.0,0.0,0.0,0.0,0.0,0.0,0.0,0.0,0.0,
0.0,0.0,0.0,0.0,0.0,0.0,0.0,0.0,0.0,0.0,

0.0,0.001,0.026,0.001,0.006,0.0,0.005,-0.014,0.006,0.006,
0.0,0.089,0.024,0.044,0.023,0.045,0.046,0.067,0.049,0.04,
0.0,0.012,0.041,0.017,0.027,0.036,0.025,0.021,-0.031,0.008,
0.0,0.012,0.001,0.012,0.035,0.014,0.009,-0.008,-0.003,0.022,
0.0,0.023,0.006,0.004,0.013,0.014,-0.001,0.009,0.0,-0.009,
0.0,0.0,0.0,0.0,0.0,0.011,0.004,0.012,0.004,-0.005,
0.0,0.076,0.022,0.024,0.086,0.064,0.049,0.042,0.05,0.066,
0.0,0.138,0.054,0.098,0.085,0.043,0.057,0.019,0.067,0.062,
0.0,0.013,0.005,-0.018,0.0,0.016,0.046,0.034,0.019,0.023,
0.0,0.0,-0.001,0.0,-0.025,-0.038,0.021,0.035,0.021,0.001,
0.0,0.02,0.022,0.016,0.031,0.031,0.022,-0.001,0.013,-0.01,
0.0,0.109,-0.059,0.054,-0.022,-0.009,0.026,0.004,0.003,0.03,
0.0,0.053,0.025,0.008,0.023,0.027,0.028,0.027,0.025,0.049,
0.0,-0.001,-0.014,-0.017,-0.027,0.038,0.054,0.062,0.059,0.059,
0.0,0.007,-0.001,0.001,-0.009,0.001,0.012,0.013,0.001,-0.018,
0.0,0.024,0.034,0.011,0.015,0.027,0.035,0.055,0.067,0.012,
0.0,0.002,0.015,0.029,0.013,0.02,0.036,0.045,0.012,0.015,
0.0,0.039,0.024,0.011,0.031,-0.026,-0.037,0.003,0.038,0.044,
0.0,0.0,0.0,0.0,0.0,0.0,0.0,0.0,0.0,0.0,
0.0,0.036,0.046,0.019,0.037,0.046,0.038,0.055,0.032,0.027,
0.0,0.035,0.118,0.036,0.009,0.011,0.003,0.004,0.02,0.04,
0.0,0.002,0.01,-0.005,-0.016,-0.036,-0.016,-0.005,-0.001,-0.008,
0.0,0.034,-0.016,-0.014,0.009,0.013,0.009,-0.027,0.022,0.008,
0.0,0.0,-0.004,0.044,0.003,-0.004,0.004,-0.007,-0.043,-0.072,
0.0,0.041,0.025,0.038,-0.03,-0.028,-0.046,-0.056,-0.012,0.029,
0.0,0.045,0.066,0.04,0.015,0.038,0.014,0.049,0.057,0.031,
0.0,0.0,0.0,0.0,0.0,0.0,0.0,0.0,0.0,0.0,
0.0,0.005,0.013,0.027,0.047,0.034,0.0,0.009,0.005,-0.005,
0.0,0.084,0.046,0.071,0.072,0.063,0.058,0.029,0.042,0.046,
0.0,0.053,0.067,0.038,0.039,0.043,0.064,0.033,0.039,0.03,
0.0,0.063,0.05,0.031,0.029,0.026,0.029,-0.002,0.0,0.029,
0.0,0.011,-0.017,-0.019,0.017,0.04,0.016,0.01,0.0,0.032,
0.0,0.013,-0.046,0.012,-0.036,-0.099,-0.046,-0.064,-0.038,-0.041,
0.0,0.015,0.022,0.024,0.025,0.021,0.015,0.014,0.01,0.031,
0.0,0.0,0.0,0.0,0.0,0.0,0.0,0.0,0.0,-0.001,
0.0,0.006,-0.012,0.041,0.038,0.037,0.036,0.053,0.029,0.019,
0.0,0.0,0.004,0.001,0.006,0.006,0.003,-0.003,-0.005,-0.001,
0.0,0.0,0.0,0.0,0.0,0.0,0.0,0.0,0.0,0.0,
0.0,0.039,-0.016,-0.029,-0.008,0.02,0.025,0.026,0.043,0.011,
0.0,0.009,0.015,0.034,0.044,0.011,-0.005,0.015,0.023,0.035,
0.0,0.019,0.056,0.024,0.015,0.028,0.042,0.038,0.027,0.042,
0.0,0.059,0.005,0.011,-0.005,-0.009,0.003,0.008,0.027,0.013,
0.0,0.027,0.017,0.027,-0.025,0.067,-0.075,-0.005,-0.029,-0.035,
0.0,0.029,0.049,0.067,0.029,0.016,0.023,0.048,0.042,0.048,
0.0,0.035,0.045,0.068,0.069,0.056,0.028,0.005,-0.019,-0.015,
0.0,0.032,0.057,0.068,0.038,0.031,0.038,0.009,0.003,0.021,
0.0,0.115,0.056,0.049,0.051,0.048,0.045,0.038,0.058,0.058,
0.0,0.0,0.0,0.0,0.026,0.004,0.013,-0.023,-0.018,-0.033,
0.0,-0.011,-0.025,0.016,-0.007,-0.04,0.01,0.004,-0.003,0.003,
0.0,0.002,-0.012,-0.034,-0.017,-0.035,-0.046,-0.044,-0.048,-0.064,
0.0,0.072,0.067,0.03,0.021,0.014,0.018,0.05,0.051,0.04,
0.0,0.014,-0.004,0.019,0.01,0.043,0.044,0.05,0.036,0.037,
0.0,0.058,0.03,0.034,0.01,0.037,0.043,0.032,0.032,0.049,
0.0,0.053,0.03,0.022,0.02,0.04,0.089,0.083,0.083,0.07,
0.0,0.064,0.012,0.025,0.045,0.001,0.019,0.008,0.005,0.014,
0.0,0.036,0.019,0.013,0.039,0.029,0.022,-0.001,-0.006,0.027,
0.0,0.027,0.016,0.019,0.013,-0.009,0.004,0.023,0.021,0.008,
0.0,0.03,0.027,0.001,0.03,0.008,0.011,0.02,-0.021,-0.035,
0.0,0.061,-0.044,0.013,-0.056,-0.002,0.058,-0.074,-0.054,-0.052,
0.0,0.055,0.037,0.046,0.037,0.046,0.038,-0.008,-0.03,-0.011,
0.0,0.03,0.04,-0.062,0.035,-0.006,0.021,0.013,-0.001,-0.009,
0.0,0.009,0.027,0.044,0.03,0.065,0.063,0.053,0.052,0.075,
0.0,0.002,-0.001,-0.008,-0.009,-0.001,-0.001,-0.046,-0.058,-0.07,
0.0,0.021,0.06,0.047,0.049,0.038,0.054,0.051,0.057,0.062,
0.0,0.0,0.034,0.008,0.003,0.0,0.0,0.0,0.0,0.0,
0.0,0.0,0.0,0.021,0.004,-0.009,-0.009,-0.051,-0.078,-0.048,
0.0,0.076,0.074,0.026,0.003,-0.004,0.008,0.017,0.035,-0.006,
0.0,0.046,0.005,-0.003,0.035,0.045,0.069,0.034,0.027,0.047,
0.0,0.076,0.037,0.028,0.001,0.013,0.019,0.008,0.026,0.006,
0.0,0.0,0.0,0.0,0.0,0.0,0.0,0.0,0.0,0.0,
0.0,0.045,0.048,-0.001,0.011,0.027,0.032,0.027,0.006,0.001,
0.0,0.03,0.01,0.021,0.037,0.033,0.021,0.0,0.016,0.059,
0.0,0.017,0.007,-0.027,0.016,0.022,0.013,0.02,0.026,0.01,
0.0,0.0,0.0,0.0,0.0,0.0,0.0,0.0,0.0,0.0,
0.0,0.071,0.066,0.039,0.003,-0.019,0.018,0.032,0.041,0.057,
0.0,0.023,0.035,0.019,0.07,0.052,0.059,0.018,-0.004,-0.008,
0.0,-0.009,0.034,0.018,0.025,0.035,0.028,0.015,0.004,0.01,
0.0,0.0,0.015,0.003,0.012,0.011,0.013,0.004,-0.006,-0.003,
0.0,0.028,0.049,0.011,-0.008,-0.009,-0.011,0.008,0.014,0.006,
0.0,0.066,0.058,0.03,0.067,0.055,0.028,0.018,0.055,0.035,
0.0,0.027,-0.009,0.009,0.057,0.091,0.054,0.056,0.09,0.099,
0.0,0.056,0.045,0.056,0.065,0.021,0.044,0.062,0.037,0.041,
0.0,0.0,0.0,0.0,0.0,0.0,0.0,0.0,0.0,0.005,
0.0,0.047,0.038,0.02,0.013,0.006,0.009,0.015,0.031,0.042,
0.0,0.02,0.013,0.001,0.0,0.017,0.022,0.018,0.028,0.051,
0.0,0.017,0.011,-0.004,0.026,0.041,0.071,0.047,0.069,0.067,
0.0,0.0,-0.009,0.031,0.037,0.023,0.009,0.023,0.035,0.029,
0.0,0.011,0.018,0.026,0.031,0.025,0.027,0.031,-0.001,-0.001,
0.0,0.0,0.0,0.0,0.0,0.0,0.0,0.0,0.0,0.0,
0.0,0.036,0.037,0.006,0.026,0.005,-0.004,0.0,0.006,0.001,
0.0,0.05,-0.005,0.028,0.025,0.019,0.027,0.058,0.054,0.036,
0.0,0.015,0.028,0.024,0.043,0.01,0.009,0.004,0.028,0.026,
0.0,-0.015,0.02,-0.014,-0.003,-0.053,0.058,0.098,0.127,0.092,
0.0,0.027,0.008,0.004,0.014,0.03,0.021,0.073,0.068,0.11,
0.0,-0.005,0.005,0.03,0.005,0.036,0.041,0.052,0.065,0.091,
0.0,0.035,0.055,0.057,0.058,0.066,0.059,0.074,0.084,0.075,
0.0,0.009,0.018,-0.013,0.015,0.015,0.013,-0.027,0.0,0.014,
0.0,0.013,-0.015,0.025,0.057,-0.007,0.024,-0.023,0.001,0.001,
0.0,0.001,0.019,0.018,0.019,0.046,0.03,0.032,0.034,0.019,
0.0,0.072,0.053,0.024,0.159,0.061,0.078,0.087,0.034,0.112,
0.0,0.104,-0.006,0.105,0.049,0.071,0.025,0.027,0.047,0.029,
0.0,0.014,0.028,0.034,0.026,0.025,0.008,0.023,0.021,0.008,
0.0,0.013,0.051,0.024,0.029,-0.006,0.01,0.017,0.018,0.014,
0.0,0.0,0.0,0.0,0.0,0.0,0.0,0.0,0.0,0.0,
0.0,0.029,0.017,0.011,0.025,0.026,0.023,0.047,0.067,0.047,
0.0,0.004,0.036,0.056,0.022,0.027,0.009,0.003,0.005,-0.01,
0.0,0.021,0.0,-0.005,0.008,-0.003,0.01,0.031,0.006,0.046,
0.0,0.021,0.022,0.005,0.015,0.064,0.065,0.058,-0.005,-0.052,
0.0,-0.001,0.023,0.048,0.03,0.029,0.002,0.017,0.004,0.032,
0.0,0.025,0.016,0.006,0.017,0.01,0.015,0.001,-0.019,0.012,
0.0,0.016,0.005,0.019,0.032,0.094,0.096,0.112,0.065,0.027,
0.0,0.011,0.0,-0.027,-0.012,0.038,0.039,0.078,0.103,0.098,
0.0,0.023,0.016,0.006,0.01,0.019,-0.004,0.008,-0.014,-0.014,
0.0,0.05,0.047,0.003,0.015,0.022,0.019,0.021,0.018,0.026,
0.0,0.091,0.027,0.034,0.037,0.029,0.028,0.057,0.044,0.043,
0.0,0.067,0.04,0.076,0.064,0.067,0.087,0.078,0.083,0.047,
0.0,0.014,0.055,0.022,0.004,0.013,0.032,0.032,0.034,0.01,
0.0,0.043,0.083,0.053,0.057,0.071,0.12,0.119,0.08,0.121,
0.0,0.023,-0.004,-0.001,0.009,0.0,0.025,-0.009,-0.009,-0.019,
0.0,-0.009,-0.044,-0.032,-0.018,-0.019,-0.003,0.003,-0.005,-0.005,
0.0,0.044,-0.021,-0.019,0.009,-0.022,0.012,-0.054,0.017,-0.01,
0.0,-0.012,0.042,-0.019,-0.025,0.014,0.048,0.049,0.049,0.056,
0.0,0.03,0.053,0.062,0.05,0.016,0.006,0.008,0.005,0.035,
0.0,0.029,0.044,0.057,0.047,0.014,0.018,0.005,0.053,0.014,
0.0,0.03,0.022,0.028,0.011,-0.019,-0.006,0.014,0.019,0.003,
0.0,0.012,-0.007,-0.008,0.005,-0.003,0.019,0.025,0.018,0.014,
0.0,-0.002,0.014,0.025,0.021,0.038,0.025,0.023,0.026,0.001,
0.0,0.069,0.039,0.008,0.009,0.014,0.019,0.013,0.014,0.029,
0.0,0.018,0.039,0.022,0.013,0.023,0.012,0.006,0.003,0.009,
0.0,0.057,0.013,0.014,0.009,0.008,0.005,0.038,0.023,0.004,
0.0,0.007,0.022,-0.011,-0.008,-0.013,-0.033,-0.018,0.012,-0.027,
0.0,0.027,0.023,-0.004,0.005,0.008,0.029,-0.003,-0.011,-0.029,
0.0,0.021,-0.089,-0.005,-0.024,-0.043,-0.069,-0.043,-0.039,0.004,
0.0,0.019,-0.013,-0.02,0.005,0.004,0.014,0.039,0.032,0.032,
0.0,0.045,0.042,0.035,0.02,0.022,0.011,0.024,0.023,0.034,
0.0,0.0,0.0,0.0,0.0,-0.001,0.0,0.001,0.0,0.0,
0.0,0.0,0.0,0.0,0.0,0.0,0.0,0.0,0.0,0.0,
0.0,-0.005,0.001,0.004,-0.001,-0.007,-0.003,-0.005,0.0,-0.005,
0.0,0.016,0.022,0.042,0.049,0.018,0.02,-0.001,0.015,0.028,
0.0,0.011,0.046,0.053,0.043,0.043,0.032,0.006,0.048,-0.013,
0.0,0.024,0.015,0.054,0.015,0.047,0.058,0.071,0.008,0.005,
0.0,0.0,0.0,0.0,0.0,0.0,0.0,0.0,0.0,0.001,
0.0,-0.012,0.002,0.036,0.004,-0.012,-0.062,-0.06,-0.037,-0.017,
0.0,0.041,0.04,-0.004,-0.008,-0.018,-0.024,0.03,0.003,-0.001,
0.0,0.001,0.006,0.04,0.055,0.086,0.059,0.072,0.055,0.054,
0.0,0.092,0.037,0.025,0.048,0.024,0.022,0.019,0.03,0.032,
0.0,-0.013,0.0,-0.028,0.029,0.013,-0.013,-0.008,-0.013,0.015,
0.0,0.01,0.064,0.035,0.041,0.055,0.019,0.036,0.042,0.012,
0.0,0.021,0.01,0.031,0.033,0.027,0.012,-0.066,-0.068,-0.055,
0.0,0.044,0.031,0.026,0.017,0.003,0.036,0.012,-0.004,0.018,
0.0,0.028,-0.011,0.036,0.061,0.017,0.006,0.023,0.043,0.019,
0.0,-0.004,0.046,-0.021,-0.028,-0.012,-0.013,0.019,-0.006,0.003,
0.0,0.026,0.032,0.034,0.021,0.031,0.039,0.005,0.018,0.029,
0.0,0.008,0.014,-0.031,-0.004,0.001,-0.001,-0.022,0.003,0.007,
0.0,0.043,0.068,0.04,0.047,0.019,0.02,-0.02,-0.007,0.003,
0.0,0.043,0.017,0.022,0.008,0.056,0.082,0.053,0.049,0.07,
0.0,-0.002,0.002,-0.004,0.016,0.013,0.004,0.005,0.03,0.014,
0.0,0.037,0.079,0.087,0.055,0.03,0.028,0.032,0.039,0.028,
0.0,0.0,0.018,-0.004,0.001,0.024,-0.004,0.015,-0.02,-0.042,
0.0,0.062,0.015,0.015,0.032,0.025,0.034,0.058,0.062,0.017,
0.0,0.033,0.001,0.007,0.001,0.045,0.045,0.036,0.054,0.037,
0.0,0.007,-0.006,-0.004,0.009,-0.018,-0.008,-0.014,-0.034,-0.016,
0.0,0.043,0.018,0.036,0.027,0.05,0.035,0.034,0.049,0.027,
0.0,0.0,0.014,0.047,0.013,0.01,-0.004,-0.033,0.0,0.023,
0.0,0.0,0.0,0.0,0.0,0.0,0.0,0.0,0.0,0.0,
0.0,0.006,0.041,0.011,0.013,0.004,0.001,0.008,0.017,0.019,
0.0,0.029,0.053,0.068,0.024,0.022,0.018,0.004,0.008,0.007,
0.0,0.054,0.059,0.011,0.008,0.008,0.025,0.025,0.012,0.053,
0.0,0.067,0.041,0.047,0.058,0.047,0.044,0.038,0.044,0.024,
0.0,0.047,0.021,0.04,0.017,0.057,0.11,0.117,0.127,0.121,
0.0,0.054,0.03,0.008,0.035,0.045,0.027,0.026,0.014,0.007,
0.0,0.048,0.037,0.066,0.071,0.067,0.054,0.03,0.054,0.021,
0.0,0.008,0.009,0.011,0.047,0.044,0.026,0.001,-0.036,-0.018,
0.0,0.018,0.043,0.051,0.023,0.029,0.03,0.014,0.026,0.026,
0.0,0.021,-0.011,0.004,0.077,0.029,-0.001,-0.012,0.0,-0.006,
0.0,0.012,0.022,0.077,0.071,0.069,0.072,0.041,0.07,0.072,
0.0,0.015,0.0,-0.009,-0.022,-0.013,-0.019,0.028,-0.076,-0.037,
0.0,-0.005,-0.026,-0.014,-0.004,0.023,0.018,0.013,0.006,0.013,
0.0,0.019,0.035,0.02,0.013,0.004,0.029,0.022,0.03,0.008,
0.0,0.0,0.017,0.017,0.0,0.005,0.009,0.005,-0.006,-0.008,
0.0,0.016,0.035,0.017,0.037,-0.037,0.016,0.019,-0.023,0.039,
0.0,0.024,0.009,-0.004,-0.018,-0.006,-0.01,-0.024,-0.015,0.018,
0.0,0.055,0.025,0.06,0.062,0.064,0.067,0.049,0.033,0.019,
0.0,0.066,0.08,0.057,0.024,0.01,0.014,0.001,0.027,0.032,
0.0,-0.009,-0.033,-0.006,-0.021,-0.044,-0.04,-0.052,-0.051,-0.036,
0.0,-0.001,0.009,0.03,0.012,0.038,0.043,0.034,0.048,0.044,
0.0,0.07,0.016,0.054,0.032,0.019,0.064,0.047,0.052,0.032,
0.0,0.0,0.0,0.0,0.0,0.0,0.0,0.0,0.0,0.0,
0.0,0.0,0.0,0.0,0.0,0.0,0.0,0.0,-0.003,-0.066,
0.0,0.03,0.018,0.027,0.005,0.031,0.024,0.014,0.025,0.039,
0.0,0.0,0.0,-0.001,0.016,-0.055,-0.022,-0.04,-0.079,-0.02,
0.0,0.0,0.015,0.005,-0.03,0.019,0.003,-0.008,0.058,0.001,
0.0,0.056,0.027,0.039,0.021,0.06,0.066,0.047,0.055,0.067,
0.0,0.0,0.0,0.0,0.0,0.009,0.014,0.008,0.016,0.009,
0.0,0.019,0.032,-0.038,-0.005,0.008,-0.026,-0.001,-0.016,0.0,
0.0,0.017,0.038,-0.001,-0.001,-0.039,-0.024,-0.024,0.014,0.005,
0.0,0.079,0.046,0.039,0.028,0.06,0.071,0.017,0.022,0.01,
0.0,0.061,0.056,0.036,0.045,0.006,0.015,0.028,0.038,0.028,
0.0,0.028,0.02,0.018,0.003,0.023,0.066,0.063,0.037,0.059,
0.0,0.0,0.0,0.0,0.0,0.0,0.0,0.0,0.0,0.0,
0.0,0.043,0.07,0.03,0.014,0.029,0.009,0.011,0.013,0.005,
0.0,0.0,0.0,0.019,0.031,0.006,0.039,0.005,-0.023,-0.011,
0.0,0.044,0.028,0.042,0.017,0.027,0.027,0.031,0.026,0.038,
0.0,0.024,-0.007,-0.018,0.033,0.027,-0.043,-0.005,0.009,0.047,
0.0,0.034,-0.021,-0.012,-0.057,-0.008,-0.015,-0.012,-0.003,-0.004,
0.0,0.019,0.034,0.023,0.074,0.073,0.094,0.091,0.086,0.107,
0.0,0.049,0.043,0.058,0.038,0.049,0.019,0.019,0.027,0.036,
0.0,0.034,0.033,0.047,0.03,0.037,-0.008,0.008,0.013,0.038,
0.0,0.0,0.0,0.0,0.0,0.0,0.0,0.0,0.0,0.0,
0.0,0.023,0.065,0.014,0.018,-0.008,0.004,0.02,0.041,0.042,
0.0,0.02,0.029,-0.033,-0.008,-0.005,0.024,0.003,-0.006,0.032,
0.0,0.024,0.041,0.053,0.047,0.031,0.036,0.039,0.018,0.022,
0.0,0.034,0.011,0.06,0.028,0.009,0.019,0.023,0.008,0.003,
0.0,0.007,0.017,0.036,0.032,0.025,0.048,0.021,0.045,0.03,
0.0,-0.006,-0.007,-0.002,0.025,0.006,0.039,0.043,0.028,0.015,
0.0,0.045,0.005,0.004,0.029,0.015,0.008,0.006,-0.006,0.003,
0.0,0.0,0.0,0.0,0.0,0.0,0.0,0.0,0.0,0.0,
0.0,0.0,0.0,0.0,0.0,0.0,0.0,0.0,0.0,0.0,
0.0,0.019,0.063,0.024,0.014,0.016,0.005,0.065,0.009,0.038,
0.0,0.032,0.037,0.004,0.004,0.0,-0.003,-0.02,0.012,0.0,
0.0,0.0,0.0,0.0,0.0,0.0,0.0,0.0,0.0,-0.018,
0.0,0.084,0.084,0.048,0.045,0.083,0.047,0.035,0.057,0.049,
0.0,0.034,0.099,0.05,0.018,-0.004,0.009,-0.02,-0.048,-0.021,
0.0,0.024,0.033,0.044,0.073,0.07,0.063,0.101,0.068,0.088,
0.0,0.039,0.022,0.004,0.028,0.021,0.017,0.014,0.012,0.009,
0.0,0.006,-0.01,0.015,-0.001,0.022,-0.001,-0.01,-0.019,-0.009,
0.0,0.0,0.0,0.0,0.0,0.0,0.0,0.0,0.0,-0.001,
0.0,0.028,0.047,0.024,0.035,0.034,0.017,0.004,0.006,0.017,
0.0,0.006,0.029,0.048,0.044,0.046,0.018,0.043,0.035,0.02,
0.0,0.077,-0.015,0.037,0.001,0.023,0.014,0.006,0.042,0.023,
0.0,0.027,0.001,-0.019,-0.012,0.003,0.035,0.041,-0.003,0.031,
0.0,0.011,0.03,0.043,0.006,0.001,0.004,-0.024,-0.009,0.001,
0.0,0.047,-0.02,0.016,0.042,0.03,0.036,0.006,-0.031,-0.066,
0.0,0.001,0.0,0.031,-0.042,-0.023,-0.014,0.036,0.009,0.033,
0.0,0.052,0.037,0.061,0.054,0.065,0.024,0.033,0.048,0.047,
0.0,-0.016,0.046,-0.014,-0.02,-0.003,0.017,0.003,0.025,0.039,
0.0,0.005,0.041,-0.001,-0.005,-0.004,-0.012,-0.003,-0.001,0.004,
0.0,0.019,0.023,0.034,0.026,0.023,-0.003,-0.017,-0.009,0.024,
0.0,0.067,0.017,0.089,-0.005,-0.011,0.003,0.015,-0.027,-0.024,
0.0,0.089,0.073,0.056,0.032,0.018,0.014,0.008,0.042,0.025,
0.0,0.062,0.033,0.045,0.03,0.016,0.029,0.013,0.036,0.02,
0.0,0.029,0.013,-0.008,0.034,0.021,0.008,-0.025,-0.015,-0.012,
0.0,0.0,0.0,0.0,0.0,0.0,0.0,0.0,0.0,0.0,
0.0,0.064,0.053,0.054,0.04,0.042,0.014,0.041,0.018,0.018,
0.0,0.001,0.036,0.001,-0.037,-0.004,-0.024,-0.013,-0.049,-0.038,
0.0,0.063,0.051,0.025,0.003,0.075,0.024,0.046,0.035,0.075,
0.0,0.005,-0.014,0.033,0.003,0.026,0.042,0.028,0.054,0.032,
0.0,0.034,0.023,0.0,0.008,0.014,0.003,0.017,0.014,0.025,
0.0,-0.03,0.015,0.041,0.092,0.066,0.045,0.022,0.003,-0.001,
0.0,0.037,0.023,0.016,0.022,0.036,0.061,0.045,0.062,0.043,
0.0,0.0,0.001,0.001,0.013,-0.008,0.011,-0.009,-0.001,0.0,
0.0,0.023,0.018,-0.004,0.001,0.032,0.024,0.017,0.001,-0.008,
0.0,0.012,0.012,0.023,0.024,0.039,0.035,0.07,0.057,0.039,
0.0,0.01,-0.009,-0.047,-0.013,-0.016,-0.003,0.007,-0.007,-0.007,
0.0,0.064,0.031,0.036,0.028,-0.009,-0.013,-0.023,-0.011,0.013,
0.0,0.022,-0.044,0.023,0.066,0.063,0.082,0.054,0.032,0.019,
0.0,0.032,0.041,0.031,0.015,-0.006,0.041,0.025,0.025,0.019,
0.0,0.037,0.02,0.01,0.003,0.004,0.005,0.031,0.003,0.004,
0.0,0.002,0.006,-0.01,-0.012,0.041,0.01,0.001,0.021,0.019,
0.0,0.043,0.071,0.039,0.045,0.053,0.087,0.062,0.036,0.046,
0.0,0.04,0.031,0.013,0.055,0.009,0.01,-0.006,-0.035,-0.001,
0.0,0.033,0.028,0.02,0.009,0.037,0.019,0.024,0.05,0.043,
0.0,0.0,0.046,0.045,0.014,0.016,-0.026,-0.065,-0.058,-0.045,
0.0,0.044,0.02,0.029,0.02,-0.001,0.011,0.021,0.055,0.041,
0.0,0.019,0.034,0.008,0.006,-0.005,0.0,0.027,0.03,0.014,
0.0,0.023,0.046,0.063,0.052,0.049,0.052,0.022,0.005,0.017,
0.0,0.0,0.015,0.026,0.021,0.003,0.003,-0.01,-0.016,0.0,
0.0,0.047,0.028,0.009,0.02,0.018,0.033,0.034,0.016,0.028,
0.0,0.033,0.039,0.022,0.036,0.006,0.023,0.03,0.021,0.032,
0.0,0.0,-0.031,0.039,-0.005,-0.001,-0.03,-0.009,-0.018,-0.024,
0.0,0.02,0.017,0.014,-0.006,0.025,0.008,-0.01,0.01,0.005,
0.0,0.013,0.0,0.011,0.017,0.031,0.042,0.026,0.013,0.011,
0.0,0.03,-0.004,0.016,0.046,0.08,0.036,0.051,0.031,0.071,
0.0,0.083,0.073,0.06,0.032,0.04,0.056,0.076,0.067,0.039,
0.0,0.01,-0.004,0.019,0.005,0.017,0.015,0.008,0.008,0.015,
0.0,0.031,0.026,0.001,0.031,0.007,0.032,0.023,0.004,0.021,
0.0,0.0,0.036,0.019,0.025,-0.001,-0.001,0.043,-0.038,-0.027,
0.0,0.078,0.006,0.023,0.038,0.005,0.064,0.016,0.031,0.01,
0.0,0.013,0.043,0.039,0.054,0.033,0.058,0.056,0.015,0.012,
0.0,0.025,-0.005,0.007,0.046,0.068,0.08,0.099,0.088,0.07,
0.0,0.012,0.009,0.059,0.013,0.052,0.05,0.058,0.047,0.059,
0.0,-0.006,-0.027,0.0,-0.001,-0.014,0.029,0.023,0.011,0.008,
0.0,0.063,0.051,0.037,0.01,0.02,0.043,0.019,0.006,0.039,
0.0,0.013,0.035,-0.041,-0.03,-0.004,0.034,0.037,0.058,0.043,
0.0,-0.007,-0.005,-0.003,0.016,0.075,0.035,0.049,0.021,-0.022,
0.0,0.041,0.002,0.048,0.011,0.057,0.034,0.018,0.038,0.035,
0.0,0.03,0.046,0.072,0.055,0.032,0.026,0.048,0.049,0.03,
0.0,0.022,0.038,0.0,0.014,-0.009,0.006,0.025,0.005,0.008,
0.0,0.06,0.034,0.028,0.04,0.054,0.027,0.029,0.009,0.004,
0.0,0.0,0.0,0.0,0.0,0.0,0.0,0.0,0.0,0.0,
0.0,0.014,0.019,0.029,0.051,0.023,0.023,0.0,0.013,0.01,
0.0,0.05,0.066,0.044,0.034,0.063,0.026,0.045,-0.005,0.018,
0.0,0.013,0.045,0.02,0.022,0.019,0.039,0.043,0.021,0.033,
0.0,0.018,0.006,0.022,0.011,0.008,0.004,0.012,0.011,-0.001,
0.0,0.037,0.005,0.018,-0.01,-0.012,0.001,-0.004,-0.009,-0.008,
0.0,0.006,-0.006,-0.015,0.014,0.012,-0.003,0.0,0.004,0.004,
0.0,0.006,0.067,0.018,0.049,0.055,0.061,0.044,0.047,0.038,
0.0,0.019,0.003,0.022,-0.003,0.004,0.015,0.016,-0.008,0.018,
0.0,0.029,0.067,0.064,0.005,0.013,0.044,0.067,0.036,0.003,
0.0,0.008,0.022,0.015,0.027,0.006,0.048,0.0,0.033,0.025,
0.0,0.018,0.031,0.024,0.025,0.035,-0.001,0.028,0.039,0.05,
0.0,0.052,0.061,0.042,0.042,0.011,0.024,0.019,0.042,0.021,
0.0,0.022,0.021,0.032,0.0,0.017,0.009,0.012,0.06,0.061,
0.0,0.0,0.0,0.0,0.0,0.0,0.0,0.0,0.0,0.0,
0.0,0.0,0.0,0.0,-0.001,0.001,-0.009,-0.012,0.0,0.005,
0.0,0.019,0.006,-0.014,-0.025,-0.005,0.006,-0.026,-0.023,-0.015,
0.0,0.005,0.009,0.01,0.006,0.006,0.008,0.014,0.027,0.005,
0.0,0.08,0.054,0.078,0.049,0.02,0.005,0.024,0.021,0.033,
0.0,0.025,0.005,-0.01,0.015,0.031,0.05,0.045,0.025,0.039,
0.0,0.076,0.055,0.019,0.021,0.003,0.004,0.008,0.029,0.023,
0.0,0.018,0.021,0.03,0.017,-0.011,-0.006,-0.015,-0.012,0.001,
0.0,0.084,0.03,0.048,0.026,0.027,0.028,0.03,0.034,0.019,
0.0,0.051,0.075,0.042,0.044,0.024,0.036,0.025,0.044,0.05,
0.0,0.006,0.001,0.006,0.011,0.009,0.048,0.021,-0.006,0.027,
0.0,0.097,0.01,0.033,0.009,0.028,0.041,0.042,0.037,0.022,
0.0,0.051,0.033,0.019,0.005,-0.004,-0.015,-0.014,0.017,0.005,
0.0,0.005,0.004,-0.003,0.034,0.024,0.005,0.0,-0.023,-0.013,
0.0,0.04,-0.018,0.06,0.027,0.026,0.048,0.041,0.047,0.08,
0.0,0.0,0.0,0.027,0.015,-0.014,0.006,0.082,0.008,-0.037,
0.0,-0.001,0.019,0.009,0.011,0.057,-0.001,0.007,0.007,0.004,
0.0,0.03,0.018,-0.032,-0.031,0.047,0.033,0.007,-0.007,0.008,
0.0,0.014,0.015,-0.007,-0.008,-0.018,-0.036,0.001,-0.011,-0.003,
0.0,0.015,-0.026,0.077,0.02,0.028,0.036,0.043,0.047,0.061,
0.0,0.016,0.001,0.025,0.039,0.033,0.0,0.024,0.017,0.022,
0.0,0.025,0.03,0.039,0.043,-0.018,0.03,0.021,0.004,0.034,
0.0,0.018,0.015,0.02,0.004,0.0,0.02,0.009,0.015,0.011,
0.0,0.034,0.009,-0.006,0.031,0.031,0.018,0.053,0.036,-0.01,
0.0,0.0,0.0,0.0,0.0,0.0,0.0,0.0,0.0,0.014,
0.0,0.034,0.04,0.043,0.016,0.019,0.048,0.007,-0.008,0.005,
0.0,0.026,0.059,0.026,0.033,0.035,0.04,0.03,0.007,-0.013,
0.0,-0.001,0.052,0.021,-0.039,0.007,-0.047,-0.031,-0.016,-0.007,
0.0,0.062,0.048,0.014,0.005,0.014,0.004,0.018,0.011,0.011,
0.0,0.068,-0.001,0.022,-0.006,0.013,-0.022,-0.009,-0.013,0.018,
0.0,0.026,-0.004,0.009,0.052,0.039,0.039,0.031,0.024,0.016,
0.0,0.013,0.022,0.02,0.04,0.026,0.029,0.03,0.036,0.034,
0.0,0.036,0.015,-0.012,0.011,-0.019,-0.035,-0.067,-0.07,-0.049,
0.0,0.052,0.004,0.04,0.036,-0.013,0.064,0.001,0.059,-0.003,
0.0,0.033,0.037,0.003,0.005,0.014,0.006,0.027,0.044,0.007,
0.0,0.039,0.004,0.01,-0.006,-0.014,-0.012,0.037,0.019,0.038,
0.0,0.069,0.044,0.032,0.003,0.02,0.004,0.009,0.024,0.036,
0.0,0.035,0.039,0.014,0.032,0.046,0.069,0.027,0.008,0.003,
0.0,-0.005,0.007,-0.015,0.024,0.012,0.007,-0.005,-0.011,-0.024,
0.0,0.023,0.015,0.024,0.008,0.025,0.003,0.015,0.013,0.008,
0.0,0.055,0.009,0.027,0.023,0.071,0.064,0.051,0.039,0.018,
0.0,0.028,0.019,0.016,0.0,-0.018,-0.004,0.01,0.034,0.026,
0.0,0.056,0.031,0.01,0.028,-0.005,0.022,-0.009,0.017,-0.007,
0.0,-0.006,0.0,0.0,-0.012,-0.045,-0.059,-0.037,-0.034,-0.032,
0.0,0.022,-0.001,0.031,0.053,0.055,0.051,0.023,0.015,0.011,
0.0,0.016,0.005,0.02,0.052,0.047,0.026,0.011,0.047,0.047,
0.0,0.03,0.037,0.059,0.052,0.029,0.029,0.052,0.021,0.019,
0.0,-0.001,-0.039,-0.034,-0.001,0.035,0.0,-0.008,-0.04,-0.044,
0.0,0.004,0.01,0.028,0.01,-0.02,-0.006,0.001,-0.008,0.003,
0.0,0.034,0.02,0.016,0.021,0.051,0.034,0.013,0.015,0.007,
0.0,0.069,0.028,0.003,0.03,0.019,0.019,0.016,-0.001,-0.013,
0.0,0.022,0.019,0.028,0.0,-0.004,-0.005,0.004,0.007,0.001,
0.0,0.0,-0.015,-0.044,-0.04,-0.042,-0.03,0.008,-0.028,-0.016,
0.0,0.047,0.055,0.043,0.053,0.046,0.035,0.054,0.056,0.015,
0.0,0.016,0.036,0.033,0.046,-0.013,0.008,0.032,0.024,0.039,
0.0,0.059,0.042,0.038,0.054,0.035,0.018,0.041,0.022,0.024,
0.0,0.084,0.04,0.065,0.02,0.02,-0.001,0.023,0.049,0.039,
0.0,0.005,0.025,0.048,0.009,0.008,0.052,-0.008,0.015,0.018,
0.0,0.024,0.026,0.008,0.01,0.019,0.028,0.033,0.015,0.018,
0.0,0.015,0.027,0.006,-0.005,0.013,0.008,0.011,0.008,0.024,
0.0,-0.005,0.023,0.017,0.018,0.019,0.01,0.031,0.056,0.054,
0.0,0.011,0.016,0.046,0.031,-0.001,-0.021,-0.005,-0.044,-0.033,
0.0,0.031,0.024,0.005,0.015,0.029,0.024,0.016,-0.021,-0.013,
0.0,0.073,0.059,0.046,0.031,0.073,0.04,0.09,0.054,0.09,
0.0,-0.017,0.032,0.014,0.054,0.034,0.044,-0.008,0.007,-0.009,
0.0,0.041,0.023,0.02,0.031,0.01,-0.001,-0.008,0.02,0.005,
0.0,-0.007,0.043,0.07,0.032,0.056,0.05,-0.014,0.065,0.011,
0.0,0.003,0.016,0.05,0.061,0.037,0.031,0.029,0.016,0.034,
0.0,0.024,0.054,0.049,0.029,0.023,0.04,0.045,0.044,0.056,
0.0,0.053,0.039,0.028,0.02,0.02,0.047,0.04,0.042,0.035,
0.0,0.005,0.018,0.004,0.048,-0.012,0.031,0.018,0.017,0.019,
0.0,0.057,0.006,0.016,0.02,0.013,0.023,0.011,0.015,-0.001,
0.0,0.036,0.042,0.043,0.024,0.056,0.025,0.025,0.026,0.025,
0.0,0.0,0.0,0.0,0.0,0.0,0.0,0.0,0.0,0.0,
0.0,0.03,0.031,0.025,0.037,0.032,0.027,0.042,0.034,0.029,
0.0,0.011,-0.008,-0.029,-0.037,-0.033,0.007,0.024,0.009,-0.007,
0.0,0.033,0.041,0.043,0.024,0.015,0.003,0.017,0.006,0.013,
0.0,-0.02,-0.018,0.001,-0.017,0.02,0.011,-0.001,0.003,0.012,
0.0,-0.023,-0.044,-0.008,0.003,0.025,0.08,0.047,0.046,-0.018,
0.0,0.056,0.044,0.033,0.003,0.018,0.032,0.044,0.039,0.031,
0.0,0.004,0.011,-0.007,-0.003,-0.003,-0.036,0.012,-0.001,0.001,
0.0,0.1,0.092,0.094,0.088,0.084,0.089,0.101,0.104,0.047,
0.0,0.051,0.034,0.039,0.046,0.051,0.061,0.056,0.033,0.026,
0.0,0.104,0.043,0.009,0.067,0.029,0.03,-0.005,0.01,0.023,
0.0,0.027,0.001,0.008,0.006,-0.001,-0.008,-0.02,-0.018,-0.017,
0.0,0.021,0.062,0.011,0.035,-0.01,-0.006,0.013,-0.011,0.013,
0.0,-0.02,0.007,0.004,0.013,0.011,0.034,0.03,0.028,0.019,
0.0,0.0,0.0,0.028,0.044,0.019,0.006,0.037,0.04,0.038,
0.0,0.064,0.03,0.042,0.017,0.036,0.021,0.037,0.017,0.035,
0.0,0.013,0.024,0.014,-0.003,-0.007,0.004,0.019,0.006,0.004,
0.0,0.058,0.018,0.031,0.028,0.011,0.008,-0.026,-0.018,-0.022,
0.0,0.063,0.018,0.017,0.021,0.047,0.05,0.029,0.014,0.044,
0.0,0.002,0.027,0.046,0.053,0.019,-0.003,0.003,-0.014,0.004,
0.0,0.045,0.046,0.018,0.031,0.036,0.061,0.03,0.042,0.025,
0.0,0.008,0.04,0.001,0.013,0.027,0.009,0.009,-0.008,0.001,
0.0,0.055,0.065,0.063,0.048,0.08,0.086,0.054,0.057,0.022,
0.0,0.042,0.036,0.021,0.025,0.036,0.044,0.026,0.014,0.014,
0.0,0.075,0.03,0.044,0.035,0.004,0.003,0.021,0.009,0.018,
0.0,0.075,0.08,0.05,0.053,0.06,0.024,0.019,0.038,0.043,
0.0,0.006,0.005,-0.028,-0.008,0.004,-0.021,-0.005,-0.001,0.014,
0.0,0.0,0.0,0.0,0.0,0.0,0.0,0.0,0.0,-0.013,
0.0,0.0,0.0,0.0,0.0,0.0,0.0,0.0,0.0,0.0,
0.0,0.041,0.015,0.049,0.035,0.023,0.058,0.065,0.036,0.021,
0.0,0.056,0.046,0.037,0.044,0.019,0.014,0.033,0.013,0.033,
0.0,0.0,0.0,0.0,0.0,0.0,0.0,0.0,0.0,0.0,
0.0,0.016,0.072,0.068,0.1,0.1,0.064,0.062,0.03,0.067,
0.0,-0.002,-0.011,-0.026,-0.038,-0.018,0.01,-0.023,-0.017,0.005,
0.0,0.027,0.029,-0.001,0.012,0.022,0.019,0.01,-0.004,0.014,
0.0,0.0,0.0,0.0,0.0,0.0,0.0,0.0,0.0,0.0,
0.0,0.028,0.033,0.009,0.023,0.032,0.015,0.017,0.032,0.032,
0.0,0.041,0.077,0.022,0.052,0.038,0.038,0.022,0.022,0.024,
0.0,0.05,0.017,0.044,0.026,0.038,0.003,0.035,0.017,0.04,
0.0,-0.022,-0.017,0.005,0.016,0.01,0.014,0.018,0.011,0.096,
0.0,0.066,0.021,0.031,0.068,0.059,0.03,0.031,0.072,0.029,
0.0,0.013,0.041,0.011,0.038,0.041,0.014,0.005,-0.006,0.009,
0.0,0.0,0.0,0.0,0.0,0.0,0.0,0.0,0.0,0.0,
0.0,0.001,0.0,-0.025,0.005,0.004,0.038,0.047,0.016,0.004,
0.0,-0.025,-0.047,-0.024,-0.044,-0.038,0.022,0.016,0.006,0.018,
0.0,0.0,0.0,0.0,0.003,0.003,0.001,0.0,0.0,0.0,
0.0,0.072,0.074,0.039,0.071,0.054,0.032,0.033,0.038,0.037,
0.0,0.07,0.055,0.039,0.027,0.022,0.04,-0.013,0.016,-0.025,
0.0,0.024,0.054,0.016,0.036,0.036,0.031,0.037,0.038,0.059,
0.0,0.032,-0.005,0.034,0.025,0.044,0.026,0.038,0.018,0.035,
0.0,0.024,0.008,-0.052,-0.044,-0.033,-0.04,-0.022,-0.036,-0.089,
0.0,0.105,0.082,0.049,0.047,0.042,0.059,0.055,0.053,0.039,
0.0,0.06,0.027,0.057,0.041,0.019,0.034,0.034,0.031,0.028,
0.0,0.0,0.0,0.0,0.0,0.0,0.0,0.0,0.0,0.0,
0.0,0.039,0.03,0.031,0.043,0.033,0.03,0.005,0.03,0.034,
0.0,0.052,0.055,0.025,0.022,0.018,0.009,-0.011,-0.014,-0.006,
0.0,0.05,0.062,0.063,0.066,0.039,0.049,0.046,0.03,0.031,
0.0,0.034,0.018,0.026,0.028,-0.003,0.003,0.02,0.028,0.041,
0.0,0.048,0.023,0.061,0.031,0.032,0.014,0.038,0.018,0.037,
0.0,0.038,-0.01,0.012,0.029,0.008,0.028,0.034,0.051,0.063,
0.0,0.0,0.0,0.0,0.0,0.0,0.0,0.0,0.0,-0.004,
0.0,-0.002,-0.017,-0.017,-0.004,0.003,0.025,0.028,0.003,0.034,
0.0,0.0,0.0,0.0,0.0,0.0,0.0,0.0,0.0,0.0,
0.0,0.033,-0.015,0.004,-0.003,-0.003,0.022,0.01,-0.003,0.033,
0.0,0.013,-0.002,-0.026,-0.01,-0.013,-0.015,-0.009,-0.018,-0.008,
0.0,0.0,0.0,0.0,0.0,0.0,0.0,0.0,0.0,0.0,
0.0,0.0,0.0,0.0,0.027,0.072,0.039,0.024,-0.028,-0.02,
0.0,0.048,0.049,0.039,0.005,0.023,0.028,0.017,0.022,0.017,
0.0,0.039,-0.021,0.0,-0.001,0.0,0.049,0.058,0.061,0.086,
0.0,0.025,0.027,0.041,0.054,0.033,0.02,0.034,0.021,0.023,
0.0,0.037,0.064,0.01,0.052,0.039,0.03,0.028,0.033,0.022,
0.0,0.083,0.086,0.071,0.067,0.055,0.034,0.026,0.033,0.024,
0.0,0.049,0.005,0.014,0.048,0.029,0.034,0.005,0.023,0.019,
0.0,0.0,-0.001,0.0,0.0,0.0,0.0,0.0,0.0,0.0,
0.0,0.006,0.031,0.018,0.018,0.022,0.023,0.047,0.019,0.031,
0.0,0.08,0.002,0.001,0.01,0.039,0.005,0.014,0.029,0.049,
0.0,0.026,0.023,0.009,0.019,0.024,0.004,0.004,0.001,0.06,
0.0,0.063,0.018,-0.016,-0.003,-0.004,0.004,0.0,-0.015,0.003,
0.0,0.002,0.0,0.0,0.0,0.0,0.0,0.0,0.0,0.005,
0.0,0.0,0.0,0.0,0.0,0.0,0.0,0.0,0.0,0.0,
0.0,0.057,0.002,0.068,0.052,0.039,0.069,0.058,0.078,0.088,
0.0,0.029,-0.016,0.015,0.04,0.006,0.001,0.009,-0.003,-0.014,
0.0,-0.012,-0.026,0.001,-0.001,-0.026,-0.036,-0.042,-0.036,-0.011,
0.0,0.01,0.041,0.02,0.015,0.023,0.029,0.001,-0.009,-0.022,
0.0,0.051,0.013,0.012,0.034,0.026,0.004,0.018,0.037,0.033,
0.0,0.03,0.027,0.037,0.031,0.042,0.026,0.027,0.039,0.035,
0.0,0.014,-0.009,-0.006,0.013,-0.047,-0.045,0.026,0.036,0.012,
0.0,0.019,-0.02,0.034,0.016,0.062,0.03,-0.005,-0.001,0.028,
0.0,0.021,0.025,0.034,0.029,0.015,0.024,0.001,0.004,0.014,
0.0,0.007,0.038,0.011,0.056,0.025,0.021,0.076,0.045,0.045,
0.0,0.005,-0.005,-0.004,-0.013,-0.035,-0.042,-0.011,-0.04,-0.068,
0.0,0.018,0.057,0.013,0.018,0.025,0.069,0.041,0.045,0.028,
0.0,0.032,0.035,-0.056,-0.003,0.032,-0.012,0.023,0.031,0.038,
0.0,0.039,0.061,0.072,0.036,0.049,0.052,0.067,0.037,0.043,
0.0,0.065,0.048,0.004,0.017,0.025,0.024,0.05,0.079,0.074,
0.0,0.023,0.007,-0.01,-0.018,0.014,-0.001,0.001,-0.003,-0.005,
0.0,0.0,0.0,0.0,0.0,0.0,0.0,0.0,0.0,0.0,
0.0,-0.012,0.016,0.001,-0.029,-0.029,-0.017,-0.005,-0.001,0.0,
0.0,0.029,0.002,0.03,0.026,0.027,0.008,-0.013,-0.024,-0.022,
0.0,0.017,0.005,0.006,-0.001,0.0,0.01,0.018,0.014,-0.004,
0.0,0.008,0.009,0.015,0.017,0.04,0.05,0.04,0.04,0.047,
0.0,-0.014,0.013,0.003,0.017,0.026,0.038,0.006,0.004,-0.001,
0.0,0.0,0.0,0.0,0.0,0.0,0.0,0.0,0.0,0.0,
0.0,0.005,-0.025,0.018,0.0,0.026,-0.003,0.003,-0.023,0.027,
0.0,0.082,0.074,0.053,0.079,0.044,0.044,0.02,0.055,-0.001,
0.0,0.094,0.002,0.039,0.001,0.035,0.052,0.057,0.073,0.044,
0.0,0.008,0.019,0.041,0.043,0.02,0.054,0.043,0.053,0.063,
0.0,0.0,0.0,0.0,0.0,0.0,0.0,0.0,0.0,0.0,
0.0,0.004,-0.014,-0.001,0.042,0.047,0.048,0.052,0.033,0.022,
0.0,0.052,0.039,0.052,0.062,0.045,0.03,0.031,0.013,0.056,
0.0,0.063,0.086,0.05,0.026,0.026,0.068,0.062,0.029,0.026,
0.0,0.004,-0.013,-0.015,0.005,-0.008,0.005,0.01,0.028,0.039,
0.0,0.067,0.072,0.023,0.027,0.071,0.05,0.026,0.046,0.057,
0.0,0.079,0.046,0.057,0.043,0.044,0.071,0.03,0.02,0.029,
0.0,0.0,0.0,0.03,0.02,0.048,0.063,0.044,0.038,0.039,
0.0,0.0,0.018,0.008,0.01,0.009,0.035,-0.016,0.0,-0.01,
0.0,0.0,0.0,0.0,0.0,0.069,0.068,0.085,0.048,0.11,
0.0,0.011,0.036,0.029,0.019,0.023,0.012,0.037,0.038,0.029,
0.0,0.034,0.056,0.032,0.032,0.031,0.034,0.047,0.072,0.035,
0.0,0.0,0.012,-0.001,0.0,-0.001,-0.003,0.001,0.004,0.003,
0.0,0.0,-0.025,-0.009,-0.024,-0.001,0.016,0.003,0.005,-0.007,
0.0,0.0,0.0,0.0,0.0,0.004,0.033,0.029,0.057,-0.01,
0.0,0.071,0.029,0.057,0.039,0.004,-0.018,-0.003,0.02,0.051,
0.0,0.062,0.051,0.047,0.008,0.01,0.021,0.01,0.048,0.047,
0.0,0.005,0.023,0.042,0.054,0.027,0.039,0.013,0.023,0.043,
0.0,0.009,0.014,0.012,0.003,0.018,0.0,0.006,-0.005,0.008,
0.0,0.078,0.06,0.028,-0.006,0.005,0.036,0.04,0.046,0.03,
0.0,0.015,0.03,0.013,0.031,0.028,0.032,0.053,0.043,0.039,
0.0,0.05,-0.001,0.051,0.02,0.013,0.005,0.039,-0.032,-0.02,
0.0,0.045,0.06,0.006,-0.013,0.028,-0.014,0.012,-0.027,-0.008,
0.0,0.012,0.015,0.003,-0.006,-0.018,-0.01,0.026,0.027,0.022,
0.0,-0.007,0.031,-0.001,0.01,-0.001,-0.016,-0.022,0.007,0.005,
0.0,0.005,0.043,0.043,0.027,0.048,0.048,0.032,0.031,0.008,
0.0,-0.007,-0.01,0.012,0.024,-0.005,-0.002,-0.014,-0.011,0.013,
0.0,0.041,-0.008,-0.027,0.01,-0.044,-0.024,0.025,-0.09,0.007,
0.0,-0.02,-0.036,-0.04,-0.025,-0.006,0.008,-0.008,-0.027,0.005,
0.0,0.066,0.032,0.031,0.012,0.039,0.021,0.015,0.026,0.033,
0.0,0.0,0.0,-0.005,-0.005,0.008,0.01,-0.014,-0.019,-0.025,
0.0,0.025,-0.005,0.004,0.009,-0.003,0.026,-0.018,-0.015,-0.003,
0.0,0.046,0.055,0.067,0.079,0.044,0.079,0.003,0.021,-0.003,
0.0,0.007,0.009,-0.001,0.072,0.012,0.034,0.012,0.046,0.001,
0.0,-0.006,0.002,0.004,0.005,0.025,0.013,0.009,0.01,0.014,
0.0,0.008,-0.032,-0.014,0.057,0.016,0.027,0.003,0.019,-0.004,
0.0,0.027,0.026,0.054,0.037,0.007,0.033,0.001,-0.027,-0.004,
0.0,0.023,0.032,0.004,0.029,0.016,0.038,0.037,0.061,0.003,
0.0,0.026,0.033,0.015,-0.006,0.003,0.006,-0.062,-0.064,-0.063,
0.0,0.008,0.032,0.008,0.022,0.024,0.026,0.023,0.008,0.003,
0.0,0.019,0.071,0.035,0.028,0.029,0.059,0.052,0.031,-0.007,
0.0,0.089,0.032,0.035,0.039,0.041,0.022,-0.008,-0.006,-0.02,
0.0,0.01,-0.003,0.09,0.081,0.145,0.117,0.143,0.133,0.129,
0.0,0.064,0.017,0.062,0.066,0.088,0.089,0.069,0.062,0.062,
0.0,0.042,0.034,0.02,0.028,0.027,0.024,0.018,0.014,0.024,
0.0,0.03,0.018,0.023,0.006,-0.008,-0.004,-0.001,0.031,-0.004,
0.0,0.0,0.0,0.0,0.0,0.015,0.023,0.012,-0.016,-0.026,
0.0,-0.02,0.007,0.021,0.025,0.005,0.008,0.004,-0.003,0.023,
0.0,0.021,0.047,0.023,0.016,0.05,0.026,0.021,0.011,0.006,
0.0,0.052,0.038,0.046,0.063,0.056,0.033,0.025,0.03,0.033,
0.0,0.037,0.025,0.024,0.036,0.044,0.04,0.031,0.027,0.003,
0.0,0.036,0.021,0.069,0.028,0.071,0.015,0.061,0.03,0.022,
0.0,0.011,-0.028,0.01,-0.009,0.031,0.067,0.109,0.103,0.1,
0.0,0.047,0.072,0.083,0.068,0.04,0.08,0.078,0.069,0.057,
0.0,0.016,-0.039,-0.005,0.026,0.013,0.007,0.005,0.003,-0.002,
0.0,0.008,0.01,-0.002,-0.044,-0.032,0.005,-0.02,-0.003,0.003,
0.0,0.053,0.024,0.066,0.061,0.019,-0.013,0.019,-0.018,0.003,
0.0,0.03,0.054,0.069,0.066,0.109,0.03,0.052,0.027,0.087,
0.0,0.012,0.022,0.043,0.059,0.064,0.05,0.053,0.087,0.096,
0.0,0.016,0.016,0.031,-0.011,-0.043,-0.023,-0.034,-0.026,-0.036,
0.0,0.0,0.003,0.025,0.048,0.066,-0.003,0.005,0.051,0.059,
0.0,0.011,0.036,0.09,0.103,0.06,0.072,0.066,0.003,-0.028,
0.0,0.045,0.014,0.055,0.098,0.106,0.087,0.049,0.071,0.08,
0.0,0.0,-0.004,-0.002,0.006,0.008,0.018,0.024,0.011,0.009,
0.0,0.0,0.0,0.0,0.0,0.0,0.0,0.0,0.0,0.0,
0.0,-0.004,0.017,0.015,0.008,0.011,0.009,0.0,0.011,0.006,
0.0,0.026,0.055,0.103,0.099,0.117,0.104,0.118,0.092,-0.007,
0.0,0.015,0.014,0.039,0.011,-0.005,0.011,0.008,-0.026,-0.045,
0.0,0.063,0.069,0.096,0.102,0.094,0.089,0.093,0.073,0.094,
0.0,0.012,0.056,-0.025,0.03,0.041,0.067,0.006,-0.01,-0.036,
0.0,0.0,0.0,0.0,0.0,0.0,0.0,0.0,0.0,0.0,
0.0,0.051,0.087,0.034,0.038,0.02,0.0,-0.015,-0.014,-0.026,
0.0,0.047,0.068,0.071,0.072,0.031,0.064,0.049,0.022,-0.003,
0.0,0.015,0.006,0.037,0.053,0.05,0.028,0.06,0.055,0.018,
0.0,0.042,0.033,0.079,0.063,0.048,0.068,0.088,0.036,0.021,
0.0,0.033,0.035,0.053,0.07,0.033,0.074,0.066,0.045,0.044,
0.0,0.013,0.049,-0.025,-0.01,-0.008,-0.025,0.003,0.012,0.013,
0.0,-0.004,0.029,0.066,0.041,0.11,0.077,0.087,0.124,0.159,
0.0,0.018,0.031,0.009,0.043,0.029,0.031,0.023,-0.012,0.0,
0.0,0.033,0.039,0.088,0.103,0.018,0.063,0.082,0.037,0.051,
0.0,0.008,0.053,0.038,0.027,-0.039,-0.012,-0.043,-0.012,-0.039,
0.0,0.007,0.018,0.019,0.02,0.027,0.031,0.023,0.082,0.09,
0.0,0.025,0.042,0.02,0.007,-0.007,0.023,0.012,0.013,0.008,
0.0,0.007,-0.006,-0.005,-0.003,0.0,-0.058,-0.007,-0.01,-0.032,
0.0,0.019,0.042,0.052,0.043,0.032,0.052,0.062,0.053,0.06,
0.0,0.028,0.039,0.047,0.085,0.088,0.056,0.066,0.025,0.035,
0.0,0.013,0.047,0.019,-0.026,-0.074,-0.112,-0.053,-0.118,-0.13,
0.0,0.014,0.01,-0.017,0.003,0.018,0.043,0.056,0.076,0.071,
0.0,0.067,0.081,0.073,0.076,0.067,0.022,0.025,0.057,0.07,
0.0,0.0,0.0,0.0,0.0,0.0,0.0,0.0,0.0,0.0,
0.0,0.024,0.031,0.086,0.071,0.069,0.073,0.076,0.067,0.044,
0.0,0.015,0.027,0.075,0.03,0.021,0.013,0.032,0.025,0.087,
0.0,0.013,0.002,-0.027,-0.047,-0.049,-0.06,-0.047,-0.017,-0.036,
0.0,0.03,0.025,0.01,-0.03,0.01,0.005,-0.02,-0.017,-0.039,
0.0,0.03,0.052,0.043,0.008,0.003,-0.016,-0.038,-0.021,-0.037,
0.0,0.043,0.092,0.082,0.084,0.064,0.099,0.14,0.109,0.158,
0.0,0.021,0.061,0.059,0.039,0.074,0.077,0.068,0.063,0.091,
0.0,0.075,0.092,0.07,0.074,0.07,0.03,0.071,0.112,0.089,
0.0,0.038,0.013,0.044,0.012,0.027,0.01,0.01,0.003,0.002,
0.0,0.022,0.039,0.082,0.11,0.073,0.073,0.055,0.041,0.023,
0.0,0.0,0.009,-0.012,-0.039,-0.046,-0.027,-0.011,0.007,-0.013,
0.0,0.05,0.071,0.118,0.147,0.15,0.157,0.155,0.076,0.068,
0.0,0.0,0.0,0.0,0.0,0.0,0.0,0.0,0.0,0.0,
0.0,0.055,0.06,0.07,0.068,0.054,0.078,0.08,0.03,0.073,
0.0,0.032,0.001,-0.028,0.023,0.029,-0.017,0.014,0.019,0.017,
0.0,-0.011,0.012,0.024,0.003,0.013,-0.023,0.003,0.0,0.018,
0.0,0.008,0.0,0.01,0.044,0.023,0.026,0.018,0.017,0.04,
0.0,0.049,0.096,0.079,0.116,0.098,0.057,0.066,0.099,0.117,
0.0,0.023,-0.02,-0.013,-0.019,-0.028,-0.015,-0.007,-0.017,-0.007,
0.0,0.014,0.046,0.05,0.012,0.051,0.034,0.047,0.03,0.063,
0.0,0.042,0.011,-0.003,0.039,0.013,-0.018,-0.025,-0.031,0.0,
0.0,0.004,0.004,0.006,-0.026,-0.061,-0.06,-0.062,-0.041,-0.029,
0.0,0.077,0.043,0.059,0.063,0.066,0.102,0.099,0.107,0.1,
0.0,0.058,0.098,0.084,0.075,0.064,0.066,0.045,0.052,0.082,
0.0,0.051,0.061,0.065,-0.006,-0.041,0.051,0.089,0.074,0.05,
0.0,0.043,0.032,0.021,0.03,0.016,0.022,0.008,0.064,0.042,
0.0,0.02,0.008,0.021,-0.023,-0.035,-0.038,-0.038,-0.04,-0.038,
0.0,0.042,0.033,0.037,0.066,0.094,0.088,0.089,0.094,0.076,
0.0,0.022,0.088,-0.002,-0.045,-0.029,-0.017,-0.014,-0.014,-0.004,
0.0,0.076,0.043,0.052,0.048,0.094,0.059,0.071,0.07,0.057,
0.0,0.023,0.045,-0.003,0.022,0.079,0.043,0.074,0.057,0.066,
0.0,0.026,0.048,0.059,0.106,0.099,0.052,0.048,0.007,0.055,
0.0,0.051,0.056,0.065,0.11,0.113,0.098,0.134,0.144,0.118,
0.0,-0.001,0.004,0.033,-0.006,-0.037,0.003,0.002,0.0,0.045,
0.0,0.016,0.076,0.119,0.113,0.17,0.14,0.152,0.142,0.18,
0.0,0.082,0.121,0.099,0.131,0.135,0.161,0.098,0.081,0.014,
0.0,0.054,0.044,0.089,0.122,0.078,0.084,0.057,0.016,0.028,
0.0,0.005,0.02,0.028,0.019,0.013,-0.013,-0.03,-0.043,-0.041,
0.0,0.003,0.036,0.074,-0.003,0.005,0.045,0.016,0.025,0.06,
0.0,0.036,0.089,0.063,0.045,0.026,0.026,0.038,0.063,0.048,
0.0,0.031,0.076,0.006,0.014,0.059,0.028,-0.005,0.03,0.013,
0.0,0.021,0.045,0.045,0.017,0.05,-0.027,0.005,0.005,0.023,
0.0,0.0,0.0,0.0,0.0,0.0,0.0,0.0,0.0,0.0,
0.0,0.04,0.028,0.054,0.054,0.084,0.083,0.062,0.088,0.041,
0.0,0.02,-0.003,0.017,0.009,-0.021,-0.038,-0.029,-0.022,-0.034,
0.0,0.0,0.0,0.0,0.0,0.0,0.0,0.0,0.0,0.0,
0.0,0.047,0.04,0.081,0.12,0.163,0.105,0.069,0.082,0.073,
0.0,0.051,0.039,0.05,-0.006,-0.019,0.027,0.002,-0.055,-0.049,
0.0,0.055,0.042,0.047,0.035,0.106,0.078,0.066,0.105,0.08,
0.0,0.051,0.058,0.0,-0.027,-0.018,-0.009,-0.009,-0.007,0.012,
0.0,0.058,-0.011,-0.03,0.014,0.026,0.078,0.087,0.077,0.078,
0.0,0.014,0.028,0.023,0.008,0.002,0.003,0.002,-0.005,-0.002,
0.0,0.063,0.044,0.088,0.094,0.079,0.034,0.028,0.058,0.079,
0.0,0.016,0.015,0.041,0.071,0.05,0.036,0.035,0.082,0.091,
0.0,0.01,0.046,-0.008,-0.054,-0.068,-0.051,-0.109,-0.082,-0.069,
0.0,0.083,0.055,0.03,0.036,-0.011,0.014,-0.01,0.035,0.024,
0.0,0.0,0.0,0.0,0.0,0.0,0.0,0.0,0.0,0.0,
0.0,0.031,0.057,0.037,0.035,0.04,0.03,0.048,0.026,0.056,
0.0,-0.004,0.018,0.059,0.026,0.015,0.017,0.013,-0.012,-0.003,
0.0,0.027,0.02,0.007,-0.001,0.01,0.01,0.004,0.013,0.013,
0.0,0.034,0.015,-0.002,-0.003,-0.013,0.037,0.063,0.021,0.048,
0.0,0.027,0.053,0.061,0.042,0.036,0.032,0.03,0.062,0.079,
0.0,-0.003,0.015,0.035,0.057,0.077,0.068,0.071,0.056,0.052,
0.0,0.04,0.019,0.018,0.022,0.084,0.13,0.109,0.103,0.104,
0.0,0.041,0.019,0.042,0.076,0.05,0.019,0.029,0.038,0.016,
0.0,0.003,-0.02,0.013,0.012,0.024,0.002,-0.009,-0.057,-0.023,
0.0,0.0,0.0,0.0,0.0,0.0,0.0,0.0,0.0,0.0,
0.0,0.029,0.023,-0.008,0.021,0.04,0.025,0.022,0.038,0.024,
0.0,0.008,0.061,0.056,0.085,0.08,0.044,0.033,0.047,0.08,
0.0,0.037,0.053,0.039,0.019,0.034,0.039,0.028,0.04,0.031,
0.0,0.012,0.024,0.053,0.058,0.054,0.077,0.056,0.032,0.018,
0.0,0.041,0.036,0.04,0.11,0.11,0.094,0.038,0.024,0.114,
0.0,0.011,0.007,0.008,0.02,-0.012,-0.003,0.011,0.03,0.0,
0.0,0.0,0.0,0.0,0.013,0.02,-0.017,-0.014,0.003,-0.021,
0.0,0.008,0.018,0.04,0.068,0.065,0.089,0.107,0.101,0.072,
0.0,0.0,0.006,0.002,0.0,-0.031,-0.042,-0.045,-0.044,-0.046,
0.0,0.052,0.055,0.071,0.05,0.036,0.062,0.066,0.107,0.073,
0.0,0.069,0.082,0.011,-0.013,0.014,0.011,-0.008,-0.002,-0.005,
0.0,0.011,0.044,0.042,0.039,0.066,0.084,0.066,0.092,0.089,
0.0,0.027,0.015,0.031,0.049,0.108,0.092,0.091,0.113,0.093,
0.0,0.0,0.02,0.005,0.005,0.003,0.003,0.003,0.003,0.003,
0.0,0.017,0.016,0.03,0.038,0.039,0.048,0.011,-0.01,0.007,
0.0,0.03,0.077,0.058,0.008,0.003,0.01,0.002,0.039,0.025,
0.0,0.049,0.08,0.059,0.023,0.034,0.066,0.054,0.037,0.103,
0.0,0.004,0.064,0.044,0.065,0.039,0.048,0.045,0.06,0.056,
0.0,0.064,0.087,0.053,0.083,0.069,0.112,0.083,0.059,0.077,
0.0,0.006,0.009,0.05,0.027,-0.045,-0.073,-0.039,-0.02,0.002,
0.0,0.019,-0.013,0.032,0.06,0.067,0.039,0.067,0.038,0.005,
0.0,0.037,0.07,0.08,0.044,0.112,0.115,0.072,0.059,0.111,
0.0,0.053,0.06,0.079,0.064,0.03,0.062,0.099,0.111,0.109,
0.0,0.046,0.074,0.123,0.056,0.047,0.046,0.095,0.05,0.043,
0.0,0.0,0.0,0.0,0.0,0.0,0.0,0.0,0.0,0.0,
0.0,0.006,-0.041,-0.003,-0.007,-0.002,0.0,-0.011,0.015,0.021,
0.0,0.057,0.017,0.01,-0.017,0.05,0.046,0.028,0.031,0.01,
0.0,0.036,0.01,0.017,0.005,0.024,0.049,0.045,0.025,0.015,
0.0,0.039,0.016,0.066,0.046,0.062,0.093,0.078,0.105,0.128,
0.0,-0.012,0.034,0.009,0.015,0.047,0.025,0.025,0.04,0.037,
0.0,0.031,0.043,0.018,-0.008,-0.01,-0.018,-0.018,-0.018,-0.012,
0.0,0.038,0.047,0.037,0.084,0.074,0.051,0.043,0.036,0.029,
0.0,0.006,0.023,-0.034,-0.062,-0.104,-0.127,-0.095,-0.065,-0.058,
0.0,0.0,0.0,-0.017,0.035,0.028,-0.013,-0.013,-0.015,-0.045,
0.0,0.04,0.0,-0.017,-0.04,-0.027,-0.023,-0.022,-0.033,-0.033,
0.0,0.0,0.0,0.0,0.0,0.0,0.0,0.0,0.0,0.0,
0.0,0.034,0.065,0.076,0.073,0.102,0.113,0.104,0.117,0.107,
0.0,0.049,0.01,0.037,0.02,0.045,0.068,0.061,0.018,0.028,
0.0,0.03,0.01,0.027,0.032,0.032,0.037,0.031,0.032,0.031,
0.0,0.025,-0.019,0.027,0.062,0.085,0.045,0.052,0.099,0.04,
0.0,0.017,0.036,0.063,0.071,0.11,0.108,0.072,0.111,0.087,
0.0,0.029,0.083,0.095,0.078,0.074,0.084,0.063,0.075,0.086,
0.0,0.0,0.0,0.0,0.0,0.0,0.0,0.0,0.0,0.0,
0.0,0.05,-0.003,0.02,0.025,0.033,-0.007,-0.01,0.002,-0.002,
0.0,0.03,0.028,0.048,0.037,0.09,0.074,0.046,0.07,0.018,
0.0,0.034,0.053,0.083,0.117,0.063,0.095,0.093,0.042,0.1,
0.0,0.026,0.015,0.071,0.086,0.101,0.075,0.05,0.03,0.05,
0.0,-0.005,0.035,-0.021,0.023,0.007,-0.017,-0.027,-0.03,-0.039,
0.0,0.0,0.0,0.0,0.0,0.0,0.0,0.0,0.0,0.0,
0.0,0.028,-0.011,-0.032,-0.024,-0.019,0.044,0.043,0.038,0.027,
0.0,0.03,0.028,0.033,0.053,0.017,0.078,0.13,0.093,0.092,
0.0,0.035,0.025,0.064,0.083,0.073,0.086,0.08,0.074,0.073,
0.0,0.0,0.034,0.038,0.015,0.085,0.082,0.094,0.08,0.085,
0.0,0.038,0.05,0.042,0.103,0.12,0.08,0.107,0.088,0.049,
0.0,0.035,0.063,0.041,0.051,0.019,0.06,0.062,0.057,0.031,
0.0,0.007,-0.001,0.048,0.087,0.064,0.036,0.049,0.045,0.062,
0.0,0.029,0.062,0.062,0.078,0.125,0.102,0.069,0.047,0.033,
0.0,0.018,0.064,0.043,0.1,0.096,0.064,0.051,0.043,0.109,
0.0,0.024,0.012,0.023,0.034,0.049,0.048,0.084,0.087,0.098,
0.0,0.008,0.024,-0.006,0.008,0.025,0.008,-0.02,0.015,0.005,
0.0,0.0,0.0,0.0,0.0,0.0,0.0,0.0,0.0,0.0,
0.0,0.026,0.027,0.041,0.042,0.036,0.046,0.055,0.015,0.062,
0.0,0.084,0.05,0.057,0.026,0.058,0.034,0.015,0.007,-0.022,
0.0,0.021,0.003,0.008,0.018,0.002,-0.032,0.0,0.024,0.002,
0.0,0.017,-0.009,0.032,0.032,0.034,0.027,0.012,0.036,0.021,
0.0,0.034,0.066,0.061,0.067,0.037,0.07,0.086,0.074,0.086,
0.0,0.017,-0.023,0.011,-0.008,0.026,0.034,0.072,0.106,0.096,
0.0,0.036,0.048,0.062,0.085,0.053,0.067,0.064,0.069,0.042,
0.0,0.001,0.025,0.003,-0.011,-0.012,-0.025,0.016,0.064,0.082,
0.0,0.0,0.0,0.0,0.0,0.0,0.0,0.0,0.0,0.0,
0.0,0.096,0.1,0.131,0.142,0.123,0.139,0.116,0.132,0.116,
0.0,0.008,0.03,0.036,0.077,0.1,0.066,0.038,0.054,0.043,
0.0,0.022,-0.003,0.005,-0.032,-0.045,0.019,0.033,0.024,0.025,
0.0,-0.001,0.021,0.034,0.001,0.012,-0.001,0.007,0.007,0.007,
0.0,0.069,0.08,0.079,0.117,0.132,0.118,0.136,0.152,0.118,
0.0,0.03,0.032,-0.043,-0.01,-0.016,0.066,0.008,0.041,0.01,
0.0,0.007,0.033,0.034,0.023,-0.003,-0.017,-0.003,0.01,0.014,
0.0,0.012,0.017,-0.037,-0.051,-0.051,-0.021,-0.019,-0.052,-0.049,
0.0,0.047,0.038,0.005,0.055,0.035,0.037,0.034,0.092,0.072,
0.0,0.02,0.024,0.001,0.024,0.0,0.037,0.033,0.078,0.113,
0.0,0.074,0.04,0.032,0.077,0.062,0.085,-0.003,0.012,0.024,
0.0,0.015,0.007,0.016,0.005,0.057,0.038,0.009,0.003,0.0,
0.0,0.056,0.048,0.008,0.0,0.005,0.05,0.072,0.102,0.111,
0.0,0.03,-0.009,-0.023,-0.018,0.043,-0.048,-0.036,-0.076,-0.039,
0.0,0.067,0.05,0.041,0.064,0.066,0.11,0.112,0.102,0.134,
0.0,0.039,0.069,0.054,0.014,0.034,0.071,0.091,0.104,0.057,
0.0,0.0,0.0,0.0,0.0,0.0,0.0,0.0,0.0,0.0,
0.0,0.042,-0.027,0.007,0.012,-0.013,-0.015,-0.005,-0.009,-0.01,
0.0,0.015,0.079,0.105,0.081,0.052,0.073,-0.016,0.011,0.046,
0.0,0.019,0.003,0.039,0.029,0.053,0.014,0.039,0.062,0.067,
0.0,0.018,-0.045,-0.044,-0.041,0.028,0.02,-0.031,-0.08,-0.077,
0.0,0.038,0.055,0.057,0.073,0.034,0.022,0.064,0.055,0.055,
0.0,0.007,0.012,0.02,0.023,0.047,0.053,0.014,0.045,0.036,
0.0,0.027,-0.009,0.056,0.073,0.096,0.07,0.059,0.052,0.069,
0.0,0.086,0.027,0.012,0.016,0.025,0.003,0.04,-0.025,0.037,
0.0,0.026,0.048,0.069,0.027,0.04,0.032,0.065,0.131,0.141,
0.0,0.018,0.033,0.03,0.045,0.005,0.003,0.003,-0.02,-0.01,
0.0,0.0,0.0,0.0,0.0,0.0,0.0,0.0,0.0,0.0,
0.0,0.016,0.047,0.117,0.079,0.067,0.047,0.07,0.091,0.1,
0.0,0.023,0.057,0.067,0.063,0.05,0.031,0.032,0.051,0.056,
0.0,0.066,0.061,0.044,0.073,0.07,0.092,0.031,0.093,0.065,
0.0,0.04,0.011,0.015,0.008,0.007,0.0,0.023,0.017,-0.02,
0.0,0.003,-0.027,0.006,0.042,0.033,0.023,0.034,0.012,0.005,
0.0,0.034,0.044,0.123,0.072,0.103,0.097,0.116,0.081,0.063,
0.0,0.026,0.068,0.036,0.059,0.038,0.022,0.011,0.048,0.048,
0.0,-0.008,0.046,-0.006,0.008,0.04,0.032,0.035,0.005,0.017,
0.0,0.017,0.029,0.058,0.049,0.058,0.027,0.072,0.11,0.096,
0.0,0.047,0.018,0.003,-0.019,0.026,-0.005,0.042,0.029,0.065,
0.0,0.042,0.022,0.022,0.041,0.036,0.041,0.052,0.073,0.064,
0.0,0.058,0.039,0.059,0.084,0.129,0.094,0.118,0.139,0.126,
0.0,0.038,-0.01,0.028,-0.023,-0.024,-0.014,-0.019,0.003,0.0,
0.0,0.057,0.034,0.056,0.054,-0.005,0.054,0.091,0.108,0.127,
0.0,0.048,0.019,-0.008,0.039,0.02,0.051,0.043,0.038,0.023,
0.0,0.047,0.06,0.049,0.038,0.021,0.014,-0.003,0.053,0.076,
0.0,-0.003,-0.042,0.002,0.007,-0.017,-0.028,-0.043,-0.063,-0.06,
0.0,0.048,0.107,0.027,0.024,-0.011,-0.005,-0.002,0.0,-0.008,
0.0,0.043,0.053,0.063,0.087,0.06,0.035,0.029,0.027,0.017,
0.0,0.054,0.0,0.013,0.062,0.048,0.021,0.008,0.063,0.068,
0.0,0.004,0.033,0.02,0.056,0.094,0.094,0.084,0.043,0.047,
0.0,0.052,0.062,0.025,0.046,0.045,0.083,0.073,0.058,0.036,
0.0,0.009,0.03,0.039,0.032,0.085,0.095,0.097,0.052,0.056,
0.0,0.031,0.069,0.057,0.049,0.082,0.051,0.107,0.101,0.115,
0.0,0.001,-0.016,-0.002,0.024,0.059,0.078,0.019,0.009,0.044,
0.0,0.014,0.034,0.029,0.081,0.11,0.14,0.096,0.097,0.125,
0.0,0.0,0.0,0.0,0.0,0.007,0.007,0.007,0.009,0.007,
0.0,0.044,0.039,0.059,0.086,0.059,0.059,0.095,0.083,0.071,
0.0,0.004,0.033,0.042,0.051,0.091,0.107,0.087,0.084,0.131,
0.0,-0.012,-0.003,0.03,0.028,-0.044,-0.038,0.015,0.043,0.042,
0.0,0.007,0.006,0.02,0.03,0.03,0.069,0.06,0.029,0.033,
0.0,0.042,0.058,0.061,0.055,0.02,0.009,0.078,0.039,-0.016,
0.0,0.021,0.019,-0.031,0.01,0.007,0.022,-0.012,-0.007,-0.012,
0.0,0.026,0.028,0.068,0.041,0.043,0.088,0.079,0.107,0.045,
0.0,0.011,0.007,0.047,0.016,0.009,0.003,0.023,0.003,0.015,
0.0,0.013,0.051,0.064,0.023,0.041,0.032,0.035,0.025,0.067,
0.0,0.015,-0.043,-0.045,-0.036,-0.035,-0.007,-0.002,0.002,0.003,
0.0,0.026,0.071,0.081,0.026,-0.012,0.01,0.0,0.041,0.022,
0.0,-0.003,0.014,-0.025,-0.015,0.01,0.028,0.025,-0.033,0.003,
0.0,0.054,0.047,0.042,0.029,0.035,0.024,0.022,0.021,0.036,
0.0,0.0,0.0,0.0,0.0,0.0,0.0,0.0,0.0,0.0,
0.0,0.017,-0.006,-0.038,-0.015,0.002,0.014,0.015,0.01,0.002,
0.0,0.0,0.03,0.056,0.045,0.042,0.04,0.048,0.042,0.043,
0.0,0.072,0.107,0.043,0.028,0.063,0.026,0.094,0.09,0.061,
0.0,0.001,0.003,0.002,-0.005,0.01,0.003,0.024,0.033,0.023,
0.0,0.071,0.063,0.088,0.033,0.045,-0.005,-0.012,0.007,0.004,
0.0,0.035,0.083,0.075,0.083,0.085,0.087,0.104,0.035,0.088,
0.0,0.001,-0.005,0.0,-0.002,0.0,0.0,0.0,0.0,0.0,
0.0,0.02,0.07,0.047,0.017,0.081,0.104,0.061,0.073,0.09,
0.0,0.05,0.018,-0.014,0.037,0.043,0.045,0.047,0.048,0.047,
0.0,0.011,0.024,0.033,0.028,0.036,0.033,0.016,0.0,0.024,
0.0,0.027,-0.001,0.032,0.02,0.014,0.011,0.03,0.039,0.037,
0.0,0.086,0.08,0.077,0.106,0.107,0.057,0.087,0.125,0.144,
0.0,0.04,0.079,-0.003,0.06,0.027,0.046,0.042,0.06,0.061,
0.0,0.018,0.006,0.003,-0.007,-0.007,-0.022,-0.035,-0.038,-0.038,
0.0,0.0,0.0,0.0,0.0,0.0,0.0,0.0,0.0,0.0,
0.0,0.037,-0.001,0.039,0.052,0.011,0.014,0.022,0.002,-0.011,
0.0,0.006,0.009,0.053,-0.018,-0.06,-0.061,-0.008,-0.019,-0.052,
0.0,0.036,0.009,0.066,0.082,0.075,0.092,0.061,0.07,0.078,
0.0,0.001,0.02,-0.006,0.011,0.034,0.04,0.029,0.0,0.026,
0.0,0.022,0.042,0.095,0.081,0.06,0.052,0.083,0.093,0.115,
0.0,-0.004,-0.015,0.032,0.058,-0.008,0.073,0.054,0.073,0.055,
0.0,0.012,0.022,0.041,0.04,0.041,0.04,0.04,0.04,0.04,
0.0,0.083,0.065,0.084,0.122,0.128,0.138,0.114,0.095,0.149,
0.0,0.039,0.032,0.005,-0.016,-0.013,-0.021,-0.013,-0.021,-0.023,
0.0,0.001,0.046,0.023,0.025,0.043,0.109,0.055,0.089,0.069,
0.0,0.017,0.052,0.04,0.015,0.051,0.137,0.094,0.095,0.045,
0.0,0.039,0.078,0.065,0.081,0.051,0.048,0.03,0.043,0.025,
0.0,-0.001,0.03,0.077,0.08,0.081,0.077,0.069,0.066,0.097,
0.0,0.011,0.043,-0.036,-0.015,0.028,0.011,0.018,0.039,0.041,
0.0,0.036,0.01,0.037,0.053,0.041,0.044,0.053,0.08,0.057,
0.0,0.0,0.014,0.013,0.013,-0.002,0.022,0.008,0.005,0.003,
0.0,0.018,-0.049,-0.062,-0.068,-0.019,-0.009,-0.014,0.026,0.011,
0.0,0.059,0.042,0.063,0.097,0.088,0.09,0.03,0.077,0.1,
0.0,0.024,0.032,0.047,0.04,0.031,0.036,0.07,0.029,0.016,
0.0,-0.013,0.032,-0.003,-0.008,-0.01,0.027,0.05,0.045,0.037,
0.0,0.042,0.011,0.061,0.111,0.077,0.035,0.005,0.05,0.055,
0.0,0.007,0.022,0.019,0.005,-0.005,-0.007,-0.038,-0.019,-0.012,
0.0,0.064,0.074,0.095,0.034,0.017,-0.021,-0.021,-0.029,-0.034,
0.0,0.04,0.057,0.034,0.023,0.053,0.039,0.017,0.027,0.005,
0.0,0.04,0.074,0.07,0.099,0.071,0.073,0.122,0.098,0.07,
0.0,0.0,0.0,0.0,0.0,0.0,0.0,0.0,0.0,0.0,
0.0,0.0,0.0,0.0,0.0,0.0,0.0,0.0,0.0,0.0,
0.0,0.063,0.091,0.105,0.095,0.127,0.11,0.109,0.089,0.089,
0.0,0.0,0.0,0.0,0.0,0.0,0.022,0.007,0.002,0.0,
0.0,0.011,-0.011,-0.03,-0.009,0.059,0.048,0.036,0.007,-0.016,
0.0,0.044,0.006,-0.052,-0.055,-0.039,-0.023,-0.01,0.015,0.039,
0.0,0.0,0.027,0.014,0.002,-0.019,0.017,-0.008,0.008,-0.008,
0.0,0.004,0.013,0.024,0.028,0.034,0.027,0.039,0.036,0.031,
0.0,0.011,0.054,0.036,0.042,0.063,0.044,0.015,0.02,0.042,
0.0,-0.004,0.03,0.081,0.078,0.012,0.035,0.019,0.013,0.021,
0.0,0.042,0.061,0.044,0.008,0.059,0.037,0.065,0.038,0.045,
0.0,-0.024,0.05,0.011,0.02,-0.005,-0.012,-0.022,-0.012,-0.026,
0.0,0.042,0.042,0.055,0.07,0.083,0.1,0.097,0.093,0.092,
0.0,0.003,0.017,0.003,-0.002,-0.026,-0.033,-0.064,-0.093,-0.046,
0.0,0.038,0.124,0.104,0.09,0.086,0.081,0.125,0.097,0.105,
0.0,0.053,0.017,-0.018,0.003,-0.018,-0.021,-0.024,-0.021,-0.024,
0.0,0.039,0.091,0.08,0.064,0.056,0.071,0.051,0.06,0.088,
0.0,0.054,-0.004,0.043,0.032,0.018,0.005,0.003,-0.023,-0.027,
0.0,0.008,0.029,-0.011,-0.006,0.006,0.075,0.075,0.043,-0.024,
0.0,0.033,0.033,0.022,0.0,0.01,0.006,0.012,0.009,0.024,
0.0,0.009,0.028,0.034,0.035,0.029,0.022,0.007,-0.012,-0.002,
0.0,0.066,0.048,0.083,0.057,0.034,0.034,0.051,0.06,0.06,
0.0,-0.006,-0.015,0.0,0.0,0.015,0.104,0.051,0.044,-0.005,
0.0,0.0,0.03,0.053,0.081,0.053,0.077,0.05,0.057,0.071,
0.0,0.031,0.024,0.027,0.093,0.065,0.068,0.125,0.097,0.065,
0.0,0.016,0.013,0.051,0.087,0.052,0.084,0.092,0.083,0.083,
0.0,0.069,0.096,0.1,0.099,0.163,0.154,0.153,0.135,0.182,
0.0,0.021,0.044,0.03,0.0,0.033,0.031,0.043,0.01,0.006,
0.0,0.001,-0.003,-0.023,-0.03,0.05,0.0,0.09,0.041,0.105,
0.0,0.01,-0.034,-0.072,-0.034,0.017,-0.014,-0.005,-0.027,-0.034,
0.0,0.015,0.056,0.057,0.088,0.105,0.127,0.076,0.055,0.062,
0.0,0.051,0.053,0.034,0.032,0.054,0.074,0.067,0.049,0.059,
0.0,0.04,0.029,0.022,0.059,0.048,0.036,0.029,-0.025,0.043,
0.0,0.053,0.049,0.067,0.016,0.0,-0.008,0.0,-0.013,0.054,
0.0,0.032,0.019,0.01,-0.003,0.003,0.003,0.013,0.007,0.012,
0.0,0.06,0.046,0.063,0.059,0.088,0.082,0.073,0.085,0.049,
0.0,0.057,0.046,0.098,0.072,0.072,0.121,0.105,0.007,-0.029,
0.0,0.057,-0.021,-0.073,-0.023,-0.032,-0.034,-0.036,-0.024,-0.021,
0.0,0.04,0.053,0.036,0.079,0.11,0.103,0.153,0.078,0.102,
0.0,0.049,0.044,0.067,0.069,0.035,0.013,0.04,0.046,0.046,
0.0,0.067,0.056,0.084,0.069,0.069,0.037,0.005,0.032,0.021,
0.0,0.077,0.114,0.106,0.11,0.079,0.112,0.083,0.084,0.112,
0.0,0.035,0.035,0.055,0.068,0.055,0.088,0.049,0.025,0.071,
0.0,0.065,-0.006,0.005,-0.015,-0.028,-0.005,0.015,0.019,-0.027,
0.0,0.013,-0.016,-0.009,-0.003,0.005,0.008,0.006,0.006,0.006,
0.0,0.02,0.039,0.101,0.128,0.117,0.144,0.139,0.128,0.133,
0.0,0.022,0.047,-0.016,0.013,0.045,0.071,0.054,0.032,0.004,
0.0,0.0,0.08,0.057,0.05,0.085,0.115,0.078,0.098,0.137,
0.0,0.029,0.024,0.027,0.005,0.021,0.081,0.042,0.071,0.071,
0.0,0.028,0.074,0.121,0.057,0.063,0.105,0.08,0.053,0.033,
0.0,0.0,0.003,0.006,0.0,0.0,0.0,0.0,0.0,0.018,
0.0,0.03,0.034,0.058,0.06,0.051,0.005,0.047,0.039,0.087,
0.0,-0.004,-0.018,-0.053,-0.066,-0.055,-0.059,-0.104,-0.022,0.055,
0.0,0.001,-0.01,0.004,0.023,0.054,0.013,0.047,0.021,0.031,
0.0,0.07,0.08,0.078,0.094,0.068,0.054,0.042,0.04,0.021,
0.0,0.036,0.055,0.019,0.04,0.071,0.019,0.078,0.017,0.03,
0.0,0.006,0.085,-0.005,0.056,0.01,0.059,0.016,-0.036,0.025,
0.0,0.015,0.033,0.002,0.022,-0.008,0.006,0.048,0.005,0.039,
0.0,0.022,0.063,0.061,0.024,0.064,0.075,0.115,0.115,0.108,
0.0,0.022,-0.031,-0.007,0.036,0.022,0.009,0.027,0.041,0.009,
0.0,0.021,0.05,0.035,-0.019,-0.024,-0.024,-0.021,-0.022,-0.019,
0.0,0.008,0.034,0.053,0.07,0.074,0.074,0.054,0.094,0.052,
0.0,0.001,0.02,0.028,0.056,0.048,0.036,0.032,0.027,0.012,
0.0,0.056,0.043,0.049,0.003,0.044,0.028,0.034,0.022,0.025,
0.0,0.044,0.061,0.026,0.062,0.09,0.077,0.074,0.085,0.136,
0.0,0.042,0.069,0.066,-0.023,0.052,0.057,0.025,0.003,-0.005,
0.0,0.064,-0.036,-0.022,-0.035,0.013,0.052,0.026,0.064,0.047,
0.0,0.024,-0.01,0.029,0.059,0.003,0.011,-0.032,0.005,0.008,
0.0,-0.009,0.004,0.029,0.025,0.029,0.018,0.056,0.053,0.034,
0.0,0.0,0.0,0.0,0.0,0.0,0.0,0.0,0.0,0.0,
0.0,0.031,0.122,0.05,0.085,0.074,0.117,0.131,0.054,0.084,
0.0,0.0,0.0,0.012,0.056,0.023,-0.003,0.008,0.032,0.06,
0.0,0.052,0.053,0.078,0.041,0.068,0.057,0.067,0.065,0.096,
0.0,0.027,0.028,0.068,0.019,0.039,0.094,0.061,0.05,0.064,
0.0,0.0,0.0,0.0,0.0,0.0,0.0,0.0,0.0,0.0,
0.0,0.039,-0.009,-0.008,0.021,0.035,0.051,0.088,0.083,0.133,
0.0,0.045,0.048,0.046,0.01,0.01,0.032,0.015,0.005,0.003,
0.0,0.043,0.013,0.003,0.006,0.05,0.073,0.05,0.028,0.025,
0.0,-0.001,-0.014,0.049,-0.012,-0.019,-0.005,0.002,-0.005,-0.009,
0.0,0.03,0.0,0.022,0.056,0.048,0.05,0.043,0.071,0.044,
0.0,0.016,0.013,0.0,0.009,0.03,0.057,0.004,0.022,0.036,
0.0,0.031,0.085,0.055,0.081,0.06,0.068,0.025,0.058,0.049,
0.0,0.09,0.092,0.078,0.098,0.129,0.118,0.15,0.171,0.147,
0.0,0.0,0.0,0.0,0.0,0.0,0.0,0.0,0.0,0.0,
0.0,0.015,-0.024,0.014,-0.02,0.033,0.037,0.057,0.05,0.053,
0.0,0.001,0.013,0.005,0.011,0.041,0.035,0.019,0.029,0.035,
0.0,0.0,0.0,0.0,0.0,0.0,0.0,0.0,0.0,0.0,
0.0,0.034,0.074,0.078,0.062,0.064,0.103,0.066,0.111,0.121,
0.0,0.054,0.067,0.084,0.118,0.055,0.085,0.072,0.087,0.04,
0.0,0.021,0.001,0.03,0.033,0.04,0.058,0.044,0.06,0.049,
0.0,-0.015,0.053,-0.044,0.013,-0.01,0.003,0.048,0.054,0.057,
0.0,0.007,0.014,0.005,0.002,0.011,0.008,0.002,0.0,0.002,
0.0,0.08,0.097,0.098,0.107,0.101,0.142,0.122,0.118,0.106,
0.0,0.084,0.041,0.069,0.068,0.051,0.027,-0.026,-0.005,0.094,
0.0,0.063,0.026,0.006,0.073,0.035,0.015,0.027,0.024,0.015,
0.0,0.004,0.023,0.03,-0.027,-0.033,-0.006,0.008,0.003,0.002,
0.0,-0.006,-0.027,-0.017,-0.053,-0.006,0.006,0.026,0.002,-0.018,
0.0,0.029,0.036,0.01,0.02,-0.016,0.011,0.061,0.074,0.096,
0.0,0.054,0.092,0.096,0.108,0.083,0.055,0.018,-0.007,-0.056,
0.0,0.095,0.089,0.107,0.095,0.061,0.047,0.034,0.057,0.052,
0.0,0.003,-0.003,0.006,0.031,0.02,0.02,-0.005,0.01,0.028,
0.0,0.035,0.061,0.028,0.028,0.009,0.01,0.015,0.033,0.024,
0.0,-0.005,0.04,0.015,0.03,0.004,-0.033,0.009,-0.001,0.03,
0.0,0.013,0.03,0.042,0.01,0.017,-0.025,0.008,-0.001,0.024,
0.0,0.01,0.018,0.05,0.027,0.029,0.028,0.003,-0.005,-0.013,
0.0,0.02,0.041,0.033,0.019,0.023,0.058,0.033,0.039,0.009,
0.0,0.062,0.043,0.02,0.038,0.014,0.006,0.01,0.027,0.038,
0.0,-0.004,0.028,-0.024,-0.031,-0.052,-0.051,-0.052,-0.041,-0.046,
0.0,0.0,0.0,0.0,0.0,0.0,0.0,0.0,0.003,0.029,
0.0,0.006,-0.045,-0.044,-0.01,0.03,0.014,-0.012,-0.013,-0.016,
0.0,-0.002,-0.047,-0.023,-0.004,-0.005,0.018,0.012,-0.019,0.039,
0.0,0.014,-0.02,0.009,-0.023,-0.048,-0.023,0.006,0.045,0.003,
0.0,0.021,0.011,-0.016,0.021,-0.014,0.013,0.011,0.034,0.036,
0.0,0.004,-0.001,0.011,0.012,0.011,0.004,0.006,0.004,0.001,
0.0,-0.014,-0.05,-0.067,-0.005,-0.026,-0.03,-0.045,-0.034,-0.022,
0.0,0.044,0.041,0.024,-0.003,-0.017,0.004,0.0,0.021,0.031,
0.0,0.028,0.038,0.05,0.041,0.045,0.032,0.055,0.038,0.019,
0.0,0.044,0.009,0.02,0.021,0.009,0.015,-0.009,0.023,-0.042,
0.0,0.005,0.054,0.019,0.035,0.052,0.009,-0.001,-0.006,0.032,
0.0,0.045,0.063,0.047,0.035,0.025,0.006,0.023,0.008,0.02,
0.0,0.011,0.066,0.018,-0.004,0.03,0.053,0.045,0.044,0.01,
0.0,0.036,-0.004,-0.019,0.01,0.022,0.001,0.013,0.004,-0.021,
0.0,0.0,0.0,0.0,0.0,0.0,0.0,0.0,0.0,0.0,
0.0,0.0,0.0,0.0,0.0,0.0,0.0,0.0,0.003,0.02,
0.0,0.03,0.042,0.025,0.025,0.014,0.024,0.01,-0.006,0.009,
0.0,0.067,0.067,0.055,0.058,0.063,0.057,0.074,0.046,0.0,
0.0,-0.009,0.007,-0.004,-0.001,-0.012,-0.012,-0.001,-0.006,0.001,
0.0,0.071,0.047,0.049,0.034,0.021,0.035,0.038,0.044,0.045,
0.0,0.0,0.0,0.0,0.0,0.0,0.0,0.0,0.0,0.0,
0.0,0.034,0.063,0.067,0.086,0.063,0.045,0.014,0.02,0.02,
0.0,0.116,0.011,0.068,0.004,0.047,-0.003,0.094,-0.03,0.004,
0.0,0.001,0.02,0.032,0.034,0.056,0.056,0.072,0.07,0.07,
0.0,0.032,0.034,0.042,0.045,0.025,0.035,0.03,0.031,0.051,
0.0,0.005,0.052,0.084,0.047,0.029,0.027,0.033,-0.007,-0.013,
0.0,0.051,0.043,0.012,-0.019,-0.041,-0.05,-0.003,-0.01,-0.002,
0.0,0.056,0.051,0.015,-0.004,-0.005,0.014,0.005,0.03,0.011,
0.0,0.013,0.031,0.039,0.014,-0.019,0.025,0.016,0.042,0.016,
0.0,-0.021,0.047,-0.009,0.014,0.074,0.057,0.075,0.071,0.076,
0.0,0.0,0.0,0.0,0.0,0.0,0.0,0.0,0.0,0.0,
0.0,0.037,0.017,0.045,0.05,0.031,0.059,0.013,-0.006,0.037,
0.0,0.028,0.011,-0.011,-0.034,-0.02,-0.017,0.021,0.088,0.077,
0.0,0.0,0.011,-0.013,-0.011,-0.033,-0.035,-0.027,-0.058,-0.042,
0.0,0.064,0.111,0.079,0.044,0.074,0.081,0.032,0.075,0.094,
0.0,-0.007,0.024,-0.009,-0.006,0.003,0.012,0.029,0.019,0.0,
0.0,0.043,0.043,0.07,0.073,0.05,0.042,0.037,0.059,0.021,
0.0,0.057,0.032,0.048,0.076,0.052,0.057,0.085,0.046,0.056,
0.0,-0.013,0.021,0.055,0.03,0.005,0.025,0.034,0.037,0.086,
0.0,0.037,0.027,0.054,0.094,0.106,0.157,0.096,0.101,0.038,
0.0,0.017,0.026,0.035,0.06,0.048,0.064,0.082,0.098,0.086,
0.0,0.045,-0.004,0.037,-0.001,-0.013,0.01,0.004,0.051,0.031,
0.0,-0.004,-0.011,0.003,0.003,0.007,0.001,0.007,-0.003,-0.027,
0.0,0.057,0.069,0.054,0.023,0.018,0.028,0.024,0.018,0.036,
0.0,0.021,0.028,0.008,0.006,0.051,0.075,0.119,0.078,0.167,
0.0,0.058,0.037,0.036,0.033,0.03,0.004,0.032,0.046,0.042,
0.0,0.0,0.006,0.034,0.027,0.01,0.013,0.038,0.04,0.033,
0.0,-0.003,0.0,0.026,0.054,0.035,0.033,0.053,0.029,0.02,
0.0,-0.006,0.011,0.031,0.03,0.038,0.041,0.053,0.05,0.049,
0.0,-0.015,0.001,0.013,0.003,-0.022,-0.04,-0.065,-0.056,-0.058,
0.0,0.052,0.029,0.061,0.021,0.058,0.013,0.037,0.022,0.027,
0.0,0.022,0.015,-0.014,0.024,0.012,0.013,0.003,0.027,-0.005,
0.0,0.015,-0.008,0.056,-0.005,0.01,0.013,0.042,-0.013,-0.015,
0.0,0.014,0.024,0.035,0.02,0.024,0.01,0.01,0.018,0.003,
0.0,0.004,0.005,0.01,0.026,0.022,-0.032,-0.008,0.003,0.032,
0.0,0.005,0.03,-0.032,0.08,0.045,0.062,0.028,0.057,0.067,
0.0,0.02,-0.01,0.032,0.042,0.015,-0.019,0.006,-0.025,-0.022,
0.0,0.03,0.048,0.036,-0.002,0.014,0.017,0.016,-0.023,0.007,
0.0,0.0,0.015,0.059,0.027,0.003,0.0,-0.002,-0.002,-0.003,
0.0,-0.01,-0.005,-0.043,-0.029,-0.01,-0.02,-0.008,-0.002,0.013,
0.0,0.032,0.04,0.05,0.037,0.051,0.065,0.057,0.038,0.065,
0.0,0.059,0.041,0.054,0.031,0.057,0.005,0.068,0.074,0.098,
0.0,0.048,0.063,0.077,0.069,0.025,0.1,0.063,0.049,0.04,
0.0,0.008,0.002,-0.003,-0.008,-0.034,-0.005,-0.021,0.0,-0.02,
0.0,0.036,0.049,0.051,0.043,0.062,0.037,0.04,0.052,0.067,
0.0,0.048,0.118,0.093,0.114,0.13,0.127,0.05,0.062,0.037,
0.0,0.076,0.001,0.072,0.062,0.071,0.051,0.023,0.02,0.038,
0.0,0.0,0.017,0.03,0.008,0.01,0.039,0.008,0.012,0.005,
0.0,0.035,0.018,0.015,0.005,0.0,-0.015,-0.019,-0.029,0.042,
0.0,0.0,0.0,0.0,0.0,0.0,0.0,0.0,0.0,0.0,
0.0,0.031,0.092,0.087,0.052,0.04,0.028,0.012,0.016,0.018,
0.0,0.025,0.035,0.081,0.092,0.042,0.088,0.099,0.027,0.066,
0.0,0.032,0.054,0.033,0.024,0.016,-0.002,-0.025,-0.02,-0.012,


