

Data analysis for each instance 
AVG,MED,MAX,MIN
0,0,0,0,0,0,0,0,0,0,
0,0,0,0,0,0,0,0,0,0,
0,0,0,0,0,0,0,0,0,0,
0,0,0.01,-0.039,-0.071,-0.071,-0.03,-0.069,-0.018,-0.09,
0,0.009,-0.005,0.021,0.024,0.045,0.022,0.06,0.056,0.045,
0,0,0,0,0,0,0,0,0,0,
0,0.019,-0.04,-0.019,0.022,0,0.008,-0.039,-0.008,0.005,
0,0,0,0,0,0,0,0,0,0,
0,-0.026,0.006,0.056,-0.045,-0.026,-0.003,-0.003,0,0,
0,0,0,0,0,0,0,0,0,0,
0,-0.007,0.011,0.049,-0.011,0.058,-0.045,-0.027,-0.022,-0.051,
0,0,0,0,0,0,0,0,0,0,
0,0,0,0,-0.009,0,0,0,0,0,
0,0,0,-0.003,0.035,-0.066,0.043,-0.033,-0.035,-0.011,
0,0.015,0.026,-0.006,0.009,0,0.015,0.006,0.009,0,
0,0,0,0,0,0,0,0,0,0,
0,0,-0.033,-0.008,0.011,-0.085,-0.062,-0.028,-0.051,-0.031,
0,-0.032,-0.025,-0.059,-0.005,0.061,-0.039,-0.023,0.032,0.02,
0,-0.003,-0.041,-0.011,0.049,0.033,0.051,0.022,0.02,0.029,
0,-0.067,-0.042,0.008,0.024,0.025,0.094,0.025,-0.023,0.012,
0,0,0,0,0,0,0,0,0,0,
0,0,0.044,-0.088,0.063,-0.068,-0.037,0.025,0.037,0.011,
0,0,0,0,0,0,0,0,0,0,
0,0,0,0,0,0,0,0,0,0,
0,0,0,0,-0.003,0.003,0.02,-0.04,-0.057,-0.022,
0,0,0,0,0,0,0,0,0,0,
0,0,0,-0.015,-0.019,-0.003,-0.043,-0.055,0.014,0.044,
0,0,-0.022,-0.008,-0.052,-0.065,0.041,-0.044,-0.062,0.014,
0,0,-0.018,0,0.013,-0.073,-0.035,0.006,-0.006,-0.028,
0,-0.024,0.01,0.005,0.056,-0.06,0.045,0.011,-0.011,-0.046,
0,0,0.041,0.011,-0.02,-0.021,-0.006,-0.006,-0.006,-0.003,
0,0.01,0.011,-0.031,-0.029,0.017,-0.018,-0.02,0.018,-0.006,
0,0.002,-0.008,0.008,-0.034,-0.024,-0.027,-0.005,0.021,0.024,
0,0,0,0,0,0,0,0,0,0,
0,0,0,0,0,0,0,0,0,0,
0,0,0,0,0,0,0,0,0,0,
0,0,0,0,0,0,0,0,0,0,
0,0,0,0,-0.009,-0.047,-0.03,0.029,0.066,0.085,
0,-0.017,0.013,0.026,0.036,0.04,0.084,0.07,-0.016,0.04,
0,0,0,0,0,0,0,0,0,0,
0,-0.014,0.048,0.04,0.051,-0.02,-0.067,0.045,-0.031,0.059,
0,0,0,0,0,0,0,0,0,0,
0,0,0,0,0,-0.019,0.011,0.016,-0.028,-0.084,
0,0,0,0,0,0,0,0,0,0,
0,0,0,0,0,0,0,0,0,0,
0,0,-0.003,-0.034,-0.014,-0.074,-0.008,0.006,0.011,-0.111,
0,0,0,0,0,0,0,0,0,0,
0,0.002,-0.011,-0.003,0.041,0.011,-0.014,-0.025,-0.027,-0.02,
0,0,0,0,0,0,0,0,0,0,
0,0,0,0,0,0,0,0,0,0,
0,0,0,0,0,0,0,0,-0.019,-0.011,
0,0,0,0,0,0,0,0,0,0,
0,-0.035,-0.017,0.007,0.047,-0.035,0.027,0.015,-0.015,-0.045,
0,0,0,0,0,0,0,0,0,0,
0,0,0,0,0,0,0,0,0,0,
0,0.015,-0.014,0.003,-0.003,-0.023,-0.021,-0.038,-0.032,-0.012,
0,0,0,0,0,0,0,0,0,0,
0,0,0,-0.016,-0.061,0.049,0.055,0.071,0.086,0.025,
0,0,0,-0.052,-0.028,-0.022,-0.024,-0.025,-0.03,-0.074,
0,0,0,0,0,0,0,0,0,0,
0,0.01,0.003,0.047,0.049,0.032,0.003,0.003,0.009,0.003,
0,0,0,0,0,0,0,0,0,0,
0,0,0,0,0,0,0,0,0,0,
0,0.005,-0.006,-0.003,0,0,0,0,0,0,
0,0,0,0,0,0,0,0,0,0,
0,0,0,0,0,0,0,0,0,0,
0,-0.01,-0.018,0.026,0.04,0.008,0.035,-0.015,-0.053,0.013,
0,0,-0.011,-0.016,0.069,0.017,0.085,0.008,0.013,-0.04,
0,0,0,0,0,0,0,0,0,0,
0,0,0,0,0,0,0,0,0,0,
0,0,0,-0.009,-0.014,0.003,0,0.139,-0.068,-0.128,
0,0,0.082,0.057,0.008,-0.094,0.044,0.036,0.054,0.02,
0,0,0.014,-0.038,0.06,0.003,0.009,0.009,0.006,0.006,
0,0,0,0,0,0,0,0,0,0,
0,0.005,-0.015,-0.088,-0.036,0,0.039,-0.03,-0.076,-0.034,
0,0,0,0,0,0,0,0,0,0,
0,0,0.003,-0.003,-0.003,-0.011,-0.015,-0.018,-0.003,0.032,
0,0,-0.039,-0.026,0.08,0.044,0.027,0.014,0,0.104,
0,-0.011,-0.019,-0.026,-0.003,-0.075,-0.079,-0.02,0.006,0.006,
0,0,0,0,0,0,0,0,0,0,
0,0,0,0,0,0,0,0,0,0,
0,0,0,0,0,0,0,0,0,0,
0,0,0,-0.014,0,0.084,-0.032,0.039,-0.011,0.019,
0,0,-0.011,-0.116,-0.104,0.064,0.048,0.014,0.109,0.017,
0,0,0,0,0,0,0,0,0,0,
0,0,0,0,0,0,0,0,0,0,
0,0,0,0,0,0,0,0,0,0,
0,-0.038,0.045,-0.116,-0.067,-0.086,-0.057,0.053,0.025,-0.054,
0,0,0,0,0,0,0,0,0,0,
0,-0.073,-0.042,-0.068,-0.09,-0.111,-0.029,-0.032,-0.003,0,
0,-0.017,0.069,-0.003,-0.027,-0.014,-0.006,0.025,0.006,0.079,
0,0,-0.013,-0.016,-0.003,0,-0.052,0.05,0.012,-0.026,
0,0,0,0,0,0,0,0,0,0,
0,0.002,-0.015,-0.072,-0.096,-0.012,0.005,-0.005,0.015,-0.015,
0,0,0.008,-0.02,-0.017,-0.012,-0.006,-0.034,-0.009,-0.034,
0,0,0,0,0,0,0,0.006,-0.031,0.006,
0,0,0,0,0,0,0,0,0,0,
0,0,0,0,0,0,0,0,0,0,
0,0,0,0,0,0,0,0,0,0,
0,0,-0.029,-0.005,-0.008,-0.008,-0.109,-0.06,-0.035,0.013,
0,-0.007,-0.011,-0.035,0.03,0.032,0.025,-0.047,-0.009,-0.122,
0,0.002,0.003,0,0,0,0,0,0,0,
0,0,0,0,0,0,0,0,0,0,
0,0,0.007,-0.003,0.003,0.023,0.021,-0.039,-0.088,-0.014,
0,0,0,0.008,-0.008,0.017,0.021,0,0.006,0.003,
0,0,0,0,0,0,0,0,0,0,
0,0.005,0.01,0.101,-0.018,-0.088,-0.056,-0.055,-0.003,-0.016,
0,0,0,0,0,0,0,0,0,0,
0,0.027,0,0.026,-0.003,-0.026,-0.011,-0.083,-0.015,-0.003,
0,0,0,0,0.014,0.031,0.009,0.08,0.032,0.015,
0,0,0,0,0,0,0,0,0,0,
0,0.021,0.009,0,0,0,0,0,0,0,
0,0,0,-0.008,-0.061,-0.003,0.003,-0.062,-0.025,0.019,
0,0.01,0.027,0.009,0.086,0.095,0.071,0.068,-0.019,-0.052,
0,0,0,0,0,0,0,0,0,0,
0,0,0,0,0,0,0,0,0,0,
0,0,0,0.01,0.068,0.142,0.114,0.077,0.089,0.12,
0,0.02,0.018,0.008,0.021,0.034,0.032,0.011,0,0.003,
0,0,0,0,0,0,0,0,0,0,
0,-0.014,-0.038,-0.036,-0.059,-0.006,-0.07,-0.041,-0.048,-0.006,
0,0,0,0,0,0,0,0,0,0,
0,0,0,0,0,0,0,0,0,0,
0,-0.002,0.046,-0.026,0.048,-0.025,-0.042,-0.028,-0.01,-0.023,
0,0,0,0,0,0,0,0,0,0,
0,0,0,0,0,0,0,0,0,0,
0,0.021,0.006,-0.003,0.006,0.006,0.003,0.003,0.003,0.003,
0,0,0,0,0,0,0,0,0,0,
0,-0.023,0.015,0.056,0.123,0.04,0.059,0.078,0.026,0.065,
0,0,0,0,0,0,0,0,0,0,
0,0,0,0,0,0,0.031,0.034,0.011,0,
0,0,-0.062,0.028,-0.051,-0.018,-0.003,0.108,0.042,0.039,
0,0.009,0.008,-0.029,0.003,0.003,-0.019,-0.062,-0.011,0.018,
0,0,0,0,0.007,0.013,0.016,-0.047,-0.033,-0.014,
0,0,0,0,0,0,0,0,0,0,
0,0,0,0,0,0,0,0,0,0,
0,-0.041,0.07,-0.027,0.038,0.044,0.043,0.032,0.026,0.035,
0,-0.01,0.008,0.035,-0.037,-0.059,-0.029,-0.048,-0.057,-0.035,
0,0.019,0.041,0.068,-0.019,0.011,0.003,0.013,0.049,0.067,
0,0,0,-0.003,-0.008,-0.003,-0.008,-0.014,-0.032,-0.028,
0,0,0,0,0,0,0,0,0,0,
0,0,0.024,0.017,0.005,-0.033,-0.038,-0.044,-0.056,-0.032,
0,0,0,0,0,0,0,0,0,0,
0,0,0,0,0,0,0,0,0,0,
0,0,0,0,0,0,0,0,0,0,
0,0,-0.011,0.01,0.015,0.045,0.088,0.055,0.005,-0.032,
0,0,-0.01,0.012,0.054,-0.021,0.054,0.061,0.048,0.016,
0,0,-0.048,-0.016,0.036,-0.005,-0.021,-0.087,-0.031,-0.011,
0,0,0,0,0.006,0.039,-0.016,0.072,-0.029,0.005,
0,0,0,0,0,0,0,0,0,0,
0,0.024,0.082,0.059,0.098,0.052,0.049,0.123,0.071,0.045,
0,0,0,0,0,0,0,0,0,0,
0,-0.003,0.003,0.014,0.082,0.045,0.04,0.09,0.061,0.048,
0,0.009,0.027,0.025,-0.019,0.014,0.037,0.014,-0.011,-0.057,
0,0.01,0.008,-0.006,0,0.029,-0.023,-0.034,-0.03,0.04,
0,0,0,0.003,0.016,0.021,-0.032,-0.048,-0.051,0.008,
0,0,0,0,0,0,0,0,0,0,
0,-0.002,0.044,0.015,-0.008,0.008,0.056,0.044,0.008,0.044,
0,0,0,0,0,0,0,0,0,0,
0,0,0,0,0,0,0,0,0,0,
0,0,0,0,0,0,0,0,0,0,
0,0.002,0.025,0.023,-0.039,0.013,0.017,0.053,0.059,0.02,
0,0,0,0,0,0,0,0,0,0,
0,0,-0.049,-0.107,-0.062,-0.157,-0.13,-0.126,-0.163,-0.137,
0,0,0,0,0,0,0,0,0,0,
0,0,0.089,0.013,-0.005,-0.095,-0.016,0.072,0.016,-0.003,
0,-0.014,0.046,-0.021,-0.04,-0.027,-0.045,0.103,0.016,0.112,
0,0.005,-0.015,-0.058,-0.022,-0.018,0.019,-0.116,-0.016,0.01,
0,0,0,0,0,0,0,0,0,0,
0,0.012,0.02,-0.015,-0.008,0.052,-0.003,-0.014,-0.075,-0.003,
0,0,0,0,0,0,0,0,0,0,
0,-0.05,-0.018,0.035,-0.034,-0.003,-0.003,0.048,0.024,-0.048,
0,0,0,0,0,0,0,0,0,0,
0,0,-0.017,-0.012,-0.006,-0.003,0,0,0,0,
0,-0.002,-0.02,0.02,-0.045,-0.022,0.083,0.032,0.102,0.065,
0,0,0,0,0,0,0,0,0,0,
0,0,0,0,0,0,0,0,0,0,
0,-0.003,0.006,0.03,0.035,0.009,0.006,0,0,0,
0,0,0.008,0.026,0.017,-0.017,-0.003,0.011,0.014,0.026,
0,0,0,0,0,0,0,0,0,0,
0,-0.015,-0.003,-0.006,-0.003,0,0,0.003,0.003,0,
0,0,0,0,0,0,0,0,0,0,
0,0,0,0,0,0,0,-0.013,-0.017,0.122,
0,0,0,0,0,0,0,0,0,0,
0,0,0,0,0,0,0,0,0,0,
0,0,0,0,0,0,0,0,0,0,
0,0,0,0,0,0,0,0,0,0,
0,0,0,0,0,0,0,0,-0.016,0.056,
0,0,0,0.017,0.044,-0.006,-0.059,-0.014,-0.014,0.043,
0,0.009,-0.008,0.017,-0.017,-0.022,0.017,-0.031,-0.107,-0.08,
0,0,0,0,0,0,0,0,0,0,
0,0,0,0,0,0.003,0,0.012,0.006,0,
0,-0.015,-0.064,-0.025,-0.026,-0.018,0.003,0.006,0,0.021,
0,0,0,0,0,0,0,0,0,0,
0,0,0,0,0,0,0,0,0,0,
0,0.002,0,-0.016,0.043,0.014,0.022,0.081,0.046,0.008,
0,0,0,0,0,0,0,0.003,0.038,-0.005,
0,0,0,0,0,0,0,0,0,0,
0,0.015,-0.011,-0.034,-0.022,0,-0.026,-0.032,-0.037,-0.032,
0,0,0,0,0,0,0,0,0,0,
0,0,0,0,0,0,0,0,0,0,
0,0,0,0,0,0,0,0,0,0,
0,-0.019,-0.011,-0.02,-0.046,-0.112,0.034,0.052,-0.006,0.026,
0,0,0,0,0,0,0.008,-0.014,0.017,-0.009,
0,0,0,-0.006,0,0,0,0,0,0,
0,0.033,0.082,-0.035,-0.09,-0.089,0.032,0.023,0.029,-0.035,
0,0,0,0,0,0.016,0.017,-0.072,-0.043,-0.008,
0,-0.008,-0.006,0,0,0,0,0,0,0,
0,0,0,0,0,0,0,0,0,0,
0,0,0,0,0,0,0,0,0,0,
0,0,0,0,0,0,0,0,0,0,
0,0.009,0.031,0.023,-0.073,-0.064,-0.026,-0.061,-0.033,-0.026,
0,0.005,-0.011,-0.008,-0.013,-0.008,-0.05,-0.033,0.006,0.036,
0,0,0,0,0,0,0,0,0,0,
0,-0.034,-0.015,0.039,-0.066,0.023,-0.018,-0.037,-0.063,-0.029,
0,-0.01,-0.017,0.037,0.029,0.003,0,0,0,0,
0,0,0,0,0,0,0,0,0,0,
0,0,0,0,-0.014,-0.003,-0.009,0.003,-0.017,-0.037,
0,0,0,0,0,0,0,0,0,0,
0,0,0,0,0,0,0,0,0,0,
0,-0.022,-0.016,0.09,-0.006,-0.055,-0.04,-0.031,-0.026,-0.026,
0,0,0.03,-0.011,0.028,0.118,0.091,0.149,0.137,0.111,
0,-0.018,-0.056,0.021,-0.044,-0.021,-0.034,-0.008,0.043,-0.082,
0,0,0,0,0,-0.003,0,0.003,0.003,0.006,
0,0.007,0.008,0,0,0,0,0,0,0,
0,0,0.085,0.061,0.01,0.013,0.051,-0.043,-0.01,-0.008,
0,-0.01,-0.046,-0.045,-0.078,-0.078,-0.029,-0.098,0.011,0.033,
0,0,0,0,0,0,0,0,0,0,
0,0,0,0,0,0,0,0,0,0,
0,0,-0.003,-0.021,-0.028,-0.005,-0.038,0.014,-0.058,0.083,
0,-0.044,0.025,-0.029,-0.016,-0.063,-0.04,0.054,0.005,-0.02,
0,0,0,0,0,0,0,0,0,0,
0,0,0,0,-0.024,0.016,-0.046,0.054,0.097,0.046,
0,0,0,0,0,0,0,0,0,0,
0,0,-0.005,-0.008,-0.041,-0.082,-0.024,0.076,0.071,0.124,
0,-0.005,0.049,-0.04,-0.119,-0.018,-0.011,-0.04,0.013,-0.008,
0,0,0,0,0,0,0,0,0,0,
0,0,0,0,0,0,0,0,0,0,
0,-0.007,-0.038,-0.012,0.14,0.093,0.117,0.091,0.072,0.078,
0,0,0,0,0,0,0,0,0,0,
0,0,0,0,0,0,0,0,0,0,
0,0,0,0,0,0,0,0,0,0,
0,0,0,0,0,0,0,0,0,0,
0,0,0,0,0,0.02,0.035,0.043,-0.008,-0.017,
0,0,0,0,0,0,0,0,0,0,
0,0,0,0,0,0,0,0,0,0,
0,-0.024,-0.008,-0.036,-0.052,-0.025,0.022,0.029,-0.008,-0.011,
0,0.005,0.011,-0.003,-0.009,0.003,0.003,0,0,0,
0,0,0,0,0,0,0,0,0,0,
0,0,0,0,0,0,0,0,0,0,
0,-0.003,0,0,-0.046,-0.048,-0.023,-0.023,-0.035,-0.026,
0,0,0,0,0,0,0.003,0,0,0,
0,0,0,0,0,0,0,0,0,0,
0,0,0,0,0,0,0,0,0,0,
0,0,0,0,0,0,0,0,0,0,
0,0,0,0,0,0,0,0,0,0,
0,0,0,0,0,0,0,0,0,0,
0,0,0,0,0,0,0,0,0,0,
0,0,0,0,0,0,0,0,0,0,
0,0,0.003,-0.003,0,0,0.011,0,-0.017,-0.023,
0,0.018,-0.025,0.003,0,0.016,0.024,-0.008,-0.058,-0.11,
0,-0.023,-0.018,-0.021,-0.003,0,0,0,0,0,
0,0,0,0,0,0,0,0,0,0,
0,0,0,0,0,0,0,0,0,0,
0,0,0.013,-0.014,-0.003,-0.005,-0.025,-0.036,-0.075,0.029,
0,0,-0.003,0.039,0.077,0.031,-0.019,-0.046,-0.016,0.084,
0,0,0,0,0,0,0,0,0,0,
0,0,0,0.018,-0.016,-0.01,-0.031,-0.038,-0.035,0.106,
0,0,0,0.03,0.011,0.015,-0.026,-0.012,-0.031,0.08,
0,0,0,0,0,0.008,0.026,-0.049,0.014,-0.005,
0,0,0,-0.005,0.022,-0.006,0.006,-0.008,-0.024,-0.022,
0,0,0,0,0,0,0,0,0,0,
0,0,0,0,0,0,0,0,0,0,
0,0,0,0,0,0.003,0.006,0.02,0,-0.065,
0,0,0.021,-0.022,0.025,0.008,-0.014,-0.098,-0.056,0.025,
0,0,0,0.035,0.065,-0.029,-0.005,0.032,0.03,0.037,
0,0.003,-0.062,-0.157,-0.098,-0.103,-0.072,-0.042,-0.122,-0.053,
0,0,0,0,0,0,0,0,0,0,
0,0,0,0,0,0,0,0,0,0,
0,0,0,0,0,0,0,0,0,0,
0,0,0,0,0,0,0,0,0,0,
0,0,-0.01,0.003,-0.006,0.011,0.023,0.017,-0.04,0.003,
0,0.005,0.073,-0.045,0.003,0.008,0,-0.033,0.014,-0.025,
0,0,0,0,0,0,0,0,0,0,
0,0.005,-0.01,0.008,-0.043,0.014,0.035,0.022,0.038,-0.057,
0,-0.024,-0.067,-0.076,-0.037,0.067,0.037,0.017,0.057,-0.025,
0,-0.024,0.06,0.006,-0.053,0.022,0.068,0.064,0.023,0.029,
0,0,0,0,0,0,0,0,0,0,
0,0,0,0,0,0,0,0,0,0,
0,0,0,0.029,0.085,0.108,0.014,0.024,-0.045,-0.011,
0,0,0,0,0,0,0,0,0,0,
0,0,0,0,0,0,0,0,0,0,
0,0,0,0,0,0,0,0,0,0,
0,0.008,-0.009,-0.012,0,-0.006,-0.006,0.064,-0.042,-0.026,
0,0,0,0,0,-0.021,-0.015,-0.003,0,0,
0,-0.06,-0.071,0.06,0.048,0.031,-0.028,-0.051,-0.068,-0.018,
0,0,0,0,0.003,-0.009,0.023,0.006,0.014,0,
0,0,0,-0.009,0.023,0.018,0.003,-0.027,-0.009,-0.003,
0,0,0,0,0,0,0,0,0,0,
0,0,0,0,0,0,0,0,0,0,
0,0,0,0.05,0.064,0.012,0.024,0.018,0.067,0.015,
0,0,0,0,0,0,0,0,0,0,
0,0,0,0.025,0.033,-0.014,0.059,0.047,0.045,0.063,
0,-0.014,-0.005,0.041,-0.04,0.015,0.027,0,0.029,-0.061,
0,0,0,0,0,0,0,0,0,0,
0,0,0,0,0,0,0,0,0,0,
0,0,0,0,0.006,0.021,0.003,0,0,0,
0,0,0,0,0,0,0,0,0,0,
0,0,0,0,0,0,0,0,0,0,
0,0,-0.05,-0.085,-0.087,-0.058,-0.074,-0.163,-0.082,-0.097,
0,-0.041,-0.036,-0.042,-0.016,-0.052,-0.005,0.035,0.03,-0.005,
0,0,0,0,0,0,0,0,0,0,
0,0,0,0,0,0,0,0,0,0,
0,0,0,0,0,0,0,0,0,0,
0,0,0,0,0,0,0,0,0,0,
0,0,0,0.017,-0.021,-0.06,-0.009,0.009,-0.009,0,
0,0,0,0,0,0,0,0,0,0,
0,-0.017,-0.003,0,0,0,0,0,0,0,
0,0,0,0,0,0,0,0,0,0,
0,0.045,-0.017,0.003,-0.026,-0.003,0,0.003,0.003,0.003,
0,0,0,0,0,0,0,0,0,0,
0,0,-0.009,-0.03,0.04,0.009,0,0,-0.003,-0.003,
0,0,0,0,0,0,0,0,0,0,
0,0,0,0,0,0,0,0,0,0,
0,-0.013,-0.003,-0.003,-0.037,-0.005,0,-0.076,0.07,0.053,
0,0.051,0.009,0.003,0,0,0,0,0,0,
0,0,0,0,0,0,0,0,0,0,
0,-0.011,-0.009,-0.006,-0.012,0.003,0.003,0.003,0.003,0.003,
0,0,0,0.006,0,-0.052,-0.003,-0.015,-0.071,-0.039,
0,0,0,0,0,0,0,0,0,0,
0,0,0,0,0,0,0,0,0,0,
0,0,0.003,-0.021,0.039,0.014,-0.088,0.019,-0.028,-0.011,
0,0,0,-0.033,0.009,-0.008,-0.024,-0.03,-0.056,-0.103,
0,-0.026,-0.019,0.005,0.008,-0.024,0.057,0.003,0.031,-0.056,
0,0,-0.005,-0.003,-0.023,0.005,-0.003,-0.024,-0.008,0,
0,0,0.023,-0.051,-0.079,-0.085,-0.037,-0.089,-0.013,-0.003,
0,0,0,0,0,0,0,0,0,0,
0,0,0,0,0,0,0,0,0,0,
0,0,0,0,0,0,0,0,0,0,
0,0.021,-0.023,0.098,0.089,-0.044,0.068,0.07,-0.044,-0.125,
0,0,0,0,0,0,0,0,0,0,
0,0,0,0,0,0,0,0,0,0,
0,0.025,0.073,0.091,0.076,0.064,0.055,0.03,0.036,0.058,
0,0,0,0,0,0,0,0,0,0,
0,0,0,0,0,0,0,0,0,0,
0,0,0,0,0,0,0,0,0,0,
0,0,0,0,0,0,0,0,0,0,
0,-0.002,0.012,-0.057,-0.014,-0.053,-0.074,0.095,0.048,0.033,
0,-0.04,0.011,0.058,0,-0.02,-0.033,-0.038,0.061,-0.058,
0,0,0,0.016,-0.013,0.017,-0.006,-0.033,0.069,0.071,
0,0,0,0,0,0,0,0,0,0,
0,0,0,0,0.011,-0.003,0.003,0.023,-0.011,0.03,
0,0,0,0,0,0,0,0,0,0,
0,0,0,0,0,0,0,0,0,0,
0,-0.005,0.06,0.006,0.026,0.006,-0.014,-0.088,-0.058,0.014,
0,0.008,-0.022,0.05,-0.017,-0.088,-0.087,0.016,-0.027,-0.008,
0,0,0,0,0,0,0,0,0,0,
0,0,0,0,-0.003,-0.016,-0.012,-0.048,-0.092,-0.045,
0,0,0,0,-0.008,-0.021,-0.089,0.014,-0.039,-0.061,
0,0,0,0,0,0,0,0,0,0,
0,0,-0.005,0.064,0.029,-0.066,-0.019,-0.03,-0.011,0.061,
0,0,-0.008,0.008,0,-0.006,0.023,0.092,0.023,0.072,
0,0.007,0.024,0.079,0.023,0.042,0.055,0.053,0.014,0.022,
0,0,0,0,0,0,0,0,0,0,
0,0,0.018,0.006,0.069,-0.011,-0.044,0.061,0.042,0.065,
0,0,0,0,0,0,0,0,0,0,
0,0,0,0,0,0,0,0,0,0,
0,0,0,0,0,0,0,0,0,0,
0,0.002,0.005,-0.057,-0.041,-0.043,0.006,0.04,-0.035,-0.037,
0,0,0,0,0,0,0,0,0,0,
0,0,0,0,0,0,0,0,0,0,
0,-0.012,0.034,0.011,0.06,-0.088,-0.028,-0.006,0.011,0.056,
0,0.023,-0.006,-0.009,-0.041,0.028,-0.032,-0.037,-0.02,0.006,
0,-0.012,0.039,0.021,0.019,-0.021,0.011,0.048,-0.021,-0.021,
0,0,0.015,-0.027,0.005,-0.04,-0.043,-0.103,0.037,-0.052,
0,0,0,0,0,0,0,0,0,0,
0,0,0,0,0,0,0,0,0,0,
0,0,0,0,0,0,0,0,0,0,
0,-0.023,0.02,0.027,-0.035,0.012,0.018,0.018,0.027,-0.012,
0,0,0.005,0.065,0.006,-0.014,0.042,-0.005,-0.05,-0.017,
0,0,0,0,0,0,0,0,0,0,
0,0,-0.017,-0.003,0,0,0,0,0,0,
0,0.005,0.003,-0.027,-0.006,0,0,0,0,0,
0,0,0,0,0,0,0,0,0,0,
0,0,0,0,0,0,0,0,0,0,
0,0,0,0,0,0,0,0,0,0,
0,0.015,-0.006,-0.006,-0.014,-0.021,-0.044,-0.012,0.032,0.123,
0,0,0,-0.069,-0.018,0.011,0.039,-0.003,-0.054,-0.066,
0,-0.01,0.055,-0.008,-0.008,-0.027,-0.037,-0.038,-0.019,0.058,
0,0,0,0,0,0,0,0,0,-0.003,
0,0,0,0,0,0,0,0,0,0,
0,0,0,0,0,0,0,0,0,0,
0,0,0,0,0,0,0,0,0,0,
0,0,0,0,0,0,0,0,0,0,
0,-0.028,0.006,-0.003,-0.003,0,0,0,0,0,
0,0,0,0.02,-0.047,0.006,0.028,0.017,-0.024,0.102,
0,-0.014,0.037,0.033,-0.014,-0.019,0,0.131,0.097,0.053,
0,0.046,-0.069,-0.103,-0.088,-0.068,-0.042,0.055,0.017,-0.049,
0,0.01,-0.021,-0.036,0.045,0.07,0.051,0.02,-0.03,0.031,
0,0,0,0,0,0,0,0,0,0,
0,0,0,0,0,0,0,0,0,0,
0,0,0,0,0,0.029,0.049,0.035,0.017,0.026,
0,0,0,0,0,0,0,0,0,0,
0,0,0,0.005,0,0.009,-0.024,-0.124,-0.071,0.009,
0,0.048,-0.055,-0.033,0.035,-0.048,0.006,0.077,-0.075,0.048,
0,0,0,0,0,0,0,0,0,0,
0,0,0,-0.003,-0.02,-0.028,-0.014,-0.062,0.025,0.04,
0,0,0,0,0,0,0,0,0,0,
0,0,0,0,0,0,0,0,0,0,
0,0,0,0,0,0,0,0,0,0,
0,0,0,0,0,0,0,0,0,0,
0,0,0,0,0,0,0,0,0,0.021,
0,0.008,0.032,-0.017,0.024,0.02,-0.072,0.046,0.014,0.006,
0,-0.007,-0.08,-0.047,0.008,-0.022,-0.009,-0.036,-0.011,0.005,
0,0.012,0.014,-0.044,-0.025,0.038,0.05,-0.019,0.028,0,
0,0,0,0,0,0,0,0,0,0,
0,0,0,0,0,0,0,0,0,0,
0,0,0,0,0,0,0,0,0,0,
0,0,0,0,0,0,0.018,0,-0.006,0.012,
0,0.007,-0.008,-0.095,-0.113,-0.013,-0.138,-0.068,-0.071,-0.073,
0,-0.003,-0.006,0.003,-0.009,0.003,-0.009,-0.006,-0.015,-0.012,
0,0,0,0,0.003,0.014,-0.017,0,0,-0.041,
0,0,0,0,0,0,0,0,0,-0.031,
0,0,0,0,0,0,0,0,0,0,
0,0,0,0,0,0,-0.006,-0.045,0.006,0.029,
0,-0.005,-0.042,-0.065,-0.051,-0.032,0.079,0.048,-0.026,-0.018,
0,0,0,0,0,0,0,0,0,0,
0,0,0.015,-0.014,0.008,-0.055,-0.003,-0.018,0.014,0.048,
0,0.006,0,-0.003,-0.005,0.011,0.023,0.034,-0.009,0.017,
0,0,0,0,0,0,0,0,0,0,
0,-0.062,-0.1,-0.032,-0.047,-0.024,0.056,-0.05,-0.053,0.026,
0,0,0.035,0.015,-0.051,-0.003,-0.057,-0.006,0.003,-0.003,
0,0,0,0,0,0,0,0,0,0,
0,0,0,0,0,0,0,0,0,0,
0,0,0,0,0,0,0,0,0,0,
0,0,0,0,0,0,0,0,0,0,
0,0,0.012,0.003,0,0,0,0,0,0.009,
0,0,0,0,0,0,0,0,0,0,
0,0,-0.023,0,-0.048,-0.006,-0.003,0,0,0,
0,0,0,0,0,0,0,0,0,0,
0,0,0,0,0,0,0,0,0,0,
0,0,0,0,0.059,-0.047,-0.021,-0.018,-0.018,-0.003,
0,-0.026,-0.022,-0.043,-0.03,-0.044,-0.077,-0.044,-0.024,-0.093,
0,0,0,0,0,0,0,0,0,0,
0,-0.012,-0.067,-0.016,0.043,-0.045,-0.005,0.024,0.003,0.073,
0,-0.033,0.015,-0.055,-0.052,-0.018,-0.024,-0.003,0,0,
0,0,0,0,0,0,0,0,0,0,
0,0,0,-0.009,-0.038,-0.014,0.003,-0.043,-0.019,-0.039,
0,0,0,0,0,0,0,0,0,0,
0,0,0,0,0,0,0,0,0,0,
0,0,0,0,0,0,0,0,0,0,
0,0,-0.067,0.024,-0.037,0.022,-0.019,-0.063,-0.047,-0.027,
0,0,0,0,0,0,0,0,0,0,
0,0,0,0,0,0,0,0,0,0,
0,0.008,0.008,-0.042,-0.082,-0.034,-0.072,-0.095,-0.078,0.066,
0,0,0,0,0,0,0,0,0,0,
0,0,0,0,0,0,0,0,0,0,
0,-0.003,-0.033,0.03,0.009,0.003,0.006,0.006,0.003,0.006,
0,-0.015,0.028,0.097,0.036,0.074,0.021,0.009,0.021,0.009,
0,0.017,-0.013,-0.013,-0.011,-0.024,-0.057,-0.035,-0.038,0.061,
0,0,0,0,0,0,0,0,0,0,
0,-0.009,-0.042,-0.03,-0.005,-0.003,0.003,-0.067,-0.023,-0.068,
0,0,0,0,0,0,0,0,0,-0.009,
0,0,0,0,0,0,0,0,0,0,
0,0,0,-0.028,0.013,-0.011,-0.106,-0.095,0.071,0.121,
0,0,0,0,0,0,0,0,0,0,
0,0,0.021,0.019,-0.034,-0.063,-0.077,0,0.059,0.103,
0,0,0.005,0.005,0.048,-0.049,0.015,-0.03,-0.04,-0.027,
0,-0.045,-0.009,0.032,0.012,0,0,0,0,0.038,
0,0,-0.027,0.009,-0.003,0.003,0.012,0.012,0.012,0.009,
0,-0.012,0.003,0.005,0.018,0.017,-0.003,0.053,0.069,0.003,
0,0,0,0,0,0,0,0,0,0,
0,0,0,0,0,0,0,0,0,0,
0,0,0,0,0,0,0,0,0,0,
0,0,0,0,0,0,0,0,0,0,
0,0,0,0.022,-0.078,0.022,0.035,0.03,-0.014,-0.027,
0,-0.011,0.005,0.056,0.03,0.013,-0.03,0.018,-0.008,0.03,
0,0,0,0,0,0,0,0,0,0,
0,-0.024,0.019,-0.022,0.005,-0.002,-0.034,-0.02,-0.027,-0.04,
0,0,0,0,0,0,0,0,0,0,
0,0,0,0,0,0,0,0,0,0,
0,0,0,0.009,0.015,0.006,0,0.006,-0.046,0.003,
0,0.068,-0.008,-0.003,-0.003,-0.047,-0.024,-0.05,-0.074,-0.079,
0,0,0,0,0,0,0,0,0,0,
0,0,0,0,0,0,0,0,0,0,
0,0,0,0,0,0,0,0,0,0,
0,0,0,0,0,0,0,0,0,0,
0,0,0,0,0,0,0,0,0,0,
0,0.005,0.016,-0.015,-0.052,0.013,0.013,0.067,0.041,0.045,
0,-0.017,0,0.011,-0.02,-0.003,0,0.02,0.003,0.035,
0,0.005,-0.003,-0.003,-0.011,-0.003,-0.031,-0.018,-0.009,-0.029,
0,0,0,0,0,0,0,-0.022,-0.037,0.032,
0,0,0,0.005,-0.003,-0.006,-0.003,-0.025,-0.017,-0.03,
0,0,0,0,0,0,0,0,0,0,
0,0,0,0,0,0,0,0,0,0,
0,0,0,0,0,0,0,0,0.003,-0.009,
0,0,0,0,0,0,0,0,0,0,
0,0,0.003,0.036,0.013,0.053,0.059,-0.025,-0.014,-0.057,
0,0,0,0,0,0,0,0,0,0,
0,0,0,0,0,0,0,0,0,0,
0,0,0,0,0,0,0,0,0,0,


0,-0.172,-0.306,-0.247,-0.203,-0.086,-0.081,-0.071,-0.145,-0.076,
0,-0.107,-0.087,-0.12,-0.132,-0.152,-0.06,-0.024,-0.003,0,
0,-0.287,-0.177,-0.172,-0.139,-0.142,-0.179,-0.183,-0.099,-0.11,
0,-0.393,-0.35,-0.27,-0.315,-0.269,-0.256,-0.256,-0.359,-0.307,
0,-0.14,-0.246,-0.158,-0.197,-0.214,-0.198,-0.277,-0.204,-0.206,
0,0.03,0.088,0.03,0.012,0.035,0.012,0.032,0.012,0.009,
0,-0.255,-0.265,-0.355,-0.363,-0.291,-0.263,-0.245,-0.255,-0.212,
0,-0.156,-0.132,-0.032,-0.032,0.006,0,0.009,-0.003,-0.012,
0,-0.11,-0.153,-0.103,-0.03,-0.143,-0.159,-0.102,-0.147,-0.168,
0,-0.245,-0.177,-0.143,-0.171,-0.122,-0.138,-0.149,-0.029,0.022,
0,-0.163,-0.243,-0.307,-0.212,-0.251,-0.178,-0.154,-0.159,-0.108,
0,-0.103,-0.098,-0.068,-0.027,-0.071,-0.012,-0.003,-0.003,-0.003,
0,-0.143,-0.148,-0.108,-0.125,-0.078,-0.096,-0.046,-0.104,-0.167,
0,-0.232,-0.31,-0.276,-0.276,-0.216,-0.264,-0.184,-0.223,-0.271,
0,-0.206,-0.335,-0.24,-0.297,-0.144,-0.261,-0.245,-0.18,-0.204,
0,-0.136,-0.179,-0.141,-0.04,-0.035,-0.03,-0.063,-0.038,-0.068,
0,-0.159,-0.174,-0.193,-0.172,-0.085,-0.078,-0.114,-0.14,-0.18,
0,-0.208,-0.238,-0.253,-0.166,-0.2,-0.164,-0.236,-0.222,-0.198,
0,-0.305,-0.322,-0.249,-0.207,-0.292,-0.26,-0.212,-0.242,-0.323,
0,-0.242,-0.148,-0.221,-0.188,-0.28,-0.214,-0.183,-0.148,-0.199,
0,-0.21,-0.112,-0.082,-0.04,0.006,-0.064,-0.152,0.016,-0.068,
0,-0.137,-0.356,-0.135,-0.111,-0.082,-0.197,-0.212,-0.172,-0.131,
0,-0.238,-0.214,-0.202,-0.182,-0.24,-0.184,-0.194,-0.218,-0.188,
0,-0.035,0.012,0.041,0.012,0.012,0.012,0.012,0.012,0.012,
0,-0.145,-0.215,-0.105,-0.142,-0.062,-0.144,-0.151,-0.026,-0.086,
0,-0.03,-0.085,0.073,0.025,0.038,0.032,0.021,0.105,0.021,
0,-0.2,0.064,-0.015,-0.011,-0.024,0.003,-0.076,-0.05,-0.023,
0,-0.258,-0.099,-0.178,-0.21,-0.189,-0.191,-0.068,-0.144,-0.081,
0,-0.292,-0.216,-0.28,-0.217,-0.239,-0.208,-0.198,-0.206,-0.163,
0,-0.332,-0.303,-0.325,-0.32,-0.2,-0.308,-0.217,-0.322,-0.245,
0,-0.341,-0.228,-0.285,-0.236,-0.244,-0.281,-0.313,-0.228,-0.287,
0,-0.284,-0.234,-0.314,-0.376,-0.354,-0.26,-0.24,-0.281,-0.285,
0,-0.303,-0.409,-0.332,-0.294,-0.305,-0.355,-0.292,-0.34,-0.295,
0,-0.252,-0.294,-0.141,-0.113,-0.241,-0.22,-0.144,-0.135,-0.168,
0,-0.036,0.032,0.048,0.04,0,0.021,0.06,0.06,0.041,
0,-0.17,-0.195,-0.198,-0.143,-0.152,-0.152,-0.143,-0.141,-0.116,
0,-0.234,-0.106,-0.143,-0.173,-0.096,-0.149,-0.162,-0.166,-0.136,
0,-0.333,-0.287,-0.168,-0.274,-0.206,-0.196,-0.257,-0.196,-0.185,
0,-0.261,-0.355,-0.241,-0.221,-0.246,-0.288,-0.264,-0.153,-0.205,
0,-0.242,-0.158,-0.182,-0.098,-0.099,-0.211,-0.228,0.013,-0.151,
0,0.118,0.07,0.024,0.015,0.035,0.118,0.083,0.062,0.009,
0,-0.339,-0.346,-0.41,-0.42,-0.35,-0.379,-0.324,-0.273,-0.351,
0,-0.233,-0.232,-0.265,-0.213,-0.211,-0.199,-0.192,-0.223,-0.142,
0,-0.034,-0.042,-0.054,-0.066,-0.021,-0.063,-0.015,-0.018,-0.009,
0,0.042,0.024,0.021,0.021,0.021,0.021,0.021,0.021,0.021,
0,-0.203,-0.186,-0.02,-0.096,-0.045,-0.065,-0.043,-0.032,0.048,
0,-0.126,-0.058,0.006,-0.03,0.003,0.006,0.006,0.006,0.006,
0,-0.29,-0.243,-0.14,-0.209,-0.314,-0.304,-0.259,-0.161,-0.283,
0,-0.109,-0.228,-0.2,-0.158,-0.078,-0.134,-0.134,-0.07,-0.177,
0,-0.197,-0.129,-0.171,-0.119,-0.168,-0.105,-0.162,-0.088,-0.081,
0,-0.293,-0.276,-0.261,-0.242,-0.209,-0.234,-0.225,-0.142,-0.134,
0,0.063,-0.103,0.072,-0.015,0.015,0.015,0.052,0.018,0.012,
0,-0.368,-0.361,-0.411,-0.41,-0.358,-0.388,-0.386,-0.343,-0.356,
0,-0.361,-0.308,-0.261,-0.265,-0.304,-0.251,-0.162,-0.235,-0.202,
0,-0.008,0,0,0,0,0,0,0,0,
0,-0.291,-0.305,-0.315,-0.323,-0.273,-0.263,-0.243,-0.337,-0.281,
0,-0.233,-0.191,-0.216,-0.317,-0.197,-0.336,-0.207,-0.225,-0.233,
0,-0.196,-0.33,-0.282,-0.301,-0.197,-0.18,-0.284,-0.356,-0.31,
0,-0.272,-0.218,-0.096,-0.123,-0.192,-0.122,-0.132,-0.106,-0.094,
0,-0.31,-0.254,-0.176,-0.132,-0.19,-0.264,-0.236,-0.176,-0.178,
0,-0.221,-0.193,-0.244,-0.196,-0.233,-0.117,-0.219,-0.245,-0.21,
0,0.061,0.006,0.003,0.003,0.003,0.003,0.003,0.003,0.003,
0,-0.206,-0.236,-0.135,-0.225,-0.22,-0.182,-0.164,-0.211,-0.19,
0,-0.04,-0.137,-0.179,-0.118,-0.055,-0.076,-0.012,-0.032,-0.003,
0,0.035,0.024,0.006,0.003,0.003,0.003,0.003,0.003,0.003,
0,-0.228,-0.274,-0.246,-0.208,-0.151,-0.206,-0.224,-0.159,-0.199,
0,-0.308,-0.289,-0.279,-0.269,-0.24,-0.283,-0.212,-0.206,-0.259,
0,-0.214,-0.074,-0.019,-0.034,-0.104,-0.039,-0.108,-0.073,-0.033,
0,-0.158,-0.048,0.006,0.012,0.012,0.012,0.012,0.012,0.012,
0,-0.238,-0.204,-0.186,-0.115,-0.126,-0.239,-0.299,-0.234,-0.226,
0,-0.285,-0.292,-0.292,-0.208,-0.183,-0.176,-0.151,-0.048,0.01,
0,-0.316,-0.361,-0.358,-0.218,-0.198,-0.219,-0.309,-0.314,-0.26,
0,-0.152,-0.12,-0.107,-0.214,-0.159,-0.245,-0.166,-0.153,-0.113,
0,-0.088,-0.097,-0.014,0,-0.006,-0.012,-0.006,0.076,0.009,
0,-0.163,-0.219,-0.049,-0.136,-0.142,-0.147,-0.19,-0.173,-0.121,
0,-0.033,0.018,0.072,0.015,0.009,0.009,0.003,0.015,0.003,
0,-0.3,-0.195,-0.326,-0.291,-0.27,-0.126,-0.197,-0.253,-0.286,
0,-0.255,-0.127,-0.08,-0.191,-0.215,-0.109,-0.098,-0.093,-0.049,
0,-0.044,-0.044,0,-0.158,-0.139,-0.039,-0.097,-0.111,-0.119,
0,-0.421,-0.318,-0.351,-0.355,-0.192,-0.145,-0.226,-0.132,-0.203,
0,-0.136,-0.057,-0.05,-0.088,-0.066,-0.03,-0.018,-0.012,-0.012,
0,-0.322,-0.469,-0.421,-0.41,-0.381,-0.377,-0.378,-0.396,-0.38,
0,-0.235,-0.282,-0.274,-0.213,-0.225,-0.107,-0.186,-0.161,-0.172,
0,-0.203,-0.163,-0.141,-0.094,-0.204,-0.226,-0.188,-0.26,-0.23,
0,-0.182,-0.213,-0.083,-0.113,-0.043,-0.009,0,-0.117,-0.151,
0,-0.309,-0.29,-0.251,-0.293,-0.147,-0.232,-0.136,-0.062,-0.166,
0,-0.168,-0.104,-0.228,-0.168,-0.135,-0.031,-0.127,-0.132,-0.137,
0,-0.33,-0.27,-0.131,-0.212,-0.22,-0.368,-0.433,-0.271,-0.293,
0,-0.26,-0.206,-0.129,-0.093,-0.054,-0.052,-0.145,-0.101,-0.129,
0,-0.282,-0.131,-0.189,-0.178,-0.07,-0.179,-0.175,-0.152,-0.156,
0,-0.219,-0.165,-0.16,-0.139,-0.173,-0.226,-0.199,-0.218,-0.244,
0,-0.237,-0.222,-0.236,-0.212,-0.258,-0.225,-0.21,-0.137,-0.217,
0,-0.353,-0.187,-0.197,-0.184,-0.118,-0.214,-0.161,-0.149,-0.148,
0,-0.353,-0.384,-0.318,-0.191,-0.216,-0.249,-0.233,-0.242,-0.336,
0,-0.284,-0.39,-0.25,-0.302,-0.337,-0.246,-0.207,-0.205,-0.1,
0,-0.239,-0.072,-0.089,-0.094,-0.156,-0.046,-0.114,-0.124,-0.167,
0,-0.177,0.008,-0.126,-0.069,0.014,-0.023,-0.079,-0.043,0.009,
0,-0.228,-0.091,-0.114,-0.111,-0.054,-0.054,-0.009,-0.029,-0.09,
0,-0.131,-0.034,-0.07,-0.086,0,0.065,0.043,0.034,0.015,
0,-0.177,-0.23,-0.34,-0.245,-0.292,-0.204,-0.249,-0.12,-0.248,
0,-0.189,-0.287,-0.152,-0.221,-0.113,-0.211,-0.218,-0.207,-0.048,
0,-0.106,-0.196,-0.227,-0.221,-0.153,-0.168,-0.151,-0.12,-0.164,
0,-0.303,-0.287,-0.349,-0.308,-0.29,-0.255,-0.289,-0.245,-0.212,
0,-0.314,-0.253,-0.263,-0.213,-0.197,-0.156,-0.185,-0.218,-0.251,
0,-0.256,-0.237,-0.131,-0.169,-0.203,-0.168,-0.179,-0.165,-0.219,
0,-0.011,0,0,0.003,0.003,0.003,0.003,0.003,0.003,
0,-0.395,-0.427,-0.372,-0.337,-0.301,-0.329,-0.272,-0.307,-0.277,
0,-0.275,-0.229,-0.259,-0.145,-0.202,-0.288,-0.188,-0.182,-0.197,
0,-0.304,-0.223,-0.267,-0.195,-0.166,-0.291,-0.161,-0.236,-0.406,
0,-0.192,-0.054,0.028,0.033,0.029,-0.049,-0.043,-0.072,-0.047,
0,-0.157,-0.134,-0.065,-0.134,-0.202,-0.138,-0.12,-0.068,-0.035,
0,-0.113,-0.11,-0.165,-0.185,-0.259,-0.194,-0.182,-0.091,-0.13,
0,-0.176,-0.219,-0.195,-0.052,-0.087,-0.208,-0.068,-0.14,-0.041,
0,-0.207,-0.37,-0.38,-0.28,-0.278,-0.288,-0.276,-0.274,-0.144,
0,-0.259,-0.402,-0.191,-0.311,-0.254,-0.201,-0.3,-0.282,-0.207,
0,-0.171,-0.145,-0.073,-0.058,-0.215,-0.102,0.032,-0.051,-0.015,
0,-0.276,-0.197,-0.192,-0.136,-0.183,-0.141,-0.182,-0.231,-0.225,
0,-0.266,-0.208,-0.252,-0.259,-0.317,-0.295,-0.328,-0.311,-0.319,
0,-0.106,-0.079,-0.003,0,0,0.009,0.003,0.003,0.003,
0,-0.167,-0.066,-0.029,-0.112,-0.17,-0.053,-0.055,-0.028,-0.183,
0,-0.428,-0.292,-0.326,-0.324,-0.168,-0.256,-0.192,-0.124,-0.233,
0,-0.102,-0.185,-0.121,-0.111,-0.151,-0.17,-0.111,-0.044,-0.081,
0,-0.362,-0.308,-0.297,-0.298,-0.224,-0.192,-0.261,-0.293,-0.22,
0,-0.199,-0.227,-0.223,-0.166,-0.238,-0.321,-0.264,-0.19,-0.192,
0,-0.259,-0.206,-0.23,-0.239,-0.241,-0.228,-0.188,-0.132,-0.211,
0,-0.021,-0.184,-0.071,-0.172,-0.122,-0.11,-0.046,-0.059,-0.012,
0,0.045,0.039,0.039,0.036,0.036,0.036,0.036,0.036,0.036,
0,-0.164,-0.199,-0.279,-0.263,-0.345,-0.263,-0.224,-0.204,-0.324,
0,-0.043,0,0.006,0.006,0.006,0.006,0.006,0.006,0.006,
0,-0.251,-0.316,-0.242,-0.269,-0.281,-0.207,-0.181,-0.229,-0.199,
0,-0.201,-0.159,-0.178,-0.14,-0.224,-0.279,-0.214,-0.167,-0.176,
0,-0.366,-0.356,-0.294,-0.317,-0.258,-0.224,-0.239,-0.269,-0.232,
0,-0.144,-0.315,-0.229,-0.07,-0.123,-0.109,-0.094,-0.079,-0.133,
0,-0.149,-0.099,0.098,-0.025,0.072,-0.094,-0.245,-0.198,0.052,
0,-0.143,-0.122,-0.095,-0.153,-0.13,-0.091,-0.086,-0.169,-0.059,
0,-0.237,-0.215,-0.234,-0.256,-0.258,-0.305,-0.294,-0.159,-0.159,
0,-0.263,-0.252,-0.265,-0.304,-0.279,-0.293,-0.24,-0.27,-0.218,
0,-0.255,-0.318,-0.248,-0.088,-0.178,-0.104,-0.141,-0.152,-0.273,
0,-0.315,-0.349,-0.368,-0.202,-0.294,-0.242,-0.248,-0.31,-0.26,
0,-0.237,-0.335,-0.369,-0.251,-0.164,-0.283,-0.248,-0.207,-0.159,
0,-0.272,-0.22,-0.244,-0.231,-0.16,-0.182,-0.133,-0.105,-0.176,
0,-0.214,-0.125,-0.143,-0.2,-0.24,-0.24,-0.174,-0.211,-0.183,
0,-0.263,-0.116,-0.244,-0.24,-0.292,-0.18,-0.196,-0.233,-0.331,
0,-0.274,-0.385,-0.254,-0.178,-0.331,-0.174,-0.166,-0.24,-0.133,
0,-0.304,-0.245,-0.318,-0.178,-0.156,-0.076,-0.189,-0.206,-0.126,
0,-0.284,-0.233,-0.317,-0.34,-0.183,-0.247,-0.236,-0.274,-0.226,
0,-0.371,-0.276,-0.352,-0.263,-0.181,-0.291,-0.277,-0.235,-0.275,
0,-0.389,-0.393,-0.327,-0.379,-0.401,-0.346,-0.216,-0.297,-0.29,
0,-0.209,-0.247,-0.111,-0.282,-0.232,-0.202,-0.23,-0.131,-0.08,
0,-0.265,-0.288,-0.345,-0.3,-0.269,-0.235,-0.277,-0.275,-0.251,
0,0.103,0.071,0.061,0.059,0.059,0.059,0.059,0.059,0.059,
0,-0.287,-0.252,-0.253,-0.225,-0.256,-0.302,-0.286,-0.214,-0.214,
0,-0.313,-0.367,-0.361,-0.27,-0.365,-0.366,-0.362,-0.331,-0.307,
0,-0.312,-0.291,-0.313,-0.245,-0.317,-0.241,-0.348,-0.257,-0.332,
0,-0.184,-0.229,-0.105,-0.15,-0.121,-0.162,-0.069,-0.054,-0.046,
0,-0.237,-0.266,-0.213,-0.263,-0.225,-0.209,-0.243,-0.268,-0.223,
0,-0.353,-0.409,-0.347,-0.276,-0.337,-0.34,-0.342,-0.344,-0.319,
0,-0.092,-0.084,-0.027,-0.033,-0.015,-0.024,-0.006,-0.009,-0.006,
0,-0.151,-0.056,-0.009,-0.021,-0.003,0,0,0,0,
0,-0.003,0.094,0.027,0.009,0,0,0,0,0,
0,-0.21,-0.34,-0.162,-0.224,-0.165,-0.238,-0.237,-0.334,-0.271,
0,-0.138,-0.229,-0.267,-0.161,-0.267,-0.285,-0.222,-0.275,-0.239,
0,-0.272,-0.22,-0.132,-0.14,-0.083,-0.111,-0.16,-0.107,-0.067,
0,-0.074,-0.009,-0.012,0,0,0,0,0,0,
0,-0.325,-0.281,-0.288,-0.24,-0.302,-0.252,-0.293,-0.239,-0.241,
0,-0.273,-0.307,-0.205,-0.211,-0.308,-0.193,-0.321,-0.208,-0.234,
0,-0.199,-0.269,-0.3,-0.316,-0.217,-0.254,-0.208,-0.25,-0.277,
0,-0.333,-0.334,-0.354,-0.301,-0.259,-0.366,-0.32,-0.254,-0.274,
0,-0.275,-0.28,-0.249,-0.246,-0.288,-0.249,-0.294,-0.269,-0.275,
0,-0.24,-0.308,-0.259,-0.184,-0.204,-0.157,-0.235,-0.146,-0.213,
0,-0.323,-0.213,-0.266,-0.172,-0.209,-0.152,-0.133,-0.225,-0.184,
0,-0.311,-0.272,-0.305,-0.352,-0.3,-0.323,-0.231,-0.244,-0.167,
0,-0.144,-0.139,-0.137,-0.108,-0.128,-0.116,-0.024,-0.027,-0.012,
0,-0.275,-0.283,-0.346,-0.313,-0.352,-0.324,-0.267,-0.34,-0.301,
0,-0.017,0.009,0.058,0.012,0.006,0.006,0.006,0.006,0.006,
0,0.007,-0.064,-0.012,0.009,0.018,0.018,0.018,0.018,0.018,
0,-0.158,-0.117,-0.18,-0.13,-0.128,-0.116,-0.128,-0.106,-0.109,
0,-0.318,-0.25,-0.191,-0.217,-0.179,-0.157,-0.182,-0.179,-0.149,
0,-0.073,-0.045,-0.078,-0.024,-0.031,-0.028,-0.003,-0.08,-0.056,
0,-0.033,-0.052,-0.221,-0.18,-0.199,-0.105,0.037,0.022,0.03,
0,-0.135,-0.257,-0.155,-0.189,-0.163,-0.171,-0.306,-0.163,-0.185,
0,-0.098,-0.017,-0.046,-0.108,-0.049,-0.116,0.072,0.038,-0.029,
0,-0.189,-0.26,-0.278,-0.234,-0.255,-0.222,-0.141,-0.199,-0.187,
0,-0.143,-0.211,-0.137,-0.142,-0.237,-0.14,-0.078,-0.07,-0.029,
0,-0.293,-0.263,-0.008,-0.145,-0.013,-0.137,-0.17,-0.102,-0.131,
0,0.003,0.026,-0.003,-0.006,0,0.003,0.003,0.003,0.003,
0,-0.192,-0.447,-0.322,-0.261,-0.226,-0.22,-0.223,-0.259,-0.173,
0,-0.247,-0.324,-0.293,-0.202,-0.24,-0.141,-0.123,-0.211,-0.226,
0,-0.172,-0.155,-0.182,-0.315,-0.271,-0.135,-0.273,-0.311,-0.259,
0,0.411,0.222,0.297,0.122,0.12,0.12,0.12,0.12,0.12,
0,-0.178,-0.271,-0.313,-0.195,-0.197,-0.23,-0.305,-0.234,-0.198,
0,-0.155,-0.295,-0.272,-0.249,-0.241,-0.163,-0.128,-0.129,-0.108,
0,-0.174,-0.244,-0.192,-0.162,-0.101,-0.118,-0.209,-0.139,-0.104,
0,-0.078,-0.021,0.009,0.012,0.012,0.012,0.012,0.012,0.012,
0,-0.252,-0.169,-0.161,-0.262,-0.169,-0.209,-0.101,-0.192,-0.186,
0,-0.244,-0.261,-0.234,-0.095,-0.189,-0.22,-0.219,-0.136,-0.198,
0,-0.103,-0.045,-0.006,-0.024,-0.006,0,0,0,0,
0,-0.208,-0.21,-0.241,-0.216,-0.208,-0.225,-0.167,-0.265,-0.255,
0,-0.223,-0.315,-0.178,-0.221,-0.194,-0.11,-0.149,-0.135,-0.129,
0,-0.086,-0.136,-0.08,-0.049,-0.035,-0.088,-0.038,-0.018,-0.021,
0,-0.279,-0.196,-0.288,-0.141,-0.249,-0.171,-0.178,-0.165,-0.177,
0,-0.184,-0.164,-0.167,-0.337,-0.133,-0.206,-0.283,-0.294,-0.253,
0,-0.211,-0.173,-0.204,-0.124,-0.094,-0.147,-0.205,-0.095,-0.154,
0,-0.199,-0.161,-0.153,-0.218,-0.249,-0.21,-0.174,-0.251,-0.244,
0,-0.129,-0.26,-0.157,-0.195,-0.11,-0.15,-0.139,-0.065,-0.106,
0,-0.16,-0.146,-0.008,-0.094,-0.027,-0.095,-0.151,-0.166,-0.12,
0,0.11,0.027,0.006,0.003,0.003,0.003,0.003,0.003,0.003,
0,-0.171,-0.165,-0.159,-0.16,-0.152,-0.111,-0.052,-0.088,-0.073,
0,-0.206,-0.093,-0.006,0.047,-0.115,-0.077,-0.047,0.006,-0.018,
0,-0.043,-0.116,-0.093,-0.081,-0.069,-0.056,-0.024,-0.107,-0.087,
0,-0.308,-0.317,-0.325,-0.248,-0.255,-0.3,-0.231,-0.218,-0.322,
0,-0.362,-0.304,-0.278,-0.264,-0.289,-0.302,-0.384,-0.345,-0.267,
0,-0.098,-0.113,-0.175,-0.131,-0.057,-0.089,-0.099,-0.112,-0.162,
0,-0.427,-0.237,-0.332,-0.258,-0.294,-0.295,-0.132,-0.145,-0.304,
0,-0.282,-0.16,-0.249,-0.231,-0.196,-0.1,-0.038,-0.04,0,
0,0.112,0.058,0.058,0.058,0.058,0.058,0.058,0.058,0.058,
0,-0.361,-0.363,-0.271,-0.317,-0.359,-0.297,-0.356,-0.311,-0.326,
0,-0.117,-0.112,-0.184,-0.221,-0.256,-0.104,-0.101,-0.173,-0.091,
0,-0.255,-0.26,-0.147,-0.113,-0.255,-0.112,-0.191,-0.213,-0.296,
0,-0.275,-0.365,-0.296,-0.228,-0.252,-0.331,-0.277,-0.209,-0.248,
0,-0.237,-0.239,-0.143,-0.213,-0.258,-0.255,-0.168,-0.163,-0.18,
0,-0.184,-0.306,-0.298,-0.197,-0.184,-0.137,-0.222,-0.154,-0.188,
0,-0.029,0.043,0.072,0.055,0.018,-0.003,-0.003,0.012,0.009,
0,-0.151,-0.182,-0.112,-0.206,-0.233,-0.204,-0.133,-0.2,-0.19,
0,-0.383,-0.334,-0.345,-0.353,-0.344,-0.306,-0.182,-0.245,-0.255,
0,-0.11,-0.136,-0.116,-0.008,-0.011,-0.058,-0.124,-0.116,-0.069,
0,-0.104,-0.248,-0.045,-0.107,-0.115,-0.143,-0.043,-0.021,-0.003,
0,-0.289,-0.23,-0.2,-0.235,-0.277,-0.191,-0.096,-0.174,-0.123,
0,-0.287,-0.274,-0.297,-0.249,-0.241,-0.231,-0.17,-0.254,-0.238,
0,-0.398,-0.439,-0.368,-0.381,-0.349,-0.362,-0.326,-0.36,-0.349,
0,-0.288,-0.428,-0.333,-0.392,-0.333,-0.315,-0.321,-0.36,-0.348,
0,-0.254,-0.152,-0.275,-0.151,-0.169,-0.209,-0.201,-0.163,-0.227,
0,-0.278,-0.305,-0.2,-0.346,-0.342,-0.322,-0.224,-0.174,-0.239,
0,-0.289,-0.313,-0.261,-0.321,-0.239,-0.264,-0.317,-0.345,-0.247,
0,-0.13,-0.191,-0.16,-0.019,-0.046,-0.136,-0.036,-0.167,-0.065,
0,-0.128,-0.181,0.007,-0.059,-0.062,-0.005,-0.026,0.018,-0.029,
0,-0.357,-0.257,-0.357,-0.391,-0.399,-0.353,-0.29,-0.311,-0.25,
0,-0.217,-0.255,-0.324,-0.274,-0.264,-0.269,-0.191,-0.175,-0.103,
0,-0.202,-0.166,-0.187,-0.083,-0.101,-0.138,-0.024,-0.169,-0.032,
0,-0.037,0.018,0.028,0.028,0.028,0.028,0.028,0.028,0.028,
0,-0.112,-0.17,-0.109,-0.117,-0.173,-0.12,-0.1,-0.18,-0.201,
0,-0.187,-0.18,-0.167,-0.177,-0.224,-0.141,-0.137,-0.091,-0.298,
0,-0.192,-0.145,-0.033,-0.129,-0.134,-0.133,-0.149,-0.099,-0.02,
0,-0.031,-0.032,-0.06,-0.036,-0.02,-0.015,0,0.003,0.003,
0,-0.044,-0.075,-0.032,0,0.003,0.006,0.006,0.006,0.006,
0,-0.319,-0.299,-0.225,-0.287,-0.275,-0.293,-0.289,-0.338,-0.265,
0,-0.299,-0.322,-0.236,-0.243,-0.252,-0.297,-0.301,-0.249,-0.294,
0,-0.342,-0.36,-0.244,-0.301,-0.252,-0.142,-0.206,-0.103,-0.2,
0,-0.365,-0.304,-0.242,-0.2,-0.275,-0.245,-0.153,-0.194,-0.269,
0,-0.152,-0.132,-0.134,-0.019,-0.068,-0.065,-0.139,-0.133,-0.08,
0,-0.187,-0.247,-0.208,-0.109,-0.068,-0.052,-0.159,-0.15,-0.181,
0,-0.014,0.068,0.099,0.061,0.024,0.018,0.009,0.024,0.006,
0,-0.044,-0.015,0,0.003,0.003,0.003,0.003,0.018,0.006,
0,-0.281,-0.212,-0.112,-0.199,-0.25,-0.279,-0.227,-0.195,-0.229,
0,0.063,0.034,0.034,0.034,0.034,0.034,0.034,0.034,0.034,
0,-0.125,-0.203,-0.214,-0.08,-0.049,-0.049,-0.003,-0.003,-0.012,
0,0,-0.024,-0.003,-0.015,-0.003,-0.015,-0.003,-0.015,-0.003,
0,-0.027,-0.088,-0.092,0,0.068,0.027,0.06,0.103,0.029,
0,-0.166,-0.157,-0.1,-0.077,-0.061,-0.063,-0.058,0,-0.052,
0,-0.24,-0.262,-0.233,-0.248,-0.276,-0.312,-0.278,-0.211,-0.19,
0,0.067,-0.068,0.015,0.009,0.006,0.006,0.006,0.006,0.006,
0,-0.222,-0.141,-0.2,-0.259,-0.211,-0.238,-0.231,-0.221,-0.211,
0,-0.321,-0.171,-0.125,-0.099,-0.192,-0.124,-0.097,-0.029,-0.097,
0,-0.291,-0.258,-0.249,-0.297,-0.168,-0.165,-0.103,-0.093,-0.239,
0,-0.229,-0.318,-0.26,-0.258,-0.207,-0.246,-0.217,-0.23,-0.297,
0,-0.224,-0.054,-0.113,-0.052,-0.249,-0.076,-0.078,-0.006,-0.003,
0,-0.231,-0.308,-0.256,-0.325,-0.281,-0.267,-0.172,-0.212,-0.296,
0,-0.285,-0.29,-0.086,-0.036,-0.154,-0.201,-0.231,-0.135,-0.129,
0,-0.322,-0.209,-0.32,-0.216,-0.152,-0.177,-0.145,-0.214,-0.182,
0,-0.215,-0.133,-0.176,-0.161,-0.147,-0.186,-0.167,-0.203,-0.229,
0,-0.089,-0.062,-0.138,-0.082,-0.098,-0.024,-0.003,0.135,0.018,
0,-0.159,-0.093,-0.221,-0.185,-0.105,-0.107,-0.071,-0.006,0,
0,-0.303,-0.265,-0.209,-0.221,-0.229,-0.191,-0.19,-0.251,-0.134,
0,-0.368,-0.283,-0.26,-0.245,-0.209,-0.262,-0.11,-0.146,-0.219,
0,-0.313,-0.388,-0.198,-0.279,-0.206,-0.106,-0.222,-0.165,-0.144,
0,-0.412,-0.292,-0.108,-0.341,-0.255,-0.221,-0.203,-0.197,-0.237,
0,-0.173,-0.072,-0.085,-0.055,-0.036,-0.003,-0.012,-0.012,-0.039,
0,-0.097,-0.167,-0.097,-0.101,-0.14,-0.208,-0.121,-0.106,-0.124,
0,-0.165,-0.041,0,0.003,0.003,0.003,0.003,0.003,0.003,
0,-0.122,-0.114,-0.101,0,-0.058,-0.021,0,0.018,0.006,
0,-0.358,-0.386,-0.269,-0.35,-0.348,-0.239,-0.427,-0.361,-0.288,
0,-0.39,-0.355,-0.226,-0.264,-0.145,-0.177,-0.255,-0.182,-0.232,
0,-0.325,-0.271,-0.311,-0.344,-0.315,-0.258,-0.265,-0.235,-0.25,
0,-0.208,-0.171,-0.059,-0.068,-0.138,-0.128,-0.209,-0.139,-0.091,
0,-0.397,-0.366,-0.253,-0.266,-0.205,-0.272,-0.257,-0.288,-0.186,
0,-0.12,-0.282,-0.226,-0.168,-0.236,-0.172,-0.238,-0.204,-0.193,
0,-0.318,-0.156,-0.323,-0.221,-0.129,-0.069,-0.055,-0.171,-0.156,
0,-0.216,-0.247,-0.159,-0.257,-0.087,-0.24,-0.147,-0.128,-0.18,
0,-0.147,-0.104,-0.066,-0.068,-0.113,-0.05,-0.215,-0.073,-0.09,
0,-0.241,-0.226,-0.218,-0.113,-0.147,-0.123,-0.202,-0.121,-0.116,
0,-0.124,-0.101,-0.089,-0.209,-0.147,-0.187,-0.097,-0.067,-0.065,
0,-0.104,-0.092,-0.039,-0.042,-0.021,0,-0.003,0.003,0,
0,-0.079,-0.092,-0.094,-0.071,-0.121,0.003,-0.006,0.008,0,
0,-0.197,0.041,-0.099,-0.173,-0.097,-0.094,-0.064,-0.067,-0.078,
0,-0.208,-0.12,-0.171,-0.224,-0.169,-0.206,-0.206,-0.157,-0.187,
0,-0.266,-0.3,-0.375,-0.267,-0.301,-0.2,-0.258,-0.267,-0.151,
0,-0.186,-0.009,0,0.027,0.015,0.003,0.027,0.015,0.006,
0,-0.227,-0.263,-0.181,-0.187,-0.16,-0.036,-0.108,-0.135,-0.149,
0,-0.194,-0.217,-0.24,-0.15,-0.146,-0.12,-0.105,-0.12,-0.103,
0,-0.113,-0.109,-0.066,-0.139,-0.026,-0.006,-0.003,-0.003,-0.003,
0,-0.112,-0.151,-0.191,-0.255,-0.239,-0.128,-0.146,-0.146,-0.137,
0,-0.119,-0.127,-0.053,-0.086,-0.056,-0.078,-0.044,-0.089,-0.052,
0,-0.007,-0.26,-0.161,-0.09,-0.14,-0.145,-0.087,-0.168,-0.167,
0,0.131,0.081,0.062,0.062,0.034,0.034,0.034,0.034,0.034,
0,-0.182,-0.209,-0.095,-0.114,-0.128,-0.143,-0.149,-0.138,-0.163,
0,-0.407,-0.309,-0.229,-0.29,-0.305,-0.257,-0.205,-0.199,-0.205,
0,-0.071,-0.114,-0.109,-0.212,-0.113,-0.096,-0.056,-0.006,0.052,
0,-0.166,-0.204,-0.299,-0.089,-0.233,-0.257,-0.24,-0.279,-0.271,
0,-0.19,-0.186,-0.149,-0.126,-0.058,0.011,-0.079,-0.028,-0.06,
0,-0.369,-0.384,-0.337,-0.313,-0.254,-0.245,-0.277,-0.264,-0.244,
0,-0.185,-0.143,-0.036,-0.161,-0.07,-0.012,0,0,0,
0,-0.179,-0.169,-0.085,-0.044,-0.006,-0.061,-0.069,-0.027,0,
0,-0.302,-0.369,-0.339,-0.276,-0.233,-0.325,-0.276,-0.256,-0.183,
0,-0.08,-0.077,-0.009,0,0,0,0,0,0,
0,-0.337,-0.266,-0.223,-0.225,-0.187,-0.224,-0.203,-0.187,-0.174,
0,-0.22,-0.221,-0.173,-0.099,-0.105,-0.17,-0.179,-0.127,-0.125,
0,0.047,0.006,0.003,0.003,0.003,0.003,0.003,0.003,0.003,
0,-0.171,-0.273,-0.226,-0.28,-0.195,-0.181,-0.098,-0.056,-0.03,
0,-0.146,-0.226,-0.136,-0.158,-0.176,-0.217,-0.176,-0.141,-0.088,
0,0.069,0.037,0.037,0.037,0.037,0.037,0.037,0.037,0.037,
0,-0.325,-0.435,-0.113,-0.165,-0.217,-0.26,-0.229,-0.22,-0.138,
0,-0.046,0.041,0,-0.003,0,0,0,0,0,
0,-0.089,-0.195,-0.164,-0.166,-0.175,-0.16,-0.166,-0.193,-0.081,
0,-0.262,-0.107,-0.182,-0.254,-0.191,-0.198,-0.198,-0.255,-0.209,
0,-0.09,-0.036,-0.003,0,0,0,0,0,0,
0,-0.18,-0.085,-0.012,0,0,0,0,0,0,
0,-0.05,0.021,0.012,0.019,0.003,0.003,0.003,0.003,0.003,
0,-0.005,-0.076,-0.115,-0.153,-0.108,-0.149,-0.052,0.011,-0.032,
0,-0.072,-0.033,-0.14,-0.101,-0.072,-0.078,-0.018,-0.003,-0.003,
0,-0.059,-0.039,-0.076,-0.009,0,0,0,0,0,
0,-0.284,-0.215,-0.145,-0.202,-0.251,-0.155,-0.197,-0.175,-0.187,
0,-0.194,-0.079,-0.107,-0.159,-0.053,-0.122,-0.139,-0.063,-0.022,
0,-0.27,-0.216,-0.111,-0.127,-0.077,-0.181,-0.137,-0.16,-0.145,
0,-0.165,0.01,-0.042,0.016,-0.089,-0.06,-0.141,-0.09,-0.177,
0,-0.293,-0.296,-0.116,-0.064,-0.092,-0.072,-0.08,-0.061,-0.241,
0,-0.239,-0.083,-0.142,-0.109,-0.048,-0.03,-0.042,-0.012,-0.033,
0,-0.324,-0.458,-0.347,-0.395,-0.311,-0.252,-0.254,-0.296,-0.268,
0,-0.136,-0.19,-0.02,-0.058,-0.05,-0.189,-0.08,-0.056,-0.093,
0,-0.226,-0.112,-0.122,-0.231,-0.061,-0.08,-0.123,-0.148,-0.129,
0,-0.141,-0.167,-0.153,-0.08,-0.061,-0.009,-0.098,-0.036,-0.027,
0,0.033,0.016,0.016,0.016,0.016,0.016,0.016,0.016,0.016,
0,-0.314,-0.335,-0.322,-0.322,-0.299,-0.229,-0.272,-0.23,-0.236,
0,-0.066,-0.012,0,0,0,0,0,0,0,
0,0.105,0.028,0.022,0.022,0.022,0.022,0.022,0.022,0.022,
0,-0.162,-0.073,-0.178,-0.056,-0.03,-0.061,-0.044,-0.006,0,
0,0.12,0.016,0.016,0.016,0.016,0.016,0.016,0.016,0.016,
0,-0.2,-0.106,-0.015,-0.132,-0.101,-0.109,-0.088,-0.084,-0.117,
0,-0.364,-0.274,-0.332,-0.148,-0.258,-0.167,-0.269,-0.211,-0.255,
0,-0.158,-0.089,-0.227,-0.131,-0.195,-0.114,-0.219,-0.194,-0.169,
0,-0.181,-0.179,-0.19,-0.211,-0.184,-0.18,-0.16,-0.162,-0.177,
0,-0.349,-0.25,-0.226,-0.188,-0.175,-0.217,-0.104,-0.102,-0.231,
0,-0.176,-0.308,-0.143,-0.179,-0.1,-0.2,-0.176,-0.236,-0.115,
0,-0.129,-0.031,-0.066,0.009,0.097,0.036,0.009,-0.003,-0.003,
0,-0.21,-0.164,-0.185,-0.275,-0.137,-0.203,-0.046,-0.163,-0.055,
0,-0.214,-0.362,-0.351,-0.2,-0.124,-0.187,-0.215,-0.174,-0.159,
0,-0.319,-0.256,-0.485,-0.396,-0.348,-0.365,-0.325,-0.399,-0.343,
0,-0.187,-0.052,-0.072,-0.029,0.041,-0.05,-0.083,0.028,-0.008,
0,-0.276,-0.124,-0.163,-0.12,-0.196,-0.168,-0.135,-0.237,-0.083,
0,0.012,0.006,0.009,0.009,0.009,0.009,0.009,0.009,0.009,
0,-0.386,-0.251,-0.326,-0.238,-0.276,-0.295,-0.287,-0.274,-0.245,
0,-0.189,-0.074,-0.011,0.008,-0.074,-0.104,-0.137,-0.13,-0.114,
0,-0.277,-0.344,-0.354,-0.295,-0.238,-0.279,-0.188,-0.186,-0.214,
0,-0.35,-0.389,-0.294,-0.161,-0.297,-0.292,-0.3,-0.294,-0.312,
0,-0.402,-0.337,-0.374,-0.309,-0.216,-0.246,-0.266,-0.213,-0.211,
0,-0.133,-0.382,-0.22,-0.206,-0.106,-0.122,-0.157,-0.244,-0.273,
0,-0.175,-0.129,-0.074,-0.12,-0.191,-0.146,-0.197,-0.13,-0.185,
0,-0.27,-0.156,-0.09,-0.177,-0.098,-0.113,-0.125,-0.056,-0.098,
0,-0.152,-0.206,-0.12,-0.173,-0.1,-0.113,-0.162,-0.137,-0.254,
0,-0.061,-0.066,-0.09,-0.107,-0.116,-0.039,-0.03,-0.015,-0.003,
0,0,0,0.003,0.003,0.003,0.003,0.003,0.003,0.003,
0,-0.291,-0.29,-0.192,-0.151,-0.059,-0.177,-0.178,-0.227,-0.236,
0,-0.415,-0.274,-0.306,-0.311,-0.182,-0.271,-0.178,-0.173,-0.234,
0,-0.327,-0.336,-0.307,-0.255,-0.186,-0.267,-0.297,-0.25,-0.295,
0,-0.325,-0.308,-0.316,-0.194,-0.151,-0.191,-0.157,-0.295,-0.167,
0,-0.182,-0.108,-0.133,-0.069,-0.134,-0.03,-0.006,-0.027,-0.012,
0,-0.236,-0.018,-0.073,-0.07,-0.003,-0.006,-0.065,-0.024,0,
0,-0.186,-0.207,-0.155,-0.027,-0.009,-0.003,0,0,0,
0,-0.397,-0.352,-0.218,-0.197,-0.268,-0.222,-0.273,-0.154,-0.169,
0,-0.132,-0.092,-0.167,-0.103,-0.07,-0.153,-0.074,-0.159,-0.163,
0,-0.186,-0.185,-0.191,-0.221,-0.079,-0.055,-0.044,-0.05,-0.102,
0,0.047,0.049,0.015,0.019,0.019,0.019,0.019,0.019,0.019,
0,-0.094,-0.111,0,-0.069,-0.053,-0.003,0,0.009,0.009,
0,-0.151,-0.2,-0.12,-0.03,-0.044,-0.055,-0.003,0,0,
0,-0.22,-0.262,-0.175,-0.175,-0.039,0.013,-0.086,0,-0.038,
0,-0.257,-0.242,-0.299,-0.222,-0.247,-0.19,-0.229,-0.18,-0.178,
0,-0.152,-0.211,-0.217,-0.163,-0.217,-0.153,-0.192,-0.106,-0.046,
0,-0.235,-0.211,-0.233,-0.145,-0.209,-0.258,-0.2,-0.157,-0.2,
0,-0.311,-0.228,-0.165,-0.263,-0.203,-0.269,-0.208,-0.255,-0.177,
0,-0.251,-0.197,-0.176,-0.19,-0.188,-0.202,-0.138,-0.084,-0.26,
0,0.067,0.067,0.039,0.022,0.022,0.022,0.022,0.022,0.022,
0,-0.128,0.019,0.022,0.022,0.022,0.022,0.022,0.022,0.022,
0,0.011,0.015,0.003,0.009,0.009,0.009,0.009,0.009,0.009,
0,-0.043,-0.108,-0.09,-0.057,-0.015,-0.012,-0.018,0,0,
0,-0.056,0.03,-0.009,-0.006,0,0,0,0,0,
0,-0.287,-0.249,-0.216,-0.121,-0.254,-0.125,-0.243,-0.161,-0.16,
0,-0.246,-0.272,-0.324,-0.198,-0.309,-0.316,-0.267,-0.298,-0.31,
0,-0.193,-0.121,-0.168,-0.133,-0.189,-0.238,-0.248,-0.172,-0.116,
0,-0.197,-0.177,-0.141,-0.175,-0.197,-0.227,-0.216,-0.19,-0.169,
0,-0.3,-0.326,-0.268,-0.231,-0.245,-0.171,-0.291,-0.232,-0.262,
0,-0.22,-0.267,-0.276,-0.235,-0.17,-0.115,-0.143,-0.129,-0.103,
0,-0.174,-0.179,-0.232,-0.064,-0.18,-0.011,-0.035,-0.139,-0.146,
0,-0.289,-0.119,-0.06,-0.017,-0.083,-0.148,-0.137,-0.098,-0.113,
0,-0.236,-0.263,-0.115,-0.172,-0.082,-0.111,0.035,-0.1,-0.233,
0,-0.264,-0.209,-0.245,-0.226,-0.173,-0.179,-0.177,-0.088,-0.196,
0,0.012,0.006,0.006,0.006,0.006,0.006,0.006,0.006,0.006,
0,-0.181,-0.233,-0.15,-0.218,-0.139,-0.144,-0.1,-0.136,-0.272,
0,-0.068,-0.189,-0.223,-0.142,-0.16,-0.093,-0.08,-0.009,-0.003,
0,0.139,0.082,0.053,0.009,0.006,0.006,0.006,0.006,0.006,
0,-0.416,-0.298,-0.38,-0.288,-0.275,-0.225,-0.23,-0.333,-0.291,
0,-0.129,-0.041,-0.14,-0.092,-0.015,-0.021,-0.006,-0.003,0,
0,-0.043,-0.026,-0.029,0.059,0,-0.052,-0.043,-0.092,-0.044,
0,-0.197,-0.208,-0.221,-0.146,-0.22,-0.147,-0.245,-0.184,-0.083,
0,-0.26,-0.317,-0.262,-0.221,-0.247,-0.267,-0.138,-0.175,-0.218,
0,-0.306,-0.296,-0.173,-0.087,-0.171,-0.211,-0.166,-0.196,-0.085,
0,-0.013,0.05,0.088,0.033,0.003,0.003,0,0,0,
0,-0.127,0.09,-0.011,0.015,-0.015,-0.036,-0.012,0,-0.003,
0,-0.072,-0.107,-0.121,-0.062,-0.03,0,0,0,0,
0,-0.275,-0.243,-0.2,-0.114,-0.1,-0.193,-0.131,-0.129,-0.183,
0,-0.227,-0.182,-0.167,-0.213,-0.172,-0.151,-0.208,-0.184,-0.109,
0,-0.216,-0.236,-0.253,-0.261,-0.217,-0.15,-0.22,-0.13,-0.261,
0,-0.224,-0.301,-0.245,-0.183,-0.212,-0.253,-0.275,-0.206,-0.196,
0,-0.129,-0.049,-0.055,-0.005,-0.15,-0.163,-0.118,-0.179,-0.003,
0,-0.246,-0.204,-0.224,-0.193,-0.077,-0.088,-0.181,-0.08,-0.061,
0,-0.286,-0.345,-0.318,-0.214,-0.252,-0.159,-0.213,-0.289,-0.248,
0,-0.157,-0.206,-0.231,-0.191,-0.143,-0.235,-0.285,-0.166,-0.112,
0,-0.08,-0.075,-0.041,-0.109,-0.099,-0.024,-0.015,-0.05,-0.027,
0,-0.145,-0.232,-0.402,-0.131,-0.242,-0.203,-0.199,-0.282,-0.249,
0,-0.101,0.032,0.133,0.139,-0.003,0.029,0.067,0.091,0.05,
0,0.024,0.006,0.003,0.003,0.003,0.003,0.003,0.003,0.003,
0,-0.242,-0.197,-0.159,-0.138,-0.158,-0.175,-0.117,-0.197,-0.235,
0,-0.194,-0.328,-0.144,-0.195,-0.173,-0.188,-0.256,-0.17,-0.129,
0,-0.258,-0.161,-0.078,-0.03,-0.009,-0.018,-0.036,-0.003,0,
0,-0.216,-0.314,-0.274,-0.199,-0.183,-0.069,-0.103,-0.056,-0.024,
0,-0.031,-0.157,-0.149,-0.166,-0.089,-0.069,-0.154,-0.058,-0.119,
0,-0.164,-0.162,-0.308,-0.19,-0.121,-0.075,-0.109,-0.154,-0.075,
0,-0.209,-0.161,-0.161,-0.182,-0.1,-0.125,-0.098,-0.072,-0.05,
0,-0.323,-0.261,-0.214,-0.206,-0.116,-0.201,-0.222,-0.185,-0.171,
0,-0.032,-0.2,-0.019,-0.141,-0.114,-0.219,-0.172,-0.152,-0.157,
0,-0.003,-0.003,-0.003,-0.003,-0.003,-0.003,-0.003,-0.003,-0.003,
0,-0.054,-0.156,-0.108,-0.115,-0.024,-0.006,-0.003,0,0,
0,-0.234,-0.141,-0.042,0.063,-0.024,-0.04,-0.057,-0.035,-0.036,
0,-0.301,-0.168,-0.169,-0.176,-0.099,-0.046,-0.133,-0.177,-0.078,
0,-0.118,-0.106,-0.093,-0.064,-0.03,-0.024,-0.003,-0.003,-0.003,
0,-0.335,-0.052,-0.269,-0.263,-0.14,-0.122,-0.116,-0.147,-0.176,
0,0.068,0.068,-0.15,-0.192,-0.25,-0.292,-0.243,-0.216,-0.152,
0,-0.17,-0.201,-0.132,-0.046,-0.176,-0.099,-0.116,-0.059,-0.03,
0,-0.247,-0.305,-0.274,-0.241,-0.241,-0.266,-0.264,-0.235,-0.26,
0,0.024,0.033,0,0,0,0,0,0,0,
0,-0.299,-0.241,-0.262,-0.286,-0.245,-0.229,-0.188,-0.248,-0.173,
0,-0.14,-0.103,-0.086,-0.059,-0.006,-0.03,-0.003,-0.018,-0.003,
0,-0.345,-0.303,-0.305,-0.27,-0.318,-0.312,-0.287,-0.273,-0.246,
0,-0.063,-0.072,-0.095,0.05,0.026,0.069,0.053,0.018,0.05,
0,-0.152,-0.194,-0.188,-0.091,-0.191,-0.245,-0.116,-0.098,-0.108,
0,-0.338,-0.35,-0.323,-0.408,-0.283,-0.217,-0.264,-0.193,-0.277,
0,0,0,0,0,0,0,0,0,0,
0,0.032,-0.075,-0.183,-0.056,-0.051,-0.036,-0.086,0,0.006,
0,-0.225,-0.188,-0.16,-0.146,-0.033,-0.064,-0.127,-0.045,-0.064,
0,-0.135,-0.316,-0.142,-0.265,-0.293,-0.169,-0.186,-0.302,-0.223,
0,-0.313,-0.24,-0.173,-0.21,-0.137,-0.133,-0.176,-0.246,-0.204,
0,-0.149,-0.086,-0.021,-0.075,-0.045,0,0.003,0.003,0.003,
0,-0.306,-0.27,-0.213,-0.295,-0.237,-0.278,-0.221,-0.259,-0.217,
0,-0.125,-0.199,-0.154,-0.114,-0.082,-0.106,-0.087,-0.08,-0.155,
0,0.06,0.106,0.053,0.021,0.009,0.098,0.096,0.009,0.003,
0,-0.235,-0.072,-0.113,-0.095,-0.177,-0.01,-0.019,-0.093,-0.145,
0,-0.164,-0.076,-0.06,0.006,-0.011,-0.006,-0.026,0.035,0.015,
0,-0.332,-0.381,-0.358,-0.298,-0.289,-0.305,-0.322,-0.283,-0.386,
0,-0.353,-0.129,-0.239,-0.23,-0.183,-0.286,-0.261,-0.198,-0.24,
0,-0.07,-0.221,-0.151,-0.173,-0.177,-0.057,-0.073,-0.127,-0.168,
0,-0.123,-0.135,-0.181,-0.131,-0.16,-0.156,-0.189,-0.197,-0.111,
0,-0.135,-0.227,-0.063,-0.072,-0.121,-0.122,-0.112,-0.192,-0.171,
0,0.023,0.041,0.02,0.043,0.006,0.015,0.006,0.003,0.003,
0,-0.058,0,0.009,0.009,0.009,0.009,0.009,0.009,0.009,
0,-0.086,-0.127,-0.131,-0.126,-0.103,-0.103,-0.08,-0.08,-0.083,
0,-0.246,-0.386,-0.394,-0.304,-0.214,-0.217,-0.319,-0.26,-0.2,
0,-0.291,-0.251,-0.218,-0.208,-0.196,-0.114,-0.129,-0.115,-0.164,
0,-0.363,-0.288,-0.269,-0.406,-0.299,-0.206,-0.221,-0.141,-0.305,
0,-0.214,-0.146,-0.163,-0.274,-0.214,-0.188,-0.143,-0.152,-0.157,
0,-0.358,-0.346,-0.337,-0.277,-0.312,-0.279,-0.294,-0.229,-0.256,
0,-0.189,-0.249,-0.31,-0.245,-0.27,-0.207,-0.121,-0.123,-0.123,
0,-0.143,-0.146,-0.119,-0.097,-0.061,-0.039,-0.009,-0.006,-0.092,
0,0.069,-0.036,-0.045,-0.018,-0.039,-0.008,-0.07,-0.113,-0.096,
0,-0.349,-0.244,-0.217,-0.199,-0.151,-0.134,-0.306,-0.188,-0.111,
0,-0.142,-0.027,-0.09,-0.155,-0.042,-0.047,-0.056,-0.053,-0.047,
0,-0.236,-0.054,-0.151,-0.062,-0.105,-0.063,0.006,-0.003,-0.006,
0,-0.177,-0.099,-0.151,-0.111,-0.097,-0.024,-0.027,-0.079,-0.06,
0,-0.009,-0.093,-0.148,-0.039,-0.137,-0.175,-0.023,-0.098,-0.054,
0,-0.175,-0.127,-0.13,-0.202,-0.105,-0.062,-0.062,-0.009,-0.012,
0,-0.233,-0.233,-0.178,-0.245,-0.18,-0.21,-0.188,-0.28,-0.269,
0,-0.345,-0.295,-0.365,-0.343,-0.277,-0.343,-0.371,-0.35,-0.295,
0,-0.406,-0.433,-0.404,-0.376,-0.34,-0.365,-0.397,-0.387,-0.317,
0,-0.165,-0.15,-0.011,0.03,-0.003,-0.051,0.062,0.104,-0.037,
0,-0.305,-0.309,-0.172,-0.232,-0.243,-0.144,-0.199,-0.206,-0.13,
0,0.081,0.021,0.003,0.003,0.003,0.003,0.003,0.027,0.006,
0,-0.216,-0.121,-0.053,-0.174,-0.115,-0.21,-0.101,-0.147,-0.07,
0,-0.154,-0.141,-0.221,-0.129,-0.06,-0.036,-0.189,-0.118,-0.012,
0,0.099,0.022,0.009,0.006,0.006,0.006,0.006,0.006,0.006,
0,-0.262,-0.131,-0.176,-0.169,-0.237,-0.199,-0.146,-0.073,-0.161,
0,-0.156,-0.102,-0.095,-0.006,-0.036,-0.003,-0.003,-0.009,0,
0,-0.032,-0.361,-0.284,-0.207,-0.169,-0.185,-0.181,-0.213,-0.158,
0,-0.07,-0.052,-0.17,-0.113,-0.093,-0.159,-0.113,-0.044,-0.042,




Further Data analysis of all test cases 
INSTANCEID avg med max min 
INSTANCE1 0, 0, 0, 0, 
INSTANCE2 -0.001, 0, 0.068, -0.073, 
INSTANCE3 -0, 0, 0.089, -0.1, 
INSTANCE4 -0.001, 0, 0.101, -0.157, 
INSTANCE5 -0.002, 0, 0.14, -0.119, 
INSTANCE6 -0.003, 0, 0.142, -0.157, 
INSTANCE7 -0.001, 0, 0.117, -0.138, 
INSTANCE8 -0, 0, 0.149, -0.163, 
INSTANCE9 -0.002, 0, 0.137, -0.163, 
INSTANCE10 0.001, 0, 0.124, -0.137, 


INSTANCE1 0, 0, 0, 0, 
INSTANCE2 -0.189, -0.199, 0.411, -0.428, 
INSTANCE3 -0.18, -0.195, 0.222, -0.469, 
INSTANCE4 -0.162, -0.167, 0.297, -0.485, 
INSTANCE5 -0.152, -0.161, 0.139, -0.42, 
INSTANCE6 -0.144, -0.151, 0.12, -0.401, 
INSTANCE7 -0.139, -0.145, 0.12, -0.388, 
INSTANCE8 -0.135, -0.143, 0.12, -0.433, 
INSTANCE9 -0.128, -0.136, 0.135, -0.399, 
INSTANCE10 -0.128, -0.131, 0.12, -0.406, 



