11587 13215 13247 9223 
12872 12153 17449 27148 
1479 4760 5536 6239 
7543 6095 5618 4712 
3443 5189 7345 6278 
6379 7898 9869 9371 
3313 4055 7121 6892 
4499 8385 10672 10091 
17752 22261 22586 7355 
21229 19502 19774 30533 
4849 7287 9446 6774 
9252 9613 10823 11571 
20378 23821 24081 6045 
23053 21711 22447 32285 
27401 29930 36903 18636 
28527 39310 33619 54881 
5248 3550 8798 8074 
6324 11943 9683 9738 
8212 8498 10872 4557 
8443 12241 13101 14439 
11280 15210 15336 20837 
17512 16533 27625 22367 
37646 43446 46638 14207 
40250 40964 41302 61096 
37994 42799 46624 14552 
40381 44791 42300 61863 
21323 21565 24964 7504 
21449 25873 23852 36349 
34806 35756 36387 19399 
35319 35574 47253 66480 
10986 15317 18445 9011 
14897 16970 16937 22131 
5945 12148 12986 16637 
14543 16560 17293 14347 
11591 14733 17203 8869 
14034 16478 15401 22535 
8532 10733 15998 16293 
12009 14443 23929 24786 
19938 21948 24356 20270 
21389 21700 35194 43505 
15086 16240 17885 11402 
16732 16607 27090 33482 
22778 23826 25803 7999 
23321 24453 26479 40144 
6252 7247 11851 10309 
7853 11794 15760 16084 
11494 12106 16690 13560 
12373 15224 24711 27281 
12067 15330 7670 15808 
16550 14901 24171 11592 
33847 39262 44990 16078 
35891 38911 38334 62787 
7750 10741 5562 11495 
12318 10915 14995 10270 
10149 10206 8736 18590 
10195 21386 20734 12779 
1999 5760 5905 5683 
6958 4724 7137 6493 
6319 11403 16884 10914 
13562 10281 18489 16670 
7819 10693 7757 12160 
12110 11819 15954 8913 
14552 16148 7057 18107 
16703 18209 24806 14648 
14234 15257 21851 18726 
15747 22962 35955 32416 
2556 4443 5746 6998 
6557 7594 7281 5550 
15849 20774 27136 14221 
19821 25875 25746 32457 
5748 5454 11202 9084 
6309 13780 13485 15213 
6148 8413 11961 9615 
9283 9304 13675 15364 
7729 10049 10231 13713 
11370 11109 18463 15671 
5643 8540 11037 10548 
9736 11973 17542 16797 
8709 6550 15258 14575 
9592 18504 18662 17081 
9912 10686 10335 11823 
10960 10717 23370 21625 
12824 16605 21547 15474 
15448 22235 20195 28452 
8100 10406 15023 11618 
11730 13216 17701 21813 
5495 9869 7822 10409 
11576 9209 13101 11718 
6191 8107 10722 9323 
8868 8543 15169 14843 
11046 12570 14520 7567 
13326 14857 14289 19526 
10724 15177 16421 8792 
13497 14457 18014 19706 
8504 2190 10694 10267 
8730 13291 10604 9937 
20567 22909 24522 14922 
22097 21686 38258 42692 
5146 3612 8757 7387 
8627 10825 6799 7330 
5426 4572 9997 7329 
5484 11603 10626 11596 
19758 22970 24117 7392 
22089 21698 26562 28594 
6450 1924 8373 7423 
6732 11236 7316 7636 
4731 7722 8350 5919 
9678 7726 10604 11645 
20896 27273 29421 16151 
25478 24439 25935 40915 
7986 10386 15091 13941 
11061 12745 21896 22743 
10533 13399 6607 13696 
12854 14392 18226 9510 
19353 22348 25337 14689 
21466 21444 33265 34496 
15621 20297 25905 18323 
19118 25846 28840 39880 
7703 8856 16883 15614 
9222 13341 19981 20905 
43386 47159 48510 11400 
45085 44294 51977 71817 
3143 8312 11455 9775 
10247 12184 10674 12054 
10130 10204 16794 12636 
10234 15378 19919 22328 
3723 7827 10700 7132 
9927 10230 8601 9639 
6387 11010 17397 12577 
9925 16507 13802 17248 
11167 11459 9572 17230 
11374 18882 22734 16931 
39954 43167 47784 16286 
41223 44065 43373 82442 
5870 2080 7251 7950 
5893 10436 8322 7700 
11590 12219 20093 14834 
12055 24587 26226 26149 
9721 12646 14016 6112 
12052 13302 14322 17526 
16554 18994 21397 8986 
18222 19085 24615 28469 
17476 18273 27740 12661 
17994 24857 23979 35442 
6674 8134 10596 5936 
9124 10796 13004 13944 
7727 8036 11887 12237 
8157 10545 20403 20891 
8602 10176 11568 4627 
10738 11588 10708 14879 
6010 8069 11397 9365 
9665 9588 16625 14971 
4964 5467 10431 9247 
5925 12437 13295 12931 
9958 12007 16981 11300 
11383 18276 20004 21034 
23304 26434 31532 13879 
24833 28121 28609 39456 
7163 1091 8253 8117 
8201 12327 6094 6169 
6050 10929 11131 5292 
13184 9575 9773 13110 
3067 5886 6304 7694 
7354 7645 10118 7705 
14994 20287 21016 13742 
18841 17961 28655 29337 
14860 19902 9638 21339 
18478 18532 28905 15099 
6791 9714 12522 14531 
11602 16065 18265 12263 
11521 6712 18233 15357 
11948 23350 19390 19708 
11216 13235 10010 17942 
12670 18998 23217 16846 
7300 11410 15091 8686 
13235 16076 14053 17235 
7072 10653 14447 11768 
12619 9779 15868 17426 
20028 21889 23721 19918 
21691 21302 31539 42737 
6696 8218 14914 14416 
18327 15810 11321 11000 
14081 14130 19577 22629 
14112 27721 37898 30417 
4247 7109 7969 8484 
8746 8016 12475 11270 
3610 3883 7492 6104 
5059 8190 8081 8048 
22773 24560 28272 18040 
23527 25955 31251 44229 
7362 7922 9261 9938 
8096 10094 18502 14903 
10588 10797 14439 7730 
10750 13616 18436 20545 
12149 16309 19837 10966 
15199 18516 20279 22489 
14367 18624 24008 15419 
17528 24382 19907 32443 
7297 8880 16177 14459 
9630 17222 18007 18512 
15871 16748 6970 17136 
16572 16485 28219 18946 
7834 4956 12790 8510 
8305 17164 10487 11987 
11737 12928 17147 11815 
12660 18823 23264 27064 
29151 29335 3549 30624 
29281 30888 48503 21430 
10257 13332 14980 5360 
12508 13702 13384 17629 
35029 35961 39639 14928 
35412 37815 42056 69666 
4814 7664 4695 8663 
8816 8145 11103 7045 
7176 8236 8534 10709 
8614 11508 16935 13049 
3901 5831 8189 5510 
6637 8675 8575 8552 
8916 10570 8788 12545 
10210 14859 20458 10573 
6651 8917 15437 10647 
8351 16827 14735 16322 
13635 15323 17047 14083 
16300 14785 26898 33552 
6514 8068 8200 5660 
8756 7770 13110 13386 
12878 14924 13793 17043 
14353 15102 28649 25564 
32349 34321 40321 14767 
33282 35172 37475 54960 
18185 18603 25762 15631 
18488 23787 33052 36204 
11095 14275 15363 5776 
13899 13698 14841 21183 
8986 11211 12481 14364 
11829 11784 25066 17950 
34668 35990 37946 19570 
35240 35665 44869 72977 
5542 6328 10494 8026 
7740 13039 10004 10839 
10280 13704 19289 13344 
14529 15669 17675 24746 
10055 12061 15428 10957 
11343 16212 13917 22287 
18995 23937 26627 15456 
22339 20935 29137 43289 
11834 14409 10955 17545 
13932 17343 28305 19364 
6879 8254 4746 8455 
8900 8087 15415 8036 
6857 11490 15676 12577 
10162 16972 14906 19750 
18431 26583 32419 18254 
24867 36608 28073 38843 
16282 21344 23071 8511 
19916 20473 21766 28179 
5550 1695 7107 7245 
5634 10034 7713 7241 
8112 9571 14177 12745 
10399 11591 19186 20569 
19639 20100 21773 7986 
19992 22282 29686 32207 
9565 10767 14568 11459 
11747 14612 22412 23557 
2740 4361 7101 7042 
6244 8378 7594 7266 
12126 13019 7355 18145 
12764 19836 21726 14214 
11841 13684 18537 14018 
14648 15101 24016 27750 
7427 8690 4810 11470 
8311 12081 14571 7839 
8877 10903 13319 7456 
11580 10784 13900 16659 
9797 12574 10772 15385 
14100 11697 20227 19022 
15253 17420 8184 18266 
16849 17289 26275 18382 
14535 20990 27663 18600 
24026 19131 26319 34066 
24137 25004 25811 5696 
24596 24923 29605 37877 
44517 44569 49993 11825 
44532 47431 47671 75608 
1061 5377 4909 5843 
7618 4642 4777 4069 
4530 6841 3602 8066 
8095 7877 8781 5461 
5856 6349 3760 6751 
6459 6723 11748 9179 
7134 7551 8247 4678 
7869 8450 11874 13601 
19180 19814 22460 8173 
20062 22420 27160 33117 
9193 9261 11609 3885 
9292 12831 13031 15857 
10090 11142 17599 13188 
10852 14715 21192 22616 
3485 7941 8118 9392 
10738 8454 11863 9062 
4884 3510 6238 8394 
5262 10251 9079 6904 
7700 8807 13795 14643 
9266 15970 15477 24828 
4912 7557 8724 8095 
9275 7523 12779 9945 
9465 10010 12101 12948 
10256 14180 21487 17810 
4026 5237 8167 9262 
9091 10094 7882 6839 
22471 25946 32951 15963 
24925 33737 36465 45220 
8246 9049 13328 7434 
8784 16699 14373 17548 
11953 12414 17788 13210 
12609 15448 26294 26736 
4635 7329 8564 8830 
8988 9028 13912 13006 
36858 40239 45932 16845 
39382 45490 45169 65402 
15053 16011 13000 17298 
15726 17134 34492 26120 
11754 16330 19457 10467 
14749 20439 17587 20995 
7325 7565 7878 5483 
7681 7621 14686 15667 
5166 7268 4298 7699 
8456 7140 10571 7671 
18651 21920 26584 12802 
20900 22022 27897 33987 
7878 12656 14555 9719 
11095 12044 15297 17806 
32646 32671 40440 18900 
32657 38337 43290 58935 
13738 13880 8386 17155 
13840 19381 27831 18246 
9073 11369 15152 13555 
12719 12513 20892 21865 
5724 8582 9763 8481 
10117 9326 14881 14041 
9572 6372 13324 15374 
10454 21002 17130 14687 
34815 37832 40086 14545 
36153 37612 41300 56041 
7247 6604 13706 9933 
7479 20458 14606 14850 
16823 4481 19569 21302 
21537 30520 16111 14291 
6460 9502 15961 12103 
10603 18704 16279 16573 
13228 20837 22212 12962 
18378 17707 22834 29122 
10769 13917 6818 17092 
15266 17440 19649 12096 
5533 6276 9715 5995 
6600 10455 9831 12714 
11448 15649 15940 5256 
14215 13248 13790 21825 
8543 8749 10012 9099 
8855 10316 20005 18851 
3000 3336 6335 6081 
4684 7033 7616 7733 
7187 12708 14489 8250 
15467 13468 13419 15256 
8851 9470 18321 16218 
15883 21489 17408 17757 
6146 7037 6705 8449 
7364 7477 13610 12828 
33588 35177 44869 16942 
34356 42276 40993 55980 
34102 41020 43721 13089 
37881 37696 38091 51747 
18319 21633 27790 18544 
20881 28070 33851 39921 
11790 14067 19756 16566 
13340 16855 26454 27475 
20850 22165 31066 21363 
21517 35176 29153 46225 
3958 5468 5347 8542 
6362 9317 9692 6634 
3765 3529 6592 7294 
7327 8731 5684 5079 
4833 6057 9693 7153 
6823 8703 12193 11548 
13370 15349 17473 5630 
16043 14919 16740 23343 
7483 9688 11144 6963 
10657 10936 11643 15254 
6081 4813 10894 9365 
6823 13367 12877 12130 
15754 19254 23725 15216 
18248 20313 27532 29163 
7655 9697 14534 14743 
10737 16677 20389 17237 
15169 15356 16193 5182 
15414 16293 21816 24916 
6572 7316 8256 9200 
7729 10098 15912 13504 
5397 6953 10285 5465 
7286 11266 9440 11062 
21460 21962 28314 18767 
22192 30660 44918 43547 
13679 17121 23408 19872 
16418 19366 39142 29622 
11679 13642 15816 13766 
14283 13279 26640 28306 
5971 6348 7338 9147 
6482 10097 14249 10827 
6481 7150 6740 12299 
7498 14152 13578 9531 
15127 15473 20475 9773 
15380 21695 25395 28073 
17882 18806 19702 7398 
18701 18510 25977 30020 
3038 3931 6081 6969 
6940 7877 6282 5375 
18137 20561 20890 7171 
19777 19166 23350 28525 
11331 11451 15129 7723 
11411 18102 14059 21004 
7916 14731 18185 11023 
18773 17534 15855 18365 
20651 23382 24551 8650 
22654 23427 23759 41626 
17751 22006 15670 22476 
21099 19813 38928 25776 
5364 4542 9905 9623 
8697 11493 11048 10606 
23540 24667 35516 14698 
24367 32592 29009 47011 
31423 36997 40088 16329 
34507 33537 37595 54353 
15394 16447 19567 9984 
16304 17767 25020 28502 
11961 12743 9608 16852 
13121 17900 26900 18570 
7293 8728 13348 12631 
9475 13174 20676 18983 
7068 5947 8120 13015 
8015 15278 13070 9271 
4805 5779 6467 7365 
6257 8102 12695 9219 
10041 14391 16002 14523 
16461 15566 17795 25397 
8359 12909 21216 15412 
11767 23528 19203 22331 
19308 23315 32828 15363 
21820 34803 27281 43399 
12769 15711 5331 15293 
14997 15385 23870 10644 
7234 8723 11134 13969 
10359 17347 14646 12329 
50313 51563 54418 9753 
50730 51996 52639 89919 
6172 8694 12888 14865 
8579 16126 17934 14475 
5753 6983 11897 11410 
7436 13703 18157 15661 
21124 22611 29705 16947 
22370 27130 37433 41649 
11674 12729 19555 16695 
12992 15892 29177 27911 
29065 29788 38055 19167 
29477 34915 37225 56645 
9541 15206 20784 19203 
17697 21547 27426 26585 
3715 6654 8791 6786 
8310 8236 9659 9848 
32236 35610 38197 19785 
33910 34957 41886 68198 
9915 11229 14709 6403 
10874 15003 14825 18614 
15081 18062 19971 10585 
16933 18681 23418 26159 
6542 6655 10107 7040 
6734 10981 13598 15495 
9020 9371 4894 13572 
9269 15528 18613 9275 
10960 17895 18038 17922 
20497 15819 22067 30015 
48233 51873 52826 12523 
50132 49685 53290 75950 
6834 7944 3475 9088 
8619 9277 14301 6215 
11965 13491 25455 17802 
14837 33777 22133 26624 
9252 11704 19822 13390 
11287 22768 19592 20888 
6014 6819 8044 5462 
7265 7170 12001 13067 
18951 20453 23453 8002 
20041 24203 25553 35227 
8695 10899 12955 13690 
11886 10593 22006 19782 
15382 15613 6026 19536 
15699 21920 26885 15204 
5430 7686 12232 9551 
9121 9924 16171 13476 
26031 31317 35340 17051 
30054 33584 31214 48725 
6195 6958 10257 6245 
7336 12210 11966 13752 
4073 4656 9069 8183 
4858 10483 12868 11673 
10474 11323 16489 12551 
11101 18225 22536 23722 
12189 14027 17457 11447 
13396 17992 24053 25323 
5017 9396 7128 10638 
10882 9615 12642 9360 
19874 23427 14353 23493 
22479 21166 45160 28788 
14996 2013 17009 16014 
15467 21685 12929 13414 
13403 14588 14379 16440 
15348 15080 31614 27803 
18144 27745 27814 12397 
24799 21391 25637 32785 
5369 6557 9595 5135 
6972 10731 9393 11585 
13837 14497 5609 19250 
14735 20921 23440 13150 
26083 26383 30773 17065 
26292 29539 35015 46413 
8146 12096 10522 14889 
11145 16263 17502 12885 
7689 10668 4499 11231 
12304 10394 13923 8958 
10564 12003 12929 13531 
11772 13057 26444 19427 
23528 26206 27668 18669 
25691 24506 44601 46804 
6043 2059 7490 8101 
7845 10271 6540 5875 
5600 8482 8461 11963 
7600 14303 15073 9171 
7309 10330 8843 10559 
12393 9659 20684 10339 
17731 21913 25172 18846 
20928 19869 25367 42288 
3153 6272 7550 5699 
8599 7024 7951 8180 
16826 25313 26058 11534 
23034 20686 23451 30071 
32793 35125 43369 17620 
33878 39394 40565 58479 
10076 10669 5248 13708 
10846 15621 18421 10741 
19177 26355 30413 17234 
23848 27959 32198 38253 
13108 16286 7090 16423 
15254 17000 26020 14349 
9635 10006 10357 16894 
10174 19851 22916 16181 
4667 6013 5334 9040 
6590 9517 11728 7364 
37489 37796 42411 16609 
37599 40056 44835 70332 
5310 6488 10955 6090 
6044 12226 9763 11975 
29957 31442 44731 17753 
30531 39700 36568 56349 
9145 17595 17975 9533 
15303 12537 13229 21382 
15155 22248 26732 13292 
20205 23851 23001 34628 
23342 26770 29481 18201 
26381 25108 46716 46355 
18851 19364 26339 11525 
19080 24210 27395 33568 
2276 3914 5708 6189 
7041 6657 5478 4870 
44307 47349 50759 12454 
45774 46023 48573 73624 
5756 10831 12056 8348 
12997 10871 12899 13374 
7547 9512 15164 13414 
10238 13890 19589 19092 
6534 6621 9789 9594 
6684 11117 16141 11607 
14479 15657 17246 5082 
16145 15552 18579 24489 
10602 10660 17628 12227 
10642 15273 21681 24111 
3639 3919 5805 7558 
6240 8896 6880 5531 
3902 4101 8002 6391 
5257 9402 8607 9307 
1368 6762 7553 8130 
9546 6752 6870 6356 
6131 8526 10387 14657 
9809 16316 15644 12111 
5121 7995 6471 10987 
7208 12370 11788 8120 
12272 13142 15330 20318 
13582 23417 30048 21988 
7252 8156 12471 7800 
8547 13981 14665 15584 
22951 28291 33472 16959 
26671 28611 32561 46596 
6026 9080 11920 6780 
10830 12129 11277 13054 
7648 8600 6939 11519 
8904 12188 16478 12738 
10730 12830 23271 19758 
12080 25705 28647 28909 
10888 12617 17515 15213 
13552 15927 26731 25569 
17031 17677 8210 18575 
17514 18612 30901 21731 
21061 23863 23947 6625 
23292 22105 27830 35455 
7486 10598 10930 5419 
12245 10037 12829 15085 
25520 26261 31772 19449 
25864 29508 45856 49373 
13926 16533 17956 9974 
15955 17047 21484 31348 
17841 28805 29145 12378 
25319 21955 23037 33810 
11017 15118 19585 12384 
14086 15695 19000 22952 
15547 17789 18542 23164 
19021 21951 34908 30180 
9318 9636 10742 4354 
9814 10676 14086 17057 
6223 6460 12682 11530 
9651 15912 13374 12933 
6177 3948 10125 9973 
7415 13447 12466 11461 
16216 18340 21527 15865 
19243 19148 32525 35446 
13245 15014 16114 4866 
14602 15282 17409 20644 
34166 34933 37988 19109 
34455 36468 45615 61169 
12972 14470 9768 17868 
15198 19264 25380 16750 
17027 22033 28532 17420 
24595 22475 30281 33637 
12170 14791 7672 17380 
14024 18296 23098 13554 
6336 11226 11113 8289 
9632 12189 11226 14663 
13803 16786 19448 15153 
15889 16422 29954 28552 
20160 21927 31071 16899 
21441 31759 34946 39306 
9386 12012 13851 15712 
11145 13021 26060 20136 
37559 46140 46568 13857 
45241 41106 47199 66063 
4521 6718 8648 9302 
7602 9538 12535 8412 
18849 19332 23339 7987 
19222 22061 25496 34891 
9952 11719 15248 10599 
11141 15699 14083 25062 
13087 13775 3113 13837 
13559 13900 20597 11898 
14469 15684 24145 19781 
15340 20210 39120 34408 
44991 47019 55115 13805 
46045 52296 49790 82749 
14342 1633 15529 15469 
15002 22738 11609 11266 
12456 12597 15674 16404 
12586 18338 34442 31426 
3826 5272 10482 10036 
5922 10506 12316 13184 
4777 7690 8402 11465 
9535 12595 12794 9873 
3825 4596 5993 8136 
5077 10480 9855 7819 
6782 7210 7010 12393 
7391 13958 14917 10111 
7820 3444 9438 10760 
8586 15005 9688 8816 
12620 14148 5521 14333 
13721 13378 22465 15056 
15053 15228 16489 5669 
15190 17041 17658 26696 
12292 14616 12870 17128 
13940 13913 29616 25715 
17698 19093 25066 13275 
18691 26462 30048 32124 
8238 11267 11951 5925 
12528 11231 14082 15310 
6768 7443 10603 9910 
7711 10959 18179 18884 
14018 17139 25991 12443 
16580 28334 21601 29873 
15836 17453 18352 4364 
16902 17723 17163 26541 
14438 19042 20622 9952 
17743 18166 22301 26801 
10877 13273 15542 16451 
14318 13537 31492 25263 
14070 20699 29237 17816 
23226 21433 24052 32916 
14045 19153 25919 15658 
17538 21830 25182 29625 
8773 10294 14091 11459 
10759 13274 16576 20757 
5124 10512 7153 11235 
13930 9943 12672 8911 
13040 16981 18691 9850 
15696 16912 16253 26623 
11293 16793 17749 8145 
15072 13756 16167 23660 
26688 28766 29044 4036 
27691 27537 28354 46765 
4253 8671 9018 6277 
10555 7835 9592 10172 
10418 13053 13972 7762 
14572 13468 13751 19343 
6942 11162 6207 11444 
12660 10159 15674 10312 
6072 9436 10836 7609 
10941 10306 14170 14779 
3795 5267 9061 7898 
7886 9935 8552 8489 
11945 6128 14057 17155 
13525 24285 16701 13112 
6487 7569 9201 6026 
7970 10097 11872 13170 
6429 2341 8770 7615 
7883 10638 6768 7108 
15860 18218 5002 17753 
17742 17711 27202 13797 
4555 6195 9300 9728 
6796 10752 13704 12121 
10302 10632 20526 18046 
10525 17742 24678 30398 
12961 15901 5552 17472 
17059 17368 22056 13338 
7961 12894 16552 12821 
15208 16502 20009 18635 
6870 9270 3590 10170 
10923 9932 11812 7197 
7002 5682 12684 9893 
7437 15690 13440 14560 
3814 5451 5499 7193 
6188 7675 9738 8158 
50037 53979 54601 10276 
51266 50756 52144 91012 
3024 5400 5054 6919 
6190 6856 8714 6217 
10861 16773 18349 11512 
15164 19324 17394 23743 
12344 14972 18169 9722 
14500 18439 16380 23249 
14787 15087 1649 15123 
15058 15196 25605 11339 
16644 17483 21167 8498 
17298 19617 24143 29112 
4606 3971 5610 8577 
5277 11721 9188 6589 
10024 15966 19800 14892 
16015 18170 16626 26881 
20311 25038 30720 18639 
23044 30241 30416 42087 
13740 14533 14802 5501 
14311 14244 17593 21819 
3832 2812 6431 6643 
6036 8215 6515 5957 
3719 5546 5525 7474 
6525 7700 9645 7512 
6956 7832 8349 11812 
7671 12612 16265 12586 
8333 8454 11895 11590 
8420 13277 18290 15083 
9158 10129 19286 13572 
11098 22844 17452 20662 
26751 29082 30956 16601 
27851 28812 35501 46804 
44288 49751 52453 11017 
46061 48262 46656 65395 
6217 1710 6914 7926 
6404 10956 7071 5995 
3078 6522 5554 8351 
8850 8087 7876 6006 
10139 11480 7332 14762 
12252 15475 20482 11668 
14202 14381 17450 4494 
14338 16612 17106 21031 
5060 8234 7129 9086 
9556 8600 12815 10209 
42563 43221 55371 15576 
42816 51111 48893 75144 
35430 40378 46769 14717 
39079 42400 40427 65498 
19250 20358 23883 7998 
20880 23452 26911 32571 
3682 5444 3425 7011 
6236 7029 7548 4799 
31402 37860 41912 16747 
35722 34235 36135 59821 
25625 26067 30849 21781 
26204 31367 45816 57661 
41765 46814 49279 14160 
43810 44550 45143 73542 
6225 10018 10564 4598 
12240 9554 9459 12612 
14831 16019 19258 16097 
15665 16817 36343 29631 
4326 7019 6017 7913 
8571 7435 11542 8983 
28543 31168 37021 21090 
29721 38323 41275 60080 
6314 8035 11229 6318 
7700 12036 10354 14452 
11796 11824 18373 17687 
11815 21332 22625 30540 
6320 8564 12425 7877 
8026 14137 11359 13880 
7334 11738 12289 11979 
13871 11157 14082 19660 
12709 12798 12994 13066 
12824 13104 29733 25438 
7446 7569 8851 7682 
7617 9248 15302 17720 
7430 10150 10788 13864 
11998 14868 17443 11926 
13245 14485 19361 6547 
14207 20426 17571 23478 
13034 18691 20940 14469 
17324 17934 18374 28653 
7602 12175 14610 10831 
10881 12558 16971 17679 
8165 8343 10697 10884 
8413 11358 23973 19025 
15411 18466 19723 9840 
17405 17294 24648 29339 
12851 14122 3760 14345 
14964 14015 22622 11063 
3131 4054 5082 6782 
4524 8073 9125 6567 
4221 5354 5908 8711 
6144 10455 10639 7809 
8758 9561 17412 18318 
10282 20795 22910 21533 
16853 17082 19376 9561 
17018 18377 27513 31578 
5737 10010 6907 10189 
11641 8881 13611 9964 
8060 10792 12131 6783 
12488 12145 14572 15091 
13170 17725 21914 13573 
16530 20916 21395 27347 
2732 4814 7546 6288 
5803 7812 7402 7797 
11769 14932 23010 19340 
16414 27609 31981 29808 
14661 16347 17823 5068 
16047 16309 16511 25033 
8288 12370 8549 13649 
11420 14207 17398 10735 
15097 16831 26728 12546 
15918 31060 22931 30816 
7512 5880 9359 13392 
7602 15551 14760 11534 
12187 13669 11421 14214 
13258 13552 28776 22168 
9289 8070 10492 16211 
10868 20634 15618 10886 
10778 14835 19952 14980 
16761 15131 22350 27834 
12448 14390 12048 17617 
15286 15387 26188 22081 
8563 9512 7829 11231 
9829 10277 21379 13987 
7162 5758 12920 7948 
8253 15242 10285 13250 
10303 11463 11945 16894 
11103 14089 21944 20006 
16534 17101 28194 12222 
16971 33298 24988 30649 
14108 17069 20351 9332 
18114 16516 20227 25670 
14252 15174 17422 15834 
14881 17336 34050 30650 
18819 18961 26527 22928 
18944 24164 43876 42698 
10680 11047 16231 19649 
11362 23006 29234 22700 
18321 19769 21590 8159 
19276 19731 26349 30934 
5572 4276 9848 6565 
6413 11967 8626 9984 
4203 8985 6614 9444 
10320 8098 11038 8316 
2665 5819 8131 6770 
6684 8134 8237 7924 
16820 16864 21517 13186 
16850 20236 34284 32738 
13414 9055 17240 21120 
15834 28551 21618 15857 
6472 6109 12581 7757 
7203 15510 11547 12943 
5323 8884 11314 11416 
10554 11653 17341 15837 
9134 12594 12685 12050 
13752 11572 23838 20377 
22953 28998 33398 14767 
26052 27661 25846 39660 
7734 11396 15725 11075 
13363 11172 14765 17944 
10173 10876 12960 13192 
10705 12408 26907 23085 
32036 35878 41172 19060 
34912 42097 40623 67605 
11267 14150 25055 17755 
13309 28966 24994 27959 
11344 14071 9955 15472 
13235 14407 25518 16417 
14640 15038 18526 9947 
14966 17129 23754 29389 
16795 20856 25737 16046 
19523 20296 24929 37701 
9180 7661 11910 16703 
9401 20691 19534 14905 
22974 23755 24818 20485 
23514 23543 35867 50990 
8253 9065 4009 11577 
8855 12483 15198 8095 
11789 13295 7453 15022 
12823 14598 20245 13341 
9338 9825 5725 12808 
9664 13785 17719 12178 
8038 11405 8567 16497 
12919 17631 17712 11137 
6784 7091 10154 6517 
7271 10867 13777 14621 
10573 11292 3583 14060 
11643 14859 17395 9505 
22107 33093 33926 14811 
30578 26931 29366 47199 
11553 13452 21433 14490 
12993 23091 24050 26874 
4186 10741 10857 7078 
14704 8715 9206 11070 
10073 12846 15564 9136 
12050 14753 14112 22220 
42409 43393 49350 11526 
42744 47217 45304 65884 
15282 18018 18879 9661 
17392 16779 23648 26760 
10120 11223 20350 14127 
10921 17071 19609 22836 
9681 12201 11671 14016 
13333 13868 21647 15123 
10127 13355 11454 13434 
15468 12380 23064 15562 
17013 21070 16418 22203 
19736 20419 36801 29193 
16489 18276 20924 8882 
17773 18540 24355 31205 
13260 21027 26082 12930 
19422 23476 19380 28851 
8704 10783 14997 14451 
11834 13135 21831 26907 
16274 22255 23612 12683 
21603 19196 21206 32545 
19082 20610 20933 23331 
21066 21063 48544 36617 
8495 12326 4665 13147 
13995 12142 15544 8779 
13344 3201 14887 16191 
13890 26361 14473 12357 
4682 8780 9588 9388 
10428 8619 15214 12570 
6415 9355 18273 17366 
11343 16458 22244 21748 
1294 4644 5754 5937 
7640 5095 4802 4615 
43267 47364 49880 13469 
45084 46126 47177 72865 
5969 7653 13206 13622 
8665 14044 16836 14736 
6079 4050 9224 10127 
10616 12543 8175 7245 
7814 11931 12165 13607 
14206 10951 17704 21342 
11457 15613 13492 18870 
14493 17885 25990 17985 
3352 4416 7048 7242 
4792 7733 10894 11034 
6601 1793 8394 8065 
7336 12552 7672 7132 
6535 6999 9757 12994 
6908 14446 15486 14187 
9931 13935 14066 10959 
16041 12787 22477 22096 
32665 34085 38261 19393 
33191 36012 44487 68922 
6839 10250 11200 15280 
9268 18026 18583 11693 
22373 24192 6759 28140 
25010 29006 33073 20342 
18274 23533 31089 16028 
20927 28345 26766 37266 
7142 8124 11836 8954 
8870 11985 15007 16697 
8122 8770 10694 16891 
8843 21813 18216 13600 
3389 6735 7434 5093 
8370 6774 7422 8147 
2203 7241 9443 8300 
10233 8447 7694 7640 
6322 8074 5928 10340 
9155 11035 14286 7125 
29836 33410 37509 19572 
31394 37303 42591 56919 
10866 11412 19109 15259 
11251 23098 26848 25693 
11138 11292 8961 12061 
11383 11680 25743 20065 
11785 5725 12384 17495 
11802 25544 16205 12423 
11995 15585 15663 8448 
14740 13246 20054 23257 
11168 13367 15127 6421 
12780 14233 14091 20839 
14682 16172 19138 22862 
15691 26134 37665 32267 
23901 25068 26325 19507 
24479 25109 34803 50584 
6448 10792 11060 5691 
12777 9750 10959 13794 
14709 19955 26942 16347 
17447 25130 27912 33468 
4568 3790 5969 8357 
5309 10466 9300 6761 
9319 12493 16143 12093 
13902 17154 17509 21570 
17996 19256 29714 15843 
18925 26136 26498 36880 
16813 20423 22889 7801 
19680 21864 22246 27903 
10165 10878 7893 12292 
11210 11723 21627 15087 
5467 6225 8110 6810 
6506 7457 13467 12547 
3825 7144 4871 8005 
10836 7460 8640 6399 
36207 39661 47926 14341 
37697 43420 41789 68425 
9256 12762 21049 19290 
12081 21002 26591 26955 
9982 13727 14497 12482 
15610 13630 17925 24834 
3466 7601 10274 11066 
11099 11089 11585 10259 
9754 9861 1105 10357 
9925 10501 16165 7441 
8174 14603 16316 9184 
13277 12964 13041 17703 
8452 9990 9341 11555 
10776 11912 18056 15545 
5354 8311 9758 4495 
9470 9310 8441 10872 
8705 9662 6889 11852 
9881 11020 18063 13616 
20484 22287 24324 9325 
21666 24049 27336 40162 
18302 21969 26617 12758 
21361 23559 27582 34350 
26663 28088 34763 13859 
27398 31798 32277 44732 
9913 11755 17443 16487 
12440 13763 25797 26679 
21223 24112 8170 26193 
23439 27332 37981 17872 
18956 19183 15058 24898 
19296 26907 46141 29710 
11144 14122 23556 13466 
13040 27571 18845 26759 
7526 4078 11604 10967 
8133 14079 13175 12585 
7168 9700 12921 11564 
11837 9937 17909 18119 
7526 9426 10986 6541 
10772 11292 11604 16149 
14098 18366 13968 21190 
20746 20797 26159 17469 
8328 8713 10418 4514 
8925 11174 13198 13592 
38302 39369 48733 15616 
39195 46012 49511 66776 
14006 14735 19720 15310 
14568 17085 28075 32276 
10790 11323 21957 17856 
11220 19474 24701 29596 
7355 10448 14614 13615 
11412 10325 19355 20691 
26190 27560 33839 15861 
27334 33940 42533 46785 
6477 8729 9868 4424 
9774 9883 10276 11484 
5121 9769 6621 10587 
11918 9269 12305 8575 
15067 16242 18210 5328 
16642 16928 18281 25648 
4356 5221 8650 7955 
5589 8895 12157 11414 
17728 18717 29170 11905 
18377 32627 25749 35866 
7630 2999 10218 10627 
10311 13129 9335 8364 
30335 34096 38667 18626 
32951 35425 41479 55921 
7592 9612 13761 10863 
10643 12274 17186 18868 
13700 15143 6702 18890 
15734 21482 25485 12703 
5004 3830 8717 8833 
5301 11285 12136 11354 
4564 8364 8656 10196 
10197 9703 13610 10747 
39110 40694 43862 15027 
39623 40729 46834 64529 
7023 7327 6140 12863 
7445 14155 15464 8948 
14765 19787 24310 12695 
17837 22979 20470 32653 
40313 44907 46533 13572 
41949 41890 44020 64412 
18315 26698 28815 15884 
24875 22447 21986 37700 
1880 7908 8107 6491 
11909 6196 6396 7047 
3562 6706 7145 6733 
8371 6295 11777 9181 
12026 12694 4547 13796 
13079 14001 23087 10721 
1850 5015 5974 6864 
6578 6363 6431 5579 
13723 13820 16771 12436 
13792 16099 27687 27592 
4300 4183 8483 6722 
5242 10079 9476 10654 
26703 27438 34041 14925 
27309 31252 40453 47780 
14611 17132 19714 10211 
18491 16391 23896 27485 
10995 11263 8967 12363 
11385 12403 24636 18560 
12934 3606 14447 16193 
13466 24940 14241 12399 
33639 40995 44151 15617 
38888 38321 39666 63401 
7081 8624 15704 11518 
12017 17096 13001 15015 
5647 1917 7564 7322 
8206 9219 5249 5368 
16154 16206 5860 19173 
16191 18517 24649 17399 
8592 7826 13703 12544 
12469 16638 11812 11588 
15589 17108 6679 17972 
18071 17827 26364 15936 
17559 20859 28775 15787 
20080 23591 25236 39077 
10804 11869 14227 7017 
11592 14347 14522 21937 
10624 13674 3999 12586 
12915 12236 16001 8491 
13355 13719 21074 9561 
13657 19082 18423 25642 
4572 5702 5366 9787 
6195 11125 10982 6736 
6840 8472 7597 10027 
9615 10162 14340 11592 
7083 10613 14595 10705 
12709 10120 19906 17257 
3777 11854 11879 11027 
14973 9195 13048 13077 
6412 7783 9221 10296 
8564 8973 16024 14395 
6127 7513 11341 10215 
8196 11140 17146 15615 
7316 10321 14175 12898 
10006 14654 14447 20603 
19896 20787 27875 12631 
20583 31082 32358 35091 
5329 7065 10153 6979 
7614 11955 11801 12147 
23234 29089 33251 22900 
27197 30933 32034 57873 
6710 7167 9255 10158 
7339 10672 17751 15724 
9586 11269 4887 12722 
10949 13382 19373 9782 
8815 11769 18259 15051 
10961 19270 22918 21942 
4412 5605 4981 7744 
6081 8339 9940 7862 
12078 12323 4704 13219 
12482 13535 21229 12424 
4847 4225 9071 7994 
5968 10762 10678 11097 
8707 9729 8695 10222 
10010 10047 20999 15056 
13230 16610 18842 9191 
15718 17407 17745 24356 
15371 16127 21027 10003 
16614 21647 24856 26696 
21033 22344 16077 24402 
21938 24433 46719 35321 
26932 27810 27968 4882 
27333 27247 29803 41574 
11999 15884 19859 11010 
14460 18604 21013 26014 
6604 7504 9069 10365 
7734 10273 18422 15073 
38855 39903 50727 13038 
39390 47146 43362 57758 
15427 15533 25238 14951 
15506 29653 30386 33518 
10961 14257 17267 18978 
13458 19178 30282 25004 
14048 16100 6879 16353 
17090 15777 26428 13954 
12715 13823 8524 14869 
14400 15111 26359 15971 
10320 12123 15923 10051 
11764 16356 20854 21213 
3424 6528 5547 8050 
7729 7467 9227 6608 
4138 7186 6825 7459 
8899 6534 11961 9754 
6458 6636 10486 9005 
6707 9967 17642 13482 
14898 8060 21252 19253 
17280 25280 19439 20470 
31678 38583 41003 15189 
35358 33294 36254 55656 
16203 18349 26735 13437 
17861 23020 22526 34847 
9560 10750 14583 12157 
11168 11459 24623 22673 
27888 30228 36121 14039 
28962 32527 39517 45208 
17093 20261 23458 8641 
19488 25425 22306 28555 
13494 17512 13135 23851 
18907 24575 32505 20260 
2671 5198 6219 7868 
7832 8146 6711 5325 
13134 16471 19553 10789 
15454 19464 18094 29063 
4844 7367 8247 6457 
9063 7899 11700 11202 
48066 51253 53849 10425 
49244 49888 51031 73850 
4584 10730 10906 7760 
13519 8953 10630 12233 
9548 13196 17533 21842 
14834 24268 26169 22490 
4849 8643 8546 8943 
10007 7827 13819 11961 
5806 2942 8477 8748 
9075 10478 6901 6512 
4381 3627 6691 8007 
5593 9588 9117 7347 
6869 5225 11209 8447 
8177 14197 9657 10695 
8782 9007 2643 9210 
9108 9235 16950 8853 
3999 7391 8668 9379 
9514 9434 12522 11410 
18063 22240 25359 15610 
21131 20319 32691 38263 
10413 11858 5128 12334 
11394 12617 16959 10104 
19303 22171 24757 11436 
21444 27120 23748 41268 
6587 7910 5582 10223 
8608 11039 13646 7812 
8357 12910 5609 13552 
15480 12259 17604 9636 
10336 10610 13854 8350 
10534 15892 14901 20962 
13770 22841 23647 16071 
27277 20824 29786 31357 
5533 8305 11157 7188 
9698 11278 11603 12649 
7516 8706 10836 10301 
9183 11057 14595 19900 
5080 5860 5823 9218 
6197 9764 11853 8603 
4048 6073 10618 9910 
6924 10925 13015 10503 
5412 5890 10139 10473 
6029 11464 16333 14938 
9614 11205 12472 16407 
11776 18759 23956 19427 
7387 13375 13516 6592 
16391 11591 12133 14166 
14508 24251 24781 15178 
22378 18478 24408 35788 
11051 12698 20592 16958 
12139 24501 28281 28284 
9481 12672 21944 19862 
14094 26718 29993 27724 
9586 9925 10393 4501 
10057 10002 15636 17838 
6382 6492 10665 9274 
6546 12288 16520 15654 
4514 3751 6126 8264 
4653 12206 9604 7659 
15500 16612 5319 19374 
17205 20707 28345 13357 
3458 6010 9468 7695 
8410 9728 7960 8904 
21168 22937 24863 6648 
22449 22645 26109 32947 
40780 42019 47405 12773 
41207 45035 44613 65930 
3841 6281 10404 8153 
7109 8854 12098 10702 
12071 17285 22800 11712 
14756 26738 19418 23944 
4910 2942 7852 7717 
6448 10888 8546 7661 
4983 5768 10286 9453 
6147 12220 15397 13039 
15508 18140 23412 16465 
17413 24112 22835 34587 
5743 4479 10221 9634 
6408 13583 13522 11477 
4295 7059 4137 7196 
7866 6336 9495 7080 
48009 48183 55438 12411 
48071 53355 51511 75844 
23397 24825 26128 13838 
24537 24263 38085 44411 
10807 12619 15938 13068 
13637 13302 23377 26159 
2253 9004 7958 9859 
12368 8066 8893 7164 
14794 18206 16931 23970 
18964 20580 34803 28803 
12760 4142 14869 16033 
14065 22273 13625 12656 
13127 15652 21541 14046 
15089 22787 23629 27163 
6963 9524 7144 9621 
10424 8786 15788 12667 
4762 5806 4885 7864 
6137 8619 11193 8352 
6080 9508 5706 11616 
11721 11135 12756 7965 
4235 4385 8971 8619 
5594 11026 12381 10840 
15103 17128 5634 17233 
18396 16625 25316 13477 
9835 10447 12573 8094 
10751 12523 18260 20518 
12485 12802 12794 13267 
12716 13243 29034 23521 
7456 9357 12479 7223 
10261 10648 12884 14638 
19594 19923 22506 21147 
19831 21479 33272 47089 
59241 60263 60324 4067 
59593 59431 60571 85820 
4166 5496 8210 7066 
6502 8827 11923 10671 
7968 6861 12568 13150 
10000 17008 12668 10419 
14376 18375 24510 12811 
17206 19821 21699 31369 
7634 8130 9719 6648 
8348 9802 16644 15982 
5065 5108 3971 8769 
5127 10528 10170 6246 
11015 13174 14613 6705 
14407 14588 14828 21120 
9205 14828 21575 17903 
11897 24623 22940 26120 
4587 9936 10288 9053 
12501 8692 14609 12746 
7675 14000 15983 14952 
16367 14975 22640 22031 
15829 16781 24187 15849 
16569 27965 21206 29859 
33957 41313 43853 16723 
39808 39636 38940 61641 
11071 14013 12962 16820 
13354 17121 26456 21391 
16010 22468 23354 8509 
20924 19452 20671 27699 
4437 4803 8798 7186 
4944 10240 11649 10880 
4148 3252 7400 6695 
6933 8533 6440 6617 
41214 43636 47945 12601 
42846 44412 51210 66522 
51630 51806 54454 9284 
51689 53776 56146 87272 
35627 40618 44646 16634 
39088 42555 44916 65830 
4734 4339 7237 9072 
5462 10748 11735 8655 
7740 9519 7074 10216 
10237 9941 16814 11362 
7549 9334 7201 12175 
10587 13119 18192 9430 
11586 12002 16329 9693 
11931 15027 20164 23783 
25653 32115 34631 20870 
29917 31184 39089 54245 
10957 15024 16581 10748 
13917 14559 15572 25590 
5233 6807 9428 7722 
7807 9903 12710 12382 
19559 22044 25330 20808 
21157 21901 45775 44376 
3276 6637 5629 7575 
8239 6956 8865 6896 
8059 8733 7820 10481 
9099 10821 21199 11280 
13097 14614 8598 16537 
15396 14608 28842 18318 
13669 15614 24974 16111 
15136 19321 25186 29858 
4902 7555 9663 5147 
8669 10067 8824 11068 
5469 6205 7136 9654 
6736 11030 12654 9481 
17315 20002 24321 14415 
19209 24385 32895 33192 
5902 11917 11362 12114 
15928 10182 16641 16153 
18663 19787 22891 7783 
19605 22647 25623 34705 
14041 15126 15945 12796 
14809 14613 31180 29220 
37029 37291 41600 14938 
37149 40042 55011 61232 
8583 9036 12208 6971 
9237 12985 16216 16798 
24387 26845 7994 27626 
25677 26122 42000 24737 
12262 4344 13665 15322 
14064 23484 11709 10375 
18421 18991 21961 15944 
18842 20313 35409 39079 
13984 17181 21260 14549 
18278 17446 26653 29859 
16416 18836 23531 7911 
18294 24452 21497 30720 
5558 6772 8481 9653 
7361 8690 14668 12901 
6650 5526 11903 12175 
12389 15645 10727 10377 
8663 11448 13583 14537 
12508 11003 22023 20273 
8456 9571 17554 15773 
10288 17596 25358 23724 
7456 8435 12723 10594 
8988 13259 18787 18015 
14923 17005 22281 15486 
15975 24625 21598 30855 
20291 21006 21600 7669 
20918 20862 28569 31235 
11361 5705 15757 14192 
13282 18557 13869 14141 
9273 15064 21102 14528 
14352 19683 19352 22838 
18149 18378 11496 26587 
18306 29587 41257 22001 
4446 5857 8181 6143 
6883 6902 12205 10860 
29134 29677 37981 13654 
29387 35185 32390 52894 
8575 9214 10952 9161 
9480 10409 17699 18772 
4408 6267 5587 8379 
7184 8673 10531 8211 
4276 9450 10916 12036 
8200 12392 11469 14892 
24912 31080 32652 13332 
28233 27407 30440 46260 
9994 13143 18612 21347 
12665 25398 25667 21712 
4623 7155 8158 8506 
8272 8102 13075 12154 
5216 6278 8687 10044 
6012 12634 14326 11267 
9406 10326 13053 6887 
10725 13996 16637 17131 
4533 3963 8495 6931 
5290 10627 9206 9294 
19230 25197 31598 16629 
28242 23880 29957 36344 
9715 11438 13613 4382 
12384 14109 13041 15490 
12139 4898 12748 16599 
12772 20413 14201 11311 
17170 21862 22343 10018 
23272 21052 20819 31039 
37245 39090 41924 24822 
38529 39235 53389 80626 
16434 20438 29224 17177 
18200 30032 27385 40281 
5422 11773 13255 8740 
15938 11858 12142 13697 
11051 12062 13789 7077 
12743 14012 17317 21011 
12636 13239 8572 14946 
13637 15539 26531 15963 
8350 9215 5305 13127 
9001 15356 15412 8903 
25557 26505 27670 5368 
26018 27434 28992 43068 
8473 8722 10568 9431 
8828 9748 19731 19107 
9620 13912 23531 17270 
13060 24113 21945 25895 
17043 17203 5204 18730 
17166 19247 27373 18544 
9909 19403 19632 15514 
16807 20067 17975 24045 
17018 18124 18770 23051 
17745 23457 42775 33457 
10454 12774 13838 6977 
12311 12775 15561 17356 
17158 11923 29061 17889 
17181 43310 24400 25998 
4365 7260 11625 11390 
11464 11809 11647 11742 
16425 20858 26039 19418 
22726 20486 36877 38040 
11893 13897 4524 13966 
13539 12659 20302 12892 
7771 10075 8695 13894 
9486 16066 16475 11111 
2673 6718 6779 6063 
8639 5462 8249 7842 
2288 5628 6316 5508 
7016 5534 7231 6893 
9547 10248 11365 12940 
10099 13382 21460 15717 
18850 26758 27942 12717 
24705 22260 26843 34154 
6580 8320 9302 10146 
9216 7871 17406 15381 
26931 32144 37644 12661 
29234 31784 30232 47324 
8292 9538 12542 7565 
10103 11301 12700 17235 
11794 12776 16231 5294 
12461 17832 15269 20726 
10185 11837 15820 13693 
11416 13796 23335 25909 
17152 17963 23904 7954 
17660 26935 23093 29178 
4808 8061 5414 8130 
9431 7084 10833 8707 
33242 35286 44978 16360 
33971 40062 39460 59526 
20684 25111 30918 21392 
27664 25627 41456 47007 
4815 5219 4746 8856 
5461 9885 9776 6874 
24874 30173 32325 13352 
28853 28235 31639 41861 
21577 28565 28974 18163 
26504 24468 33910 41569 
6562 8165 14066 8395 
9047 16336 12857 16493 
8476 9950 13820 11861 
11041 11164 19159 20981 
6817 6389 8540 13205 
7379 15829 14812 10856 
10878 14599 14990 7881 
15751 13944 13687 21426 
9703 7337 11109 15705 
11749 22787 13602 10580 
28746 36701 37556 15593 
32621 31154 31284 55466 
10804 13793 7418 14621 
15407 14228 20532 10570 
15476 18645 22413 14170 
17711 19842 29799 31798 
13998 14241 18780 16856 
14164 16248 35293 33995 
5345 7018 7922 6131 
7701 7683 12244 12182 
20736 28481 31769 18208 
26466 27841 25529 42367 
7611 8126 10704 8720 
8371 12000 17123 16076 
5537 10975 6721 12086 
13548 10573 13137 8283 
9953 12300 14329 5171 
11704 14068 13242 16384 
3357 4362 5649 7717 
6193 8156 6990 5459 
5898 6361 12259 8353 
8794 13813 9628 11505 
13811 20091 27335 18766 
23416 19364 26791 30243 
8527 9238 14172 7363 
9621 15618 14066 19639 
6220 7436 11633 8250 
7957 12942 13796 13476 
18168 27471 30840 14447 
24143 26028 26029 34154 
9199 9644 18009 15484 
9901 14646 21772 23717 
8124 10242 13918 5853 
11209 14261 12060 15724 
27891 28228 29019 3047 
28137 28564 30909 43148 
6591 6604 10793 8755 
6606 12400 15152 16049 
3094 7838 10931 10172 
11053 10471 11273 10360 
8713 9151 11547 10455 
9393 11659 22559 18152 
4186 7383 4936 8547 
8251 8313 9730 6470 
11238 12818 16476 11649 
13701 14993 20769 25728 
7845 6613 14227 14457 
8634 16926 18633 17128 
4017 4850 7958 7363 
5096 9169 11337 10574 
3641 8037 9776 7140 
9719 9161 9033 9539 
6452 7912 13039 14362 
9561 15941 18731 12862 
23900 24055 24300 5745 
24006 24140 31026 40302 
6980 4151 11130 10096 
9213 13920 10675 10391 
7856 9917 12930 11811 
10321 9909 19459 19092 
1884 5918 5792 6536 
7914 5411 7676 6169 
15683 22560 28261 14865 
24475 28710 27069 31140 
8004 12084 7837 12583 
10710 13114 16798 10415 
15121 26005 26797 12701 
21977 19843 20707 33010 
9003 11388 16177 10392 
10635 16948 18216 20902 
11400 4194 14468 15593 
12292 23708 15253 13689 
7002 7545 9298 5759 
7790 8955 13028 13476 
7611 8396 10987 4885 
8746 11818 10890 14165 
36381 42062 43308 14290 
38280 38168 40204 66554 
5529 5585 5801 7262 
5608 7924 13920 10326 
12524 12554 4465 13015 
12566 13237 23393 14678 
8230 9556 17785 11971 
9393 21560 16989 19499 
10692 15024 20225 17994 
16858 14940 26385 26568 
16409 19574 24569 16166 
18998 19931 28158 37079 
26620 30829 35180 14845 
29634 33515 41696 44702 
17136 17324 26807 22235 
17263 29827 27717 43699 
8013 5138 13078 13151 
13150 15804 11899 11509 
12308 13690 8677 18043 
13362 20819 26638 14997 
5862 9202 10091 6771 
10848 9469 13034 13634 
13084 16291 16456 4813 
15416 14269 16138 21021 
10113 11661 19442 11966 
11285 16504 16990 21467 
25041 25765 27460 4936 
25556 26644 29414 40051 
9298 14449 22146 14251 
13359 21486 18167 22823 
13169 17680 20761 12946 
16629 19637 16751 25896 
7136 7759 11576 8188 
7970 13140 15546 15856 
12554 4449 16827 14367 
12783 23082 14692 14818 
10635 12033 16053 9602 
12863 15500 19315 22342 
3966 6643 10315 8476 
7663 8566 12377 10450 
40387 43922 46646 13597 
42915 44986 47577 65022 
12703 3834 13570 16535 
14015 19233 13767 11037 
5320 6612 6098 8009 
6986 8419 12617 10174 
7668 9614 13444 13220 
11305 13989 20510 16164 
13877 16429 20694 12448 
15671 17938 24377 28044 
18549 19364 22491 8530 
19124 23253 22403 29407 
7160 9570 15569 12036 
10692 14875 16465 18661 
19063 22414 12391 24574 
21391 23468 41136 23175 
11433 20273 25448 15283 
25012 25518 22782 24374 
8608 11952 7561 14656 
13669 14919 17738 12044 
41095 47352 50736 11891 
44568 44935 43834 65712 
30114 33406 42533 17936 
31780 38471 37488 54361 
7544 17173 15773 13161 
15200 16409 13200 19652 
7659 9574 10589 5119 
10755 10546 9966 14924 
2134 5981 7000 5267 
8468 6209 5971 6347 
21897 22101 29122 18951 
22041 31145 33394 44470 
11427 17232 17361 8160 
20852 15501 18505 20655 
3833 7810 8093 6976 
8971 6900 10761 9872 
5196 4404 7282 9599 
8039 11654 8512 6567 
10266 11380 3700 13777 
11678 14456 17660 9439 
18711 28880 28934 10299 
26256 22137 22225 31868 
17958 19060 23652 22365 
18798 20718 47029 46422 
15799 19542 16903 22119 
18550 18274 38330 27036 
10963 17507 21867 18232 
15727 18932 26970 27968 
12084 11489 22647 19731 
13239 32652 26631 27698 
11095 12922 11873 14116 
12489 13438 25732 19266 
8881 9805 12315 8263 
10051 11610 15893 20690 
7848 9015 12363 6414 
8753 12948 13203 16205 
4773 6542 7204 5547 
7303 6861 11403 10534 
8156 11074 11980 5579 
10174 12537 11165 14870 
14056 15978 28327 17306 
16681 34482 27241 32184 
26515 28804 40885 18029 
28247 35604 37175 47057 
5117 7520 11666 11674 
8420 9242 15943 15746 
37546 43760 44534 14868 
40214 39153 42516 61086 
9800 10090 7686 10999 
10234 10446 21760 18479 
6399 9014 14035 10466 
10341 15864 15783 15130 
19957 20898 25750 6291 
20539 27500 23848 35320 
12674 16136 21697 10169 
18647 17759 18010 25878 
5899 11146 12709 7254 
12803 11363 11038 13231 
4582 3479 7055 8059 
6809 9542 7766 7063 
8823 10647 12296 8081 
10190 12888 11899 19146 
13221 8042 21263 14367 
14071 29251 16373 18645 
8340 8509 4543 8665 
8608 8688 17124 11839 
9299 10523 12990 7891 
11198 10940 17976 18615 
4591 7449 8260 5405 
8363 7640 10003 9899 
5907 6536 11950 9651 
6870 9818 16278 15032 
4022 7042 7195 5048 
8059 6267 8831 8880 
16512 19603 28486 22557 
19034 30619 23775 44415 
14845 15614 8374 18461 
15456 20046 30615 18236 
16361 18997 24384 15817 
18323 24827 22327 34953 
8225 11016 14086 7131 
12060 10509 12258 16002 
8684 17348 17116 13041 
15475 17904 14694 20282 
17709 19755 22510 8235 
19091 21035 24822 29809 
13965 17334 28048 16721 
19445 33650 27526 31736 
39746 41127 45616 12562 
40858 42711 51411 62297 
5675 8037 7564 9122 
9050 8810 13181 12315 
8171 10228 11558 7377 
10872 11694 16246 17049 
28766 31694 37329 18090 
30045 33127 34032 65033 
10414 15715 5941 13358 
14814 12651 19494 9403 
12012 15362 24705 17087 
16529 23078 24230 28235 
11529 14913 20461 14812 
14108 18637 25063 26009 
11065 14422 19174 15243 
15580 15298 24465 25792 
10275 11294 9267 15031 
11821 16374 22797 16264 
10721 10812 17177 11610 
10782 19438 23351 21479 
22764 24198 26634 7535 
23406 24730 26121 38626 
22634 23009 12285 26202 
22933 27388 44136 24903 
7372 8589 13248 14911 
8765 18345 19640 15057 
44522 47769 56672 13724 
45965 51765 48570 78202 
17440 17463 7548 19098 
17476 19863 30283 20497 
2242 5215 6258 6413 
6527 6005 7748 6916 
9096 9798 10546 8717 
10148 9595 20139 20383 
20413 20826 29449 14837 
20690 26277 30709 40324 
13460 16055 20467 9175 
15287 17791 17145 29559 
13640 15944 7054 16693 
15461 15595 27625 14296 
4662 6369 7052 7482 
7480 7239 12501 8961 
16434 17926 20119 22381 
17405 24061 36527 27407 
4426 6752 6491 9515 
8214 9880 12011 8317 
28676 29057 37439 18235 
28811 41269 35125 53263 
11360 12189 14941 6613 
12063 15355 13921 21502 
16303 16845 23964 12152 
16677 21208 24181 32490 
11760 22924 23788 17746 
20556 24009 19997 29086 
6599 8137 8918 4504 
8758 8628 11238 11719 
12014 14052 15908 5980 
13252 14048 16463 20338 
9885 10103 14964 16536 
10045 20041 27201 23042 
9206 9665 17065 10007 
9534 20283 17185 18627 
11954 18813 24084 16958 
22868 24137 27969 29460 
6494 7078 13571 7514 
7386 16340 11794 14415 
19412 21311 24464 8270 
22046 22420 25901 31879 
3726 7526 11251 8888 
9917 11532 10455 10888 
9025 11847 12608 4651 
13458 11969 12993 15907 
34897 38225 42895 16296 
36075 37806 40007 65274 
7377 9231 12426 11686 
8778 12196 15153 18898 
8356 6869 13441 13092 
11048 17001 11836 13442 
7419 10925 12116 11143 
13275 10082 17812 14353 
6063 8857 14919 10731 
12348 16166 11641 12607 
8382 10258 12383 9346 
11598 9963 17764 17989 
46689 48024 52871 12930 
47394 50771 51258 79630 
12494 13605 4630 16485 
13283 18526 20139 11109 
48583 52813 53096 10781 
50176 49661 51036 76449 
17248 20006 22230 8371 
19364 21538 21293 31898 
10763 10989 18661 11821 
10918 23709 21826 23912 
3894 4351 7205 8244 
6379 9213 9486 7382 
6516 12189 10863 14220 
14558 13574 17887 14384 
8020 11125 15563 9354 
12460 15905 15698 17302 
15310 16619 16823 3993 
16262 16105 20176 23251 
14796 17157 20355 22249 
18737 24919 37624 32537 
13074 14193 8131 16653 
14843 17297 29112 15774 
14023 14056 22400 9508 
14042 20052 18390 25437 
7399 8453 6229 12241 
9177 13637 15999 10017 
20334 24780 33259 16909 
23403 40895 30990 43096 
29232 29947 37138 17605 
29589 34272 35812 55627 
32247 32682 39533 16162 
32501 35585 40534 53148 
6912 8772 11378 8264 
9588 9146 14870 14737 
4171 4349 5637 6533 
4423 6942 10941 9864 
5575 12503 15919 11698 
15638 15066 14139 16145 
8624 13625 17384 9166 
15865 17115 15131 17937 
13681 15127 18155 22655 
14378 24164 35152 28719 
7196 13857 14689 7851 
16698 13132 12691 16033 
9942 10477 14192 13414 
10754 15142 25638 24341 
6857 7805 14495 14661 
8751 16827 19188 17852 
14688 15149 19551 10149 
15015 17951 22861 27612 
11087 11333 5110 12833 
11424 13182 19313 13174 
20532 23890 24770 7645 
23152 22941 24874 34773 
8612 4581 13193 12275 
14049 16283 9556 9799 
15901 21748 24904 13833 
19540 22132 22753 35295 
1443 6989 7078 7921 
8636 6323 7433 6169 
5290 6328 9907 7655 
6681 11135 11088 13308 
6894 7752 13450 14646 
7627 17737 21394 17711 
27235 27456 31618 12564 
27341 29689 42485 46924 
22943 25133 11528 25964 
23927 24685 43431 31271 
5012 7374 10435 7400 
8547 7560 12998 11364 
4475 2775 7250 7082 
6968 9646 6399 6299 
4972 2249 7221 6561 
6161 8097 6413 6633 
28623 32905 39733 19753 
32028 35118 37355 56325 
10279 12294 6846 12308 
13428 11638 21320 12844 

