1.0,0.364,0.327,0.326,0.326,0.326,0.326,0.326,0.326,0.326,
1.0,0.322,0.311,0.311,0.311,0.311,0.311,0.311,0.311,0.311,
1.0,0.345,0.32,0.32,0.32,0.32,0.32,0.32,0.32,0.32,
1.0,0.325,0.312,0.312,0.312,0.312,0.312,0.312,0.312,0.312,
1.0,0.36,0.321,0.314,0.314,0.314,0.314,0.314,0.314,0.314,
1.0,0.344,0.318,0.317,0.317,0.317,0.317,0.317,0.317,0.317,
1.0,0.347,0.322,0.321,0.321,0.321,0.321,0.321,0.321,0.321,
1.0,0.367,0.33,0.323,0.323,0.323,0.323,0.323,0.323,0.323,
1.0,0.332,0.315,0.315,0.315,0.315,0.315,0.315,0.315,0.315,
1.0,0.326,0.311,0.311,0.311,0.311,0.311,0.311,0.311,0.311,
1.0,0.332,0.315,0.315,0.315,0.315,0.315,0.315,0.315,0.315,
1.0,0.332,0.314,0.314,0.314,0.314,0.314,0.314,0.314,0.314,
1.0,0.332,0.315,0.315,0.315,0.315,0.315,0.315,0.315,0.315,
1.0,0.348,0.319,0.319,0.319,0.319,0.319,0.319,0.319,0.319,
1.0,0.333,0.315,0.314,0.314,0.314,0.314,0.314,0.314,0.314,
1.0,0.352,0.324,0.332,0.318,0.318,0.318,0.318,0.318,0.318,
1.0,0.339,0.315,0.313,0.313,0.313,0.313,0.313,0.313,0.313,
1.0,0.381,0.332,0.321,0.32,0.32,0.32,0.32,0.32,0.32,
1.0,0.404,0.342,0.329,0.328,0.328,0.328,0.328,0.328,0.328,
1.0,0.348,0.323,0.323,0.323,0.323,0.323,0.323,0.323,0.323,
1.0,0.376,0.326,0.325,0.325,0.325,0.325,0.325,0.325,0.325,
1.0,0.371,0.33,0.329,0.329,0.329,0.329,0.329,0.329,0.329,
1.0,0.339,0.317,0.316,0.316,0.316,0.316,0.316,0.316,0.316,
1.0,0.346,0.315,0.314,0.314,0.314,0.314,0.314,0.314,0.314,
1.0,0.35,0.319,0.318,0.318,0.318,0.318,0.318,0.318,0.318,
1.0,0.345,0.315,0.314,0.314,0.314,0.314,0.314,0.314,0.314,
1.0,0.35,0.321,0.32,0.32,0.32,0.32,0.32,0.32,0.32,
1.0,0.336,0.313,0.312,0.312,0.312,0.312,0.312,0.312,0.312,
1.0,0.352,0.32,0.317,0.315,0.315,0.315,0.315,0.315,0.319,
1.0,0.333,0.315,0.313,0.313,0.313,0.313,0.313,0.313,0.313,
1.0,0.338,0.312,0.311,0.311,0.311,0.311,0.311,0.311,0.311,
1.0,0.35,0.336,0.321,0.32,0.319,0.32,0.319,0.32,0.319,
1.0,0.346,0.34,0.317,0.317,0.317,0.317,0.317,0.317,0.317,
1.0,0.38,0.328,0.321,0.321,0.321,0.321,0.321,0.321,0.321,
1.0,0.324,0.312,0.312,0.312,0.312,0.312,0.312,0.312,0.312,
1.0,0.344,0.316,0.315,0.315,0.315,0.315,0.315,0.315,0.315,
1.0,0.336,0.318,0.316,0.316,0.316,0.316,0.316,0.316,0.316,
1.0,0.358,0.331,0.328,0.328,0.328,0.328,0.328,0.328,0.328,
1.0,0.347,0.316,0.315,0.315,0.315,0.315,0.315,0.315,0.315,
1.0,0.328,0.312,0.312,0.312,0.312,0.312,0.312,0.312,0.312,
1.0,0.346,0.322,0.317,0.316,0.316,0.316,0.316,0.316,0.316,
1.0,0.35,0.321,0.316,0.316,0.316,0.316,0.316,0.316,0.316,
1.0,0.374,0.335,0.322,0.322,0.322,0.322,0.322,0.322,0.322,
1.0,0.368,0.328,0.328,0.328,0.328,0.328,0.328,0.328,0.328,
1.0,0.336,0.314,0.314,0.314,0.314,0.314,0.314,0.314,0.314,
1.0,0.391,0.346,0.34,0.34,0.339,0.339,0.339,0.339,0.339,
1.0,0.352,0.319,0.313,0.313,0.313,0.312,0.312,0.312,0.312,
1.0,0.382,0.335,0.323,0.322,0.322,0.322,0.322,0.322,0.322,
1.0,0.404,0.334,0.322,0.32,0.32,0.32,0.32,0.32,0.32,
1.0,0.336,0.315,0.314,0.314,0.314,0.314,0.314,0.314,0.314,
1.0,0.398,0.339,0.328,0.328,0.328,0.328,0.328,0.328,0.328,
1.0,0.37,0.322,0.319,0.313,0.313,0.313,0.313,0.313,0.313,
1.0,0.367,0.328,0.322,0.322,0.322,0.322,0.322,0.322,0.322,
1.0,0.328,0.313,0.313,0.313,0.313,0.313,0.313,0.313,0.313,
1.0,0.359,0.328,0.328,0.328,0.328,0.328,0.328,0.328,0.328,
1.0,0.33,0.313,0.313,0.313,0.313,0.313,0.313,0.313,0.313,
1.0,0.336,0.324,0.318,0.317,0.316,0.316,0.316,0.316,0.316,
1.0,0.368,0.348,0.337,0.323,0.322,0.33,0.323,0.322,0.322,
1.0,0.333,0.318,0.315,0.315,0.315,0.315,0.315,0.315,0.315,
1.0,0.36,0.345,0.328,0.321,0.32,0.32,0.32,0.32,0.32,
1.0,0.327,0.317,0.316,0.313,0.312,0.312,0.312,0.312,0.312,
1.0,0.414,0.352,0.338,0.325,0.325,0.325,0.325,0.325,0.325,
1.0,0.355,0.322,0.32,0.32,0.32,0.32,0.32,0.32,0.32,
1.0,0.341,0.314,0.314,0.314,0.314,0.314,0.314,0.314,0.314,
1.0,0.404,0.36,0.354,0.345,0.331,0.33,0.33,0.33,0.33,
1.0,0.328,0.311,0.311,0.311,0.311,0.311,0.311,0.311,0.311,
1.0,0.339,0.318,0.318,0.318,0.318,0.318,0.318,0.318,0.318,
1.0,0.337,0.318,0.318,0.318,0.318,0.318,0.318,0.318,0.318,
1.0,0.333,0.316,0.316,0.316,0.316,0.316,0.316,0.316,0.316,
1.0,0.364,0.324,0.322,0.322,0.322,0.322,0.322,0.322,0.322,
1.0,0.375,0.329,0.325,0.325,0.332,0.326,0.325,0.325,0.325,
1.0,0.366,0.332,0.331,0.331,0.331,0.331,0.331,0.331,0.331,
1.0,0.345,0.317,0.316,0.316,0.316,0.316,0.316,0.316,0.316,
1.0,0.378,0.329,0.322,0.322,0.322,0.322,0.322,0.322,0.322,
1.0,0.357,0.318,0.317,0.317,0.317,0.317,0.317,0.317,0.317,
1.0,0.364,0.335,0.327,0.322,0.322,0.322,0.322,0.322,0.322,
1.0,0.355,0.325,0.337,0.316,0.315,0.315,0.315,0.315,0.315,
1.0,0.364,0.331,0.326,0.326,0.326,0.326,0.326,0.326,0.326,
1.0,0.331,0.329,0.316,0.315,0.315,0.315,0.315,0.315,0.315,
1.0,0.37,0.338,0.323,0.339,0.324,0.322,0.322,0.322,0.322,
1.0,0.336,0.317,0.317,0.317,0.317,0.317,0.317,0.317,0.317,
1.0,0.344,0.316,0.315,0.315,0.315,0.315,0.315,0.315,0.315,
1.0,0.325,0.311,0.311,0.311,0.311,0.311,0.311,0.311,0.311,
1.0,0.333,0.316,0.316,0.316,0.316,0.316,0.316,0.316,0.316,
1.0,0.356,0.328,0.326,0.325,0.325,0.325,0.325,0.325,0.325,
1.0,0.327,0.313,0.313,0.313,0.313,0.313,0.313,0.313,0.313,
1.0,0.336,0.315,0.314,0.314,0.314,0.314,0.314,0.314,0.314,
1.0,0.383,0.328,0.324,0.329,0.324,0.324,0.324,0.324,0.324,
1.0,0.331,0.312,0.312,0.311,0.311,0.311,0.311,0.311,0.311,
1.0,0.336,0.318,0.315,0.315,0.315,0.315,0.315,0.315,0.315,
1.0,0.333,0.333,0.325,0.313,0.313,0.314,0.314,0.315,0.313,
1.0,0.343,0.313,0.312,0.312,0.312,0.312,0.312,0.312,0.312,
1.0,0.372,0.325,0.321,0.321,0.321,0.321,0.321,0.321,0.321,
1.0,0.342,0.321,0.32,0.32,0.32,0.32,0.32,0.32,0.32,
1.0,0.365,0.316,0.315,0.315,0.315,0.315,0.315,0.315,0.315,
1.0,0.371,0.33,0.322,0.322,0.322,0.322,0.322,0.322,0.322,
1.0,0.368,0.324,0.331,0.323,0.322,0.322,0.322,0.322,0.322,
1.0,0.328,0.312,0.312,0.312,0.312,0.312,0.312,0.312,0.312,
1.0,0.337,0.318,0.318,0.318,0.318,0.318,0.318,0.318,0.318,
1.0,0.342,0.32,0.32,0.32,0.32,0.32,0.32,0.32,0.32,

1.0,0.324,0.309,0.308,0.308,0.308,0.308,0.308,0.308,0.308,
1.0,0.318,0.308,0.308,0.308,0.308,0.308,0.308,0.308,0.308,
1.0,0.328,0.314,0.314,0.314,0.314,0.314,0.314,0.314,0.314,
1.0,0.345,0.312,0.312,0.312,0.312,0.312,0.312,0.312,0.312,
1.0,0.36,0.316,0.313,0.312,0.312,0.312,0.312,0.312,0.312,
1.0,0.325,0.312,0.312,0.312,0.312,0.312,0.312,0.312,0.312,
1.0,0.313,0.306,0.306,0.306,0.306,0.306,0.306,0.306,0.306,
1.0,0.322,0.307,0.306,0.306,0.306,0.306,0.306,0.306,0.306,
1.0,0.343,0.317,0.315,0.314,0.314,0.314,0.314,0.314,0.314,
1.0,0.321,0.31,0.31,0.31,0.31,0.31,0.31,0.31,0.31,
1.0,0.317,0.308,0.308,0.308,0.308,0.308,0.308,0.308,0.308,
1.0,0.325,0.312,0.312,0.312,0.312,0.312,0.312,0.312,0.312,
1.0,0.313,0.306,0.306,0.306,0.306,0.306,0.306,0.306,0.306,
1.0,0.306,0.303,0.303,0.303,0.303,0.303,0.303,0.303,0.303,
1.0,0.333,0.314,0.314,0.314,0.314,0.314,0.314,0.314,0.314,
1.0,0.35,0.322,0.322,0.313,0.313,0.313,0.313,0.313,0.313,
1.0,0.301,0.3,0.3,0.3,0.3,0.3,0.3,0.3,0.3,
1.0,0.338,0.31,0.309,0.309,0.309,0.309,0.309,0.309,0.309,
1.0,0.327,0.313,0.312,0.312,0.312,0.312,0.312,0.312,0.312,
1.0,0.307,0.303,0.303,0.303,0.303,0.303,0.303,0.303,0.303,
1.0,0.325,0.312,0.312,0.312,0.312,0.312,0.312,0.312,0.312,
1.0,0.315,0.307,0.307,0.307,0.307,0.307,0.307,0.307,0.307,
1.0,0.322,0.308,0.307,0.307,0.307,0.307,0.307,0.307,0.307,
1.0,0.33,0.314,0.314,0.314,0.314,0.314,0.314,0.314,0.314,
1.0,0.329,0.313,0.313,0.313,0.313,0.313,0.313,0.313,0.313,
1.0,0.309,0.304,0.304,0.304,0.304,0.304,0.304,0.304,0.304,
1.0,0.326,0.313,0.312,0.312,0.312,0.312,0.312,0.312,0.312,
1.0,0.323,0.311,0.311,0.311,0.311,0.311,0.311,0.311,0.311,
1.0,0.357,0.322,0.321,0.315,0.329,0.323,0.339,0.353,0.326,
1.0,0.325,0.312,0.312,0.312,0.312,0.312,0.312,0.312,0.312,
1.0,0.337,0.323,0.311,0.309,0.309,0.309,0.309,0.309,0.309,
1.0,0.307,0.303,0.303,0.303,0.303,0.303,0.303,0.303,0.303,
1.0,0.342,0.331,0.313,0.313,0.313,0.313,0.313,0.313,0.313,
1.0,0.321,0.31,0.31,0.31,0.31,0.31,0.31,0.31,0.31,
1.0,0.318,0.308,0.308,0.308,0.308,0.308,0.308,0.308,0.308,
1.0,0.305,0.302,0.302,0.302,0.302,0.302,0.302,0.302,0.302,
1.0,0.311,0.305,0.305,0.305,0.305,0.305,0.305,0.305,0.305,
1.0,0.329,0.314,0.314,0.314,0.314,0.314,0.314,0.314,0.314,
1.0,0.345,0.311,0.309,0.309,0.309,0.309,0.309,0.309,0.309,
1.0,0.33,0.313,0.314,0.312,0.312,0.312,0.312,0.312,0.312,
1.0,0.3,0.3,0.3,0.3,0.3,0.3,0.3,0.3,0.3,
1.0,0.329,0.314,0.314,0.314,0.314,0.314,0.314,0.314,0.314,
1.0,0.326,0.312,0.312,0.312,0.312,0.312,0.312,0.312,0.312,
1.0,0.309,0.305,0.305,0.305,0.305,0.305,0.305,0.305,0.305,
1.0,0.334,0.314,0.313,0.313,0.313,0.313,0.313,0.313,0.313,
1.0,0.31,0.305,0.305,0.305,0.305,0.305,0.305,0.305,0.305,
1.0,0.35,0.312,0.311,0.311,0.311,0.311,0.311,0.311,0.311,
1.0,0.334,0.312,0.312,0.312,0.312,0.312,0.312,0.312,0.312,
1.0,0.335,0.315,0.312,0.312,0.312,0.312,0.312,0.312,0.312,
1.0,0.324,0.31,0.309,0.309,0.309,0.309,0.309,0.309,0.309,
1.0,0.326,0.313,0.313,0.313,0.313,0.313,0.313,0.313,0.313,
1.0,0.354,0.322,0.314,0.312,0.314,0.312,0.312,0.312,0.312,
1.0,0.328,0.314,0.314,0.314,0.314,0.314,0.314,0.314,0.314,
1.0,0.329,0.313,0.312,0.312,0.312,0.312,0.312,0.312,0.312,
1.0,0.301,0.301,0.301,0.301,0.301,0.301,0.301,0.301,0.301,
1.0,0.326,0.312,0.312,0.312,0.312,0.312,0.312,0.312,0.312,
1.0,0.343,0.312,0.311,0.311,0.311,0.311,0.311,0.311,0.311,
1.0,0.337,0.31,0.309,0.309,0.309,0.309,0.309,0.309,0.309,
1.0,0.352,0.339,0.319,0.324,0.316,0.315,0.315,0.315,0.315,
1.0,0.344,0.316,0.315,0.315,0.315,0.315,0.315,0.315,0.315,
1.0,0.372,0.327,0.319,0.313,0.338,0.313,0.312,0.312,0.312,
1.0,0.336,0.314,0.313,0.313,0.313,0.313,0.313,0.313,0.313,
1.0,0.353,0.314,0.313,0.313,0.313,0.313,0.313,0.313,0.313,
1.0,0.316,0.307,0.307,0.307,0.307,0.307,0.307,0.307,0.307,
1.0,0.335,0.313,0.313,0.313,0.313,0.313,0.313,0.313,0.313,
1.0,0.325,0.31,0.309,0.309,0.309,0.309,0.309,0.309,0.309,
1.0,0.303,0.302,0.302,0.302,0.302,0.302,0.302,0.302,0.302,
1.0,0.349,0.311,0.31,0.31,0.31,0.31,0.31,0.31,0.31,
1.0,0.302,0.301,0.301,0.301,0.301,0.301,0.301,0.301,0.301,
1.0,0.329,0.314,0.314,0.314,0.314,0.314,0.314,0.314,0.314,
1.0,0.323,0.311,0.311,0.311,0.311,0.311,0.311,0.311,0.311,
1.0,0.318,0.308,0.308,0.308,0.308,0.308,0.308,0.308,0.308,
1.0,0.325,0.311,0.311,0.311,0.311,0.311,0.311,0.311,0.311,
1.0,0.331,0.315,0.315,0.315,0.315,0.315,0.315,0.315,0.315,
1.0,0.322,0.311,0.311,0.311,0.311,0.311,0.311,0.311,0.311,
1.0,0.329,0.311,0.311,0.31,0.31,0.31,0.31,0.31,0.31,
1.0,0.317,0.328,0.306,0.305,0.305,0.305,0.305,0.305,0.305,
1.0,0.328,0.313,0.313,0.313,0.313,0.313,0.313,0.313,0.313,
1.0,0.358,0.324,0.315,0.315,0.315,0.315,0.315,0.315,0.315,
1.0,0.33,0.312,0.311,0.311,0.311,0.311,0.311,0.311,0.311,
1.0,0.307,0.303,0.303,0.303,0.303,0.303,0.303,0.303,0.303,
1.0,0.328,0.314,0.314,0.314,0.314,0.314,0.314,0.314,0.314,
1.0,0.306,0.303,0.303,0.303,0.303,0.303,0.303,0.303,0.303,
1.0,0.344,0.314,0.313,0.313,0.313,0.313,0.313,0.313,0.313,
1.0,0.317,0.308,0.308,0.308,0.308,0.308,0.308,0.308,0.308,
1.0,0.311,0.305,0.305,0.305,0.305,0.305,0.305,0.305,0.305,
1.0,0.324,0.312,0.311,0.311,0.311,0.311,0.311,0.311,0.311,
1.0,0.328,0.313,0.313,0.313,0.313,0.313,0.313,0.313,0.313,
1.0,0.314,0.307,0.307,0.307,0.307,0.307,0.307,0.307,0.307,
1.0,0.331,0.315,0.315,0.315,0.315,0.315,0.315,0.315,0.315,
1.0,0.33,0.312,0.311,0.311,0.311,0.311,0.311,0.311,0.311,
1.0,0.359,0.347,0.326,0.312,0.309,0.309,0.309,0.309,0.309,
1.0,0.334,0.315,0.314,0.314,0.314,0.314,0.314,0.314,0.314,
1.0,0.331,0.31,0.31,0.31,0.31,0.31,0.31,0.31,0.31,
1.0,0.335,0.306,0.305,0.305,0.305,0.305,0.305,0.305,0.305,
1.0,0.307,0.303,0.303,0.303,0.303,0.303,0.303,0.303,0.303,
1.0,0.316,0.307,0.307,0.307,0.307,0.307,0.307,0.307,0.307,
1.0,0.322,0.31,0.31,0.31,0.31,0.31,0.31,0.31,0.31,
1.0,0.305,0.303,0.303,0.303,0.303,0.303,0.303,0.303,0.303,
1.0,0.322,0.31,0.31,0.31,0.31,0.31,0.31,0.31,0.31,


