1.0,0.403,0.375,0.357,0.342,0.335,0.365,0.386,0.348,0.333,
1.0,0.407,0.391,0.381,0.379,0.384,0.362,0.353,0.337,0.335,
1.0,0.416,0.428,0.392,0.38,0.368,0.347,0.383,0.382,0.379,
1.0,0.651,0.577,0.549,0.542,0.519,0.591,0.569,0.527,0.515,
1.0,0.492,0.46,0.426,0.464,0.462,0.465,0.422,0.46,0.413,
1.0,0.402,0.34,0.352,0.331,0.329,0.329,0.329,0.329,0.329,
1.0,0.513,0.49,0.525,0.507,0.461,0.49,0.434,0.46,0.46,
1.0,0.381,0.397,0.35,0.333,0.334,0.33,0.33,0.33,0.329,
1.0,0.475,0.421,0.427,0.425,0.394,0.401,0.382,0.408,0.392,
1.0,0.462,0.504,0.439,0.379,0.388,0.406,0.393,0.369,0.366,
1.0,0.474,0.458,0.416,0.447,0.453,0.458,0.428,0.397,0.452,
1.0,0.366,0.33,0.329,0.329,0.329,0.329,0.329,0.329,0.329,
1.0,0.443,0.39,0.382,0.374,0.394,0.372,0.381,0.357,0.374,
1.0,0.544,0.524,0.508,0.505,0.462,0.456,0.466,0.478,0.451,
1.0,0.488,0.446,0.436,0.483,0.39,0.428,0.427,0.398,0.39,
1.0,0.475,0.387,0.388,0.36,0.333,0.347,0.348,0.336,0.349,
1.0,0.503,0.419,0.454,0.432,0.392,0.402,0.369,0.379,0.414,
1.0,0.542,0.551,0.499,0.492,0.517,0.486,0.457,0.484,0.482,
1.0,0.534,0.483,0.447,0.451,0.443,0.46,0.473,0.45,0.429,
1.0,0.511,0.453,0.456,0.402,0.392,0.445,0.417,0.41,0.451,
1.0,0.432,0.38,0.369,0.373,0.354,0.365,0.347,0.374,0.372,
1.0,0.495,0.471,0.44,0.424,0.427,0.386,0.405,0.407,0.45,
1.0,0.513,0.442,0.406,0.442,0.405,0.374,0.407,0.392,0.347,
1.0,0.38,0.337,0.34,0.33,0.33,0.33,0.33,0.33,0.33,
1.0,0.449,0.469,0.398,0.396,0.42,0.376,0.372,0.41,0.388,
1.0,0.445,0.441,0.362,0.362,0.369,0.34,0.334,0.358,0.335,
1.0,0.451,0.417,0.375,0.376,0.347,0.361,0.382,0.389,0.387,
1.0,0.448,0.415,0.448,0.447,0.434,0.41,0.416,0.388,0.403,
1.0,0.514,0.481,0.457,0.426,0.475,0.441,0.464,0.467,0.437,
1.0,0.6,0.61,0.495,0.515,0.51,0.467,0.488,0.499,0.467,
1.0,0.514,0.48,0.488,0.474,0.441,0.458,0.453,0.433,0.475,
1.0,0.545,0.501,0.471,0.457,0.457,0.498,0.478,0.461,0.478,
1.0,0.606,0.532,0.503,0.47,0.552,0.514,0.493,0.498,0.479,
1.0,0.454,0.458,0.417,0.384,0.36,0.379,0.38,0.375,0.364,
1.0,0.374,0.365,0.335,0.338,0.33,0.35,0.344,0.345,0.34,
1.0,0.425,0.382,0.384,0.383,0.376,0.402,0.39,0.368,0.373,
1.0,0.428,0.429,0.409,0.37,0.403,0.372,0.377,0.402,0.403,
1.0,0.478,0.463,0.415,0.421,0.406,0.38,0.411,0.405,0.409,
1.0,0.567,0.459,0.511,0.442,0.457,0.459,0.489,0.448,0.436,
1.0,0.453,0.432,0.391,0.391,0.383,0.385,0.353,0.408,0.384,
1.0,0.417,0.383,0.37,0.369,0.34,0.334,0.331,0.332,0.331,
1.0,0.509,0.539,0.483,0.466,0.475,0.463,0.454,0.41,0.422,
1.0,0.499,0.45,0.423,0.425,0.445,0.444,0.446,0.442,0.428,
1.0,0.411,0.391,0.376,0.354,0.339,0.331,0.327,0.327,0.327,
1.0,0.359,0.328,0.327,0.327,0.327,0.327,0.327,0.327,0.327,
1.0,0.447,0.462,0.393,0.375,0.377,0.382,0.381,0.427,0.407,
1.0,0.348,0.323,0.323,0.323,0.323,0.323,0.323,0.323,0.323,
1.0,0.525,0.522,0.488,0.469,0.455,0.422,0.421,0.434,0.446,
1.0,0.449,0.378,0.421,0.43,0.409,0.392,0.4,0.366,0.39,
1.0,0.444,0.394,0.366,0.349,0.336,0.332,0.331,0.331,0.332,
1.0,0.537,0.445,0.496,0.417,0.414,0.442,0.425,0.418,0.425,
1.0,0.398,0.354,0.365,0.352,0.338,0.331,0.331,0.331,0.331,
1.0,0.673,0.614,0.609,0.584,0.577,0.546,0.556,0.548,0.553,
1.0,0.467,0.466,0.462,0.45,0.457,0.436,0.424,0.409,0.398,
1.0,0.361,0.329,0.328,0.328,0.328,0.328,0.328,0.328,0.328,
1.0,0.559,0.472,0.504,0.437,0.449,0.42,0.396,0.404,0.434,
1.0,0.431,0.428,0.425,0.4,0.393,0.432,0.423,0.416,0.389,
1.0,0.573,0.538,0.509,0.49,0.461,0.473,0.445,0.433,0.416,
1.0,0.469,0.529,0.433,0.42,0.43,0.422,0.436,0.448,0.429,
1.0,0.544,0.45,0.453,0.431,0.405,0.429,0.418,0.408,0.403,
1.0,0.501,0.408,0.455,0.415,0.397,0.387,0.432,0.372,0.407,
1.0,0.373,0.329,0.327,0.327,0.327,0.327,0.327,0.327,0.327,
1.0,0.481,0.414,0.389,0.397,0.382,0.394,0.37,0.378,0.38,
1.0,0.419,0.353,0.337,0.331,0.33,0.329,0.329,0.329,0.329,
1.0,0.379,0.33,0.325,0.325,0.325,0.325,0.325,0.325,0.325,
1.0,0.499,0.449,0.428,0.431,0.39,0.393,0.407,0.422,0.417,
1.0,0.551,0.51,0.503,0.506,0.487,0.463,0.472,0.489,0.46,
1.0,0.428,0.442,0.417,0.377,0.384,0.366,0.361,0.386,0.377,
1.0,0.369,0.335,0.333,0.333,0.333,0.333,0.333,0.333,0.333,
1.0,0.507,0.425,0.382,0.403,0.427,0.404,0.396,0.375,0.381,
1.0,0.517,0.436,0.441,0.401,0.379,0.401,0.417,0.406,0.387,
1.0,0.581,0.528,0.469,0.485,0.475,0.448,0.436,0.498,0.471,
1.0,0.484,0.419,0.402,0.373,0.357,0.369,0.349,0.334,0.375,
1.0,0.378,0.335,0.33,0.329,0.329,0.329,0.329,0.329,0.329,
1.0,0.453,0.47,0.458,0.39,0.415,0.466,0.428,0.398,0.421,
1.0,0.354,0.324,0.323,0.323,0.323,0.323,0.323,0.323,0.323,
1.0,0.496,0.454,0.42,0.438,0.408,0.488,0.389,0.406,0.456,
1.0,0.481,0.421,0.414,0.395,0.378,0.407,0.392,0.422,0.393,
1.0,0.445,0.388,0.363,0.365,0.359,0.355,0.358,0.349,0.37,
1.0,0.503,0.537,0.498,0.471,0.404,0.426,0.376,0.395,0.441,
1.0,0.386,0.333,0.342,0.333,0.324,0.324,0.324,0.324,0.324,
1.0,0.51,0.544,0.483,0.476,0.491,0.509,0.476,0.48,0.496,
1.0,0.545,0.525,0.475,0.452,0.442,0.436,0.456,0.475,0.417,
1.0,0.468,0.445,0.435,0.402,0.389,0.379,0.433,0.4,0.423,
1.0,0.386,0.339,0.344,0.348,0.368,0.368,0.35,0.345,0.361,
1.0,0.483,0.407,0.408,0.412,0.413,0.401,0.417,0.392,0.379,
1.0,0.485,0.443,0.387,0.393,0.421,0.398,0.385,0.394,0.382,
1.0,0.643,0.551,0.48,0.494,0.468,0.469,0.444,0.443,0.508,
1.0,0.42,0.377,0.35,0.37,0.401,0.368,0.344,0.346,0.359,
1.0,0.57,0.446,0.476,0.414,0.429,0.415,0.38,0.373,0.36,
1.0,0.487,0.442,0.442,0.464,0.425,0.423,0.431,0.443,0.433,
1.0,0.547,0.46,0.473,0.426,0.457,0.456,0.445,0.452,0.437,
1.0,0.476,0.435,0.399,0.409,0.427,0.405,0.395,0.377,0.381,
1.0,0.6,0.559,0.535,0.528,0.518,0.53,0.52,0.498,0.478,
1.0,0.645,0.509,0.436,0.441,0.438,0.411,0.385,0.375,0.441,
1.0,0.429,0.371,0.358,0.398,0.386,0.372,0.36,0.362,0.357,
1.0,0.383,0.351,0.336,0.328,0.327,0.326,0.326,0.326,0.326,
1.0,0.41,0.38,0.413,0.359,0.351,0.366,0.344,0.337,0.338,
1.0,0.433,0.396,0.368,0.357,0.345,0.339,0.363,0.366,0.347,
1.0,0.564,0.503,0.477,0.46,0.464,0.488,0.474,0.447,0.436,
1.0,0.488,0.417,0.414,0.457,0.404,0.402,0.413,0.414,0.387,
1.0,0.508,0.408,0.384,0.386,0.401,0.379,0.382,0.37,0.376,
1.0,0.508,0.444,0.532,0.437,0.46,0.41,0.424,0.4,0.439,
1.0,0.558,0.517,0.502,0.472,0.488,0.472,0.44,0.441,0.426,
1.0,0.416,0.423,0.44,0.439,0.383,0.362,0.379,0.379,0.379,
1.0,0.364,0.329,0.326,0.326,0.326,0.326,0.326,0.326,0.326,
1.0,0.655,0.564,0.546,0.53,0.516,0.505,0.511,0.497,0.485,
1.0,0.469,0.453,0.423,0.434,0.385,0.419,0.433,0.419,0.439,
1.0,0.584,0.548,0.49,0.546,0.53,0.531,0.505,0.497,0.467,
1.0,0.42,0.381,0.349,0.346,0.336,0.334,0.338,0.335,0.341,
1.0,0.423,0.434,0.375,0.399,0.382,0.348,0.341,0.384,0.364,
1.0,0.46,0.421,0.374,0.382,0.379,0.411,0.373,0.364,0.411,
1.0,0.484,0.496,0.418,0.384,0.361,0.416,0.398,0.388,0.403,
1.0,0.56,0.491,0.484,0.5,0.463,0.46,0.477,0.45,0.434,
1.0,0.465,0.501,0.488,0.445,0.494,0.44,0.414,0.441,0.409,
1.0,0.392,0.415,0.359,0.355,0.372,0.354,0.339,0.329,0.329,
1.0,0.466,0.458,0.453,0.389,0.434,0.393,0.4,0.393,0.414,
1.0,0.547,0.536,0.505,0.516,0.511,0.475,0.517,0.499,0.504,
1.0,0.428,0.392,0.398,0.394,0.375,0.356,0.336,0.332,0.333,
1.0,0.482,0.427,0.403,0.406,0.401,0.383,0.398,0.372,0.365,
1.0,0.427,0.418,0.424,0.395,0.41,0.383,0.375,0.41,0.43,
1.0,0.409,0.336,0.339,0.332,0.329,0.332,0.329,0.33,0.328,
1.0,0.655,0.57,0.535,0.509,0.534,0.467,0.481,0.505,0.569,
1.0,0.49,0.415,0.411,0.433,0.441,0.392,0.385,0.41,0.376,
1.0,0.479,0.442,0.391,0.383,0.414,0.423,0.43,0.413,0.41,
1.0,0.468,0.382,0.358,0.385,0.346,0.348,0.357,0.346,0.345,
1.0,0.378,0.333,0.332,0.331,0.331,0.331,0.331,0.331,0.331,
1.0,0.505,0.503,0.422,0.428,0.434,0.437,0.41,0.402,0.409,
1.0,0.354,0.325,0.324,0.324,0.324,0.324,0.324,0.324,0.324,
1.0,0.489,0.453,0.479,0.435,0.471,0.4,0.44,0.385,0.406,
1.0,0.475,0.417,0.405,0.397,0.386,0.383,0.463,0.435,0.399,
1.0,0.598,0.598,0.519,0.515,0.511,0.51,0.535,0.507,0.49,
1.0,0.51,0.447,0.431,0.395,0.4,0.412,0.373,0.445,0.436,
1.0,0.404,0.367,0.392,0.372,0.352,0.359,0.361,0.344,0.353,
1.0,0.467,0.391,0.426,0.414,0.421,0.417,0.363,0.402,0.407,
1.0,0.598,0.532,0.478,0.438,0.42,0.428,0.452,0.417,0.37,
1.0,0.558,0.531,0.504,0.526,0.455,0.463,0.459,0.486,0.474,
1.0,0.516,0.465,0.493,0.447,0.439,0.463,0.413,0.419,0.425,
1.0,0.559,0.562,0.468,0.462,0.457,0.447,0.483,0.464,0.478,
1.0,0.531,0.448,0.423,0.449,0.448,0.445,0.436,0.42,0.409,
1.0,0.525,0.444,0.428,0.429,0.47,0.405,0.431,0.485,0.459,
1.0,0.485,0.507,0.439,0.444,0.414,0.458,0.443,0.431,0.426,
1.0,0.482,0.469,0.436,0.408,0.424,0.402,0.439,0.425,0.418,
1.0,0.566,0.479,0.434,0.416,0.431,0.402,0.405,0.398,0.405,
1.0,0.551,0.529,0.46,0.441,0.437,0.467,0.413,0.435,0.445,
1.0,0.581,0.559,0.516,0.499,0.504,0.494,0.505,0.49,0.451,
1.0,0.591,0.55,0.486,0.465,0.532,0.469,0.471,0.482,0.451,
1.0,0.638,0.577,0.492,0.522,0.508,0.486,0.482,0.519,0.49,
1.0,0.405,0.399,0.374,0.39,0.401,0.389,0.386,0.394,0.36,
1.0,0.511,0.523,0.502,0.444,0.433,0.497,0.455,0.432,0.43,
1.0,0.414,0.351,0.342,0.34,0.34,0.34,0.34,0.34,0.34,
1.0,0.539,0.503,0.464,0.439,0.464,0.434,0.438,0.444,0.435,
1.0,0.623,0.576,0.546,0.491,0.523,0.488,0.472,0.504,0.51,
1.0,0.581,0.508,0.462,0.465,0.453,0.471,0.483,0.448,0.446,
1.0,0.438,0.406,0.385,0.383,0.444,0.385,0.37,0.42,0.377,
1.0,0.486,0.449,0.447,0.455,0.43,0.442,0.44,0.426,0.454,
1.0,0.666,0.55,0.549,0.526,0.488,0.523,0.58,0.554,0.557,
1.0,0.373,0.346,0.352,0.335,0.329,0.327,0.327,0.326,0.324,
1.0,0.409,0.342,0.331,0.33,0.33,0.33,0.33,0.33,0.33,
1.0,0.49,0.349,0.333,0.333,0.337,0.332,0.339,0.347,0.331,
1.0,0.566,0.507,0.489,0.485,0.449,0.437,0.396,0.448,0.406,
1.0,0.514,0.471,0.391,0.408,0.414,0.379,0.368,0.415,0.393,
1.0,0.526,0.449,0.468,0.438,0.43,0.445,0.451,0.444,0.426,
1.0,0.39,0.356,0.33,0.327,0.327,0.327,0.326,0.326,0.326,
1.0,0.608,0.511,0.5,0.493,0.491,0.53,0.466,0.492,0.46,
1.0,0.551,0.516,0.475,0.485,0.48,0.512,0.484,0.492,0.488,
1.0,0.59,0.504,0.476,0.484,0.523,0.472,0.483,0.502,0.526,
1.0,0.53,0.553,0.471,0.448,0.494,0.515,0.453,0.424,0.442,
1.0,0.548,0.5,0.5,0.455,0.433,0.444,0.444,0.489,0.451,
1.0,0.451,0.395,0.418,0.398,0.378,0.359,0.336,0.35,0.333,
1.0,0.479,0.449,0.446,0.435,0.453,0.457,0.465,0.434,0.439,
1.0,0.484,0.493,0.452,0.421,0.431,0.409,0.434,0.395,0.383,
1.0,0.457,0.387,0.394,0.368,0.372,0.348,0.411,0.379,0.35,
1.0,0.557,0.503,0.512,0.519,0.501,0.479,0.511,0.477,0.461,
1.0,0.353,0.336,0.342,0.324,0.322,0.322,0.322,0.322,0.322,
1.0,0.408,0.337,0.338,0.334,0.334,0.335,0.334,0.334,0.334,
1.0,0.445,0.389,0.359,0.36,0.346,0.345,0.356,0.347,0.357,
1.0,0.486,0.433,0.416,0.433,0.439,0.406,0.408,0.429,0.401,
1.0,0.408,0.373,0.348,0.339,0.334,0.355,0.346,0.332,0.33,
1.0,0.414,0.384,0.416,0.41,0.378,0.363,0.339,0.35,0.335,
1.0,0.491,0.415,0.4,0.385,0.394,0.383,0.357,0.363,0.362,
1.0,0.386,0.357,0.338,0.348,0.349,0.351,0.337,0.336,0.33,
1.0,0.422,0.395,0.398,0.402,0.435,0.383,0.372,0.378,0.395,
1.0,0.47,0.432,0.373,0.367,0.371,0.351,0.358,0.353,0.352,
1.0,0.513,0.428,0.408,0.41,0.413,0.433,0.397,0.406,0.405,
1.0,0.397,0.346,0.342,0.331,0.34,0.331,0.329,0.329,0.329,
1.0,0.487,0.567,0.505,0.432,0.458,0.459,0.441,0.427,0.428,
1.0,0.467,0.437,0.438,0.514,0.466,0.429,0.421,0.423,0.428,
1.0,0.608,0.461,0.456,0.414,0.449,0.482,0.459,0.417,0.431,
1.0,0.495,0.383,0.409,0.335,0.334,0.334,0.334,0.334,0.334,
1.0,0.445,0.485,0.446,0.444,0.427,0.463,0.414,0.404,0.406,
1.0,0.541,0.498,0.439,0.417,0.366,0.374,0.358,0.352,0.36,
1.0,0.395,0.35,0.336,0.331,0.329,0.329,0.329,0.329,0.329,
1.0,0.38,0.347,0.334,0.329,0.328,0.328,0.328,0.328,0.328,
1.0,0.52,0.467,0.455,0.409,0.449,0.439,0.417,0.428,0.44,
1.0,0.451,0.434,0.475,0.442,0.409,0.39,0.401,0.452,0.418,
1.0,0.416,0.378,0.362,0.354,0.336,0.336,0.33,0.329,0.329,
1.0,0.536,0.463,0.442,0.426,0.441,0.428,0.46,0.414,0.436,
1.0,0.43,0.508,0.404,0.449,0.403,0.378,0.375,0.408,0.399,
1.0,0.411,0.367,0.352,0.34,0.341,0.342,0.337,0.333,0.339,
1.0,0.522,0.463,0.401,0.41,0.409,0.419,0.389,0.377,0.371,
1.0,0.585,0.457,0.491,0.447,0.435,0.463,0.388,0.408,0.454,
1.0,0.503,0.422,0.423,0.422,0.41,0.469,0.434,0.421,0.428,
1.0,0.5,0.462,0.437,0.447,0.444,0.414,0.366,0.395,0.398,
1.0,0.453,0.427,0.415,0.388,0.399,0.42,0.397,0.404,0.373,
1.0,0.44,0.401,0.403,0.387,0.39,0.416,0.388,0.405,0.4,
1.0,0.411,0.334,0.328,0.328,0.328,0.328,0.328,0.328,0.328,
1.0,0.454,0.425,0.391,0.353,0.357,0.374,0.367,0.348,0.376,
1.0,0.378,0.396,0.375,0.349,0.347,0.344,0.339,0.326,0.337,
1.0,0.427,0.377,0.373,0.367,0.39,0.37,0.356,0.348,0.343,
1.0,0.576,0.511,0.496,0.509,0.525,0.521,0.461,0.494,0.494,
1.0,0.626,0.556,0.495,0.503,0.464,0.498,0.533,0.485,0.507,
1.0,0.435,0.367,0.401,0.41,0.377,0.381,0.386,0.365,0.365,
1.0,0.606,0.567,0.506,0.487,0.465,0.551,0.524,0.48,0.487,
1.0,0.453,0.382,0.372,0.428,0.394,0.378,0.366,0.352,0.338,
1.0,0.357,0.327,0.327,0.327,0.327,0.327,0.327,0.327,0.327,
1.0,0.566,0.536,0.47,0.509,0.476,0.52,0.461,0.474,0.455,
1.0,0.407,0.368,0.34,0.336,0.336,0.331,0.329,0.333,0.335,
1.0,0.473,0.455,0.466,0.432,0.427,0.424,0.417,0.393,0.434,
1.0,0.545,0.489,0.47,0.445,0.494,0.444,0.49,0.482,0.43,
1.0,0.518,0.459,0.47,0.459,0.408,0.4,0.373,0.415,0.439,
1.0,0.6,0.486,0.483,0.476,0.442,0.444,0.432,0.427,0.435,
1.0,0.37,0.343,0.334,0.34,0.334,0.336,0.331,0.341,0.331,
1.0,0.414,0.367,0.374,0.358,0.345,0.346,0.341,0.351,0.363,
1.0,0.576,0.538,0.503,0.54,0.493,0.517,0.489,0.481,0.489,
1.0,0.476,0.432,0.414,0.39,0.399,0.382,0.39,0.398,0.356,
1.0,0.444,0.385,0.373,0.349,0.342,0.338,0.336,0.332,0.331,
1.0,0.489,0.428,0.458,0.398,0.418,0.426,0.38,0.412,0.395,
1.0,0.527,0.538,0.483,0.434,0.454,0.469,0.451,0.436,0.439,
1.0,0.662,0.638,0.6,0.593,0.561,0.597,0.574,0.589,0.546,
1.0,0.504,0.487,0.564,0.517,0.532,0.444,0.511,0.477,0.466,
1.0,0.527,0.488,0.484,0.443,0.411,0.424,0.438,0.403,0.449,
1.0,0.501,0.457,0.417,0.469,0.425,0.418,0.425,0.43,0.405,
1.0,0.564,0.532,0.499,0.44,0.489,0.51,0.458,0.453,0.495,
1.0,0.449,0.395,0.44,0.406,0.379,0.394,0.382,0.387,0.429,
1.0,0.467,0.372,0.377,0.357,0.351,0.377,0.393,0.372,0.345,
1.0,0.497,0.453,0.538,0.465,0.461,0.464,0.448,0.447,0.441,
1.0,0.473,0.531,0.468,0.447,0.388,0.424,0.405,0.379,0.388,
1.0,0.364,0.331,0.33,0.33,0.33,0.33,0.33,0.33,0.33,
1.0,0.36,0.327,0.326,0.326,0.326,0.326,0.326,0.326,0.326,
1.0,0.448,0.399,0.375,0.417,0.4,0.392,0.392,0.396,0.399,
1.0,0.444,0.363,0.36,0.349,0.362,0.395,0.348,0.359,0.353,
1.0,0.444,0.406,0.398,0.435,0.448,0.379,0.376,0.39,0.362,
1.0,0.416,0.362,0.344,0.333,0.335,0.34,0.335,0.333,0.332,
1.0,0.373,0.399,0.397,0.371,0.355,0.351,0.394,0.376,0.348,
1.0,0.621,0.524,0.506,0.46,0.483,0.501,0.492,0.485,0.49,
1.0,0.552,0.507,0.425,0.466,0.449,0.455,0.423,0.436,0.437,
1.0,0.5,0.44,0.451,0.413,0.451,0.406,0.418,0.4,0.408,
1.0,0.46,0.42,0.394,0.45,0.407,0.391,0.418,0.382,0.384,
1.0,0.478,0.432,0.426,0.391,0.435,0.408,0.407,0.408,0.394,
1.0,0.466,0.411,0.409,0.413,0.375,0.368,0.397,0.397,0.38,
1.0,0.376,0.326,0.323,0.322,0.322,0.322,0.322,0.322,0.322,
1.0,0.385,0.328,0.36,0.331,0.339,0.329,0.328,0.327,0.327,
1.0,0.609,0.507,0.396,0.451,0.432,0.397,0.419,0.463,0.521,
1.0,0.35,0.324,0.324,0.324,0.324,0.324,0.324,0.324,0.324,
1.0,0.446,0.413,0.395,0.363,0.355,0.352,0.375,0.365,0.36,
1.0,0.345,0.322,0.321,0.321,0.321,0.321,0.321,0.321,0.321,
1.0,0.397,0.359,0.337,0.34,0.332,0.33,0.33,0.33,0.33,
1.0,0.451,0.393,0.385,0.358,0.367,0.352,0.376,0.378,0.412,
1.0,0.579,0.463,0.52,0.502,0.492,0.515,0.448,0.46,0.473,
1.0,0.379,0.336,0.333,0.332,0.332,0.332,0.332,0.332,0.332,
1.0,0.523,0.42,0.42,0.394,0.394,0.411,0.408,0.365,0.35,
1.0,0.573,0.464,0.447,0.39,0.386,0.39,0.374,0.361,0.358,
1.0,0.523,0.44,0.443,0.453,0.406,0.433,0.428,0.393,0.407,
1.0,0.539,0.563,0.484,0.493,0.43,0.46,0.473,0.494,0.454,
1.0,0.404,0.348,0.349,0.353,0.339,0.341,0.346,0.334,0.328,
1.0,0.625,0.572,0.517,0.507,0.475,0.514,0.475,0.471,0.528,
1.0,0.488,0.377,0.371,0.367,0.366,0.371,0.38,0.362,0.371,
1.0,0.569,0.477,0.46,0.47,0.438,0.423,0.452,0.447,0.446,
1.0,0.499,0.444,0.428,0.4,0.454,0.417,0.397,0.417,0.412,
1.0,0.418,0.361,0.4,0.367,0.358,0.358,0.342,0.359,0.336,
1.0,0.418,0.396,0.394,0.356,0.329,0.325,0.325,0.325,0.325,
1.0,0.57,0.481,0.459,0.465,0.412,0.436,0.403,0.434,0.443,
1.0,0.529,0.433,0.429,0.471,0.416,0.455,0.464,0.426,0.431,
1.0,0.576,0.489,0.428,0.448,0.445,0.407,0.438,0.406,0.412,
1.0,0.535,0.456,0.498,0.459,0.425,0.438,0.451,0.428,0.414,
1.0,0.421,0.361,0.351,0.348,0.333,0.343,0.329,0.325,0.328,
1.0,0.457,0.412,0.398,0.435,0.434,0.394,0.423,0.39,0.402,
1.0,0.429,0.442,0.403,0.415,0.377,0.354,0.368,0.336,0.353,
1.0,0.392,0.362,0.394,0.344,0.324,0.322,0.322,0.322,0.322,
1.0,0.526,0.514,0.465,0.573,0.47,0.504,0.505,0.467,0.478,
1.0,0.517,0.547,0.456,0.443,0.456,0.406,0.478,0.461,0.431,
1.0,0.513,0.477,0.414,0.411,0.437,0.392,0.41,0.437,0.434,
1.0,0.508,0.434,0.38,0.387,0.44,0.422,0.419,0.43,0.422,
1.0,0.548,0.478,0.491,0.468,0.444,0.443,0.401,0.41,0.423,
1.0,0.473,0.443,0.453,0.475,0.466,0.428,0.402,0.373,0.429,
1.0,0.481,0.449,0.416,0.372,0.355,0.356,0.333,0.328,0.325,
1.0,0.524,0.404,0.417,0.364,0.405,0.404,0.415,0.395,0.374,
1.0,0.445,0.406,0.371,0.362,0.398,0.367,0.371,0.366,0.377,
1.0,0.467,0.455,0.395,0.401,0.409,0.4,0.398,0.394,0.374,
1.0,0.416,0.411,0.38,0.397,0.339,0.344,0.337,0.351,0.344,
1.0,0.38,0.342,0.326,0.323,0.322,0.321,0.321,0.321,0.321,
1.0,0.428,0.382,0.4,0.391,0.365,0.364,0.369,0.358,0.357,
1.0,0.395,0.363,0.367,0.345,0.337,0.343,0.331,0.384,0.347,
1.0,0.487,0.451,0.48,0.45,0.422,0.395,0.39,0.377,0.384,
1.0,0.507,0.443,0.419,0.445,0.41,0.419,0.463,0.407,0.485,
1.0,0.354,0.377,0.343,0.338,0.326,0.324,0.338,0.348,0.331,
1.0,0.447,0.421,0.38,0.368,0.412,0.367,0.358,0.358,0.351,
1.0,0.393,0.373,0.406,0.36,0.333,0.34,0.343,0.331,0.35,
1.0,0.37,0.325,0.322,0.34,0.348,0.341,0.33,0.354,0.328,
1.0,0.436,0.405,0.371,0.376,0.37,0.36,0.359,0.384,0.437,
1.0,0.394,0.354,0.343,0.355,0.371,0.38,0.362,0.4,0.348,
1.0,0.456,0.421,0.385,0.38,0.403,0.38,0.367,0.369,0.38,
1.0,0.387,0.344,0.338,0.338,0.328,0.328,0.328,0.328,0.328,
1.0,0.531,0.414,0.38,0.398,0.375,0.377,0.373,0.387,0.347,
1.0,0.486,0.45,0.455,0.408,0.407,0.393,0.414,0.406,0.451,
1.0,0.404,0.398,0.366,0.395,0.399,0.368,0.371,0.347,0.331,
1.0,0.508,0.411,0.384,0.361,0.352,0.34,0.331,0.353,0.353,
1.0,0.433,0.394,0.367,0.357,0.379,0.369,0.376,0.349,0.36,
1.0,0.646,0.585,0.596,0.473,0.515,0.535,0.497,0.473,0.502,
1.0,0.347,0.373,0.352,0.35,0.328,0.324,0.319,0.318,0.318,
1.0,0.372,0.365,0.34,0.324,0.324,0.326,0.324,0.323,0.323,
1.0,0.488,0.405,0.369,0.488,0.478,0.407,0.403,0.396,0.422,
1.0,0.346,0.322,0.321,0.321,0.321,0.321,0.321,0.321,0.321,
1.0,0.447,0.464,0.4,0.461,0.478,0.386,0.384,0.389,0.472,
1.0,0.468,0.384,0.379,0.361,0.362,0.363,0.348,0.359,0.364,
1.0,0.357,0.323,0.322,0.322,0.322,0.322,0.322,0.322,0.322,
1.0,0.422,0.374,0.364,0.334,0.324,0.321,0.321,0.321,0.321,
1.0,0.451,0.377,0.379,0.419,0.376,0.361,0.364,0.353,0.362,
1.0,0.348,0.323,0.323,0.323,0.323,0.323,0.323,0.323,0.323,
1.0,0.529,0.448,0.427,0.421,0.484,0.427,0.436,0.439,0.398,
1.0,0.412,0.366,0.331,0.321,0.32,0.32,0.32,0.32,0.32,
1.0,0.431,0.386,0.398,0.386,0.37,0.367,0.364,0.403,0.424,
1.0,0.458,0.476,0.457,0.4,0.413,0.412,0.425,0.39,0.375,
1.0,0.373,0.336,0.323,0.353,0.332,0.322,0.321,0.321,0.321,
1.0,0.398,0.333,0.322,0.322,0.322,0.322,0.322,0.322,0.322,
1.0,0.359,0.325,0.32,0.32,0.32,0.32,0.32,0.32,0.32,
1.0,0.445,0.373,0.383,0.339,0.334,0.335,0.327,0.325,0.325,
1.0,0.372,0.324,0.323,0.321,0.321,0.321,0.321,0.321,0.321,
1.0,0.347,0.318,0.317,0.317,0.317,0.317,0.317,0.317,0.317,
1.0,0.5,0.449,0.489,0.472,0.419,0.457,0.419,0.38,0.414,
1.0,0.427,0.385,0.357,0.344,0.36,0.367,0.341,0.34,0.329,
1.0,0.461,0.437,0.398,0.391,0.409,0.404,0.413,0.401,0.402,
1.0,0.456,0.401,0.429,0.384,0.387,0.404,0.372,0.369,0.384,
1.0,0.5,0.473,0.401,0.463,0.391,0.395,0.406,0.423,0.381,
1.0,0.384,0.398,0.346,0.335,0.322,0.322,0.32,0.321,0.322,
1.0,0.552,0.48,0.446,0.472,0.44,0.413,0.422,0.409,0.401,
1.0,0.397,0.341,0.369,0.342,0.367,0.364,0.337,0.345,0.332,
1.0,0.471,0.447,0.391,0.396,0.426,0.412,0.419,0.42,0.41,
1.0,0.423,0.389,0.342,0.333,0.362,0.337,0.332,0.329,0.324,
1.0,0.332,0.315,0.315,0.315,0.315,0.315,0.315,0.315,0.315,
1.0,0.512,0.434,0.462,0.453,0.425,0.42,0.412,0.447,0.432,
1.0,0.424,0.403,0.373,0.37,0.358,0.367,0.337,0.346,0.335,
1.0,0.37,0.325,0.323,0.323,0.323,0.323,0.323,0.323,0.323,
1.0,0.382,0.358,0.337,0.324,0.339,0.338,0.324,0.324,0.323,
1.0,0.361,0.316,0.316,0.316,0.316,0.316,0.316,0.316,0.316,
1.0,0.512,0.432,0.45,0.418,0.401,0.409,0.401,0.384,0.414,
1.0,0.531,0.48,0.483,0.441,0.45,0.437,0.425,0.433,0.448,
1.0,0.472,0.47,0.444,0.449,0.394,0.391,0.41,0.391,0.393,
1.0,0.502,0.464,0.436,0.398,0.383,0.405,0.4,0.412,0.394,
1.0,0.446,0.449,0.545,0.476,0.445,0.434,0.443,0.412,0.383,
1.0,0.432,0.414,0.38,0.372,0.361,0.384,0.437,0.366,0.385,
1.0,0.365,0.376,0.341,0.344,0.333,0.322,0.333,0.356,0.332,
1.0,0.434,0.415,0.43,0.45,0.406,0.389,0.416,0.381,0.405,
1.0,0.556,0.461,0.485,0.468,0.467,0.435,0.467,0.421,0.436,
1.0,0.488,0.399,0.532,0.542,0.486,0.435,0.45,0.447,0.462,
1.0,0.421,0.376,0.391,0.365,0.356,0.344,0.34,0.348,0.376,
1.0,0.519,0.464,0.444,0.386,0.385,0.421,0.413,0.435,0.449,
1.0,0.342,0.317,0.316,0.316,0.316,0.316,0.316,0.316,0.316,
1.0,0.608,0.483,0.497,0.459,0.533,0.476,0.452,0.462,0.487,
1.0,0.452,0.418,0.406,0.386,0.4,0.372,0.391,0.374,0.365,
1.0,0.563,0.496,0.479,0.456,0.487,0.456,0.428,0.443,0.444,
1.0,0.593,0.55,0.462,0.529,0.504,0.477,0.486,0.47,0.478,
1.0,0.552,0.494,0.496,0.527,0.451,0.463,0.444,0.443,0.443,
1.0,0.419,0.489,0.373,0.361,0.377,0.379,0.359,0.367,0.377,
1.0,0.389,0.38,0.36,0.388,0.366,0.393,0.414,0.349,0.366,
1.0,0.429,0.387,0.347,0.33,0.348,0.355,0.333,0.343,0.337,
1.0,0.489,0.422,0.46,0.457,0.421,0.389,0.518,0.449,0.389,
1.0,0.39,0.381,0.35,0.341,0.326,0.332,0.329,0.333,0.334,
1.0,0.335,0.317,0.317,0.317,0.317,0.317,0.317,0.317,0.317,
1.0,0.547,0.474,0.462,0.418,0.436,0.426,0.407,0.439,0.426,
1.0,0.546,0.449,0.427,0.447,0.405,0.425,0.453,0.426,0.464,
1.0,0.642,0.506,0.507,0.465,0.506,0.531,0.516,0.502,0.474,
1.0,0.543,0.516,0.473,0.426,0.479,0.437,0.451,0.459,0.447,
1.0,0.404,0.39,0.38,0.357,0.367,0.349,0.341,0.342,0.334,
1.0,0.34,0.32,0.319,0.319,0.319,0.319,0.319,0.319,0.319,
1.0,0.357,0.323,0.321,0.321,0.321,0.321,0.321,0.321,0.321,
1.0,0.529,0.508,0.518,0.44,0.415,0.422,0.413,0.396,0.403,
1.0,0.529,0.409,0.369,0.429,0.397,0.414,0.377,0.382,0.408,
1.0,0.499,0.379,0.381,0.348,0.354,0.354,0.347,0.336,0.339,
1.0,0.363,0.341,0.322,0.322,0.322,0.322,0.322,0.322,0.322,
1.0,0.406,0.357,0.327,0.344,0.343,0.326,0.329,0.325,0.325,
1.0,0.358,0.331,0.38,0.364,0.332,0.335,0.333,0.381,0.35,
1.0,0.443,0.437,0.397,0.4,0.383,0.399,0.364,0.356,0.363,
1.0,0.477,0.424,0.396,0.409,0.402,0.418,0.389,0.391,0.355,
1.0,0.419,0.447,0.456,0.433,0.413,0.37,0.373,0.391,0.403,
1.0,0.465,0.446,0.422,0.469,0.409,0.455,0.419,0.385,0.414,
1.0,0.502,0.524,0.438,0.465,0.459,0.417,0.471,0.44,0.414,
1.0,0.541,0.441,0.439,0.452,0.416,0.421,0.409,0.398,0.412,
1.0,0.369,0.341,0.33,0.324,0.324,0.324,0.324,0.324,0.324,
1.0,0.349,0.318,0.317,0.317,0.317,0.317,0.317,0.317,0.317,
1.0,0.351,0.324,0.322,0.322,0.322,0.322,0.322,0.322,0.322,
1.0,0.475,0.472,0.425,0.413,0.398,0.416,0.378,0.35,0.348,
1.0,0.395,0.349,0.341,0.326,0.323,0.33,0.322,0.322,0.321,
1.0,0.456,0.433,0.411,0.4,0.391,0.374,0.407,0.419,0.372,
1.0,0.609,0.489,0.453,0.437,0.433,0.42,0.435,0.458,0.461,
1.0,0.446,0.506,0.478,0.448,0.425,0.422,0.448,0.404,0.423,
1.0,0.53,0.445,0.389,0.4,0.429,0.411,0.394,0.4,0.395,
1.0,0.546,0.456,0.455,0.435,0.384,0.363,0.361,0.35,0.339,
1.0,0.412,0.47,0.412,0.371,0.386,0.356,0.349,0.341,0.354,
1.0,0.448,0.41,0.394,0.401,0.398,0.408,0.39,0.384,0.382,
1.0,0.392,0.369,0.345,0.38,0.382,0.39,0.383,0.365,0.368,
1.0,0.473,0.443,0.41,0.393,0.449,0.402,0.384,0.374,0.398,
1.0,0.518,0.494,0.455,0.453,0.43,0.443,0.42,0.433,0.434,
1.0,0.327,0.313,0.313,0.313,0.313,0.313,0.313,0.313,0.313,
1.0,0.496,0.449,0.471,0.433,0.411,0.398,0.424,0.431,0.396,
1.0,0.455,0.415,0.371,0.362,0.363,0.354,0.335,0.33,0.324,
1.0,0.462,0.398,0.414,0.394,0.369,0.37,0.36,0.358,0.348,
1.0,0.519,0.494,0.4,0.525,0.43,0.423,0.423,0.427,0.442,
1.0,0.395,0.357,0.339,0.345,0.327,0.338,0.324,0.325,0.323,
1.0,0.365,0.372,0.352,0.337,0.338,0.365,0.348,0.349,0.35,
1.0,0.518,0.445,0.41,0.418,0.454,0.433,0.398,0.437,0.415,
1.0,0.521,0.446,0.452,0.453,0.444,0.442,0.458,0.447,0.442,
1.0,0.487,0.447,0.44,0.453,0.421,0.418,0.392,0.45,0.409,
1.0,0.41,0.385,0.394,0.342,0.325,0.323,0.323,0.323,0.323,
1.0,0.431,0.381,0.332,0.334,0.324,0.323,0.323,0.323,0.323,
1.0,0.398,0.373,0.362,0.348,0.325,0.321,0.32,0.32,0.319,
1.0,0.433,0.399,0.419,0.388,0.38,0.346,0.384,0.348,0.366,
1.0,0.553,0.471,0.523,0.496,0.441,0.446,0.47,0.429,0.449,
1.0,0.505,0.446,0.446,0.392,0.376,0.378,0.379,0.388,0.351,
1.0,0.517,0.493,0.458,0.467,0.416,0.485,0.457,0.472,0.426,
1.0,0.416,0.373,0.399,0.353,0.372,0.362,0.374,0.389,0.379,
1.0,0.395,0.343,0.346,0.334,0.348,0.375,0.394,0.352,0.347,
1.0,0.52,0.459,0.399,0.477,0.445,0.482,0.432,0.432,0.45,
1.0,0.528,0.446,0.393,0.427,0.425,0.405,0.393,0.43,0.416,
1.0,0.375,0.386,0.357,0.345,0.324,0.322,0.33,0.322,0.321,
1.0,0.542,0.466,0.454,0.407,0.445,0.422,0.438,0.441,0.482,
1.0,0.355,0.329,0.322,0.32,0.32,0.32,0.32,0.32,0.32,
1.0,0.339,0.317,0.316,0.316,0.316,0.316,0.316,0.316,0.316,
1.0,0.469,0.497,0.441,0.415,0.436,0.407,0.431,0.428,0.404,
1.0,0.533,0.45,0.39,0.384,0.36,0.385,0.384,0.385,0.374,
1.0,0.441,0.365,0.343,0.328,0.337,0.324,0.363,0.43,0.349,
1.0,0.417,0.374,0.34,0.326,0.327,0.35,0.421,0.381,0.362,
1.0,0.427,0.387,0.381,0.348,0.352,0.36,0.359,0.345,0.336,
1.0,0.387,0.401,0.38,0.398,0.391,0.385,0.367,0.383,0.367,
1.0,0.396,0.372,0.354,0.366,0.372,0.338,0.331,0.33,0.324,
1.0,0.405,0.361,0.409,0.396,0.357,0.35,0.337,0.33,0.34,
1.0,0.418,0.399,0.361,0.349,0.361,0.395,0.339,0.37,0.35,
1.0,0.328,0.313,0.313,0.313,0.313,0.313,0.313,0.313,0.313,
1.0,0.395,0.334,0.323,0.328,0.324,0.342,0.366,0.343,0.324,
1.0,0.45,0.393,0.419,0.39,0.348,0.375,0.378,0.352,0.336,
1.0,0.508,0.406,0.413,0.37,0.421,0.431,0.394,0.427,0.366,
1.0,0.355,0.356,0.339,0.328,0.324,0.322,0.322,0.322,0.322,
1.0,0.544,0.488,0.477,0.429,0.399,0.422,0.464,0.416,0.448,
1.0,0.499,0.412,0.409,0.415,0.384,0.427,0.394,0.373,0.378,
1.0,0.41,0.343,0.333,0.352,0.349,0.342,0.329,0.321,0.342,
1.0,0.497,0.535,0.459,0.471,0.416,0.44,0.466,0.418,0.434,
1.0,0.382,0.323,0.32,0.32,0.32,0.32,0.32,0.32,0.32,
1.0,0.497,0.457,0.375,0.432,0.409,0.411,0.425,0.394,0.379,
1.0,0.433,0.393,0.341,0.377,0.399,0.381,0.343,0.331,0.325,
1.0,0.598,0.543,0.487,0.507,0.51,0.484,0.438,0.476,0.49,
1.0,0.396,0.382,0.34,0.341,0.322,0.322,0.323,0.32,0.32,
1.0,0.451,0.36,0.371,0.337,0.329,0.333,0.322,0.321,0.322,
1.0,0.584,0.524,0.498,0.533,0.458,0.443,0.465,0.473,0.51,
1.0,0.34,0.319,0.319,0.319,0.319,0.319,0.319,0.319,0.319,
1.0,0.348,0.338,0.33,0.346,0.326,0.32,0.319,0.326,0.352,
1.0,0.428,0.385,0.406,0.389,0.349,0.357,0.344,0.331,0.338,
1.0,0.481,0.397,0.385,0.428,0.441,0.431,0.383,0.398,0.38,
1.0,0.572,0.455,0.452,0.478,0.442,0.534,0.46,0.514,0.452,
1.0,0.405,0.38,0.372,0.336,0.331,0.332,0.323,0.322,0.322,
1.0,0.61,0.489,0.485,0.506,0.52,0.474,0.463,0.49,0.509,
1.0,0.499,0.409,0.371,0.382,0.371,0.377,0.357,0.361,0.356,
1.0,0.387,0.329,0.334,0.325,0.324,0.324,0.324,0.324,0.324,
1.0,0.412,0.44,0.391,0.391,0.368,0.355,0.375,0.407,0.374,
1.0,0.444,0.415,0.364,0.348,0.351,0.346,0.358,0.347,0.344,
1.0,0.634,0.566,0.525,0.514,0.543,0.52,0.556,0.505,0.538,
1.0,0.559,0.52,0.549,0.482,0.542,0.485,0.45,0.498,0.463,
1.0,0.439,0.416,0.402,0.392,0.395,0.374,0.363,0.362,0.34,
1.0,0.431,0.376,0.351,0.367,0.359,0.38,0.366,0.376,0.402,
1.0,0.443,0.463,0.406,0.411,0.377,0.396,0.412,0.404,0.388,
1.0,0.426,0.381,0.355,0.359,0.334,0.335,0.354,0.345,0.334,
1.0,0.355,0.327,0.326,0.326,0.326,0.326,0.326,0.326,0.326,
1.0,0.446,0.362,0.362,0.357,0.354,0.36,0.379,0.358,0.37,
1.0,0.595,0.486,0.446,0.436,0.434,0.447,0.433,0.448,0.435,
1.0,0.521,0.479,0.47,0.424,0.437,0.436,0.426,0.436,0.401,
1.0,0.546,0.547,0.537,0.538,0.502,0.489,0.49,0.501,0.518,
1.0,0.462,0.453,0.407,0.389,0.388,0.385,0.406,0.393,0.359,
1.0,0.65,0.563,0.577,0.526,0.527,0.519,0.511,0.545,0.558,
1.0,0.375,0.354,0.412,0.363,0.331,0.328,0.328,0.322,0.321,
1.0,0.374,0.382,0.355,0.353,0.33,0.33,0.369,0.412,0.395,
1.0,0.383,0.371,0.333,0.332,0.326,0.324,0.323,0.323,0.323,
1.0,0.475,0.464,0.403,0.424,0.418,0.4,0.403,0.373,0.435,
1.0,0.405,0.35,0.356,0.343,0.336,0.336,0.326,0.339,0.325,
1.0,0.46,0.425,0.376,0.363,0.368,0.358,0.396,0.438,0.369,
1.0,0.384,0.345,0.382,0.375,0.356,0.339,0.337,0.329,0.328,
1.0,0.443,0.398,0.361,0.345,0.35,0.354,0.35,0.351,0.422,
1.0,0.551,0.442,0.408,0.378,0.367,0.366,0.348,0.354,0.385,
1.0,0.532,0.528,0.442,0.447,0.464,0.452,0.447,0.476,0.438,
1.0,0.611,0.517,0.496,0.519,0.462,0.423,0.498,0.502,0.476,
1.0,0.633,0.567,0.518,0.506,0.473,0.496,0.511,0.546,0.515,
1.0,0.397,0.356,0.346,0.348,0.339,0.338,0.333,0.332,0.332,
1.0,0.557,0.471,0.468,0.462,0.459,0.466,0.443,0.464,0.438,
1.0,0.421,0.335,0.329,0.324,0.324,0.324,0.324,0.324,0.324,
1.0,0.449,0.411,0.385,0.396,0.368,0.379,0.386,0.386,0.376,
1.0,0.435,0.376,0.377,0.371,0.359,0.332,0.366,0.382,0.355,
1.0,0.362,0.32,0.316,0.315,0.315,0.315,0.315,0.315,0.315,
1.0,0.505,0.449,0.448,0.443,0.425,0.425,0.419,0.396,0.403,
1.0,0.457,0.398,0.351,0.334,0.338,0.352,0.345,0.332,0.326,
1.0,0.419,0.499,0.435,0.43,0.391,0.42,0.405,0.38,0.361,
1.0,0.386,0.334,0.324,0.334,0.323,0.322,0.322,0.322,0.322,

1.0,0.403,0.375,0.357,0.342,0.332,0.329,0.329,0.329,0.329,
1.0,0.407,0.391,0.381,0.379,0.384,0.362,0.353,0.337,0.335,
1.0,0.416,0.428,0.392,0.38,0.368,0.347,0.383,0.382,0.379,
1.0,0.651,0.59,0.556,0.588,0.523,0.577,0.499,0.543,0.492,
1.0,0.492,0.46,0.416,0.391,0.413,0.407,0.451,0.485,0.435,
1.0,0.402,0.34,0.352,0.331,0.329,0.329,0.329,0.329,0.329,
1.0,0.513,0.49,0.528,0.49,0.461,0.46,0.494,0.452,0.473,
1.0,0.381,0.397,0.35,0.333,0.334,0.33,0.33,0.33,0.329,
1.0,0.475,0.421,0.427,0.425,0.394,0.401,0.382,0.408,0.392,
1.0,0.462,0.504,0.439,0.379,0.388,0.406,0.393,0.369,0.366,
1.0,0.474,0.458,0.421,0.426,0.48,0.461,0.411,0.382,0.433,
1.0,0.366,0.33,0.329,0.329,0.329,0.329,0.329,0.329,0.329,
1.0,0.443,0.39,0.382,0.374,0.394,0.372,0.381,0.357,0.374,
1.0,0.544,0.526,0.5,0.486,0.462,0.46,0.446,0.461,0.463,
1.0,0.488,0.444,0.452,0.43,0.401,0.43,0.416,0.413,0.419,
1.0,0.475,0.387,0.424,0.371,0.347,0.353,0.353,0.342,0.347,
1.0,0.503,0.419,0.454,0.429,0.417,0.417,0.392,0.405,0.382,
1.0,0.542,0.551,0.519,0.491,0.496,0.47,0.453,0.497,0.464,
1.0,0.534,0.497,0.476,0.455,0.454,0.462,0.437,0.425,0.428,
1.0,0.511,0.453,0.456,0.402,0.392,0.445,0.417,0.41,0.451,
1.0,0.432,0.38,0.369,0.373,0.354,0.365,0.347,0.374,0.372,
1.0,0.495,0.471,0.458,0.425,0.43,0.39,0.426,0.441,0.405,
1.0,0.513,0.431,0.398,0.411,0.454,0.418,0.414,0.397,0.404,
1.0,0.38,0.337,0.34,0.33,0.33,0.33,0.33,0.33,0.33,
1.0,0.449,0.456,0.394,0.388,0.385,0.368,0.379,0.384,0.391,
1.0,0.445,0.441,0.362,0.362,0.369,0.34,0.334,0.358,0.335,
1.0,0.451,0.417,0.375,0.376,0.347,0.361,0.382,0.389,0.387,
1.0,0.448,0.415,0.461,0.42,0.43,0.396,0.419,0.401,0.417,
1.0,0.514,0.481,0.457,0.43,0.466,0.437,0.453,0.418,0.425,
1.0,0.589,0.554,0.489,0.461,0.497,0.485,0.468,0.475,0.49,
1.0,0.517,0.506,0.544,0.445,0.43,0.463,0.485,0.448,0.416,
1.0,0.545,0.501,0.463,0.434,0.44,0.461,0.443,0.433,0.471,
1.0,0.606,0.532,0.525,0.488,0.492,0.524,0.48,0.496,0.502,
1.0,0.454,0.458,0.417,0.384,0.36,0.382,0.392,0.392,0.422,
1.0,0.374,0.365,0.335,0.338,0.33,0.35,0.344,0.345,0.34,
1.0,0.425,0.382,0.384,0.383,0.376,0.401,0.381,0.385,0.367,
1.0,0.428,0.429,0.409,0.37,0.403,0.373,0.377,0.402,0.401,
1.0,0.478,0.457,0.449,0.45,0.431,0.397,0.399,0.423,0.407,
1.0,0.575,0.503,0.452,0.482,0.471,0.454,0.456,0.449,0.457,
1.0,0.453,0.432,0.391,0.391,0.383,0.385,0.353,0.408,0.384,
1.0,0.417,0.383,0.37,0.369,0.34,0.334,0.331,0.332,0.331,
1.0,0.509,0.539,0.483,0.466,0.476,0.469,0.45,0.475,0.43,
1.0,0.499,0.45,0.423,0.425,0.455,0.438,0.397,0.406,0.435,
1.0,0.411,0.391,0.376,0.354,0.339,0.331,0.327,0.327,0.327,
1.0,0.359,0.328,0.327,0.327,0.327,0.327,0.327,0.327,0.327,
1.0,0.447,0.462,0.393,0.375,0.377,0.382,0.381,0.427,0.407,
1.0,0.348,0.323,0.323,0.323,0.323,0.323,0.323,0.323,0.323,
1.0,0.525,0.522,0.488,0.469,0.463,0.461,0.452,0.426,0.44,
1.0,0.444,0.403,0.388,0.392,0.388,0.373,0.397,0.369,0.389,
1.0,0.444,0.394,0.366,0.349,0.336,0.332,0.331,0.331,0.332,
1.0,0.537,0.456,0.473,0.474,0.461,0.427,0.437,0.459,0.402,
1.0,0.398,0.354,0.365,0.352,0.338,0.331,0.331,0.331,0.331,
1.0,0.673,0.614,0.625,0.603,0.569,0.592,0.564,0.603,0.595,
1.0,0.467,0.466,0.453,0.455,0.442,0.434,0.444,0.431,0.45,
1.0,0.361,0.329,0.328,0.328,0.328,0.328,0.328,0.328,0.328,
1.0,0.559,0.472,0.504,0.447,0.502,0.441,0.429,0.437,0.407,
1.0,0.431,0.428,0.425,0.4,0.393,0.443,0.398,0.441,0.432,
1.0,0.573,0.521,0.522,0.477,0.421,0.444,0.409,0.494,0.451,
1.0,0.469,0.529,0.433,0.42,0.445,0.423,0.385,0.416,0.445,
1.0,0.544,0.45,0.453,0.431,0.473,0.445,0.406,0.415,0.388,
1.0,0.501,0.408,0.455,0.415,0.397,0.387,0.432,0.372,0.407,
1.0,0.373,0.329,0.327,0.327,0.327,0.327,0.327,0.327,0.327,
1.0,0.481,0.439,0.391,0.406,0.402,0.382,0.369,0.36,0.345,
1.0,0.419,0.353,0.337,0.331,0.33,0.329,0.329,0.329,0.329,
1.0,0.379,0.33,0.325,0.325,0.325,0.325,0.325,0.325,0.325,
1.0,0.483,0.472,0.443,0.391,0.404,0.398,0.432,0.393,0.395,
1.0,0.551,0.51,0.503,0.504,0.495,0.467,0.507,0.476,0.446,
1.0,0.428,0.442,0.417,0.377,0.384,0.366,0.361,0.386,0.377,
1.0,0.369,0.335,0.333,0.333,0.333,0.333,0.333,0.333,0.333,
1.0,0.507,0.427,0.399,0.393,0.393,0.409,0.411,0.405,0.37,
1.0,0.517,0.442,0.441,0.403,0.4,0.393,0.404,0.401,0.394,
1.0,0.581,0.528,0.477,0.488,0.481,0.483,0.474,0.414,0.405,
1.0,0.484,0.419,0.402,0.373,0.357,0.369,0.349,0.334,0.375,
1.0,0.378,0.335,0.33,0.329,0.329,0.329,0.329,0.329,0.329,
1.0,0.453,0.47,0.458,0.39,0.415,0.466,0.386,0.413,0.444,
1.0,0.354,0.324,0.323,0.323,0.323,0.323,0.323,0.323,0.323,
1.0,0.487,0.473,0.48,0.44,0.4,0.438,0.401,0.465,0.424,
1.0,0.481,0.421,0.414,0.395,0.378,0.407,0.392,0.422,0.393,
1.0,0.445,0.383,0.361,0.35,0.355,0.344,0.385,0.357,0.371,
1.0,0.503,0.537,0.5,0.451,0.395,0.36,0.43,0.406,0.415,
1.0,0.386,0.333,0.342,0.333,0.324,0.324,0.324,0.324,0.324,
1.0,0.51,0.554,0.505,0.474,0.472,0.473,0.485,0.48,0.494,
1.0,0.545,0.525,0.484,0.491,0.457,0.438,0.457,0.443,0.455,
1.0,0.468,0.445,0.438,0.42,0.424,0.428,0.416,0.391,0.389,
1.0,0.386,0.339,0.344,0.348,0.368,0.368,0.35,0.345,0.361,
1.0,0.483,0.407,0.408,0.412,0.413,0.416,0.368,0.423,0.417,
1.0,0.485,0.456,0.387,0.403,0.388,0.407,0.416,0.384,0.385,
1.0,0.643,0.544,0.5,0.497,0.423,0.466,0.447,0.458,0.425,
1.0,0.42,0.377,0.35,0.37,0.401,0.368,0.344,0.346,0.359,
1.0,0.57,0.446,0.461,0.437,0.403,0.394,0.366,0.36,0.354,
1.0,0.487,0.454,0.427,0.436,0.423,0.425,0.466,0.423,0.415,
1.0,0.547,0.461,0.453,0.427,0.445,0.435,0.452,0.469,0.439,
1.0,0.476,0.435,0.399,0.409,0.425,0.394,0.38,0.391,0.382,
1.0,0.6,0.559,0.567,0.529,0.524,0.51,0.484,0.511,0.498,
1.0,0.616,0.538,0.442,0.392,0.381,0.453,0.377,0.441,0.383,
1.0,0.429,0.371,0.358,0.398,0.387,0.371,0.363,0.334,0.346,
1.0,0.383,0.351,0.336,0.328,0.327,0.326,0.326,0.326,0.326,
1.0,0.41,0.38,0.413,0.359,0.351,0.366,0.344,0.337,0.338,
1.0,0.433,0.396,0.368,0.357,0.345,0.339,0.363,0.366,0.347,
1.0,0.564,0.503,0.444,0.52,0.48,0.497,0.459,0.437,0.421,
1.0,0.488,0.417,0.414,0.457,0.404,0.43,0.401,0.419,0.417,
1.0,0.508,0.408,0.384,0.393,0.417,0.397,0.394,0.362,0.372,
1.0,0.508,0.444,0.532,0.437,0.473,0.43,0.416,0.437,0.448,
1.0,0.558,0.517,0.52,0.505,0.443,0.473,0.457,0.486,0.458,
1.0,0.416,0.423,0.44,0.439,0.383,0.362,0.404,0.388,0.353,
1.0,0.364,0.329,0.326,0.326,0.326,0.326,0.326,0.326,0.326,
1.0,0.655,0.546,0.585,0.544,0.536,0.528,0.46,0.521,0.477,
1.0,0.469,0.453,0.423,0.434,0.385,0.419,0.433,0.394,0.388,
1.0,0.584,0.548,0.518,0.531,0.519,0.55,0.46,0.517,0.504,
1.0,0.42,0.381,0.349,0.346,0.343,0.331,0.337,0.333,0.341,
1.0,0.423,0.434,0.375,0.399,0.382,0.348,0.341,0.384,0.364,
1.0,0.474,0.411,0.415,0.416,0.374,0.395,0.403,0.379,0.393,
1.0,0.484,0.5,0.381,0.381,0.375,0.372,0.435,0.388,0.4,
1.0,0.56,0.491,0.484,0.5,0.46,0.474,0.473,0.434,0.443,
1.0,0.465,0.501,0.495,0.444,0.451,0.443,0.449,0.42,0.459,
1.0,0.392,0.415,0.359,0.355,0.372,0.354,0.339,0.329,0.329,
1.0,0.466,0.458,0.453,0.401,0.422,0.429,0.458,0.426,0.433,
1.0,0.547,0.578,0.509,0.512,0.51,0.498,0.462,0.474,0.491,
1.0,0.428,0.392,0.398,0.394,0.375,0.356,0.336,0.332,0.333,
1.0,0.482,0.425,0.421,0.382,0.399,0.362,0.378,0.367,0.381,
1.0,0.427,0.418,0.457,0.39,0.374,0.385,0.46,0.439,0.407,
1.0,0.409,0.336,0.339,0.332,0.329,0.332,0.329,0.33,0.328,
1.0,0.655,0.548,0.533,0.535,0.553,0.566,0.513,0.541,0.511,
1.0,0.49,0.418,0.441,0.414,0.38,0.4,0.406,0.411,0.382,
1.0,0.479,0.442,0.391,0.393,0.433,0.424,0.427,0.417,0.4,
1.0,0.468,0.382,0.358,0.385,0.346,0.348,0.357,0.346,0.345,
1.0,0.378,0.333,0.332,0.331,0.331,0.331,0.331,0.331,0.331,
1.0,0.505,0.512,0.426,0.434,0.414,0.422,0.405,0.43,0.413,
1.0,0.354,0.325,0.324,0.324,0.324,0.324,0.324,0.324,0.324,
1.0,0.489,0.457,0.495,0.461,0.416,0.438,0.438,0.433,0.448,
1.0,0.475,0.431,0.418,0.42,0.438,0.426,0.385,0.397,0.42,
1.0,0.598,0.598,0.538,0.532,0.499,0.508,0.496,0.471,0.475,
1.0,0.51,0.447,0.431,0.395,0.4,0.412,0.373,0.445,0.436,
1.0,0.404,0.367,0.392,0.372,0.352,0.359,0.361,0.344,0.353,
1.0,0.467,0.391,0.437,0.418,0.397,0.399,0.411,0.434,0.406,
1.0,0.598,0.532,0.471,0.447,0.473,0.468,0.468,0.466,0.449,
1.0,0.558,0.531,0.504,0.526,0.456,0.489,0.443,0.444,0.466,
1.0,0.513,0.478,0.469,0.437,0.441,0.401,0.442,0.443,0.436,
1.0,0.559,0.562,0.492,0.482,0.433,0.494,0.447,0.492,0.486,
1.0,0.531,0.448,0.433,0.431,0.422,0.376,0.42,0.382,0.418,
1.0,0.525,0.444,0.428,0.429,0.47,0.405,0.432,0.481,0.429,
1.0,0.485,0.507,0.439,0.444,0.398,0.43,0.477,0.455,0.431,
1.0,0.482,0.466,0.413,0.452,0.452,0.446,0.438,0.435,0.444,
1.0,0.566,0.479,0.438,0.393,0.413,0.416,0.37,0.353,0.371,
1.0,0.551,0.548,0.465,0.465,0.475,0.45,0.429,0.478,0.442,
1.0,0.581,0.559,0.511,0.493,0.512,0.52,0.464,0.487,0.499,
1.0,0.588,0.539,0.441,0.504,0.481,0.504,0.449,0.479,0.502,
1.0,0.638,0.591,0.533,0.517,0.523,0.531,0.511,0.537,0.495,
1.0,0.405,0.399,0.374,0.39,0.401,0.389,0.386,0.394,0.36,
1.0,0.511,0.523,0.502,0.462,0.465,0.474,0.471,0.459,0.434,
1.0,0.414,0.351,0.342,0.34,0.34,0.34,0.34,0.34,0.34,
1.0,0.539,0.503,0.474,0.478,0.41,0.458,0.412,0.492,0.463,
1.0,0.63,0.534,0.528,0.493,0.489,0.53,0.472,0.499,0.5,
1.0,0.581,0.508,0.482,0.473,0.485,0.452,0.492,0.457,0.446,
1.0,0.438,0.406,0.385,0.383,0.444,0.385,0.37,0.42,0.377,
1.0,0.486,0.449,0.447,0.451,0.458,0.439,0.429,0.432,0.395,
1.0,0.666,0.564,0.578,0.549,0.523,0.532,0.519,0.513,0.507,
1.0,0.373,0.346,0.352,0.335,0.329,0.327,0.327,0.326,0.324,
1.0,0.409,0.342,0.331,0.33,0.33,0.33,0.33,0.33,0.33,
1.0,0.49,0.349,0.333,0.333,0.337,0.332,0.339,0.347,0.331,
1.0,0.568,0.518,0.465,0.466,0.43,0.428,0.443,0.446,0.438,
1.0,0.506,0.447,0.406,0.441,0.407,0.429,0.391,0.411,0.459,
1.0,0.526,0.449,0.456,0.442,0.4,0.427,0.396,0.426,0.431,
1.0,0.411,0.348,0.343,0.335,0.329,0.327,0.327,0.327,0.327,
1.0,0.608,0.512,0.503,0.522,0.497,0.421,0.483,0.527,0.477,
1.0,0.551,0.516,0.519,0.493,0.473,0.483,0.458,0.48,0.485,
1.0,0.59,0.495,0.506,0.52,0.522,0.493,0.466,0.449,0.458,
1.0,0.53,0.554,0.512,0.467,0.485,0.459,0.484,0.441,0.483,
1.0,0.548,0.5,0.482,0.464,0.462,0.47,0.471,0.47,0.443,
1.0,0.451,0.395,0.418,0.398,0.378,0.385,0.364,0.338,0.347,
1.0,0.479,0.449,0.446,0.435,0.442,0.458,0.451,0.437,0.444,
1.0,0.484,0.493,0.452,0.421,0.431,0.409,0.434,0.395,0.383,
1.0,0.457,0.387,0.394,0.368,0.372,0.348,0.411,0.379,0.353,
1.0,0.557,0.503,0.507,0.505,0.569,0.517,0.461,0.492,0.54,
1.0,0.353,0.336,0.342,0.324,0.322,0.322,0.322,0.322,0.322,
1.0,0.408,0.337,0.338,0.334,0.334,0.335,0.334,0.334,0.334,
1.0,0.445,0.389,0.359,0.36,0.346,0.345,0.356,0.347,0.357,
1.0,0.486,0.432,0.394,0.492,0.428,0.418,0.417,0.405,0.4,
1.0,0.408,0.373,0.348,0.339,0.334,0.355,0.346,0.332,0.33,
1.0,0.414,0.384,0.416,0.41,0.378,0.363,0.339,0.35,0.335,
1.0,0.491,0.415,0.4,0.392,0.377,0.391,0.422,0.402,0.364,
1.0,0.386,0.357,0.338,0.348,0.349,0.351,0.337,0.336,0.33,
1.0,0.422,0.395,0.398,0.402,0.435,0.383,0.372,0.378,0.395,
1.0,0.47,0.432,0.373,0.367,0.371,0.351,0.358,0.353,0.352,
1.0,0.513,0.428,0.427,0.418,0.417,0.447,0.433,0.391,0.424,
1.0,0.397,0.346,0.342,0.331,0.34,0.331,0.329,0.329,0.329,
1.0,0.489,0.552,0.475,0.438,0.449,0.457,0.416,0.461,0.437,
1.0,0.467,0.437,0.438,0.514,0.466,0.426,0.411,0.409,0.41,
1.0,0.608,0.461,0.456,0.414,0.449,0.482,0.46,0.421,0.446,
1.0,0.495,0.383,0.409,0.335,0.334,0.334,0.334,0.334,0.334,
1.0,0.437,0.419,0.384,0.425,0.424,0.396,0.421,0.404,0.395,
1.0,0.535,0.528,0.471,0.474,0.436,0.4,0.445,0.394,0.361,
1.0,0.395,0.35,0.336,0.331,0.329,0.329,0.329,0.329,0.329,
1.0,0.38,0.347,0.334,0.329,0.328,0.328,0.328,0.328,0.328,
1.0,0.52,0.435,0.446,0.441,0.451,0.489,0.429,0.442,0.421,
1.0,0.451,0.434,0.476,0.44,0.416,0.439,0.397,0.392,0.446,
1.0,0.416,0.378,0.362,0.354,0.336,0.336,0.33,0.329,0.329,
1.0,0.536,0.463,0.449,0.417,0.467,0.437,0.442,0.44,0.437,
1.0,0.43,0.508,0.404,0.456,0.398,0.374,0.37,0.385,0.383,
1.0,0.411,0.367,0.352,0.34,0.341,0.342,0.337,0.333,0.339,
1.0,0.522,0.463,0.488,0.43,0.419,0.405,0.401,0.385,0.397,
1.0,0.585,0.46,0.45,0.443,0.498,0.459,0.433,0.433,0.435,
1.0,0.513,0.448,0.427,0.429,0.44,0.413,0.425,0.421,0.432,
1.0,0.5,0.462,0.447,0.413,0.424,0.451,0.427,0.419,0.404,
1.0,0.459,0.415,0.444,0.443,0.397,0.392,0.398,0.402,0.446,
1.0,0.44,0.401,0.403,0.387,0.39,0.416,0.388,0.405,0.4,
1.0,0.411,0.334,0.328,0.328,0.328,0.328,0.328,0.328,0.328,
1.0,0.454,0.425,0.391,0.353,0.357,0.374,0.367,0.348,0.376,
1.0,0.378,0.396,0.375,0.349,0.347,0.344,0.339,0.326,0.337,
1.0,0.427,0.377,0.373,0.367,0.39,0.37,0.356,0.348,0.343,
1.0,0.576,0.511,0.519,0.495,0.515,0.513,0.48,0.484,0.492,
1.0,0.626,0.556,0.511,0.548,0.507,0.529,0.523,0.501,0.472,
1.0,0.435,0.367,0.401,0.41,0.377,0.381,0.386,0.365,0.365,
1.0,0.606,0.589,0.53,0.535,0.502,0.511,0.549,0.511,0.482,
1.0,0.453,0.382,0.372,0.428,0.394,0.378,0.366,0.352,0.338,
1.0,0.357,0.327,0.327,0.327,0.327,0.327,0.327,0.327,0.327,
1.0,0.566,0.536,0.474,0.483,0.522,0.435,0.452,0.434,0.479,
1.0,0.407,0.368,0.34,0.336,0.336,0.331,0.329,0.333,0.335,
1.0,0.473,0.455,0.466,0.432,0.427,0.424,0.417,0.393,0.434,
1.0,0.545,0.489,0.47,0.445,0.494,0.455,0.446,0.427,0.439,
1.0,0.518,0.459,0.47,0.464,0.432,0.418,0.414,0.404,0.436,
1.0,0.6,0.486,0.483,0.476,0.442,0.444,0.432,0.427,0.435,
1.0,0.37,0.343,0.334,0.34,0.334,0.336,0.331,0.341,0.331,
1.0,0.414,0.367,0.374,0.358,0.345,0.346,0.341,0.351,0.363,
1.0,0.576,0.538,0.506,0.531,0.514,0.487,0.489,0.497,0.499,
1.0,0.476,0.432,0.414,0.39,0.399,0.382,0.39,0.398,0.356,
1.0,0.444,0.385,0.373,0.349,0.342,0.338,0.336,0.332,0.331,
1.0,0.489,0.428,0.46,0.418,0.423,0.419,0.408,0.408,0.42,
1.0,0.527,0.538,0.483,0.434,0.444,0.45,0.469,0.451,0.462,
1.0,0.662,0.638,0.606,0.543,0.57,0.56,0.595,0.613,0.558,
1.0,0.504,0.487,0.564,0.501,0.523,0.457,0.446,0.465,0.504,
1.0,0.527,0.47,0.43,0.418,0.405,0.444,0.427,0.437,0.408,
1.0,0.501,0.457,0.417,0.47,0.426,0.397,0.423,0.431,0.41,
1.0,0.564,0.535,0.53,0.5,0.468,0.538,0.504,0.463,0.504,
1.0,0.449,0.395,0.44,0.406,0.379,0.394,0.382,0.387,0.429,
1.0,0.467,0.372,0.377,0.357,0.351,0.377,0.393,0.372,0.345,
1.0,0.497,0.461,0.42,0.435,0.404,0.416,0.464,0.461,0.408,
1.0,0.473,0.531,0.468,0.472,0.425,0.388,0.395,0.414,0.404,
1.0,0.364,0.331,0.33,0.33,0.33,0.33,0.33,0.33,0.33,
1.0,0.36,0.327,0.326,0.326,0.326,0.326,0.326,0.326,0.326,
1.0,0.448,0.399,0.375,0.417,0.4,0.392,0.392,0.396,0.399,
1.0,0.444,0.363,0.36,0.349,0.362,0.4,0.354,0.364,0.382,
1.0,0.444,0.406,0.397,0.446,0.42,0.382,0.402,0.364,0.374,
1.0,0.416,0.362,0.344,0.333,0.335,0.34,0.335,0.333,0.332,
1.0,0.373,0.399,0.397,0.371,0.355,0.351,0.394,0.376,0.348,
1.0,0.621,0.524,0.506,0.513,0.512,0.457,0.468,0.488,0.454,
1.0,0.552,0.507,0.425,0.465,0.416,0.405,0.444,0.413,0.469,
1.0,0.5,0.441,0.449,0.427,0.417,0.43,0.397,0.399,0.391,
1.0,0.46,0.42,0.394,0.453,0.426,0.415,0.451,0.406,0.391,
1.0,0.478,0.432,0.426,0.391,0.435,0.408,0.407,0.408,0.394,
1.0,0.47,0.415,0.41,0.416,0.403,0.366,0.405,0.365,0.386,
1.0,0.376,0.326,0.323,0.322,0.322,0.322,0.322,0.322,0.322,
1.0,0.385,0.328,0.36,0.331,0.339,0.329,0.328,0.327,0.327,
1.0,0.609,0.507,0.412,0.481,0.456,0.424,0.387,0.424,0.459,
1.0,0.35,0.324,0.324,0.324,0.324,0.324,0.324,0.324,0.324,
1.0,0.446,0.425,0.392,0.414,0.409,0.379,0.363,0.35,0.345,
1.0,0.345,0.322,0.321,0.321,0.321,0.321,0.321,0.321,0.321,
1.0,0.397,0.359,0.337,0.34,0.332,0.33,0.33,0.33,0.33,
1.0,0.451,0.393,0.385,0.358,0.367,0.352,0.376,0.378,0.412,
1.0,0.571,0.489,0.558,0.538,0.514,0.501,0.462,0.433,0.484,
1.0,0.379,0.336,0.333,0.332,0.332,0.332,0.332,0.332,0.332,
1.0,0.523,0.42,0.42,0.394,0.394,0.415,0.405,0.391,0.377,
1.0,0.573,0.483,0.399,0.371,0.345,0.359,0.365,0.347,0.344,
1.0,0.523,0.44,0.443,0.453,0.406,0.433,0.428,0.393,0.407,
1.0,0.539,0.563,0.482,0.506,0.488,0.438,0.468,0.452,0.474,
1.0,0.404,0.348,0.369,0.358,0.35,0.336,0.335,0.329,0.329,
1.0,0.625,0.575,0.546,0.512,0.499,0.462,0.501,0.472,0.519,
1.0,0.488,0.377,0.371,0.367,0.366,0.371,0.38,0.362,0.371,
1.0,0.569,0.477,0.46,0.465,0.441,0.426,0.419,0.434,0.415,
1.0,0.499,0.444,0.428,0.4,0.466,0.4,0.415,0.389,0.408,
1.0,0.418,0.361,0.4,0.367,0.358,0.358,0.342,0.359,0.336,
1.0,0.418,0.396,0.394,0.356,0.329,0.325,0.325,0.325,0.325,
1.0,0.57,0.493,0.461,0.487,0.47,0.457,0.422,0.453,0.424,
1.0,0.529,0.433,0.429,0.471,0.416,0.467,0.425,0.455,0.412,
1.0,0.576,0.489,0.428,0.448,0.445,0.407,0.438,0.406,0.412,
1.0,0.544,0.519,0.477,0.47,0.466,0.42,0.455,0.504,0.422,
1.0,0.421,0.361,0.351,0.348,0.333,0.343,0.329,0.325,0.328,
1.0,0.457,0.412,0.398,0.435,0.434,0.394,0.423,0.39,0.402,
1.0,0.429,0.442,0.403,0.415,0.377,0.354,0.368,0.336,0.353,
1.0,0.392,0.362,0.394,0.344,0.324,0.322,0.322,0.322,0.322,
1.0,0.55,0.558,0.501,0.462,0.462,0.477,0.481,0.455,0.502,
1.0,0.539,0.503,0.491,0.489,0.397,0.427,0.414,0.417,0.408,
1.0,0.548,0.474,0.504,0.467,0.43,0.374,0.407,0.399,0.409,
1.0,0.51,0.402,0.424,0.411,0.393,0.425,0.421,0.384,0.378,
1.0,0.554,0.477,0.452,0.434,0.45,0.422,0.417,0.433,0.413,
1.0,0.473,0.443,0.453,0.475,0.466,0.428,0.402,0.385,0.427,
1.0,0.481,0.449,0.416,0.372,0.355,0.356,0.333,0.328,0.325,
1.0,0.524,0.404,0.417,0.364,0.405,0.404,0.415,0.395,0.374,
1.0,0.445,0.406,0.371,0.362,0.398,0.367,0.371,0.366,0.377,
1.0,0.467,0.455,0.395,0.401,0.409,0.4,0.398,0.394,0.374,
1.0,0.416,0.411,0.38,0.397,0.339,0.344,0.337,0.351,0.344,
1.0,0.38,0.342,0.326,0.323,0.322,0.321,0.321,0.321,0.321,
1.0,0.428,0.382,0.4,0.391,0.365,0.364,0.369,0.358,0.357,
1.0,0.414,0.374,0.339,0.329,0.344,0.341,0.323,0.321,0.33,
1.0,0.486,0.441,0.446,0.437,0.435,0.394,0.395,0.406,0.389,
1.0,0.511,0.454,0.495,0.427,0.414,0.45,0.431,0.401,0.41,
1.0,0.354,0.377,0.343,0.338,0.326,0.324,0.338,0.348,0.331,
1.0,0.447,0.421,0.38,0.368,0.412,0.367,0.358,0.358,0.351,
1.0,0.393,0.373,0.406,0.36,0.333,0.34,0.343,0.331,0.35,
1.0,0.37,0.325,0.322,0.34,0.348,0.341,0.33,0.354,0.328,
1.0,0.436,0.405,0.371,0.376,0.37,0.36,0.359,0.384,0.437,
1.0,0.394,0.354,0.343,0.355,0.371,0.38,0.362,0.4,0.348,
1.0,0.456,0.421,0.385,0.38,0.403,0.38,0.367,0.369,0.38,
1.0,0.387,0.344,0.338,0.338,0.328,0.328,0.328,0.328,0.328,
1.0,0.531,0.414,0.38,0.398,0.375,0.377,0.373,0.386,0.354,
1.0,0.48,0.442,0.442,0.427,0.396,0.459,0.404,0.415,0.408,
1.0,0.387,0.362,0.361,0.413,0.386,0.349,0.364,0.357,0.351,
1.0,0.508,0.411,0.384,0.361,0.352,0.344,0.34,0.341,0.332,
1.0,0.433,0.394,0.367,0.357,0.379,0.369,0.376,0.349,0.36,
1.0,0.646,0.585,0.564,0.527,0.477,0.509,0.475,0.504,0.455,
1.0,0.347,0.373,0.352,0.35,0.328,0.324,0.319,0.318,0.318,
1.0,0.372,0.365,0.34,0.324,0.324,0.326,0.324,0.323,0.323,
1.0,0.488,0.405,0.369,0.509,0.432,0.416,0.399,0.389,0.388,
1.0,0.346,0.322,0.321,0.321,0.321,0.321,0.321,0.321,0.321,
1.0,0.447,0.464,0.4,0.461,0.478,0.386,0.397,0.395,0.486,
1.0,0.468,0.384,0.379,0.361,0.362,0.363,0.348,0.359,0.364,
1.0,0.357,0.323,0.322,0.322,0.322,0.322,0.322,0.322,0.322,
1.0,0.422,0.374,0.364,0.334,0.324,0.321,0.321,0.321,0.321,
1.0,0.451,0.377,0.379,0.419,0.376,0.361,0.364,0.353,0.362,
1.0,0.348,0.323,0.323,0.323,0.323,0.323,0.323,0.323,0.323,
1.0,0.529,0.448,0.427,0.421,0.494,0.416,0.433,0.411,0.43,
1.0,0.412,0.366,0.331,0.321,0.32,0.32,0.32,0.32,0.32,
1.0,0.431,0.386,0.398,0.386,0.37,0.367,0.364,0.403,0.424,
1.0,0.458,0.476,0.457,0.4,0.413,0.394,0.392,0.399,0.445,
1.0,0.373,0.336,0.323,0.353,0.332,0.322,0.321,0.321,0.321,
1.0,0.398,0.333,0.322,0.322,0.322,0.322,0.322,0.322,0.322,
1.0,0.359,0.325,0.32,0.32,0.32,0.32,0.32,0.32,0.32,
1.0,0.445,0.373,0.383,0.339,0.334,0.335,0.327,0.325,0.325,
1.0,0.372,0.324,0.323,0.321,0.321,0.321,0.321,0.321,0.321,
1.0,0.347,0.318,0.317,0.317,0.317,0.317,0.317,0.317,0.317,
1.0,0.5,0.449,0.489,0.472,0.419,0.457,0.411,0.443,0.421,
1.0,0.427,0.385,0.357,0.344,0.36,0.367,0.341,0.34,0.329,
1.0,0.461,0.437,0.398,0.391,0.409,0.404,0.413,0.401,0.402,
1.0,0.456,0.408,0.396,0.374,0.359,0.427,0.417,0.411,0.382,
1.0,0.461,0.418,0.464,0.41,0.429,0.429,0.411,0.414,0.445,
1.0,0.384,0.398,0.346,0.335,0.322,0.322,0.32,0.321,0.322,
1.0,0.552,0.48,0.446,0.472,0.44,0.413,0.422,0.409,0.401,
1.0,0.397,0.341,0.369,0.342,0.367,0.364,0.337,0.345,0.332,
1.0,0.471,0.447,0.391,0.408,0.395,0.413,0.408,0.419,0.451,
1.0,0.426,0.351,0.35,0.341,0.34,0.33,0.333,0.322,0.323,
1.0,0.332,0.315,0.315,0.315,0.315,0.315,0.315,0.315,0.315,
1.0,0.512,0.434,0.462,0.459,0.441,0.42,0.448,0.448,0.407,
1.0,0.424,0.403,0.373,0.37,0.358,0.367,0.337,0.346,0.335,
1.0,0.37,0.325,0.323,0.323,0.323,0.323,0.323,0.323,0.323,
1.0,0.382,0.358,0.337,0.324,0.339,0.338,0.324,0.324,0.323,
1.0,0.361,0.316,0.316,0.316,0.316,0.316,0.316,0.316,0.316,
1.0,0.512,0.432,0.45,0.418,0.401,0.409,0.401,0.384,0.414,
1.0,0.523,0.505,0.481,0.48,0.418,0.425,0.439,0.41,0.456,
1.0,0.499,0.431,0.434,0.447,0.427,0.38,0.414,0.433,0.403,
1.0,0.502,0.464,0.436,0.398,0.383,0.405,0.4,0.412,0.394,
1.0,0.446,0.449,0.545,0.472,0.459,0.436,0.428,0.426,0.41,
1.0,0.432,0.414,0.38,0.372,0.361,0.384,0.437,0.366,0.385,
1.0,0.365,0.376,0.341,0.344,0.333,0.322,0.333,0.356,0.332,
1.0,0.434,0.415,0.43,0.45,0.406,0.389,0.416,0.381,0.405,
1.0,0.556,0.461,0.485,0.471,0.457,0.435,0.415,0.426,0.44,
1.0,0.488,0.399,0.532,0.542,0.489,0.45,0.467,0.478,0.441,
1.0,0.422,0.375,0.391,0.365,0.375,0.359,0.339,0.34,0.34,
1.0,0.519,0.464,0.444,0.386,0.385,0.421,0.413,0.435,0.449,
1.0,0.342,0.317,0.316,0.316,0.316,0.316,0.316,0.316,0.316,
1.0,0.608,0.483,0.497,0.471,0.48,0.497,0.523,0.473,0.483,
1.0,0.452,0.418,0.406,0.387,0.38,0.37,0.353,0.356,0.381,
1.0,0.589,0.457,0.486,0.464,0.44,0.455,0.45,0.407,0.415,
1.0,0.593,0.55,0.462,0.529,0.504,0.477,0.493,0.479,0.442,
1.0,0.552,0.494,0.496,0.511,0.489,0.457,0.466,0.454,0.464,
1.0,0.419,0.489,0.373,0.361,0.377,0.379,0.359,0.367,0.377,
1.0,0.389,0.38,0.36,0.388,0.366,0.393,0.414,0.349,0.366,
1.0,0.429,0.387,0.347,0.33,0.348,0.355,0.333,0.343,0.337,
1.0,0.489,0.422,0.46,0.457,0.421,0.389,0.518,0.449,0.389,
1.0,0.39,0.381,0.35,0.341,0.326,0.332,0.329,0.333,0.334,
1.0,0.335,0.317,0.317,0.317,0.317,0.317,0.317,0.317,0.317,
1.0,0.547,0.474,0.462,0.418,0.438,0.433,0.413,0.418,0.376,
1.0,0.546,0.449,0.427,0.447,0.405,0.404,0.458,0.435,0.401,
1.0,0.642,0.506,0.507,0.465,0.515,0.502,0.454,0.483,0.464,
1.0,0.543,0.516,0.473,0.426,0.479,0.437,0.45,0.472,0.439,
1.0,0.404,0.39,0.38,0.357,0.367,0.349,0.341,0.342,0.334,
1.0,0.34,0.32,0.319,0.319,0.319,0.319,0.319,0.319,0.319,
1.0,0.357,0.323,0.321,0.321,0.321,0.321,0.321,0.321,0.321,
1.0,0.539,0.549,0.433,0.407,0.467,0.417,0.396,0.429,0.404,
1.0,0.521,0.403,0.393,0.373,0.402,0.395,0.41,0.372,0.393,
1.0,0.512,0.394,0.37,0.378,0.349,0.355,0.354,0.353,0.337,
1.0,0.363,0.341,0.322,0.322,0.322,0.322,0.322,0.322,0.322,
1.0,0.401,0.355,0.327,0.338,0.346,0.326,0.33,0.327,0.365,
1.0,0.358,0.331,0.38,0.364,0.332,0.335,0.333,0.381,0.35,
1.0,0.443,0.437,0.397,0.4,0.383,0.399,0.364,0.356,0.339,
1.0,0.477,0.424,0.396,0.409,0.402,0.418,0.389,0.391,0.355,
1.0,0.419,0.447,0.456,0.433,0.413,0.376,0.366,0.38,0.4,
1.0,0.465,0.446,0.422,0.469,0.425,0.428,0.417,0.421,0.426,
1.0,0.502,0.524,0.438,0.465,0.495,0.471,0.409,0.448,0.429,
1.0,0.55,0.461,0.427,0.441,0.441,0.431,0.406,0.394,0.393,
1.0,0.369,0.341,0.33,0.324,0.324,0.324,0.324,0.324,0.324,
1.0,0.349,0.318,0.317,0.317,0.317,0.317,0.317,0.317,0.317,
1.0,0.351,0.324,0.322,0.322,0.322,0.322,0.322,0.322,0.322,
1.0,0.475,0.472,0.425,0.413,0.396,0.348,0.354,0.389,0.355,
1.0,0.395,0.349,0.341,0.326,0.323,0.33,0.322,0.322,0.321,
1.0,0.456,0.433,0.411,0.4,0.391,0.372,0.408,0.392,0.406,
1.0,0.609,0.489,0.453,0.437,0.433,0.42,0.435,0.461,0.44,
1.0,0.448,0.457,0.44,0.435,0.442,0.464,0.439,0.437,0.41,
1.0,0.53,0.445,0.389,0.4,0.429,0.411,0.394,0.4,0.395,
1.0,0.546,0.456,0.455,0.435,0.384,0.363,0.358,0.359,0.336,
1.0,0.412,0.47,0.412,0.371,0.386,0.356,0.349,0.341,0.348,
1.0,0.448,0.41,0.394,0.401,0.398,0.408,0.39,0.384,0.382,
1.0,0.392,0.369,0.345,0.38,0.382,0.39,0.383,0.365,0.368,
1.0,0.47,0.459,0.419,0.438,0.378,0.401,0.358,0.376,0.388,
1.0,0.519,0.48,0.42,0.423,0.441,0.439,0.463,0.41,0.423,
1.0,0.327,0.313,0.313,0.313,0.313,0.313,0.313,0.313,0.313,
1.0,0.496,0.449,0.471,0.423,0.408,0.412,0.409,0.398,0.396,
1.0,0.455,0.415,0.371,0.362,0.363,0.354,0.335,0.33,0.324,
1.0,0.462,0.398,0.414,0.394,0.369,0.37,0.36,0.358,0.348,
1.0,0.519,0.494,0.4,0.525,0.436,0.411,0.458,0.449,0.45,
1.0,0.395,0.357,0.339,0.345,0.327,0.338,0.324,0.325,0.323,
1.0,0.365,0.372,0.352,0.337,0.338,0.365,0.348,0.349,0.35,
1.0,0.518,0.445,0.41,0.418,0.454,0.44,0.395,0.405,0.409,
1.0,0.521,0.446,0.452,0.453,0.444,0.43,0.471,0.47,0.421,
1.0,0.487,0.447,0.44,0.453,0.421,0.418,0.392,0.45,0.413,
1.0,0.41,0.385,0.394,0.342,0.325,0.323,0.323,0.323,0.323,
1.0,0.431,0.381,0.332,0.334,0.324,0.323,0.323,0.323,0.323,
1.0,0.398,0.373,0.362,0.348,0.325,0.321,0.32,0.32,0.319,
1.0,0.433,0.399,0.419,0.388,0.38,0.346,0.384,0.348,0.366,
1.0,0.553,0.471,0.523,0.497,0.471,0.429,0.418,0.393,0.464,
1.0,0.513,0.471,0.423,0.384,0.396,0.389,0.365,0.382,0.378,
1.0,0.517,0.493,0.458,0.474,0.435,0.437,0.417,0.436,0.398,
1.0,0.416,0.373,0.399,0.353,0.372,0.362,0.374,0.391,0.364,
1.0,0.393,0.349,0.346,0.326,0.348,0.398,0.354,0.325,0.323,
1.0,0.556,0.544,0.443,0.447,0.467,0.431,0.415,0.438,0.409,
1.0,0.528,0.446,0.393,0.427,0.427,0.415,0.39,0.401,0.396,
1.0,0.375,0.386,0.357,0.345,0.324,0.322,0.33,0.322,0.321,
1.0,0.542,0.466,0.454,0.435,0.404,0.413,0.445,0.42,0.4,
1.0,0.355,0.329,0.322,0.32,0.32,0.32,0.32,0.32,0.32,
1.0,0.339,0.317,0.316,0.316,0.316,0.316,0.316,0.316,0.316,
1.0,0.526,0.44,0.387,0.418,0.415,0.438,0.41,0.404,0.391,
1.0,0.537,0.43,0.405,0.369,0.37,0.374,0.37,0.33,0.363,
1.0,0.441,0.365,0.343,0.328,0.337,0.324,0.323,0.322,0.322,
1.0,0.417,0.374,0.34,0.326,0.327,0.35,0.421,0.381,0.362,
1.0,0.427,0.387,0.381,0.348,0.352,0.36,0.359,0.345,0.336,
1.0,0.387,0.401,0.38,0.398,0.391,0.385,0.367,0.383,0.367,
1.0,0.396,0.372,0.354,0.366,0.372,0.338,0.331,0.33,0.324,
1.0,0.405,0.361,0.409,0.396,0.357,0.35,0.337,0.33,0.34,
1.0,0.418,0.399,0.361,0.349,0.361,0.395,0.339,0.37,0.35,
1.0,0.328,0.313,0.313,0.313,0.313,0.313,0.313,0.313,0.313,
1.0,0.395,0.334,0.323,0.328,0.324,0.342,0.366,0.343,0.324,
1.0,0.45,0.393,0.419,0.39,0.348,0.375,0.378,0.352,0.336,
1.0,0.508,0.406,0.413,0.37,0.421,0.431,0.401,0.429,0.378,
1.0,0.355,0.356,0.339,0.328,0.324,0.322,0.322,0.322,0.322,
1.0,0.532,0.476,0.463,0.435,0.437,0.471,0.407,0.43,0.429,
1.0,0.499,0.412,0.409,0.415,0.384,0.427,0.382,0.365,0.346,
1.0,0.41,0.343,0.333,0.352,0.349,0.342,0.329,0.321,0.342,
1.0,0.497,0.535,0.459,0.471,0.416,0.44,0.489,0.424,0.423,
1.0,0.382,0.323,0.32,0.32,0.32,0.32,0.32,0.32,0.32,
1.0,0.505,0.414,0.449,0.427,0.414,0.411,0.442,0.419,0.405,
1.0,0.433,0.393,0.341,0.377,0.399,0.381,0.343,0.331,0.325,
1.0,0.583,0.551,0.508,0.468,0.462,0.497,0.459,0.474,0.492,
1.0,0.396,0.382,0.34,0.341,0.322,0.322,0.323,0.32,0.32,
1.0,0.451,0.36,0.371,0.337,0.329,0.333,0.322,0.321,0.322,
1.0,0.581,0.515,0.552,0.52,0.507,0.478,0.509,0.456,0.456,
1.0,0.34,0.319,0.319,0.319,0.319,0.319,0.319,0.319,0.319,
1.0,0.348,0.338,0.33,0.346,0.326,0.32,0.319,0.326,0.352,
1.0,0.428,0.385,0.406,0.389,0.349,0.357,0.344,0.331,0.338,
1.0,0.484,0.425,0.378,0.391,0.377,0.375,0.426,0.371,0.396,
1.0,0.572,0.455,0.452,0.478,0.442,0.534,0.46,0.516,0.465,
1.0,0.405,0.38,0.372,0.336,0.331,0.332,0.323,0.322,0.322,
1.0,0.61,0.492,0.541,0.502,0.466,0.471,0.495,0.49,0.496,
1.0,0.499,0.409,0.371,0.382,0.371,0.377,0.357,0.361,0.356,
1.0,0.387,0.329,0.334,0.325,0.324,0.324,0.324,0.324,0.324,
1.0,0.412,0.44,0.391,0.391,0.368,0.355,0.375,0.407,0.374,
1.0,0.444,0.391,0.368,0.364,0.34,0.37,0.383,0.385,0.361,
1.0,0.634,0.566,0.536,0.502,0.539,0.553,0.528,0.531,0.541,
1.0,0.559,0.522,0.495,0.574,0.51,0.465,0.476,0.525,0.494,
1.0,0.439,0.416,0.402,0.385,0.371,0.371,0.371,0.394,0.357,
1.0,0.432,0.376,0.356,0.363,0.356,0.38,0.382,0.375,0.367,
1.0,0.443,0.466,0.401,0.382,0.398,0.415,0.41,0.374,0.414,
1.0,0.426,0.381,0.355,0.359,0.334,0.335,0.354,0.345,0.334,
1.0,0.355,0.327,0.326,0.326,0.326,0.326,0.326,0.326,0.326,
1.0,0.446,0.362,0.362,0.357,0.354,0.36,0.379,0.358,0.37,
1.0,0.595,0.486,0.446,0.436,0.426,0.452,0.404,0.43,0.469,
1.0,0.521,0.479,0.47,0.407,0.424,0.43,0.417,0.42,0.422,
1.0,0.546,0.547,0.511,0.482,0.466,0.51,0.459,0.465,0.485,
1.0,0.462,0.453,0.407,0.389,0.388,0.385,0.406,0.393,0.359,
1.0,0.65,0.563,0.577,0.573,0.524,0.511,0.542,0.51,0.516,
1.0,0.375,0.354,0.412,0.363,0.331,0.328,0.328,0.322,0.321,
1.0,0.374,0.382,0.355,0.353,0.33,0.33,0.369,0.412,0.395,
1.0,0.383,0.371,0.333,0.332,0.326,0.324,0.323,0.323,0.323,
1.0,0.475,0.464,0.403,0.424,0.418,0.4,0.403,0.373,0.449,
1.0,0.405,0.35,0.356,0.343,0.336,0.336,0.326,0.339,0.325,
1.0,0.46,0.425,0.376,0.363,0.368,0.358,0.396,0.438,0.369,
1.0,0.384,0.345,0.382,0.375,0.356,0.339,0.337,0.329,0.328,
1.0,0.443,0.398,0.361,0.345,0.35,0.354,0.35,0.351,0.422,
1.0,0.551,0.442,0.408,0.378,0.367,0.366,0.348,0.354,0.385,
1.0,0.532,0.501,0.468,0.481,0.432,0.44,0.451,0.437,0.424,
1.0,0.611,0.537,0.592,0.496,0.485,0.509,0.519,0.502,0.517,
1.0,0.633,0.567,0.536,0.467,0.492,0.48,0.474,0.533,0.537,
1.0,0.397,0.356,0.346,0.348,0.339,0.338,0.333,0.332,0.332,
1.0,0.557,0.482,0.468,0.44,0.424,0.422,0.4,0.529,0.451,
1.0,0.421,0.335,0.329,0.324,0.324,0.324,0.324,0.324,0.324,
1.0,0.449,0.411,0.385,0.396,0.368,0.379,0.386,0.386,0.376,
1.0,0.435,0.376,0.377,0.371,0.359,0.332,0.366,0.382,0.355,
1.0,0.362,0.32,0.316,0.315,0.315,0.315,0.315,0.315,0.315,
1.0,0.507,0.423,0.41,0.437,0.428,0.417,0.422,0.418,0.396,
1.0,0.457,0.398,0.351,0.334,0.338,0.352,0.345,0.332,0.326,
1.0,0.419,0.499,0.435,0.43,0.391,0.42,0.405,0.38,0.361,
1.0,0.386,0.334,0.324,0.334,0.323,0.322,0.322,0.322,0.322,

1.0,0.468,0.439,0.384,0.375,0.349,0.354,0.351,0.388,0.402,
1.0,0.414,0.382,0.346,0.339,0.353,0.357,0.334,0.329,0.329,
1.0,0.461,0.404,0.416,0.379,0.369,0.37,0.361,0.386,0.369,
1.0,0.658,0.556,0.559,0.565,0.569,0.544,0.521,0.491,0.528,
1.0,0.497,0.538,0.461,0.433,0.385,0.426,0.415,0.487,0.484,
1.0,0.383,0.331,0.328,0.328,0.328,0.328,0.328,0.328,0.328,
1.0,0.565,0.532,0.469,0.515,0.467,0.5,0.449,0.478,0.453,
1.0,0.423,0.362,0.336,0.337,0.328,0.331,0.327,0.326,0.328,
1.0,0.432,0.438,0.41,0.382,0.39,0.4,0.371,0.366,0.383,
1.0,0.496,0.471,0.418,0.407,0.408,0.382,0.414,0.424,0.391,
1.0,0.474,0.495,0.45,0.414,0.445,0.457,0.481,0.424,0.457,
1.0,0.408,0.361,0.354,0.343,0.331,0.33,0.33,0.33,0.33,
1.0,0.442,0.399,0.424,0.4,0.358,0.377,0.37,0.358,0.356,
1.0,0.531,0.509,0.486,0.484,0.486,0.442,0.48,0.454,0.465,
1.0,0.514,0.507,0.45,0.428,0.412,0.412,0.413,0.396,0.436,
1.0,0.428,0.358,0.413,0.382,0.354,0.393,0.349,0.356,0.351,
1.0,0.448,0.461,0.415,0.449,0.449,0.441,0.403,0.383,0.361,
1.0,0.553,0.544,0.518,0.5,0.519,0.461,0.472,0.459,0.482,
1.0,0.529,0.53,0.466,0.472,0.431,0.453,0.484,0.471,0.428,
1.0,0.484,0.501,0.412,0.438,0.396,0.419,0.429,0.423,0.427,
1.0,0.439,0.366,0.356,0.358,0.357,0.372,0.379,0.366,0.357,
1.0,0.465,0.419,0.462,0.458,0.445,0.41,0.366,0.389,0.455,
1.0,0.496,0.42,0.413,0.443,0.434,0.41,0.41,0.438,0.401,
1.0,0.391,0.332,0.326,0.326,0.326,0.326,0.326,0.326,0.326,
1.0,0.434,0.478,0.419,0.398,0.375,0.431,0.395,0.403,0.411,
1.0,0.394,0.348,0.337,0.332,0.332,0.331,0.331,0.331,0.331,
1.0,0.43,0.385,0.368,0.432,0.389,0.355,0.404,0.374,0.35,
1.0,0.487,0.416,0.454,0.429,0.41,0.396,0.418,0.415,0.424,
1.0,0.521,0.484,0.44,0.464,0.437,0.414,0.432,0.463,0.472,
1.0,0.639,0.584,0.49,0.478,0.443,0.521,0.483,0.441,0.515,
1.0,0.545,0.448,0.499,0.463,0.457,0.462,0.449,0.451,0.419,
1.0,0.526,0.473,0.464,0.462,0.451,0.448,0.472,0.49,0.458,
1.0,0.602,0.549,0.51,0.499,0.476,0.486,0.518,0.502,0.504,
1.0,0.501,0.416,0.423,0.441,0.416,0.401,0.378,0.357,0.379,
1.0,0.388,0.383,0.349,0.337,0.33,0.335,0.333,0.329,0.327,
1.0,0.46,0.399,0.387,0.399,0.36,0.358,0.361,0.363,0.369,
1.0,0.489,0.415,0.422,0.379,0.365,0.355,0.372,0.394,0.371,
1.0,0.559,0.485,0.446,0.422,0.435,0.418,0.421,0.412,0.407,
1.0,0.543,0.523,0.513,0.515,0.465,0.449,0.458,0.437,0.49,
1.0,0.467,0.427,0.456,0.391,0.389,0.406,0.412,0.376,0.369,
1.0,0.365,0.332,0.33,0.33,0.33,0.33,0.33,0.33,0.33,
1.0,0.54,0.537,0.524,0.514,0.432,0.479,0.471,0.498,0.46,
1.0,0.523,0.457,0.462,0.456,0.461,0.437,0.441,0.436,0.406,
1.0,0.405,0.353,0.341,0.34,0.333,0.33,0.328,0.329,0.327,
1.0,0.344,0.32,0.32,0.32,0.32,0.32,0.32,0.32,0.32,
1.0,0.497,0.418,0.402,0.384,0.383,0.356,0.352,0.381,0.369,
1.0,0.391,0.343,0.321,0.333,0.322,0.321,0.321,0.321,0.321,
1.0,0.553,0.529,0.493,0.475,0.496,0.47,0.433,0.435,0.417,
1.0,0.42,0.437,0.41,0.375,0.384,0.374,0.425,0.38,0.422,
1.0,0.473,0.396,0.36,0.368,0.347,0.334,0.332,0.331,0.331,
1.0,0.547,0.48,0.486,0.451,0.434,0.434,0.452,0.454,0.387,
1.0,0.381,0.35,0.391,0.339,0.334,0.331,0.33,0.331,0.33,
1.0,0.685,0.62,0.627,0.6,0.638,0.561,0.556,0.573,0.575,
1.0,0.497,0.461,0.447,0.475,0.433,0.428,0.433,0.424,0.411,
1.0,0.361,0.329,0.328,0.328,0.328,0.328,0.328,0.328,0.328,
1.0,0.555,0.456,0.439,0.478,0.436,0.487,0.423,0.434,0.423,
1.0,0.489,0.473,0.432,0.407,0.434,0.421,0.477,0.435,0.446,
1.0,0.562,0.517,0.455,0.383,0.526,0.491,0.476,0.449,0.471,
1.0,0.524,0.442,0.427,0.463,0.414,0.429,0.448,0.447,0.434,
1.0,0.56,0.472,0.455,0.442,0.396,0.398,0.45,0.438,0.401,
1.0,0.494,0.522,0.432,0.405,0.407,0.413,0.402,0.392,0.381,
1.0,0.354,0.326,0.326,0.326,0.326,0.326,0.326,0.326,0.326,
1.0,0.49,0.465,0.394,0.393,0.441,0.411,0.403,0.377,0.409,
1.0,0.394,0.385,0.36,0.357,0.36,0.336,0.34,0.329,0.331,
1.0,0.353,0.325,0.324,0.324,0.324,0.324,0.324,0.324,0.324,
1.0,0.463,0.483,0.427,0.425,0.405,0.391,0.391,0.44,0.409,
1.0,0.569,0.492,0.506,0.47,0.447,0.483,0.515,0.509,0.454,
1.0,0.442,0.448,0.42,0.405,0.365,0.346,0.35,0.363,0.356,
1.0,0.428,0.35,0.331,0.329,0.329,0.329,0.329,0.329,0.329,
1.0,0.512,0.458,0.444,0.457,0.423,0.394,0.406,0.394,0.417,
1.0,0.507,0.488,0.461,0.412,0.402,0.414,0.414,0.395,0.425,
1.0,0.547,0.533,0.52,0.489,0.486,0.44,0.452,0.43,0.492,
1.0,0.452,0.397,0.401,0.409,0.397,0.379,0.353,0.335,0.337,
1.0,0.394,0.371,0.342,0.333,0.328,0.327,0.327,0.327,0.327,
1.0,0.508,0.435,0.475,0.44,0.452,0.452,0.448,0.419,0.463,
1.0,0.367,0.324,0.322,0.322,0.322,0.322,0.322,0.322,0.322,
1.0,0.518,0.482,0.409,0.439,0.455,0.459,0.464,0.429,0.462,
1.0,0.482,0.419,0.408,0.425,0.421,0.437,0.397,0.406,0.392,
1.0,0.454,0.449,0.377,0.364,0.409,0.384,0.375,0.359,0.362,
1.0,0.567,0.469,0.433,0.389,0.453,0.41,0.378,0.344,0.337,
1.0,0.418,0.349,0.355,0.367,0.351,0.339,0.348,0.339,0.331,
1.0,0.519,0.472,0.585,0.526,0.474,0.519,0.529,0.506,0.537,
1.0,0.526,0.492,0.457,0.452,0.444,0.414,0.446,0.461,0.444,
1.0,0.482,0.491,0.427,0.426,0.416,0.401,0.4,0.403,0.408,
1.0,0.438,0.355,0.35,0.333,0.345,0.332,0.33,0.329,0.331,
1.0,0.514,0.442,0.452,0.414,0.423,0.416,0.38,0.398,0.389,
1.0,0.446,0.375,0.446,0.386,0.386,0.383,0.407,0.39,0.373,
1.0,0.598,0.507,0.514,0.518,0.47,0.442,0.469,0.449,0.438,
1.0,0.462,0.409,0.364,0.367,0.393,0.381,0.365,0.371,0.366,
1.0,0.567,0.461,0.459,0.435,0.397,0.391,0.452,0.428,0.392,
1.0,0.524,0.456,0.428,0.432,0.439,0.415,0.414,0.434,0.434,
1.0,0.519,0.454,0.465,0.474,0.474,0.452,0.446,0.449,0.476,
1.0,0.53,0.425,0.391,0.401,0.383,0.411,0.428,0.384,0.4,
1.0,0.612,0.542,0.569,0.511,0.515,0.55,0.499,0.488,0.487,
1.0,0.553,0.549,0.412,0.408,0.493,0.426,0.439,0.416,0.412,
1.0,0.485,0.423,0.401,0.395,0.398,0.383,0.412,0.383,0.386,
1.0,0.437,0.375,0.358,0.383,0.391,0.356,0.332,0.327,0.326,
1.0,0.469,0.427,0.364,0.389,0.381,0.401,0.362,0.339,0.341,
1.0,0.41,0.369,0.341,0.348,0.346,0.337,0.361,0.383,0.348,
1.0,0.532,0.504,0.479,0.463,0.43,0.422,0.458,0.494,0.481,
1.0,0.534,0.459,0.393,0.444,0.421,0.413,0.412,0.434,0.449,
1.0,0.462,0.383,0.373,0.396,0.404,0.388,0.375,0.419,0.392,
1.0,0.508,0.469,0.425,0.418,0.416,0.455,0.443,0.414,0.412,
1.0,0.585,0.503,0.457,0.435,0.44,0.54,0.435,0.484,0.43,
1.0,0.452,0.454,0.454,0.428,0.402,0.408,0.387,0.392,0.381,
1.0,0.371,0.33,0.335,0.326,0.326,0.326,0.326,0.326,0.326,
1.0,0.653,0.595,0.558,0.543,0.555,0.526,0.537,0.467,0.556,
1.0,0.481,0.472,0.435,0.379,0.409,0.413,0.411,0.405,0.413,
1.0,0.568,0.526,0.491,0.446,0.451,0.492,0.517,0.517,0.543,
1.0,0.43,0.402,0.359,0.338,0.354,0.346,0.343,0.333,0.339,
1.0,0.46,0.381,0.429,0.424,0.416,0.376,0.354,0.354,0.347,
1.0,0.417,0.355,0.358,0.378,0.412,0.421,0.417,0.381,0.414,
1.0,0.463,0.424,0.445,0.43,0.44,0.398,0.436,0.37,0.4,
1.0,0.503,0.481,0.469,0.507,0.46,0.485,0.433,0.467,0.44,
1.0,0.524,0.495,0.463,0.435,0.462,0.433,0.466,0.424,0.434,
1.0,0.433,0.363,0.335,0.363,0.36,0.368,0.342,0.352,0.359,
1.0,0.519,0.48,0.44,0.427,0.407,0.402,0.408,0.426,0.429,
1.0,0.571,0.49,0.487,0.465,0.475,0.523,0.506,0.527,0.457,
1.0,0.434,0.366,0.335,0.33,0.329,0.329,0.329,0.329,0.329,
1.0,0.483,0.395,0.377,0.382,0.36,0.372,0.367,0.368,0.451,
1.0,0.604,0.472,0.486,0.423,0.427,0.425,0.357,0.414,0.47,
1.0,0.419,0.346,0.334,0.335,0.355,0.395,0.353,0.372,0.369,
1.0,0.629,0.585,0.516,0.483,0.483,0.536,0.499,0.554,0.594,
1.0,0.488,0.425,0.42,0.46,0.389,0.388,0.407,0.428,0.401,
1.0,0.492,0.409,0.416,0.406,0.417,0.454,0.402,0.404,0.426,
1.0,0.427,0.44,0.406,0.354,0.36,0.383,0.41,0.4,0.386,
1.0,0.361,0.32,0.319,0.319,0.319,0.319,0.319,0.319,0.319,
1.0,0.501,0.489,0.443,0.443,0.415,0.421,0.497,0.45,0.407,
1.0,0.368,0.327,0.323,0.322,0.322,0.322,0.322,0.322,0.322,
1.0,0.452,0.491,0.487,0.436,0.433,0.433,0.433,0.418,0.487,
1.0,0.482,0.465,0.417,0.4,0.444,0.424,0.419,0.411,0.431,
1.0,0.605,0.531,0.525,0.505,0.497,0.535,0.506,0.521,0.478,
1.0,0.46,0.424,0.478,0.438,0.394,0.371,0.399,0.4,0.396,
1.0,0.444,0.407,0.412,0.353,0.348,0.373,0.351,0.348,0.342,
1.0,0.447,0.431,0.401,0.409,0.388,0.387,0.404,0.431,0.408,
1.0,0.536,0.516,0.455,0.425,0.471,0.467,0.454,0.404,0.366,
1.0,0.565,0.476,0.504,0.444,0.475,0.463,0.459,0.448,0.437,
1.0,0.539,0.507,0.457,0.439,0.435,0.445,0.438,0.449,0.383,
1.0,0.582,0.532,0.503,0.474,0.481,0.485,0.445,0.494,0.482,
1.0,0.483,0.482,0.438,0.416,0.476,0.429,0.404,0.412,0.418,
1.0,0.492,0.5,0.443,0.451,0.439,0.419,0.437,0.447,0.437,
1.0,0.488,0.457,0.446,0.47,0.458,0.408,0.435,0.455,0.441,
1.0,0.519,0.46,0.457,0.474,0.44,0.396,0.416,0.407,0.449,
1.0,0.464,0.446,0.412,0.543,0.477,0.426,0.429,0.381,0.365,
1.0,0.579,0.489,0.476,0.446,0.463,0.424,0.419,0.454,0.453,
1.0,0.628,0.545,0.512,0.471,0.497,0.53,0.47,0.498,0.506,
1.0,0.587,0.55,0.505,0.502,0.5,0.503,0.477,0.491,0.514,
1.0,0.618,0.568,0.547,0.523,0.517,0.486,0.538,0.498,0.484,
1.0,0.457,0.4,0.403,0.403,0.364,0.339,0.406,0.368,0.333,
1.0,0.53,0.459,0.458,0.462,0.477,0.485,0.46,0.452,0.454,
1.0,0.373,0.326,0.321,0.32,0.32,0.32,0.32,0.32,0.32,
1.0,0.525,0.429,0.454,0.432,0.413,0.424,0.417,0.441,0.443,
1.0,0.616,0.537,0.546,0.478,0.53,0.487,0.507,0.494,0.56,
1.0,0.552,0.499,0.504,0.482,0.461,0.447,0.437,0.428,0.502,
1.0,0.448,0.438,0.412,0.439,0.394,0.457,0.39,0.391,0.415,
1.0,0.483,0.508,0.438,0.44,0.418,0.461,0.422,0.431,0.447,
1.0,0.631,0.575,0.54,0.557,0.559,0.552,0.544,0.534,0.503,
1.0,0.407,0.356,0.341,0.333,0.332,0.334,0.33,0.329,0.325,
1.0,0.426,0.337,0.334,0.33,0.33,0.33,0.33,0.33,0.33,
1.0,0.38,0.336,0.33,0.329,0.329,0.329,0.329,0.329,0.329,
1.0,0.5,0.487,0.48,0.498,0.451,0.454,0.507,0.426,0.448,
1.0,0.446,0.455,0.456,0.437,0.418,0.421,0.422,0.411,0.407,
1.0,0.538,0.44,0.449,0.433,0.432,0.453,0.422,0.441,0.414,
1.0,0.4,0.335,0.331,0.326,0.326,0.326,0.326,0.326,0.326,
1.0,0.631,0.504,0.522,0.518,0.522,0.461,0.488,0.504,0.466,
1.0,0.574,0.529,0.494,0.48,0.503,0.484,0.476,0.508,0.466,
1.0,0.547,0.554,0.542,0.554,0.491,0.526,0.525,0.526,0.521,
1.0,0.527,0.53,0.495,0.499,0.506,0.493,0.436,0.48,0.482,
1.0,0.541,0.572,0.512,0.5,0.484,0.443,0.48,0.436,0.477,
1.0,0.465,0.467,0.42,0.377,0.38,0.386,0.393,0.385,0.411,
1.0,0.529,0.467,0.45,0.448,0.438,0.428,0.442,0.399,0.449,
1.0,0.541,0.468,0.48,0.422,0.476,0.456,0.412,0.407,0.423,
1.0,0.427,0.411,0.359,0.34,0.344,0.345,0.355,0.368,0.371,
1.0,0.633,0.528,0.517,0.497,0.517,0.476,0.515,0.514,0.49,
1.0,0.358,0.332,0.322,0.32,0.32,0.32,0.32,0.32,0.32,
1.0,0.434,0.352,0.335,0.327,0.327,0.326,0.326,0.326,0.326,
1.0,0.431,0.394,0.375,0.373,0.38,0.366,0.359,0.367,0.4,
1.0,0.573,0.472,0.413,0.419,0.408,0.378,0.411,0.455,0.419,
1.0,0.41,0.362,0.374,0.374,0.374,0.351,0.367,0.338,0.343,
1.0,0.419,0.359,0.35,0.358,0.341,0.347,0.343,0.383,0.361,
1.0,0.509,0.435,0.419,0.393,0.404,0.401,0.414,0.385,0.365,
1.0,0.372,0.362,0.385,0.355,0.355,0.38,0.351,0.346,0.338,
1.0,0.445,0.382,0.405,0.417,0.399,0.403,0.41,0.375,0.402,
1.0,0.45,0.421,0.38,0.367,0.375,0.388,0.359,0.369,0.385,
1.0,0.5,0.449,0.395,0.404,0.392,0.387,0.404,0.378,0.407,
1.0,0.37,0.329,0.329,0.327,0.327,0.327,0.327,0.327,0.327,
1.0,0.457,0.432,0.553,0.5,0.477,0.454,0.434,0.444,0.438,
1.0,0.498,0.493,0.428,0.422,0.395,0.458,0.429,0.399,0.405,
1.0,0.506,0.47,0.413,0.456,0.404,0.414,0.439,0.4,0.424,
1.0,0.302,0.301,0.301,0.301,0.301,0.301,0.301,0.301,0.301,
1.0,0.448,0.432,0.41,0.38,0.384,0.382,0.42,0.395,0.387,
1.0,0.457,0.433,0.393,0.402,0.477,0.424,0.396,0.361,0.374,
1.0,0.451,0.407,0.396,0.35,0.395,0.374,0.356,0.371,0.359,
1.0,0.391,0.335,0.324,0.323,0.323,0.323,0.323,0.323,0.323,
1.0,0.502,0.47,0.487,0.435,0.459,0.43,0.44,0.446,0.414,
1.0,0.485,0.452,0.436,0.462,0.446,0.464,0.41,0.379,0.452,
1.0,0.414,0.348,0.334,0.329,0.328,0.328,0.328,0.328,0.328,
1.0,0.486,0.461,0.441,0.442,0.42,0.423,0.392,0.416,0.434,
1.0,0.506,0.48,0.413,0.396,0.424,0.425,0.397,0.415,0.401,
1.0,0.401,0.382,0.35,0.354,0.343,0.355,0.349,0.339,0.341,
1.0,0.489,0.435,0.477,0.406,0.391,0.394,0.412,0.399,0.393,
1.0,0.461,0.495,0.465,0.469,0.456,0.449,0.486,0.452,0.465,
1.0,0.537,0.427,0.439,0.419,0.46,0.426,0.453,0.415,0.412,
1.0,0.482,0.415,0.442,0.392,0.428,0.423,0.392,0.416,0.38,
1.0,0.455,0.428,0.429,0.428,0.409,0.414,0.389,0.416,0.436,
1.0,0.458,0.421,0.39,0.373,0.4,0.386,0.397,0.39,0.399,
1.0,0.355,0.327,0.327,0.327,0.327,0.327,0.327,0.327,0.327,
1.0,0.444,0.388,0.388,0.368,0.346,0.391,0.377,0.358,0.346,
1.0,0.416,0.385,0.349,0.339,0.348,0.336,0.342,0.332,0.328,
1.0,0.392,0.402,0.399,0.364,0.36,0.345,0.357,0.354,0.354,
1.0,0.594,0.594,0.516,0.482,0.5,0.517,0.491,0.467,0.51,
1.0,0.634,0.536,0.465,0.48,0.512,0.487,0.517,0.548,0.469,
1.0,0.429,0.406,0.395,0.375,0.367,0.373,0.382,0.397,0.407,
1.0,0.612,0.564,0.565,0.475,0.479,0.485,0.49,0.538,0.502,
1.0,0.496,0.401,0.386,0.356,0.374,0.341,0.358,0.392,0.36,
1.0,0.317,0.308,0.308,0.308,0.308,0.308,0.308,0.308,0.308,
1.0,0.565,0.527,0.494,0.485,0.487,0.472,0.487,0.459,0.48,
1.0,0.422,0.4,0.419,0.406,0.392,0.385,0.369,0.405,0.382,
1.0,0.496,0.468,0.404,0.418,0.407,0.453,0.453,0.422,0.439,
1.0,0.571,0.507,0.444,0.531,0.467,0.43,0.439,0.485,0.414,
1.0,0.492,0.424,0.429,0.409,0.415,0.404,0.421,0.411,0.403,
1.0,0.515,0.535,0.488,0.446,0.471,0.476,0.434,0.452,0.417,
1.0,0.375,0.337,0.347,0.331,0.331,0.325,0.323,0.323,0.323,
1.0,0.453,0.458,0.386,0.422,0.383,0.369,0.413,0.392,0.369,
1.0,0.641,0.542,0.52,0.509,0.515,0.491,0.526,0.502,0.521,
1.0,0.443,0.42,0.427,0.395,0.4,0.376,0.365,0.426,0.402,
1.0,0.407,0.353,0.389,0.385,0.428,0.37,0.358,0.372,0.357,
1.0,0.534,0.431,0.441,0.419,0.392,0.398,0.389,0.381,0.382,
1.0,0.589,0.502,0.489,0.466,0.482,0.441,0.483,0.463,0.429,
1.0,0.674,0.645,0.579,0.626,0.558,0.56,0.599,0.586,0.557,
1.0,0.506,0.499,0.533,0.465,0.529,0.464,0.478,0.473,0.473,
1.0,0.519,0.475,0.472,0.427,0.422,0.408,0.405,0.415,0.396,
1.0,0.54,0.49,0.427,0.472,0.461,0.416,0.442,0.413,0.426,
1.0,0.592,0.525,0.487,0.475,0.494,0.54,0.479,0.463,0.501,
1.0,0.447,0.429,0.43,0.405,0.443,0.385,0.413,0.416,0.386,
1.0,0.428,0.379,0.39,0.385,0.405,0.361,0.375,0.361,0.34,
1.0,0.558,0.465,0.477,0.458,0.458,0.438,0.483,0.46,0.421,
1.0,0.489,0.466,0.469,0.477,0.387,0.411,0.365,0.374,0.418,
1.0,0.474,0.34,0.396,0.338,0.369,0.362,0.341,0.335,0.33,
1.0,0.369,0.32,0.317,0.317,0.317,0.317,0.317,0.317,0.317,
1.0,0.417,0.433,0.392,0.407,0.396,0.361,0.347,0.344,0.403,
1.0,0.458,0.423,0.4,0.399,0.383,0.375,0.383,0.359,0.352,
1.0,0.451,0.392,0.388,0.355,0.374,0.377,0.355,0.363,0.387,
1.0,0.387,0.349,0.389,0.362,0.339,0.335,0.333,0.333,0.329,
1.0,0.381,0.343,0.331,0.329,0.33,0.329,0.329,0.329,0.329,
1.0,0.572,0.548,0.49,0.5,0.459,0.503,0.461,0.511,0.488,
1.0,0.51,0.502,0.454,0.426,0.447,0.422,0.428,0.415,0.405,
1.0,0.54,0.48,0.431,0.427,0.444,0.409,0.404,0.435,0.395,
1.0,0.588,0.452,0.448,0.407,0.399,0.398,0.424,0.435,0.397,
1.0,0.442,0.414,0.374,0.409,0.44,0.415,0.397,0.41,0.397,
1.0,0.466,0.447,0.414,0.375,0.374,0.378,0.362,0.388,0.387,
1.0,0.361,0.331,0.328,0.324,0.32,0.32,0.32,0.32,0.32,
1.0,0.366,0.328,0.324,0.323,0.323,0.323,0.323,0.323,0.323,
1.0,0.593,0.477,0.462,0.431,0.473,0.443,0.428,0.421,0.426,
1.0,0.328,0.313,0.313,0.313,0.313,0.313,0.313,0.313,0.313,
1.0,0.423,0.404,0.367,0.354,0.347,0.35,0.337,0.332,0.336,
1.0,0.345,0.33,0.322,0.326,0.322,0.326,0.322,0.326,0.322,
1.0,0.409,0.363,0.347,0.333,0.375,0.335,0.332,0.33,0.33,
1.0,0.465,0.394,0.384,0.398,0.384,0.371,0.365,0.394,0.376,
1.0,0.585,0.526,0.48,0.532,0.487,0.487,0.488,0.5,0.476,
1.0,0.371,0.332,0.33,0.33,0.33,0.33,0.33,0.33,0.33,
1.0,0.477,0.453,0.395,0.439,0.403,0.389,0.396,0.405,0.385,
1.0,0.524,0.472,0.395,0.362,0.349,0.357,0.352,0.342,0.344,
1.0,0.488,0.495,0.52,0.48,0.486,0.47,0.481,0.472,0.402,
1.0,0.549,0.535,0.464,0.469,0.531,0.463,0.485,0.462,0.483,
1.0,0.483,0.367,0.348,0.342,0.339,0.329,0.328,0.328,0.328,
1.0,0.595,0.524,0.48,0.546,0.484,0.508,0.519,0.476,0.529,
1.0,0.485,0.422,0.403,0.417,0.391,0.365,0.367,0.345,0.343,
1.0,0.57,0.47,0.511,0.485,0.441,0.44,0.465,0.451,0.458,
1.0,0.49,0.485,0.444,0.422,0.451,0.417,0.423,0.399,0.444,
1.0,0.406,0.376,0.363,0.324,0.324,0.321,0.321,0.321,0.321,
1.0,0.459,0.361,0.349,0.405,0.376,0.392,0.359,0.374,0.352,
1.0,0.546,0.485,0.508,0.451,0.495,0.424,0.422,0.438,0.432,
1.0,0.598,0.506,0.426,0.447,0.473,0.444,0.409,0.481,0.457,
1.0,0.569,0.474,0.485,0.441,0.424,0.488,0.437,0.425,0.4,
1.0,0.568,0.479,0.46,0.449,0.498,0.43,0.448,0.461,0.45,
1.0,0.409,0.368,0.368,0.333,0.345,0.329,0.34,0.331,0.326,
1.0,0.44,0.438,0.379,0.417,0.407,0.413,0.399,0.369,0.376,
1.0,0.43,0.337,0.321,0.319,0.319,0.319,0.319,0.319,0.319,
1.0,0.436,0.385,0.357,0.369,0.368,0.346,0.328,0.33,0.326,
1.0,0.594,0.537,0.533,0.463,0.55,0.533,0.476,0.501,0.47,
1.0,0.639,0.528,0.483,0.436,0.424,0.434,0.433,0.4,0.407,
1.0,0.532,0.477,0.397,0.45,0.445,0.423,0.421,0.409,0.422,
1.0,0.504,0.439,0.399,0.443,0.421,0.4,0.379,0.404,0.395,
1.0,0.59,0.504,0.471,0.464,0.471,0.417,0.449,0.418,0.429,
1.0,0.44,0.496,0.426,0.446,0.403,0.392,0.413,0.434,0.428,
1.0,0.498,0.427,0.467,0.405,0.382,0.369,0.388,0.38,0.368,
1.0,0.517,0.452,0.436,0.415,0.416,0.41,0.399,0.424,0.383,
1.0,0.454,0.419,0.403,0.377,0.37,0.398,0.394,0.375,0.377,
1.0,0.525,0.408,0.418,0.379,0.409,0.403,0.372,0.4,0.431,
1.0,0.395,0.354,0.345,0.393,0.394,0.402,0.367,0.404,0.35,
1.0,0.402,0.372,0.338,0.333,0.325,0.323,0.322,0.321,0.321,
1.0,0.445,0.401,0.375,0.377,0.357,0.357,0.338,0.333,0.352,
1.0,0.419,0.346,0.34,0.349,0.351,0.347,0.348,0.346,0.385,
1.0,0.503,0.431,0.42,0.392,0.378,0.364,0.45,0.404,0.4,
1.0,0.536,0.49,0.442,0.447,0.462,0.438,0.44,0.462,0.405,
1.0,0.455,0.352,0.352,0.34,0.339,0.326,0.347,0.373,0.336,
1.0,0.457,0.398,0.374,0.41,0.359,0.355,0.347,0.361,0.416,
1.0,0.413,0.381,0.371,0.38,0.425,0.37,0.369,0.347,0.365,
1.0,0.383,0.327,0.321,0.321,0.321,0.321,0.321,0.321,0.321,
1.0,0.413,0.385,0.386,0.387,0.386,0.399,0.375,0.361,0.364,
1.0,0.418,0.39,0.393,0.356,0.345,0.366,0.349,0.349,0.343,
1.0,0.416,0.437,0.419,0.43,0.406,0.418,0.382,0.357,0.394,
1.0,0.337,0.317,0.317,0.317,0.317,0.317,0.317,0.317,0.317,
1.0,0.43,0.477,0.44,0.413,0.401,0.389,0.356,0.412,0.375,
1.0,0.576,0.497,0.456,0.455,0.426,0.442,0.426,0.396,0.404,
1.0,0.375,0.439,0.404,0.371,0.347,0.369,0.348,0.343,0.37,
1.0,0.493,0.459,0.411,0.409,0.367,0.358,0.334,0.361,0.342,
1.0,0.421,0.447,0.372,0.406,0.383,0.355,0.371,0.352,0.368,
1.0,0.628,0.616,0.577,0.491,0.469,0.51,0.467,0.493,0.455,
1.0,0.406,0.386,0.383,0.336,0.344,0.322,0.319,0.318,0.319,
1.0,0.411,0.363,0.337,0.372,0.359,0.334,0.324,0.323,0.323,
1.0,0.494,0.555,0.412,0.406,0.412,0.442,0.404,0.411,0.372,
1.0,0.372,0.346,0.324,0.321,0.321,0.321,0.321,0.321,0.321,
1.0,0.536,0.449,0.441,0.408,0.437,0.427,0.417,0.4,0.396,
1.0,0.464,0.439,0.386,0.391,0.405,0.358,0.391,0.349,0.353,
1.0,0.345,0.322,0.321,0.321,0.321,0.321,0.321,0.321,0.321,
1.0,0.416,0.495,0.413,0.347,0.344,0.325,0.327,0.321,0.321,
1.0,0.433,0.419,0.434,0.384,0.399,0.367,0.366,0.383,0.396,
1.0,0.324,0.311,0.311,0.311,0.311,0.311,0.311,0.311,0.311,
1.0,0.55,0.442,0.472,0.452,0.496,0.43,0.405,0.398,0.428,
1.0,0.368,0.325,0.32,0.321,0.32,0.32,0.32,0.32,0.32,
1.0,0.392,0.427,0.377,0.4,0.403,0.387,0.361,0.397,0.372,
1.0,0.514,0.415,0.446,0.41,0.428,0.423,0.444,0.414,0.429,
1.0,0.384,0.326,0.321,0.321,0.321,0.321,0.321,0.321,0.321,
1.0,0.437,0.352,0.331,0.333,0.322,0.322,0.322,0.322,0.322,
1.0,0.376,0.322,0.318,0.318,0.318,0.318,0.318,0.318,0.318,
1.0,0.41,0.412,0.339,0.345,0.332,0.324,0.323,0.323,0.323,
1.0,0.358,0.322,0.32,0.32,0.32,0.32,0.32,0.32,0.32,
1.0,0.368,0.329,0.34,0.32,0.317,0.317,0.317,0.317,0.317,
1.0,0.497,0.567,0.448,0.453,0.396,0.411,0.423,0.417,0.443,
1.0,0.429,0.387,0.396,0.383,0.382,0.354,0.345,0.328,0.374,
1.0,0.541,0.427,0.413,0.395,0.416,0.387,0.389,0.387,0.389,
1.0,0.465,0.416,0.372,0.422,0.413,0.411,0.377,0.412,0.374,
1.0,0.483,0.51,0.416,0.432,0.381,0.411,0.387,0.411,0.402,
1.0,0.434,0.353,0.36,0.337,0.325,0.329,0.332,0.374,0.341,
1.0,0.496,0.523,0.463,0.433,0.396,0.41,0.407,0.405,0.492,
1.0,0.418,0.387,0.349,0.328,0.322,0.326,0.322,0.322,0.322,
1.0,0.516,0.434,0.48,0.414,0.409,0.441,0.402,0.425,0.39,
1.0,0.425,0.375,0.37,0.349,0.355,0.34,0.334,0.325,0.332,
1.0,0.321,0.31,0.31,0.31,0.31,0.31,0.31,0.31,0.31,
1.0,0.508,0.403,0.443,0.463,0.397,0.423,0.457,0.437,0.44,
1.0,0.375,0.331,0.323,0.322,0.322,0.322,0.322,0.322,0.322,
1.0,0.333,0.316,0.316,0.316,0.316,0.316,0.316,0.316,0.316,
1.0,0.416,0.373,0.348,0.333,0.361,0.362,0.365,0.353,0.346,
1.0,0.322,0.311,0.311,0.311,0.311,0.311,0.311,0.311,0.311,
1.0,0.487,0.409,0.442,0.45,0.409,0.389,0.388,0.417,0.408,
1.0,0.573,0.491,0.446,0.405,0.44,0.494,0.463,0.465,0.419,
1.0,0.437,0.466,0.445,0.407,0.414,0.406,0.411,0.369,0.421,
1.0,0.461,0.479,0.449,0.403,0.408,0.407,0.422,0.424,0.38,
1.0,0.527,0.453,0.472,0.499,0.461,0.434,0.465,0.463,0.436,
1.0,0.447,0.394,0.392,0.371,0.357,0.374,0.366,0.389,0.385,
1.0,0.405,0.37,0.327,0.323,0.322,0.322,0.322,0.322,0.322,
1.0,0.533,0.464,0.392,0.427,0.384,0.421,0.409,0.398,0.388,
1.0,0.521,0.502,0.465,0.463,0.458,0.433,0.463,0.448,0.401,
1.0,0.502,0.559,0.541,0.519,0.509,0.479,0.477,0.497,0.43,
1.0,0.435,0.391,0.382,0.358,0.388,0.364,0.371,0.359,0.363,
1.0,0.454,0.505,0.478,0.406,0.396,0.379,0.398,0.436,0.416,
1.0,0.336,0.314,0.313,0.313,0.313,0.313,0.313,0.313,0.313,
1.0,0.62,0.542,0.496,0.507,0.467,0.489,0.481,0.522,0.478,
1.0,0.433,0.361,0.373,0.384,0.386,0.367,0.347,0.365,0.361,
1.0,0.548,0.497,0.5,0.496,0.43,0.461,0.441,0.454,0.476,
1.0,0.593,0.556,0.47,0.482,0.479,0.466,0.454,0.467,0.492,
1.0,0.584,0.564,0.523,0.495,0.463,0.441,0.457,0.493,0.472,
1.0,0.419,0.52,0.415,0.485,0.438,0.382,0.404,0.434,0.404,
1.0,0.406,0.395,0.391,0.405,0.369,0.378,0.383,0.364,0.385,
1.0,0.466,0.382,0.363,0.377,0.365,0.37,0.382,0.352,0.359,
1.0,0.457,0.505,0.443,0.417,0.403,0.461,0.408,0.419,0.42,
1.0,0.399,0.346,0.325,0.34,0.366,0.335,0.323,0.323,0.322,
1.0,0.335,0.317,0.316,0.316,0.316,0.316,0.316,0.316,0.316,
1.0,0.53,0.475,0.474,0.489,0.426,0.443,0.424,0.405,0.409,
1.0,0.604,0.534,0.464,0.454,0.422,0.423,0.447,0.442,0.413,
1.0,0.633,0.551,0.478,0.482,0.508,0.543,0.499,0.476,0.488,
1.0,0.56,0.523,0.478,0.437,0.463,0.461,0.451,0.471,0.43,
1.0,0.447,0.367,0.362,0.391,0.392,0.365,0.374,0.366,0.362,
1.0,0.43,0.341,0.323,0.333,0.328,0.319,0.318,0.318,0.318,
1.0,0.417,0.398,0.351,0.35,0.354,0.348,0.342,0.335,0.356,
1.0,0.576,0.439,0.395,0.467,0.397,0.404,0.425,0.389,0.393,
1.0,0.478,0.397,0.412,0.392,0.382,0.388,0.38,0.365,0.354,
1.0,0.477,0.434,0.431,0.382,0.362,0.379,0.342,0.385,0.348,
1.0,0.346,0.332,0.318,0.316,0.316,0.316,0.316,0.316,0.316,
1.0,0.435,0.383,0.355,0.33,0.329,0.334,0.327,0.324,0.327,
1.0,0.402,0.398,0.364,0.332,0.336,0.333,0.333,0.324,0.324,
1.0,0.441,0.412,0.404,0.361,0.4,0.419,0.368,0.356,0.353,
1.0,0.458,0.487,0.42,0.392,0.382,0.397,0.391,0.371,0.371,
1.0,0.451,0.432,0.415,0.397,0.399,0.375,0.358,0.38,0.37,
1.0,0.515,0.453,0.46,0.426,0.424,0.413,0.425,0.417,0.431,
1.0,0.559,0.448,0.493,0.478,0.444,0.436,0.424,0.409,0.414,
1.0,0.481,0.418,0.421,0.377,0.426,0.395,0.425,0.433,0.408,
1.0,0.347,0.318,0.317,0.317,0.317,0.317,0.317,0.317,0.317,
1.0,0.392,0.312,0.31,0.31,0.31,0.31,0.31,0.31,0.31,
1.0,0.346,0.32,0.32,0.319,0.319,0.319,0.319,0.319,0.319,
1.0,0.412,0.351,0.385,0.449,0.374,0.355,0.337,0.407,0.422,
1.0,0.375,0.324,0.327,0.324,0.321,0.321,0.321,0.321,0.321,
1.0,0.465,0.437,0.415,0.401,0.377,0.412,0.382,0.438,0.408,
1.0,0.554,0.543,0.505,0.49,0.499,0.441,0.434,0.458,0.458,
1.0,0.509,0.482,0.458,0.42,0.421,0.442,0.422,0.438,0.442,
1.0,0.483,0.464,0.395,0.418,0.417,0.414,0.408,0.415,0.403,
1.0,0.543,0.447,0.383,0.438,0.388,0.457,0.448,0.364,0.429,
1.0,0.436,0.42,0.445,0.391,0.389,0.397,0.361,0.389,0.379,
1.0,0.44,0.415,0.42,0.37,0.405,0.415,0.367,0.395,0.415,
1.0,0.505,0.425,0.365,0.389,0.355,0.346,0.355,0.349,0.365,
1.0,0.49,0.441,0.481,0.426,0.429,0.374,0.387,0.378,0.411,
1.0,0.512,0.439,0.421,0.437,0.462,0.444,0.439,0.433,0.439,
1.0,0.323,0.311,0.311,0.311,0.311,0.311,0.311,0.311,0.311,
1.0,0.494,0.42,0.41,0.435,0.422,0.43,0.395,0.438,0.426,
1.0,0.415,0.401,0.427,0.368,0.348,0.345,0.359,0.34,0.335,
1.0,0.347,0.323,0.322,0.322,0.322,0.322,0.322,0.322,0.322,
1.0,0.57,0.506,0.466,0.483,0.449,0.45,0.422,0.478,0.446,
1.0,0.404,0.343,0.374,0.357,0.329,0.332,0.325,0.324,0.323,
1.0,0.372,0.339,0.358,0.334,0.353,0.42,0.347,0.343,0.378,
1.0,0.516,0.481,0.428,0.435,0.436,0.404,0.394,0.403,0.436,
1.0,0.547,0.505,0.484,0.452,0.438,0.447,0.453,0.417,0.425,
1.0,0.529,0.488,0.434,0.421,0.393,0.409,0.418,0.401,0.419,
1.0,0.378,0.326,0.323,0.323,0.323,0.323,0.323,0.323,0.323,
1.0,0.414,0.361,0.344,0.328,0.339,0.329,0.329,0.324,0.322,
1.0,0.381,0.353,0.357,0.331,0.319,0.319,0.319,0.319,0.319,
1.0,0.504,0.436,0.365,0.375,0.349,0.433,0.407,0.376,0.405,
1.0,0.511,0.447,0.523,0.443,0.428,0.451,0.457,0.441,0.468,
1.0,0.491,0.441,0.455,0.457,0.417,0.396,0.403,0.416,0.411,
1.0,0.573,0.502,0.494,0.444,0.461,0.421,0.436,0.43,0.459,
1.0,0.435,0.386,0.375,0.393,0.368,0.372,0.381,0.394,0.388,
1.0,0.445,0.406,0.389,0.38,0.371,0.348,0.337,0.344,0.334,
1.0,0.552,0.512,0.45,0.432,0.452,0.436,0.48,0.48,0.426,
1.0,0.482,0.514,0.449,0.428,0.44,0.424,0.437,0.445,0.435,
1.0,0.411,0.372,0.339,0.33,0.329,0.325,0.32,0.32,0.32,
1.0,0.471,0.486,0.435,0.454,0.471,0.472,0.419,0.424,0.428,
1.0,0.376,0.342,0.332,0.332,0.321,0.324,0.32,0.32,0.32,
1.0,0.332,0.315,0.315,0.315,0.315,0.315,0.315,0.315,0.315,
1.0,0.555,0.462,0.477,0.447,0.452,0.445,0.451,0.413,0.413,
1.0,0.471,0.397,0.407,0.429,0.387,0.395,0.355,0.346,0.331,
1.0,0.49,0.393,0.346,0.331,0.338,0.338,0.327,0.323,0.323,
1.0,0.511,0.468,0.446,0.41,0.394,0.422,0.38,0.349,0.393,
1.0,0.384,0.39,0.421,0.393,0.411,0.371,0.39,0.372,0.368,
1.0,0.401,0.38,0.445,0.36,0.38,0.377,0.357,0.365,0.38,
1.0,0.43,0.401,0.344,0.35,0.344,0.327,0.327,0.324,0.324,
1.0,0.489,0.401,0.41,0.39,0.345,0.367,0.372,0.363,0.372,
1.0,0.401,0.407,0.35,0.377,0.384,0.378,0.409,0.4,0.416,
1.0,0.329,0.314,0.314,0.314,0.314,0.314,0.314,0.314,0.314,
1.0,0.386,0.394,0.355,0.35,0.336,0.323,0.346,0.331,0.323,
1.0,0.474,0.393,0.389,0.354,0.365,0.343,0.338,0.333,0.328,
1.0,0.531,0.436,0.377,0.389,0.41,0.375,0.354,0.369,0.384,
1.0,0.405,0.365,0.35,0.37,0.342,0.327,0.322,0.32,0.32,
1.0,0.569,0.491,0.437,0.466,0.452,0.439,0.412,0.416,0.427,
1.0,0.368,0.373,0.398,0.458,0.415,0.354,0.37,0.348,0.331,
1.0,0.435,0.391,0.396,0.336,0.364,0.388,0.383,0.344,0.38,
1.0,0.539,0.513,0.493,0.471,0.444,0.438,0.446,0.465,0.446,
1.0,0.367,0.322,0.321,0.32,0.32,0.32,0.32,0.32,0.32,
1.0,0.472,0.518,0.484,0.434,0.394,0.423,0.408,0.444,0.427,
1.0,0.391,0.353,0.346,0.338,0.322,0.329,0.321,0.323,0.32,
1.0,0.59,0.546,0.519,0.495,0.444,0.507,0.471,0.494,0.486,
1.0,0.386,0.371,0.37,0.331,0.334,0.339,0.348,0.33,0.331,
1.0,0.418,0.408,0.373,0.37,0.381,0.383,0.4,0.396,0.372,
1.0,0.548,0.533,0.472,0.47,0.419,0.441,0.435,0.413,0.462,
1.0,0.34,0.319,0.319,0.319,0.319,0.319,0.319,0.319,0.319,
1.0,0.336,0.343,0.403,0.34,0.321,0.324,0.323,0.319,0.317,
1.0,0.453,0.399,0.4,0.363,0.344,0.332,0.362,0.348,0.344,
1.0,0.445,0.371,0.467,0.4,0.364,0.362,0.424,0.355,0.415,
1.0,0.556,0.545,0.498,0.441,0.457,0.454,0.449,0.478,0.478,
1.0,0.432,0.337,0.342,0.373,0.347,0.328,0.321,0.32,0.32,
1.0,0.601,0.501,0.542,0.493,0.491,0.514,0.497,0.515,0.483,
1.0,0.424,0.349,0.357,0.341,0.353,0.352,0.338,0.348,0.346,
1.0,0.345,0.322,0.322,0.322,0.322,0.322,0.322,0.322,0.322,
1.0,0.46,0.405,0.445,0.429,0.408,0.383,0.37,0.441,0.425,
1.0,0.445,0.39,0.39,0.369,0.342,0.349,0.341,0.335,0.337,
1.0,0.629,0.571,0.573,0.523,0.526,0.508,0.535,0.543,0.507,
1.0,0.591,0.454,0.525,0.496,0.487,0.499,0.523,0.501,0.523,
1.0,0.41,0.396,0.407,0.408,0.391,0.392,0.396,0.368,0.386,
1.0,0.428,0.422,0.38,0.404,0.365,0.428,0.381,0.377,0.399,
1.0,0.464,0.397,0.419,0.378,0.4,0.428,0.391,0.405,0.39,
1.0,0.383,0.348,0.336,0.332,0.33,0.33,0.33,0.33,0.33,
1.0,0.373,0.326,0.323,0.323,0.323,0.323,0.323,0.323,0.323,
1.0,0.418,0.378,0.383,0.362,0.358,0.349,0.335,0.333,0.333,
1.0,0.523,0.532,0.45,0.449,0.468,0.493,0.504,0.452,0.39,
1.0,0.562,0.424,0.433,0.426,0.429,0.445,0.465,0.441,0.447,
1.0,0.633,0.529,0.556,0.574,0.51,0.516,0.529,0.519,0.554,
1.0,0.5,0.429,0.407,0.431,0.405,0.382,0.388,0.403,0.399,
1.0,0.641,0.58,0.537,0.561,0.536,0.534,0.484,0.53,0.515,
1.0,0.417,0.425,0.46,0.424,0.422,0.389,0.368,0.384,0.37,
1.0,0.416,0.361,0.385,0.376,0.371,0.399,0.358,0.369,0.364,
1.0,0.376,0.36,0.382,0.414,0.367,0.388,0.345,0.345,0.351,
1.0,0.546,0.428,0.423,0.409,0.392,0.401,0.4,0.389,0.472,
1.0,0.407,0.405,0.357,0.335,0.332,0.348,0.349,0.329,0.333,
1.0,0.483,0.423,0.418,0.375,0.384,0.396,0.378,0.387,0.41,
1.0,0.439,0.342,0.343,0.353,0.352,0.347,0.343,0.332,0.33,
1.0,0.433,0.402,0.355,0.345,0.396,0.361,0.364,0.347,0.374,
1.0,0.478,0.408,0.406,0.364,0.357,0.334,0.34,0.333,0.332,
1.0,0.544,0.469,0.439,0.447,0.468,0.435,0.417,0.442,0.464,
1.0,0.525,0.519,0.474,0.536,0.517,0.47,0.516,0.442,0.458,
1.0,0.637,0.562,0.54,0.523,0.531,0.497,0.515,0.488,0.503,
1.0,0.448,0.422,0.36,0.353,0.35,0.342,0.345,0.341,0.35,
1.0,0.542,0.547,0.463,0.46,0.482,0.434,0.416,0.426,0.408,
1.0,0.351,0.323,0.323,0.323,0.323,0.323,0.323,0.323,0.323,
1.0,0.463,0.452,0.378,0.385,0.355,0.384,0.358,0.371,0.415,
1.0,0.466,0.408,0.427,0.4,0.373,0.357,0.382,0.373,0.343,
1.0,0.327,0.313,0.313,0.313,0.313,0.313,0.313,0.313,0.313,
1.0,0.521,0.44,0.447,0.463,0.403,0.443,0.408,0.413,0.391,
1.0,0.43,0.374,0.341,0.335,0.369,0.346,0.332,0.325,0.321,
1.0,0.396,0.435,0.429,0.432,0.425,0.394,0.389,0.375,0.382,
1.0,0.379,0.343,0.346,0.384,0.385,0.377,0.381,0.364,0.34,


