

Data analysis for each instance 
AVG,MED,MAX,MIN
0,0,0,0,0,0,0,0,0,0,
0,-0.068,0.065,0.026,0.001,-0.1,0.006,-0.133,-0.158,-0.047,
0,0,-0.046,-0.012,-0.033,-0.002,0.121,-0.019,0.016,0.011,
0,0.007,-0.001,0.002,0.123,-0.027,0.015,-0.025,0.009,0.019,
0,-0.022,-0.035,0.02,-0.032,0.003,0.054,0.017,-0.033,0.065,
0,0,-0.04,-0.032,-0.083,-0.028,0.012,-0.088,-0.032,-0.013,
0,-0.043,0.055,-0.071,0.041,0.029,-0.111,-0.097,0.148,0.08,
0,0,0,0,0,0,0,0,-0.029,0.014,
0,-0.031,0.03,0.063,0.066,-0.051,-0.024,-0.014,-0.017,0.012,
0,-0.023,0.007,-0.056,-0.01,-0.004,0.006,-0.063,0.021,-0.016,
0,-0.02,-0.019,0.036,0.042,-0.038,-0.045,0.097,-0.008,-0.075,
0,0.034,-0.099,0.049,-0.016,0.071,-0.091,-0.016,0.154,-0.114,
0,0,0.021,0.058,-0.109,-0.019,0.033,0.01,-0.092,-0.062,
0,-0.032,-0.062,-0.038,0.012,0.007,-0.001,0.012,-0.04,0.023,
0,-0.001,0.008,0.061,-0.055,0.047,0.078,0.057,0.064,-0.049,
0,0,0,-0.029,0.034,-0.019,0.08,0.101,0.028,0.021,
0,0.004,-0.034,-0.015,-0.102,-0.106,-0.115,-0.047,0.029,0.027,
0,0,-0.038,-0.046,-0.079,-0.015,0.025,-0.076,0.014,0.001,
0,-0.052,-0.003,0.018,0.031,0.027,-0.027,-0.077,-0.039,-0.03,
0,0,0,0,0,0,0,0,0,0,
0,0,-0.002,-0.105,-0.049,0.057,0.132,0.078,0.015,-0.031,
0,-0,-0.079,-0.073,-0.077,0.03,0.03,0.044,-0.033,0.049,
0,0,-0.07,-0.002,-0.089,0.066,-0.058,0.06,-0.031,-0.076,
0,-0.031,0.057,-0.028,-0.035,-0.002,0.056,-0.018,-0.053,-0.002,
0,0,0.047,0.062,0.115,0.024,0.041,0.058,0.009,-0.075,
0,-0.027,-0.038,-0.057,-0.036,-0.078,0.022,0.098,-0.009,-0.01,
0,-0,0.112,0.089,0.075,0.091,0.075,0.097,0.075,0.098,
0,-0.037,-0.102,0.011,0.023,-0.047,0.022,-0.083,-0.003,-0.101,
0,-0.044,-0.057,-0.068,0.033,-0.009,-0.039,-0.036,-0.029,-0.098,
0,-0.022,-0.116,0.185,0.007,0.019,-0.036,0.062,-0.018,-0.017,
0,0,-0.033,-0.011,0.02,0.032,0.032,-0.03,-0.063,0.054,
0,0.03,-0.016,-0.078,0.055,0.056,-0.059,0.046,-0.071,-0,
0,-0.034,-0.075,-0.026,-0.029,-0.074,-0.029,-0.021,-0.049,0.051,
0,0,0,0,0.001,-0.093,-0.059,0.055,0.14,0.059,
0,0,-0.081,-0.005,0.005,0.131,-0.136,-0.109,0.001,-0.001,
0,0.123,-0.083,0.04,-0.152,0.106,0.062,0.03,0.129,0.074,
0,-0.034,-0.016,-0.083,0.01,-0.029,-0.053,-0.059,0.066,-0.056,
0,0,-0.008,0.057,0.019,-0.152,-0.039,0.034,0.076,0.088,
0,0.009,0.074,0.007,0.051,0.003,-0.084,-0.059,0.028,-0.045,
0,-0.002,-0.053,0.001,-0.013,-0.075,-0.114,0.016,-0.002,-0.024,
0,0,0,0,0,0,0,0,0,0,
0,-0.04,0.005,-0.068,-0.064,0.083,-0.019,-0.08,0.072,0.009,
0,0.017,0.056,0.045,0.01,0.02,0.044,-0.117,0.046,-0.08,
0,0,0,0,-0.02,-0.149,-0.071,0.021,0.128,-0.044,
0,-0.001,-0.001,-0.052,0.033,-0.04,0.05,-0.052,-0.032,-0.001,
0,-0.005,-0.019,-0.041,-0.139,-0.006,-0.04,-0.034,-0.101,-0.079,
0,0.038,0.021,-0.02,-0.002,-0.012,-0.096,-0.068,-0.254,0,
0,0,0,0,0,0,0,0,0,-0.013,
0,0,0,0.019,-0.069,-0.047,0.013,-0.034,0.023,-0.046,
0,-0.038,0.032,0.079,-0.074,-0.164,0.011,-0.079,0.037,0.09,
0,0.044,0.08,-0.061,-0.072,-0.009,-0.014,-0.053,-0.189,-0.076,
0,-0.005,0.008,0.073,-0.07,-0.005,0.001,0.069,0.002,0.021,
0,0.021,-0.003,-0.045,0.013,0.036,0.023,-0.07,0.077,0.045,
0,0.055,-0.021,0.121,-0.012,-0.155,-0.125,-0.053,0.015,-0.03,
0,0.037,0.049,-0.043,-0.071,-0.055,-0.156,-0.056,-0.049,-0.075,
0,0,0.021,0.03,-0.077,0.024,-0.02,0.053,0.084,-0.057,
0,0,0,-0.104,-0.096,-0.077,-0.073,-0.073,-0.068,0.006,
0,0,0,0,0.001,-0.079,-0.138,-0.021,-0.02,0,
0,0,0,0,-0.045,0.043,-0.045,-0.076,-0.071,-0.186,
0,0,0.009,-0.013,0.024,-0.018,0.012,-0.007,0.026,0.001,
0,-0.075,-0.05,0.038,0.138,-0.077,-0.093,-0.079,-0.008,-0.079,
0,0.01,0.023,-0.062,-0.04,-0.039,0.024,0.023,-0.065,0.001,
0,-0.039,0.036,-0.024,-0.014,-0.051,-0.046,-0.009,0.091,0.019,
0,0,0,0.028,-0.037,-0.023,0.017,-0.057,-0.021,0.011,
0,-0.005,-0.115,-0.184,-0.115,-0.261,-0.146,-0.169,-0.174,-0.237,
0,0,0,0,0,0,0,0,0,0,
0,0.002,-0.135,0.018,-0.025,0.066,0.098,0.133,0.174,0.007,
0,0,0,0,0,0,0,0,0,0,
0,0,0,0,0,0,0,0,0,0,
0,-0.058,-0.037,0.019,-0.029,-0.044,0.036,0.035,-0.06,-0.001,
0,-0.033,0.028,0.065,0.099,-0.053,0.007,-0.033,-0.075,0.028,
0,0.035,0.063,-0.027,-0.105,0.012,0.037,0.015,-0.03,-0.081,
0,0.013,-0.034,-0.058,0.008,-0.003,0.03,-0.051,0.033,-0.09,
0,0,-0,0.031,0.012,-0.057,0.019,-0.008,0.04,0.029,
0,0,-0.016,-0.045,0.112,-0.057,0.009,-0.019,0.027,0.043,
0,-0.009,-0.117,-0.042,-0.013,0.055,-0.008,0.037,-0.084,0.039,
0,-0.056,0.005,-0.044,0.11,-0.028,0.07,0.062,-0.023,0.047,
0,0.027,0.028,0.031,0.036,0.039,0.039,0.039,0.039,0.039,
0,-0.005,0.088,-0.004,-0.034,0.063,0.062,-0.018,0.037,-0.045,
0,-0.05,0.044,0.03,-0.146,-0.157,0.012,-0.102,-0.013,-0.113,
0,0.006,-0.027,0.042,-0.139,-0.008,0.003,-0.042,-0.105,0.061,
0,0.022,-0.018,0.021,-0.051,-0.094,-0.026,-0.059,0.033,-0.026,
0,0,0,0,0,0,0,0,0,0,
0,0,0,0,-0.01,-0.059,-0.01,-0.065,-0.01,-0.007,
0,-0.003,-0.075,-0.069,0.005,-0.052,-0.115,-0.034,-0.14,-0.168,
0,0.07,0.083,-0.045,-0.07,0.058,0.1,-0.086,-0.071,-0.059,
0,-0.06,0.043,-0.071,-0.112,0.093,0.065,0.048,0.013,0.146,
0,-0.174,-0.231,0.009,-0.011,0.032,0.067,-0.092,0.085,-0.219,
0,0,0.001,0.075,0.123,-0.064,-0.021,-0.067,0.043,0.052,
0,0,0,0,0,0,0,-0.032,-0.032,-0.015,
0,0,-0.056,0.027,0.008,0.082,-0.088,-0.045,-0.042,0.066,
0,0.05,-0.096,-0.048,-0.058,-0.066,0.033,-0.074,-0.04,-0.054,
0,0,0,0,0,0,-0.026,0.072,-0.04,-0.057,
0,-0.024,-0.112,-0.029,-0.075,0.028,-0.011,-0.034,-0.052,0.03,
0,0.004,0,-0.051,-0.06,0.018,0.074,0.061,-0.005,-0.036,
0,0,-0.042,-0.027,0.002,-0.025,-0.02,-0.079,-0.013,-0.02,
0,0,0,0,-0.035,0,0,-0.242,-0.013,-0.005,
0,-0.007,-0.002,-0.019,0.04,0.03,0.038,0.013,-0.028,-0.044,
0,-0.052,0.052,-0.129,-0.095,-0.074,0.002,-0.013,-0.008,-0.044,
0,0.007,-0.077,-0.068,-0.082,0.151,-0.202,-0.178,-0.083,-0.004,


0,-0.019,0.077,-0.006,0.018,0.053,-0.036,0.006,-0.041,0.086,
0,0.046,0.075,0.028,-0.041,-0.039,0.052,0.088,0.008,0.079,
0,0.089,0.146,0.063,0.059,0.1,-0.032,0.031,0.032,0.053,
0,0.125,-0.024,0.04,-0.074,0.028,-0.038,0.048,0.022,0.019,
0,0.06,0.042,0.022,-0.015,-0.023,-0.006,0.015,0.003,0.009,
0,-0.003,-0.006,-0.033,0.034,0.007,0.064,0.04,0.053,-0.041,
0,-0.026,-0.001,0.04,0.002,0.005,0.078,0.081,-0.03,-0.011,
0,0.034,0.008,-0.002,0.031,0.018,0.109,0,0.084,-0.105,
0,0.044,-0.046,-0.048,-0.008,0.047,0.052,0.008,0.03,-0.012,
0,0.027,0.003,0.039,-0.029,-0.004,-0.09,-0.074,0.028,-0.034,
0,0.098,-0.018,0.002,-0.045,-0.039,0.018,0.02,-0.046,0.067,
0,0.088,0.161,0.066,0.067,0.044,0.058,-0.029,0.068,0.123,
0,0.044,0.003,-0.096,0.086,0.002,-0.028,0.006,0.09,0.064,
0,0.061,0.08,0.102,-0.019,0.105,0.048,0.055,0.062,0.056,
0,0.15,0.004,-0.022,0.057,-0.066,-0.02,0.029,-0.094,0.024,
0,0.072,0.012,0.1,-0.033,0.058,-0.03,-0.086,-0.067,0.08,
0,0.051,0.104,-0.031,0.098,0.022,0.116,0.079,-0.029,-0.013,
0,-0.064,0.002,0.012,0.063,0.058,0.012,0.017,-0,-0.035,
0,-0.071,0.059,0.018,-0.003,-0.068,0.078,-0.034,-0.037,0.054,
0,0.465,0.431,0.457,0.27,0.368,0.414,0.416,0.416,0.416,
0,0.003,0.07,0.099,0.014,-0.102,0.003,0.058,0.01,0.041,
0,0.157,0.093,0.067,0.102,-0.081,-0.057,0.032,0.022,-0.061,
0,0.007,0.048,-0.098,0.059,-0.023,-0.01,0.003,-0.01,0.074,
0,0.001,0.037,0.052,0.045,-0.053,-0.084,0.049,0,-0.033,
0,-0.028,-0.032,-0.021,-0.008,0.03,-0.075,-0.057,-0.024,0.127,
0,0.04,0.093,-0.002,0.104,0.008,-0.017,0.006,0.097,-0.015,
0,0.057,0.005,0.041,-0.035,0.031,-0.022,-0.086,-0.12,-0.049,
0,0.078,0.069,0.038,-0.053,0.07,-0.03,0.118,-0.001,-0.064,
0,0.038,0.04,0.049,-0.005,-0.037,0.012,0.061,0.11,0.043,
0,-0.002,-0.029,-0.064,-0.012,0.013,0.058,0.092,-0.026,-0.03,
0,0.056,0.01,0.001,0.064,0.062,-0.006,-0.017,0.02,-0.063,
0,0.028,0.023,0.095,-0.078,-0.128,-0.048,-0.048,-0.107,-0.045,
0,0.032,0.07,0.117,-0.078,-0.01,0.032,0.052,0.027,0.058,
0,0.071,0.03,0.001,0.088,0.119,-0.022,-0.101,-0.016,0.012,
0,-0.048,0.043,0.006,0.018,-0.077,0.099,-0.028,0.066,-0.02,
0,0.007,0.142,0.015,0.068,-0.047,-0.026,0.008,-0.141,-0.056,
0,0.037,-0.043,0.038,-0.028,0.004,0.054,-0.059,-0.046,0.043,
0,0.058,-0.078,-0.068,-0.05,0.057,-0.042,-0.139,-0.154,-0.01,
0,0.044,0.016,-0.006,-0.009,0.057,0.093,0.126,-0.053,0.075,
0,0.029,0.01,0.078,-0.008,0.093,0.059,0.122,0.092,0.094,
0,0.046,-0.055,-0.061,-0.004,0.02,0,0.072,0.003,0.024,
0,0.043,0.062,0.099,0.085,-0.168,0.016,0.119,-0.09,-0.017,
0,-0.037,-0.012,-0.071,-0.037,0.076,-0.064,0.062,-0.075,-0.052,
0,-0.161,-0.009,-0.173,-0.117,-0.036,-0.032,0.026,-0.091,-0.017,
0,0.071,0.108,0.013,0.067,0.005,-0.046,-0.018,-0.077,0.006,
0,0.039,0.011,0.06,0.193,0.066,0.058,-0.029,-0.033,0.071,
0,-0.074,0.042,-0.01,0.041,0.081,0.162,-0.031,0.286,0.07,
0,-0.045,0.009,-0.015,-0.036,-0.017,-0.014,0.024,-0.046,0.032,
0,0.017,0.03,0.002,-0.021,0.045,0.023,0.048,-0.019,0.043,
0,0.057,0.099,-0.122,0.028,0.167,0.069,0.008,-0.043,0.043,
0,-0.056,0.055,0.036,0.158,0.099,0.103,-0.008,0.208,0.052,
0,0.08,-0.008,-0.071,0.103,0.017,-0.068,-0.092,0.044,-0.052,
0,-0.002,0.081,-0.02,0.023,-0.001,0.022,0.109,-0.071,-0.006,
0,0.111,-0,-0.014,0.004,0.09,0.038,0.146,0.009,0.013,
0,-0.075,-0.019,0.082,0.131,0.092,0.025,0.06,0.087,-0.014,
0,0.024,-0.052,-0.039,0.047,0.043,0.032,-0.016,-0.06,0.057,
0,-0.011,0.039,0.001,0.066,0.115,0.105,0.029,0.069,0.02,
0,-0.003,-0.007,0.026,-0.021,-0.013,0.079,-0.022,-0.046,-0.008,
0,0.024,-0.032,0.009,0.059,-0.012,-0.017,0.023,-0.003,0.127,
0,-0.014,-0.034,-0.038,-0.054,-0.043,-0.038,-0.054,-0.04,-0.004,
0,0.133,0.019,-0.016,-0.051,0.144,0.101,0.02,-0.058,-0.002,
0,0.031,0.137,0.094,0.071,0.076,-0.044,-0.032,0.109,-0.008,
0,0.034,-0.04,0.01,-0.028,0.041,0.029,-0.06,-0.097,-0.007,
0,-0.038,0.097,-0.077,0.006,0.162,-0.037,-0.048,0.047,-0.009,
0,0.12,0.16,0.105,0.172,0.319,0.216,0.238,0.242,0.3,
0,-0.056,-0.118,0.042,0.038,-0,0.009,0.194,-0.042,0.028,
0,0.184,0.223,0.149,0.039,-0.003,0.045,-0.02,-0.089,0.104,
0,-0.065,0,-0.068,-0.079,-0.142,0.015,-0.075,0.026,-0.082,
0,-0.097,0.131,0.043,-0.033,0.084,0.028,-0.032,0.008,0.007,
0,0.061,-0.061,-0.026,0.038,0.032,0.024,-0.043,0.068,0.003,
0,-0.055,0.065,-0.064,0.018,0.048,0.034,-0.006,0.002,-0.051,
0,0.024,-0.032,0.008,0.108,0.036,-0.015,0.021,-0.007,-0.003,
0,-0.013,0.011,0.026,0.065,-0.004,0.011,0.033,-0.037,0.082,
0,-0.042,-0.048,-0.014,-0.005,0.05,-0.066,0.055,-0.061,-0.015,
0,0.035,-0.058,0.072,-0.077,0.033,0.04,-0.068,0.068,-0.006,
0,0.043,0.086,-0.014,-0.059,0.062,0.075,0.004,0.187,0.059,
0,0.04,-0.061,0.093,0.048,0.062,-0.035,-0.165,-0.002,0.039,
0,0.292,0.306,0.336,0.393,0.393,0.392,0.392,0.392,0.392,
0,0.047,0.042,0.022,0.063,-0.024,-0.039,-0.015,0.011,0.1,
0,0.031,-0.067,0.017,0.197,0.008,-0.12,0.042,-0.09,0.077,
0,0.122,0.007,-0.066,0.132,-0.097,-0.077,-0.079,0.138,0.063,
0,0.01,-0.013,-0.06,0.019,0.096,0.026,-0.022,-0.067,-0.024,
0,-0.063,0.01,-0.007,-0.094,-0.003,-0.104,-0.127,-0.102,-0.116,
0,-0.09,-0.08,-0.088,-0.054,0.07,-0.037,0.039,-0.025,-0.008,
0,0.055,0.071,0.079,0.048,0.001,0.059,0.06,0.085,0.006,
0,-0.014,-0.052,0.047,0.053,-0.06,-0.106,0.074,0.131,0.076,
0,0.018,-0.06,0.065,0.103,-0.103,-0.037,-0.014,-0.059,-0.162,
0,0.201,0.078,0.208,0.026,0.153,0.002,0.294,-0.025,0.172,
0,0.007,-0.021,-0.121,-0.145,0.063,0.021,0.024,-0.102,-0.043,
0,0.008,-0.035,0.018,0.026,-0.069,0.017,0.026,0.041,0.044,
0,-0.002,0.084,0.058,0.077,-0.078,0.066,-0.037,-0.068,-0.037,
0,-0.049,-0.021,-0.051,0.126,0.062,-0.019,0.101,0.048,0.009,
0,-0.082,0.143,-0.068,0.004,-0.086,0.099,0.058,0.078,-0.001,
0,0.079,0.138,0.043,0.021,-0.037,0.012,0.1,-0.052,-0.06,
0,0.041,-0.003,0.038,0.064,-0.048,-0.09,-0.068,0.022,0.084,
0,-0.063,0.044,0.035,-0.019,0.069,-0.03,0.032,0.011,0.054,
0,-0.012,0.026,0.059,0.093,0.06,0.06,0.288,0.073,0.065,
0,0.025,-0.016,-0.026,-0.001,0.031,-0.002,0.019,0.004,0.049,
0,-0.006,-0.104,0.007,-0.009,0.023,-0.051,0.126,0.03,-0.013,
0,0.141,0.171,0.092,-0.07,0.065,0.19,0.204,-0.053,0.035,




Further Data analysis of all test cases 
INSTANCEID avg med max min 
INSTANCE1 0, 0, 0, 0, 
INSTANCE2 -0.006, 0, 0.123, -0.174, 
INSTANCE3 -0.012, 0, 0.112, -0.231, 
INSTANCE4 -0.007, 0, 0.185, -0.184, 
INSTANCE5 -0.016, -0.01, 0.138, -0.152, 
INSTANCE6 -0.013, -0.004, 0.151, -0.261, 
INSTANCE7 -0.008, 0, 0.132, -0.202, 
INSTANCE8 -0.02, -0.019, 0.133, -0.242, 
INSTANCE9 -0.007, -0.007, 0.174, -0.254, 
INSTANCE10 -0.015, -0.001, 0.146, -0.237, 


INSTANCE1 0, 0, 0, 0, 
INSTANCE2 0.03, 0.03, 0.465, -0.161, 
INSTANCE3 0.032, 0.011, 0.431, -0.118, 
INSTANCE4 0.019, 0.013, 0.457, -0.173, 
INSTANCE5 0.028, 0.02, 0.393, -0.145, 
INSTANCE6 0.028, 0.026, 0.393, -0.168, 
INSTANCE7 0.019, 0.012, 0.414, -0.12, 
INSTANCE8 0.029, 0.02, 0.416, -0.165, 
INSTANCE9 0.011, 0, 0.416, -0.154, 
INSTANCE10 0.026, 0.01, 0.416, -0.162, 



