

Data analysis for each instance 
AVG,MED,MAX,MIN
0,0,0,0,0,0,0,0,0,0,
0,-0.058,0.042,0.095,0.031,0.018,0.009,-0.076,-0.054,-0.054,
0,0.011,-0.021,-0.085,0.065,-0.012,-0.036,0.018,-0.003,-0.009,
0,-0.056,-0.125,-0.121,-0.151,-0.068,-0.03,-0.012,-0.003,-0.003,
0,-0.019,0.003,0.041,0.003,0.003,0,0,0,0,
0,-0.007,-0.04,-0.023,-0.032,-0.029,-0.003,0,0,0,
0,0,0,0,0,0,0,0,0,0,
0,0,0,0,0,0,0,0,0,0,
0,-0.146,-0.049,-0.015,-0.033,-0.083,-0.149,-0.129,-0.161,-0.027,
0,-0.006,0.015,0,0,0.003,0.003,0.003,0.003,0.003,
0,-0.015,-0.016,-0.172,-0.1,-0.046,-0.07,-0.073,-0.046,-0.11,
0,0,0,0,0,0,0,0,0,0,
0,0,0,0,0,0,0,0,0,0,
0,-0.019,-0.012,0,0,0,0,0,0,0,
0,-0.11,-0.067,-0.068,-0.041,-0.044,-0.018,-0.035,-0.015,-0.009,
0,-0.149,-0.029,-0.141,-0.053,-0.017,-0.064,-0.026,-0.031,-0.016,
0,-0.063,-0.094,-0.138,-0.08,-0.056,-0.085,-0.1,-0.077,-0.044,
0,-0.051,-0.109,0.008,-0.072,-0.116,-0.113,-0.104,-0.116,-0.069,
0,0,0.003,-0.062,-0.052,-0.012,-0.003,0,0,0,
0,0,0,0,0,0,0,0,0,0,
0,0,-0.081,-0.021,-0.057,-0.006,-0.003,-0.003,-0.003,-0.003,
0,0,0,0,0,0,0,0,0,0,
0,-0.092,-0.108,-0.041,-0.006,-0.003,0,0,0,0,
0,-0.002,-0.016,-0.109,0.023,0.075,0.103,0.113,0.098,0.049,
0,-0.058,-0.058,0.046,0.081,0.024,0.021,0.006,0.003,0.003,
0,-0.147,-0.101,-0.058,-0.087,-0.1,-0.073,-0.052,-0.052,-0.134,
0,0,0,0,0,0,0,0,0,0,
0,-0.023,-0.023,-0.023,0.015,0.042,-0.078,-0.055,-0.029,-0.044,
0,-0.177,-0.21,-0.099,-0.202,-0.158,-0.108,-0.118,-0.069,-0.14,
0,-0.003,0,0,0,0,0,0,0,0,
0,-0.247,-0.185,0.042,-0.033,-0.029,0.07,-0.063,0,-0.011,
0,-0.005,0,0,0,0,0,0,0,0,
0,0,0.038,0.018,0.003,0,0,0,0,0,
0,0,-0.167,-0.021,-0.009,-0.009,-0.006,-0.006,-0.006,-0.006,
0,-0.003,-0.021,-0.003,-0.009,-0.009,-0.012,-0.012,-0.009,-0.012,
0,0.067,-0.015,0.042,0.095,0.063,0.009,-0.012,0.006,-0.003,
0,-0.007,-0.14,-0.071,-0.046,0.054,0.161,0.101,0.098,0.115,
0,0,0,0,0,0,0,0,0,0,
0,0.042,-0.03,-0.023,-0.093,-0.062,-0.021,-0.024,-0.032,-0.018,
0,-0.114,-0.02,-0.07,-0.063,0.014,0.029,0.029,0.006,0.026,
0,0,0,0,0,0,0,0,0,0,
0,0,0.067,-0.079,-0.089,-0.012,-0.024,-0.003,0,-0.009,
0,-0.003,0,0,0,0,0,-0.006,0,0,
0,0,0,0,0,0,0,0,0,0,
0,-0.083,-0.089,-0.046,-0.033,-0.03,-0.05,-0.027,-0.033,-0.018,
0,0,0,0,0,0,0,0,0,0,
0,0,0,0,0,0,0,0,0,0,
0,0.01,0.02,0.014,0.003,0,0.003,0,0.006,0.003,
0,-0.015,-0.026,0.062,-0.107,-0.048,-0.079,-0.117,-0.077,-0.205,
0,-0.045,0.042,0.028,0.032,0.006,-0.006,-0.026,-0.006,0,
0,0,0,0,0,0,0,0,0,0,
0,-0.049,-0.028,0.008,0.034,0.036,-0.017,-0.074,-0.09,-0.049,
0,0,0,0,0,0,0,0,0,0,
0,-0.056,-0.049,0.008,0.016,-0.035,-0.012,-0.029,-0.065,-0.032,
0,-0.04,-0.032,-0.121,0.045,0.095,-0.138,-0.053,-0.051,0.059,
0,-0.123,-0.081,-0.061,-0.127,-0.148,-0.089,-0.091,-0.081,-0.057,
0,0,0,0,0,0,0,0,0,0,
0,-0.002,0,-0.123,-0.134,-0.094,-0.17,-0.135,-0.1,-0.11,
0,-0.062,0.014,0.088,0.066,0.043,0.08,0.006,0.003,-0.009,
0,-0.183,-0.199,0.004,-0.104,-0.126,-0.139,-0.151,-0.145,-0.175,
0,0,0,0,0,0,0,0,0,0,
0,0,-0.124,0,0.111,0.132,0.102,0.015,0.003,0.003,
0,-0.118,-0.023,-0.088,-0.045,-0.069,-0.044,-0.179,-0.144,-0.168,
0,-0.007,0.035,0.014,-0.032,-0.046,-0.012,-0.003,-0.003,-0.003,
0,0,0,0,0,0,0,0,0,0,
0,-0.104,-0.026,0.029,0.027,-0.009,0.052,0.102,0.021,0.015,
0,-0.135,-0.126,-0.079,-0.036,-0.024,-0.063,-0.071,-0.102,-0.063,
0,0,0.047,0.006,0,0,0,0,0,0,
0,0,0,0,0,0,0,0,0,0,
0,0.007,-0.038,-0.039,-0.056,-0.029,-0.006,-0.003,0,0,
0,-0.017,-0.094,-0.086,0.014,-0.018,-0.029,-0.029,-0.006,-0.003,
0,0,0,0,0,0,0,0,0,0,
0,-0.051,-0.081,-0.041,-0.044,-0.07,0.037,-0.136,-0.045,-0.023,
0,-0.139,0.094,0.034,0.031,0.014,-0.042,-0.141,-0.011,-0.109,
0,-0.009,0,0.008,-0.037,-0.031,-0.003,0.048,0.114,0.005,
0,-0.051,-0.113,-0.071,-0.133,-0.111,-0.109,-0.038,-0.024,-0.003,
0,-0.074,-0.081,-0.047,-0.085,-0.024,-0.009,0,0,0,
0,0,0,0,0,0,0,0,0,0,
0,-0.072,-0.099,-0.019,-0.01,0.072,-0.035,0.005,0.014,-0.104,
0,-0.046,-0.048,0.011,0.095,0.167,0.032,0.009,0,0,
0,-0.003,0.003,0.074,0.006,0,0,0,0.006,0.003,
0,-0.022,-0.009,-0.062,-0.044,0.048,-0.053,-0.038,-0.081,-0.085,
0,0,0,0,0,0,0,0,0,0,
0,0.038,0.007,0.023,-0.132,-0.043,-0.093,-0.039,0.039,-0.066,
0,0,0,0,0,0,0,0,0,0,
0,0.07,-0.138,-0.024,0.074,-0.049,-0.149,-0.059,-0.073,-0.143,
0,-0.09,-0.025,0.009,0.02,-0.014,0.031,0.099,-0.003,0.058,
0,0,0,0,0,0,0,0,0,0,
0,-0.03,-0.102,-0.074,-0.122,-0.144,-0.121,-0.08,-0.07,-0.082,
0,-0.022,-0.107,-0.183,-0.164,-0.052,-0.029,-0.065,-0.131,-0.086,
0,-0.165,-0.092,-0.052,-0.05,-0.027,-0.006,-0.003,0,0,
0,-0.135,-0.125,-0.072,-0.115,-0.122,-0.098,-0.11,-0.139,-0.159,
0,-0.074,-0.072,-0.037,0.018,-0.006,-0.026,0.011,0.017,-0.074,
0,-0.005,-0.009,-0.006,-0.003,0,0,0,0,0,
0,-0.095,-0.03,-0.109,-0.018,0.086,-0.015,-0.124,-0.09,-0.093,
0,0.05,-0.016,0.028,0.1,0.098,0.117,0.144,0.098,0.054,
0,0,0,0,0,0,0,0,0,0,
0,-0.116,0.077,-0.003,0.005,0.03,0.047,0.132,0.005,0.003,
0,-0.005,-0.108,-0.015,0,0,0,0,0,0,
0,0,0,0,0,0,0,0,0,0,
0,-0.031,-0.052,-0.09,0.008,-0.005,0.017,0.014,0.025,0.05,
0,0,0,0,0,0,0,0,0.006,0,
0,0,0,0,0,0,0,0,0,0,
0,-0.009,-0.132,-0.15,-0.069,-0.144,0.021,-0.088,-0.099,-0.118,
0,-0.025,-0.039,-0.058,-0.144,-0.088,-0.078,0.029,-0.09,-0.081,
0,-0.005,-0.092,-0.137,-0.078,-0.09,-0.093,-0.077,-0.052,-0.124,
0,0.002,0.02,-0.005,-0.046,-0.045,-0.003,0.009,0.012,-0.006,
0,-0.023,-0.035,0,-0.015,-0.108,-0.024,-0.049,-0.003,-0.027,
0,0.08,-0.085,0.014,-0.049,-0.11,-0.117,-0.077,-0.14,-0.081,
0,0,0,0,0,0,0,0,0,0,
0,0,0,0,0,0,0,0,0,0,
0,-0.058,-0.034,-0.038,-0.027,-0.073,-0.152,-0.144,-0.137,-0.125,
0,-0.144,-0.192,-0.219,-0.174,-0.108,-0.106,-0.132,-0.13,-0.123,
0,0,0.003,0,0,0,0,0,0,0,
0,-0.088,-0.124,-0.072,-0.01,-0.076,-0.015,-0.088,-0.021,-0.026,
0,-0.064,-0.175,-0.119,0.022,-0.148,-0.11,-0.148,-0.157,-0.145,
0,0,0,0,0,0,0,0,0,0,
0,-0.122,-0.11,-0.042,-0.046,-0.036,-0.031,0.026,-0.013,-0.01,
0,-0.011,-0.026,0.012,0.022,0.11,0.06,0.057,0.048,0.035,
0,-0.128,-0.044,-0.026,-0.125,-0.058,-0.11,-0.147,-0.157,-0.109,
0,-0.033,-0.095,-0.029,-0.003,0,0,0,0,0.009,
0,0,0,0,0,0,0,0,0,0,
0,-0.104,-0.054,-0.061,-0.055,-0.052,-0.041,-0.047,-0.015,-0.006,
0,-0.027,0.003,-0.08,-0.111,-0.09,-0.119,-0.062,-0.02,0.028,
0,0,0,0,0,0,0,0,0,0,
0,-0.066,-0.131,-0.069,-0.108,-0.064,-0.076,-0.138,-0.121,-0.126,
0,0,-0.026,-0.094,-0.098,0.017,-0.009,0.006,0.035,0.052,
0,0,0,0,0,0,0,0,0,0,
0,-0.034,-0.031,0.031,-0.065,0.038,-0.092,-0.006,0.008,-0.008,
0,-0.173,-0.19,0.036,-0.084,-0.076,-0.08,-0.144,-0.073,-0.074,
0,-0.083,-0.049,-0.129,-0.116,0.027,-0.028,-0.13,-0.039,-0.07,
0,-0.173,-0.197,-0.207,-0.151,-0.123,0,-0.081,-0.101,-0.038,
0,-0.102,-0.003,-0.09,-0.071,-0.072,-0.064,-0.12,-0.038,-0.106,
0,-0.005,-0.003,0,0,0,0,0,0,0,
0,0,0,0,0,0,0,0,0,0,
0,0,0,0,0,0,0.003,0,0,0,
0,-0.026,-0.027,-0.089,-0.033,-0.015,-0.015,-0.015,-0.092,-0.196,
0,-0.009,-0.012,-0.003,0,0,0,0,0,0,
0,-0.076,0.023,0.011,0.032,0,-0.011,0.025,0.045,0.026,
0,0,0,0,0,0,0,0,0,0,
0,0,-0.034,-0.014,-0.003,0.011,-0.023,-0.058,-0.042,-0.037,
0,-0.031,-0.089,-0.091,0.067,0.015,0.012,0,0,0,
0,-0.214,-0.128,-0.07,-0.063,-0.08,-0.072,-0.088,-0.058,-0.092,
0,0.014,-0.025,-0.124,-0.017,0,0.028,-0.027,-0.043,-0.104,
0,0,0.026,-0.003,0.058,0.061,0.015,0.024,-0.058,0.021,
0,0,0,0.055,0.036,-0.076,0.022,0.023,0.023,0.009,
0,0.061,0.038,0.085,0.063,0.009,0.081,0.116,0.012,0,
0,0.07,-0.091,-0.052,0.011,-0.07,-0.141,-0.133,-0.16,-0.099,
0,0,-0.014,-0.021,-0.018,-0.027,-0.012,0,-0.018,-0.003,
0,-0.161,-0.064,-0.111,-0.005,-0.034,-0.045,-0.049,-0.121,-0.073,
0,-0.113,-0.014,-0.024,-0.015,-0.003,-0.003,-0.003,-0.003,-0.003,
0,-0.065,-0.08,-0.138,-0.108,-0.042,-0.152,-0.164,-0.038,-0.063,
0,0,0,0,0,0,0,0,0,0,
0,-0.186,-0.037,-0.073,-0.008,-0.087,-0.011,-0.016,-0.073,-0.024,
0,-0.021,0.012,-0.006,0,0,0,0,0,0,
0,-0.039,-0.079,-0.079,-0.022,0.015,0.026,-0.032,-0.015,-0.078,
0,-0.094,-0.116,-0.044,0.016,-0.065,-0.073,0.068,-0.016,-0.134,
0,0,0,0,0,0,0,0,0,0,
0,-0.043,-0.066,-0.116,-0.055,-0.039,-0.022,-0.033,-0.144,-0.103,
0,0,-0.043,-0.032,-0.006,-0.024,-0.041,-0.003,0,0,
0,-0.086,-0.072,-0.033,-0.09,-0.091,-0.081,-0.071,-0.068,-0.015,
0,-0.061,-0.12,-0.171,-0.158,-0.147,-0.143,-0.147,-0.209,-0.183,
0,0.005,-0.037,-0.028,0.061,0.02,0.006,0.032,0.066,0.012,
0,-0.024,-0.029,-0.051,-0.006,-0.051,0.003,0.009,0.006,0.009,
0,0,-0.014,-0.029,-0.006,-0.003,0,0,0,0,
0,-0.167,-0.197,-0.189,-0.179,-0.162,-0.125,-0.147,-0.149,-0.096,
0,0,0,0,0,0,0,0,0,0,
0,-0.044,-0.065,-0.097,-0.087,-0.036,-0.021,-0.018,-0.024,-0.03,
0,0.028,0.054,-0.005,-0.057,0.027,-0.006,0.079,0.043,0.014,
0,0,0.035,-0.044,-0.003,0,0,0,0,0,
0,-0.092,-0.053,-0.032,-0.006,-0.003,-0.003,-0.003,-0.003,-0.003,
0,0,0,0,0,0,0,0,0,0,
0,-0.056,0.04,0.037,0.006,0.003,0.003,0.003,0,0,
0,0.003,0,0.012,0.012,0.015,0.055,-0.003,-0.012,0.05,
0,-0.025,-0.018,-0.024,-0.035,0.021,0.003,0.015,-0.039,-0.03,
0,-0.065,0.003,-0.089,-0.024,-0.003,-0.009,0.072,0.021,-0.015,
0,0,0,0,0,0,0,0,0,0,
0,0,0.088,0,-0.017,-0.04,-0.138,-0.06,-0.052,-0.068,
0,-0.029,-0.062,-0.041,0,-0.037,-0.091,-0.068,-0.113,-0.101,
0,-0.116,-0.083,-0.042,-0.016,-0.035,-0.005,0.055,0.064,-0.027,
0,0,0,0,0,0,0,0,0,0,
0,-0.075,-0.132,-0.04,0,-0.006,-0.121,-0.086,-0.061,-0.1,
0,-0.111,-0.071,-0.033,-0.041,-0.052,-0.066,-0.061,-0.071,-0.102,
0,-0.008,-0.07,-0.006,0.006,-0.026,-0.03,-0.027,-0.036,0.032,
0,-0.021,0.062,-0.061,-0.006,-0.009,-0.006,-0.071,-0.015,-0.033,
0,-0.056,-0.162,-0.151,-0.153,-0.133,-0.234,-0.029,0.042,-0.1,
0,0,0,0,0,0,0,0,0,0,
0,-0.101,0.028,-0.071,0.013,0.008,0,0.023,0.021,0.018,
0,-0.038,0.062,0.065,0.04,0.046,0.111,0.101,0.009,0.046,
0,0,-0.006,0.009,0.006,0.003,0,0,0,0.003,
0,-0.037,-0.089,-0.003,-0.003,-0.108,-0.062,0.014,-0.032,-0.076,
0,0.075,-0.052,-0.015,-0.003,-0.006,0.003,-0.003,-0.006,-0.006,
0,-0.22,-0.121,-0.129,-0.058,-0.101,-0.098,-0.098,-0.051,-0.045,
0,0,-0.056,0,0.087,-0.003,0.021,0,0,0,
0,0,0.043,-0.057,-0.009,-0.003,0,0,0,0,
0,0,0,0,0,0,0,0,0,0,
0,-0.074,-0.163,0.032,-0.088,-0.086,-0.065,-0.065,-0.009,-0.003,
0,0,0,0,0.063,0.052,0.101,-0.045,-0.017,-0.037,
0,0,0,0,0,0,0,0,0,0,
0,-0.002,-0.073,-0.105,-0.031,0.012,-0.055,-0.077,-0.148,-0.09,
0,-0.095,-0.129,-0.068,-0.057,-0.009,-0.006,-0.003,-0.003,-0.003,
0,0,0,0,0,0,0,0,0,0,
0,0,0,0,0,0,0,0,0,0,
0,-0.122,-0.203,-0.118,-0.113,-0.157,-0.129,-0.051,-0.101,-0.135,
0,-0.02,-0.006,-0.175,-0.154,-0.068,-0.07,-0.127,-0.081,-0.043,
0,-0.12,-0.147,-0.165,-0.159,-0.127,-0.225,-0.065,-0.06,-0.087,
0,-0.215,-0.119,0.09,-0.071,-0.03,0.008,-0.115,0.078,-0.093,
0,0,0,0,0.096,0.026,0.07,-0.089,0.116,-0.043,
0,-0.003,0,0,0,0,0,0,0,0,
0,-0.036,0.086,0.029,-0.003,-0.003,-0.003,-0.003,-0.003,-0.003,
0,-0.065,-0.079,-0.017,-0.036,-0.078,-0.046,-0.052,-0.049,-0.027,
0,-0.088,-0.053,-0.047,-0.009,-0.003,-0.003,-0.003,-0.003,-0.003,
0,-0.005,0.015,0,-0.003,-0.003,-0.003,-0.003,-0.003,-0.003,
0,-0.019,-0.044,-0.009,-0.006,0,-0.003,0.003,0,0.003,
0,0.022,-0.018,0.003,-0.027,-0.012,0,-0.003,0,0,
0,0,0,0,0,0,0,0,0,0,
0,0,0,0,0,0,0,0,0,0,
0,-0.005,-0.006,0,0,0,0,0,0,0,
0,0,0,0,0,0,0,0,0,0,
0,0,0,0,0,0,0,0,0,0,
0,-0.005,-0.054,-0.058,0.054,0.047,0.082,0.074,0.032,0.012,
0,-0.207,-0.098,-0.085,-0.101,-0.07,-0.009,-0.032,0.006,0.024,
0,-0.082,-0.035,-0.123,-0.141,0.051,0.005,-0.1,0.01,-0.071,
0,0,0,0,0,0,0,0,0,0,
0,-0.04,-0.017,-0.068,-0.073,-0.052,-0.032,0.003,0.006,0.006,
0,-0.009,-0.14,0.06,-0.136,-0.044,-0.07,-0.054,-0.016,-0.05,
0,-0.05,-0.072,-0.057,-0.026,-0.015,0.032,0,-0.033,-0.038,
0,-0.098,-0.032,-0.003,0,0,0,0,0,0,
0,0,0,0,0,0,0,0,0,0,
0,0,0,0,0,0,0,0,0,0,
0,0,0,0,0,0,0,0,0,0,
0,-0.009,-0.092,0.026,0.085,0.01,0.045,0.044,-0.035,-0.003,
0,0,0.003,0,0,0,0,0,0,0,
0,-0.028,-0.118,-0.098,-0.096,-0.111,-0.129,-0.078,-0.041,-0.024,
0,-0.005,-0.027,-0.006,-0.003,-0.003,-0.003,-0.003,-0.003,-0.003,
0,-0.079,-0.113,-0.052,-0.056,-0.021,-0.115,-0.038,-0.08,-0.085,
0,-0.248,-0.112,-0.174,-0.099,-0.178,-0.087,-0.09,-0.142,-0.127,
0,-0.064,-0.1,-0.079,-0.112,0.027,-0.011,0.017,-0.022,-0.003,
0,-0.01,-0.131,-0.035,-0.112,-0.06,-0.094,-0.083,-0.059,-0.023,
0,-0.125,0.013,0.043,0.052,0.048,0.093,0.073,0.068,0.076,
0,0,0,0,0,0,0,0,0,0,
0,0,0,0,0,0,0,0,0,0,
0,0.067,-0.082,0.015,0.042,0.024,-0.014,-0.072,-0.054,-0.029,
0,-0.04,0.025,-0.012,-0.003,-0.003,-0.003,0.063,0.003,0,
0,0,0,0,0,0,0,0,0,0,
0,-0.005,-0.003,0,0,0,0,0,0,0,
0,0,-0.003,0.006,0.003,0,0,0,0,0,
0,0,0,0,0,0,0,0,0,0,
0,0,0,0,0,0,0,0,0,0,
0,-0.104,-0.061,0.067,0.025,-0.087,0.003,-0.111,-0.108,-0.079,
0,0,0,0,0,0,0,0,0,0,
0,0,0,0,0,0,0,0,0,0,
0,-0.005,-0.032,-0.006,0,-0.04,-0.021,-0.006,0.003,0.006,
0,-0.026,-0.003,-0.041,-0.003,-0.009,-0.006,-0.003,-0.003,-0.003,
0,0,0,0,0,0,0,0,0,0,
0,0.004,0.147,0.007,-0.027,-0.147,-0.177,-0.026,-0.089,-0.173,
0,-0.025,0.006,0.009,0.009,0.006,0,0,0,0,
0,-0.003,-0.003,-0.003,0,0,0,0,0,0,
0,-0.002,-0.072,0.022,0.068,-0.049,-0.073,-0.052,0.109,-0.036,
0,0,0,0,0,0,0,0,0,0,
0,0,0,0,0,0,0,0,0,0,
0,-0.023,-0.005,-0.051,-0.003,-0.018,-0.02,-0.027,-0.003,-0.012,
0,0.003,0.012,-0.012,-0.006,-0.003,0,0,0,0,
0,-0.204,0.05,-0.039,-0.037,0.042,-0.072,-0.054,-0.021,-0.003,
0,-0.146,-0.072,-0.172,-0.115,-0.178,-0.115,-0.159,-0.139,-0.104,
0,0,0,0,0,0,0,0,0,0,
0,0,0,0,0,0,0,0,0,0,
0,0.003,-0.003,-0.003,0,0,0,0,0,0,
0,0,0,0,0,0,0,0,0,0,
0,-0.11,-0.008,0.008,0.07,-0.037,-0.014,-0.09,-0.014,0.031,
0,0,-0.015,0.009,0.003,0,0,0,0,0,
0,-0.017,0.098,-0.127,-0.101,-0.074,-0.027,-0.018,-0.003,0,
0,0,-0.038,-0.002,-0.028,-0.101,-0.136,0.041,-0.043,-0.094,
0,0.023,-0.009,-0.074,-0.003,-0.065,0.037,0.06,-0.008,-0.047,
0,-0.09,-0.122,-0.108,-0.074,-0.088,-0.044,-0.006,0,0,
0,0,0,0,0,0,0,0,0,0,
0,0.039,0.015,0.028,0.084,-0.005,-0.057,-0.064,-0.029,-0.05,
0,-0.007,-0.002,0.067,-0.023,-0.011,0.011,0.094,0,0.046,
0,0,0,0,0,0,0,0,0,0,
0,0,0,0,0,0,0,0,0,0,
0,0,0,0,0,0,0,0,0,0,
0,0,0,0,0,0,0,0,0,0,
0,-0.057,0.041,-0.025,0.03,-0.037,-0.017,-0.018,-0.018,-0.042,
0,0,-0.003,0,0,0,0,0.003,0,0,
0,0,0,0,0,0,0,0,0,0,
0,-0.015,0.003,0.003,0,0,0,0,0,0,
0,-0.07,-0.115,-0.076,-0.124,-0.019,-0.05,-0.055,-0.047,-0.072,
0,-0.074,0.074,-0.036,-0.015,0,0,0,0,0,
0,-0.079,-0.019,0.039,-0.082,-0.081,-0.063,-0.079,-0.069,-0.066,
0,0,0,0,0,0,0,0,0,0,
0,-0.045,0.063,-0.081,0.014,-0.042,0.018,-0.065,0.036,0.134,
0,0,0,0,0,0,0,0,0,0,
0,0,-0.045,-0.003,0.04,0.033,0,0,0,0,
0,0,0,-0.008,0.081,0.012,-0.006,0.018,0.003,0.051,
0,0,0.052,0.141,0.018,0.015,0.012,0,0,0,
0,-0.139,-0.125,-0.024,-0.075,-0.045,-0.003,-0.072,-0.015,-0.012,
0,-0.035,0,0.003,-0.009,0,0,0.003,0.003,0.003,
0,-0.005,-0.037,0.01,-0.044,0.031,0.032,-0.132,0.043,0.036,
0,0,0,0,0,0,0,0,0,0,
0,-0.079,-0.243,-0.101,-0.038,-0.084,-0.141,0.024,-0.061,-0.089,
0,-0.057,-0.026,-0.027,-0.024,-0.003,0,0,0,0,
0,-0.03,-0.077,-0.031,0,0.053,0.067,-0.029,-0.038,-0.058,
0,0.013,-0.129,0.022,0.042,0.056,-0.006,-0.011,-0.026,-0.009,
0,-0.183,-0.29,-0.19,-0.177,-0.156,-0.05,-0.003,-0.039,-0.021,
0,-0.045,-0.027,-0.024,0,0,0,0,0,0,
0,-0.127,-0.181,-0.229,0.005,0.031,-0.043,0.099,0.119,0.136,
0,0,-0.032,-0.123,-0.078,-0.029,-0.018,-0.033,-0.097,-0.077,
0,0,0.076,0.09,0.006,0,0,0,0,0,
0,-0.044,-0.037,0.037,-0.034,-0.095,-0.079,-0.08,0.005,0.033,
0,-0.133,-0.041,-0.023,-0.08,-0.071,-0.076,-0.06,-0.129,0.008,
0,-0.009,-0.003,0,0,0,0,0,0,0,
0,-0.023,-0.039,-0.059,-0.003,-0.065,-0.069,-0.047,-0.072,-0.033,
0,-0.01,0.057,0.003,0,0,0,0,0,0,
0,-0.048,-0.111,-0.086,-0.04,-0.084,-0.15,0,-0.071,-0.064,
0,0.003,0.003,0,0,0,0,0,0,0,
0,0,-0.035,-0.003,0,0,0,0,0,0,
0,-0.003,-0.012,0.003,0.05,0.024,0.003,0.003,0.003,0.003,
0,0,0,0,0,0,0,0,0,0,
0,-0.049,-0.027,-0.009,-0.003,-0.003,0,-0.003,0,-0.003,
0,0,0,0,0,0,0,0,0,0,
0,0.026,0.017,-0.012,-0.024,-0.075,-0.039,-0.075,-0.053,-0.039,
0,0,0,0,0,0,0,0,0,0,
0,0,0,0,0,0,0,0,0,0,
0,0,0,0,0,0,0,0,0,0,
0,-0.003,-0.025,-0.009,-0.018,0,0.003,0.003,0.003,0.003,
0,0,0,0,0,0,0,0,0,0,
0,0,0,0,0,0,0,0,0,0,
0,-0.059,-0.02,-0.029,-0.02,-0.03,-0.033,-0.047,-0.024,-0.009,
0,-0.036,-0.037,-0.026,0.017,0.119,0.087,0.021,0.006,0,
0,0,0,0,0,0,0,0,0,0,
0,0,0,0,0,0,0,0,0,0,
0,0.029,0.089,0.005,-0.038,-0.034,-0.043,-0.149,-0.043,0.01,
0,-0.142,-0.031,0.09,-0.028,-0.029,-0.039,-0.011,-0.037,-0.067,
0,-0.077,-0.009,-0.157,-0.072,-0.012,-0.074,-0.024,-0.024,-0.093,
0,0.039,-0.006,0,-0.019,-0.003,0,0,0,0,
0,0,0,0,0,0,0,0,0,0,
0,0,0,0,0,0,0,0,0,0,
0,0.029,-0.029,-0.104,-0.138,-0.181,-0.116,-0.086,-0.145,-0.096,
0,-0.033,-0.045,0.065,0.072,-0.047,-0.014,-0.081,0.106,0.066,
0,0,0,0,0,0,0,0,0,0,
0,0,-0.022,0.056,-0.049,-0.017,0.009,0,0.015,-0.061,
0,-0.006,0,0,0,0,0,0,0,0,
0,0,0,-0.02,-0.003,0,0,0,0,0,
0,-0.076,0.068,-0.024,-0.014,-0.04,-0.073,-0.056,0.003,-0.047,
0,0,0,0,0,0,0,0,0,0,
0,-0.136,-0.111,-0.053,0.009,0.006,0.048,-0.069,-0.052,-0.115,
0,0.07,-0.033,0.033,0,0,0,0,0,0,
0,0,0,0,0,0,0,0,0,0,
0,-0.003,-0.139,-0.169,-0.11,-0.067,-0.093,-0.042,-0.033,-0.033,
0,0.01,-0.148,-0.071,-0.018,0.006,-0.018,-0.021,-0.021,-0.003,
0,0,0,0,0,0,0,0,0,0,
0,0,-0.031,-0.014,-0.015,0,-0.05,-0.072,-0.079,-0.003,
0,-0.107,-0.018,-0.036,-0.003,0,0,0,0,0,
0,0,-0.005,-0.049,-0.045,-0.025,0.017,0.011,-0.083,-0.071,
0,0,0.003,0.006,0.003,0,0,0,0,0,
0,-0.027,-0.059,-0.024,-0.036,0.003,0,-0.006,0.003,0.003,
0,0,0.006,0,0,0,0,0,0,0,
0,-0.173,0.026,0.021,-0.019,-0.049,-0.072,-0.066,-0.074,-0.061,
0,0,0,0,0,0,0,0,0,0,
0,-0.002,-0.036,-0.066,-0.027,-0.032,0.048,0.038,0.017,0.034,
0,0.01,0.003,0.003,0,0,0,0,0,0,
0,-0.074,-0.041,-0.027,-0.006,0,0,0,0,0,
0,-0.156,-0.182,-0.087,-0.105,-0.08,-0.116,-0.233,-0.125,-0.103,
0,-0.137,-0.084,-0.021,-0.058,-0.033,-0.042,-0.056,-0.036,-0.009,
0,0,0,0,0,0,0,0,0,0,
0,0.013,-0.017,0.04,0.015,0,0,0,0,0,
0,0.017,0.006,0.003,0.003,0.003,0.003,0.003,0.003,0.003,
0,-0.139,-0.111,0.073,-0.13,-0.101,-0.125,-0.056,-0.067,-0.072,
0,0,0,0,0,0,0,0,0,0,
0,-0.145,0.033,0.102,0.09,0.114,0.155,-0.016,-0.003,0.081,
0,-0.022,-0.026,-0.1,-0.102,-0.12,-0.099,-0.105,-0.072,-0.033,
0,0,0,0,0,0,0,0,0,0,
0,-0.014,0.024,0.003,0.003,0.003,0.003,0.003,0.003,0.003,
0,-0.033,-0.003,0,0,0,0,0,0,0,
0,0,0,0,0,0,0,0,0,0,
0,0,0.048,0.009,0.015,0.012,0.003,0,0,0,
0,-0.01,-0.055,-0.083,-0.015,-0.006,-0.03,-0.072,-0.056,-0.078,
0,-0.018,0,-0.006,-0.003,-0.003,-0.003,-0.003,-0.003,-0.003,
0,0,0,0,0,0,0,0,0,0,
0,0,0,0,0,0,0,0,0,0,
0,-0.027,-0.082,-0.107,-0.07,-0.117,-0.125,-0.093,-0.009,0,
0,-0.054,-0.082,-0.036,-0.069,-0.066,-0.012,-0.03,-0.015,-0.006,
0,0,0,0,0,0,0,0,0,0,
0,-0.088,-0.122,-0.122,-0.098,-0.047,-0.117,-0.053,-0.047,-0.012,
0,0,0,0,0,0,0,0,0,0,
0,-0.038,-0.012,0,-0.003,-0.003,-0.003,-0.003,-0.003,-0.003,
0,0,0,0,0,0,0,0,0,0,
0,0,0,0,0,0,0,0,0,0,
0,-0.006,0,0,0,0,0,0,0,0,
0,0,0,0,0,0,0,0,0,0,
0,-0.085,-0.03,-0.024,-0.009,-0.012,-0.003,-0.009,-0.022,-0.07,
0,-0.02,0.02,0.047,0.085,0.044,0.03,-0.003,-0.003,0,
0,-0.005,0.035,-0.012,0,-0.003,0,0.003,0.003,0.003,
0,0,0,0,0,0,0,0,0,0,
0,0,0,0,0,0,0,0,0,0,
0,0,0,0,0,0,0,0,0,0,
0,0.005,0.041,0.058,0.075,0.036,0.003,-0.003,-0.003,-0.003,
0,-0.056,-0.039,-0.124,-0.12,-0.153,-0.102,-0.158,-0.133,-0.092,
0,0,0,0,0,0,0,0,0,0,
0,-0.079,-0.045,0.066,-0.032,0.054,0.045,-0.021,-0.021,-0.073,
0,0,0,0,0,0,0,0,0,0,
0,0.005,-0.088,-0.105,-0.047,-0.053,-0.018,-0.039,-0.024,-0.059,
0,-0.072,-0.034,0.034,0.077,0.081,0.106,0.064,0.008,-0.046,
0,0,0,0,0,0,0,0,0,0,
0,-0.073,0.041,0.042,0.006,0,-0.003,-0.003,-0.003,-0.003,
0,0,0,0,0,0,0,0,0,0,
0,0,0,0,0,0,0,0,0,0,
0,-0.109,-0.014,0.019,0.014,-0.038,0.038,-0.049,-0.038,0.063,
0,0.062,-0.003,-0.027,0.021,0.024,0.006,0.003,0,0.006,
0,0,0.031,-0.134,-0.014,0.068,0.029,0.03,0.003,0.006,
0,0,0,0,0,0,0,0,0,0,
0,-0.006,-0.006,0,0,0,0,0,0,0,
0,0,0,0,0,0,0,0,0,0,
0,0,-0.018,0.006,-0.078,0.023,0.003,0.003,0,0.003,
0,0,0.003,0,0,0,0,0,0,0,
0,-0.087,0.038,0.035,0.026,-0.024,-0.006,-0.024,-0.006,-0.003,
0,-0.01,-0.058,-0.043,-0.024,-0.003,-0.045,-0.006,0,0,
0,0,0,0,0,0,0,0,0,0,
0,-0.003,0,-0.003,-0.087,0.016,0.063,0.035,0.087,0.112,
0,0.008,0.017,0.086,0.036,0.043,-0.03,0.096,0.006,-0.012,
0,0,0,0,0,0,0,0,0,0,
0,-0.199,-0.165,-0.052,0.003,-0.034,-0.12,-0.106,-0.083,-0.093,
0,-0.022,-0.067,-0.019,-0.003,-0.003,-0.003,-0.003,-0.003,-0.003,
0,0,0,0,0,0,0,0,0,0,
0,-0.139,-0.11,-0.105,-0.122,-0.093,-0.058,-0.098,-0.077,-0.108,
0,0,0,0,0,0,0,0,0,0,
0,-0.053,-0.04,0.013,-0.013,-0.06,-0.041,0.043,0.023,0.086,
0,-0.015,0.003,0,-0.003,0,-0.003,0,-0.003,0,
0,-0.027,-0.024,-0.003,-0.003,-0.003,-0.003,-0.003,-0.003,-0.003,
0,-0.135,-0.098,-0.088,-0.027,-0.027,-0.083,-0.045,-0.012,-0.072,
0,0,-0.009,0,0,0,0,0,0,0,
0,0,-0.024,0.009,0.052,0.003,0,0,0.041,0.003,
0,-0.069,-0.039,-0.039,0.071,0.061,0.027,0.03,0.003,0.006,
0,-0.087,0,-0.039,-0.009,0.003,0.003,0.006,0.003,0.006,
0,0,-0.003,0,-0.087,-0.072,-0.041,-0.018,-0.006,-0.012,
0,0,0,0,0,0,0,0,0,0,
0,-0.077,-0.068,-0.012,-0.006,0.003,0,0,0,0,
0,0,0,0,0,0,0,0,0,0,
0,0,0,0,0,0,0,0,0,0,
0,0,0,0,0,0,0,0,0,0,
0,0.032,-0.044,-0.006,0,0,0,0.003,0,0,
0,-0.037,-0.003,0,0,0,0,0,0,0,
0,0,0,0,0,0,0,0,0,0,
0,0.015,-0.081,0.014,0.017,0.008,-0.046,-0.029,-0.024,-0.066,
0,-0.031,-0.036,0.064,0.074,0.027,0,0.012,0.006,0,
0,-0.061,0.027,0.062,0.064,0.03,0.019,0.022,0.033,0.015,
0,-0.046,0.015,0.05,0.03,0,0,0,0,0,
0,-0.12,0.086,0.08,-0.042,0.026,0.089,0.148,0.119,0.113,
0,0.017,0.009,0.011,-0.024,-0.03,0,0,0,-0.009,
0,0,0,0,0,0,0,0,0,0,
0,0,0,0,0,0,0,0,0,0,
0,0,0,0,0,0,0,0,0,0,
0,-0.067,0.015,-0.103,-0.097,-0.128,-0.119,-0.033,-0.027,-0.021,
0,-0.079,0.071,-0.092,-0.015,-0.021,0,0.003,0.003,0.003,
0,-0.108,-0.02,-0.059,-0.106,-0.092,-0.05,-0.071,-0.069,-0.044,
0,0,0,-0.066,-0.02,-0.024,0,-0.015,-0.003,-0.003,
0,0,0,0,0,0,0,0,0,0,
0,0.002,0.125,0.092,0.031,-0.103,-0.058,-0.097,-0.021,-0.033,
0,0,0,0,0,0,0,0,0,0,
0,-0.087,-0.037,0.036,0.006,0.003,0.003,0.003,0.003,0.003,
0,0,-0.011,-0.018,0.049,0.043,0.024,0.035,0.035,0.012,
0,-0.018,-0.008,-0.022,-0.016,0.006,0.034,-0.068,-0.018,0.009,
0,0,0,0,0,0,0,0,0,0,
0,-0.115,-0.138,-0.217,-0.056,-0.117,-0.062,-0.064,-0.078,-0.083,
0,0.002,0.058,-0.026,-0.075,-0.114,0.028,-0.051,-0.032,0.005,
0,-0.168,-0.018,0.03,-0.093,-0.058,-0.032,-0.08,-0.095,-0.223,
0,0,0,0,0,0,0,0,0,0,
0,0,0,0,0,0,0,0,0,0,
0,-0.043,0.032,0.071,-0.003,-0.096,-0.107,-0.047,0.085,0.034,
0,0,0,0,0,0,0,0,0,0,
0,-0.196,-0.128,-0.084,-0.08,-0.128,-0.123,-0.193,-0.128,-0.127,
0,0.103,0.118,0.014,0.097,0.051,0.057,-0.108,-0.04,-0.003,
0,-0.147,-0.077,-0.087,0.016,0.03,-0.008,0.006,0.072,0.027,
0,0,0,0,0,0,0,0,0,0,
0,0,0,0,0,0,0,0,0,0,
0,-0.133,-0.149,-0.163,-0.132,-0.108,-0.078,-0.068,-0.096,-0.123,
0,0,0,0,0,0,0,0,0,0,
0,-0.127,-0.075,-0.036,-0.065,-0.009,-0.123,-0.117,-0.105,-0.068,
0,0.005,-0.032,-0.093,-0.106,-0.051,-0.021,-0.009,-0.003,-0.003,
0,0,-0.077,-0.047,-0.055,-0.105,-0.066,-0.027,-0.072,-0.036,
0,0,0,0,0,0,0,0,0,0,
0,0,0,0,0,0,0,0,0,0,
0,-0.043,0,-0.003,0,0,0,0,0,0,
0,-0.088,-0.036,-0.003,0,0,0,0,0,0,
0,-0.2,-0.082,-0.058,-0.037,-0.036,-0.093,-0.068,-0.181,-0.144,
0,-0.126,-0.027,0.035,-0.1,-0.047,0.003,0.009,0.021,0.021,
0,0.06,0.052,0.015,0.065,-0.003,0.006,0.049,0.054,0,
0,0,0,0,0,0,0,0,0,0,
0,-0.07,-0.102,-0.189,-0.264,-0.163,-0.186,-0.161,-0.134,-0.163,
0,-0.067,-0.025,-0.092,-0.005,-0.036,-0.098,-0.103,-0.053,-0.112,
0,-0.177,-0.111,-0.069,-0.05,-0.052,-0.038,-0.044,-0.027,-0.012,
0,-0.138,0.081,-0.028,-0.054,-0.119,-0.128,-0.134,-0.151,-0.124,
0,-0.078,0.042,-0.048,0.031,0.045,0.021,0.003,-0.027,-0.009,
0,-0.054,0,-0.04,-0.009,-0.006,-0.006,-0.006,-0.006,-0.006,
0,0,0.049,0.018,-0.003,0.009,0.006,0.006,0.003,0.006,
0,0,0,0,0,0,0,0,0,0,
0,-0.049,-0.133,-0.067,0.1,-0.057,-0.046,-0.053,-0.031,-0.125,
0,-0.148,-0.12,-0.018,-0.093,-0.075,-0.05,-0.108,-0.027,-0.03,
0,0,0,0,0,0,0,0,0,0,
0,0,0,0,0,0,0,0,0,0,


0,-0.008,0.05,0.027,0.024,0.021,0.021,0.021,0.021,0.021,
0,0.019,0.008,0,-0.078,-0.029,-0.015,0.078,0.057,0.057,
0,0.027,-0.111,0.037,0.003,0.024,-0.026,-0.044,0.003,0.009,
0,-0.053,-0.02,0.003,0.06,-0.022,-0.023,0.006,-0.012,0,
0,0.027,-0.024,-0.003,0,0,0,0,0,0,
0,0.007,-0.003,0.026,-0.083,0.018,-0.032,-0.098,-0.093,-0.06,
0,-0.054,-0.09,-0.061,-0.012,-0.012,-0.003,-0.003,-0.003,-0.003,
0,-0.064,-0.06,-0.003,0,0,0,0,0,0,
0,0.039,-0.054,0.032,0.1,-0.01,0.01,0.016,0.045,-0.083,
0,0.008,0.006,0,0,-0.003,-0.003,-0.003,-0.003,-0.003,
0,-0.063,-0.047,0.078,0.011,-0.115,0.003,0.036,0.023,0.102,
0,0.062,-0.055,-0.021,0.003,0.003,0.006,0.003,0.006,0.003,
0,-0.011,-0.003,-0.003,0.006,0.006,0.009,0.009,0.009,0.009,
0,-0.078,-0.062,-0.006,-0.027,-0.035,0,-0.015,-0.006,-0.006,
0,-0.01,0.013,0.008,-0.05,-0.06,-0.048,-0.076,-0.08,-0.078,
0,0,-0.054,0.117,-0.055,-0.128,-0.042,-0.015,0.029,0.011,
0,0.034,0.017,0.053,0.011,0.023,0.062,0.081,0.051,-0.034,
0,0.002,0.012,-0.055,-0.046,-0.028,-0.015,-0.074,0.034,-0.03,
0,0.033,0.031,0.045,0.034,0.009,-0.009,-0.003,-0.003,-0.003,
0,0.318,0.187,0.171,0.169,0.169,0.169,0.169,0.169,0.169,
0,0.019,0.084,0.024,0.06,0.009,0.006,0.006,0.006,0.006,
0,0.082,0.074,0.003,0.003,0.003,0.003,0.003,0.003,0.003,
0,0.082,0.008,0.018,0.003,0.003,0,0,0,0,
0,0.071,-0.042,0.003,0.006,-0.012,-0.003,0,0,0,
0,-0.099,0.032,-0.067,-0.012,-0.003,0,0,0,0,
0,0.045,-0.026,0.019,0.041,0.016,0,-0.057,-0.047,0.058,
0,0.097,0.09,0.053,0.047,0.05,0.047,0.05,0.047,0.05,
0,0.093,-0.059,-0.057,-0.051,-0.04,0.05,-0.039,-0.056,-0.006,
0,-0.019,-0.067,0.023,0.044,0.02,0.07,0.056,-0.032,0.016,
0,-0.068,0.015,0.003,0.006,0.006,0.006,0.006,0.006,0.006,
0,-0.024,-0.011,-0.125,-0.116,-0.031,-0.015,0.082,-0.005,-0.051,
0,0.016,-0.07,-0.16,-0.033,-0.055,-0.024,-0.003,0.006,-0.006,
0,-0.109,-0.121,-0.041,-0.003,0,0,0,0,0,
0,0.014,0.126,0.018,0.009,0.009,0.006,0.006,0.006,0.006,
0,-0.057,-0.009,0.018,-0.003,0.012,0.015,0.015,0.012,0.015,
0,-0.009,-0.043,-0.006,0.058,0.009,0.003,0.009,0.006,0,
0,-0.126,0.034,0.023,-0.021,-0.059,-0.085,-0.131,-0.122,-0.075,
0,0,0.003,0.003,0.003,0.003,0.003,0.003,0.003,0.003,
0,0.017,0.063,0.023,0.057,0.026,-0.006,-0.045,-0.026,0.003,
0,-0.071,-0.073,-0.03,-0.025,-0.02,-0.048,-0.023,-0.032,-0.098,
0,0,0.003,0,0,0,0,0,0,0,
0,-0.099,-0.15,-0.033,-0.03,-0.041,-0.064,-0.035,-0.009,0.012,
0,0.039,0.077,0.024,0.006,0.057,0.078,0.024,0.006,0.006,
0,-0.056,-0.003,0.009,0.012,0.012,0.012,0.012,0.012,0.012,
0,-0.07,-0.032,-0.009,0.012,0.033,0.056,0.033,0.039,0.024,
0,-0.078,-0.064,0.012,0.021,0.018,0.018,0.018,0.018,0.018,
0,0.075,0.065,0.075,0.075,0.075,0.075,0.075,0.075,0.075,
0,-0.114,-0.034,-0.042,-0.04,-0.003,0,-0.003,0,0,
0,-0.01,-0.106,-0.041,0.08,-0.063,0.036,-0.026,-0.095,0.035,
0,-0.017,0,0,-0.035,-0.076,-0.095,-0.037,-0.012,-0.015,
0,0.026,0.015,0.015,0.015,0.015,0.015,0.015,0.015,0.015,
0,0,0.028,-0.054,-0.037,-0.129,-0.089,-0.031,-0.027,-0.003,
0,0.049,0.06,0.055,0.018,0.003,0.003,0.003,0.003,0.003,
0,-0.03,-0.003,0,0.05,0.083,0.006,0.026,0.017,-0.009,
0,-0.002,0.047,0.156,0.012,-0.029,0.167,0.059,0.046,0.054,
0,-0.043,-0.038,-0.062,-0.005,0.021,-0.079,-0.055,-0.019,0.04,
0,0.101,0.077,0.036,0.009,0.006,0.006,0.006,0.006,0.006,
0,0.03,-0.025,0.032,0.053,0.016,0.095,-0.008,-0.089,-0.039,
0,-0.007,-0.058,-0.093,0.076,-0.035,0.022,0.003,-0.009,-0.026,
0,0.101,0.019,-0.026,0.181,0.047,0.082,0.063,0.1,0.058,
0,0.031,0.024,0.003,0,0,0,0,0,0,
0,-0.043,0.008,0.026,0.035,0.009,0.006,0.006,0.006,0.006,
0,0.035,0.197,0.203,0.115,0.12,0.086,0.189,0.149,0.168,
0,-0.128,-0.097,-0.039,0.017,0.049,0.018,-0.015,0,0.006,
0,0.146,0.091,0.085,0.085,0.085,0.085,0.085,0.085,0.085,
0,-0.015,-0.006,-0.026,-0.012,0,-0.012,0,-0.015,0.003,
0,0.043,0.021,-0.008,-0.043,-0.012,0.046,0.009,0.077,-0.049,
0,-0.095,-0.08,-0.068,0,0.003,0.003,0.003,0.003,0.003,
0,-0.028,0.003,0.003,0.003,0.003,0.003,0.003,0.003,0.003,
0,-0.051,-0.008,0.025,0.056,0.018,-0.07,-0.003,-0.038,-0.015,
0,-0.068,0.092,0.064,0.046,0.03,0.035,0.032,0.009,0.006,
0,0.104,0.055,0.066,0.079,0.03,0.03,0.03,0.03,0.03,
0,-0.03,-0.054,-0.059,-0.012,0.082,0.021,0.017,0.022,0.073,
0,0.078,0.025,-0.12,-0.034,-0.073,0,0.008,-0.034,0.055,
0,-0.005,0.081,-0.013,-0.045,0.051,0.029,0.016,-0.098,-0.041,
0,-0.149,0.019,0.054,0.088,0.084,0.104,0.038,0.024,0.003,
0,0.002,-0.111,-0.093,-0.025,-0.018,-0.018,-0.015,0,0,
0,0.243,0.154,0.132,0.132,0.132,0.132,0.132,0.132,0.132,
0,0.015,0.087,0.07,-0.026,-0.056,-0.009,-0.014,0.055,0.042,
0,-0.053,0.091,0.003,-0.003,-0.096,-0.009,0,0,0,
0,-0.017,-0.006,0,0,0.003,0,0.003,0,0.003,
0,-0.098,-0.093,-0.099,0.03,-0.037,0.028,0.04,0.083,0.091,
0,0.003,-0.003,0.003,0.006,0.006,0.006,0.006,0.006,0.006,
0,-0.2,-0.083,-0.037,0.107,0.033,0.042,-0.073,0.025,0.088,
0,-0.027,-0.003,0,0,0,0,0,0,0,
0,-0.042,0.05,-0.108,-0.109,0.013,0.003,-0.008,-0.003,0.047,
0,0.005,0.014,0.02,0.003,0.054,0.037,-0.052,-0.017,0.012,
0,0.07,0.024,0.012,0.012,0.012,0.012,0.012,0.012,0.012,
0,-0.016,-0.042,0.003,0.075,0.097,0.016,-0.044,-0.008,0.09,
0,-0.067,0.026,0.11,0.108,0.06,0.086,0.049,-0.021,-0.155,
0,0.071,-0.072,-0.055,0,-0.046,-0.052,-0.06,-0.069,-0.021,
0,-0.059,-0.032,-0.021,0.024,0.03,0.025,0,0.022,0.123,
0,-0.043,-0.124,-0.034,-0.011,-0.014,-0.019,-0.03,0.011,0.014,
0,-0.056,-0.154,-0.062,-0.043,-0.032,-0.009,-0.006,-0.006,0,
0,0.004,-0.128,-0.051,-0.075,-0.045,-0.022,0.005,0.008,0.02,
0,0.103,-0.049,-0.111,-0.105,-0.054,-0.049,-0.012,0.003,0.003,
0,0.118,0.066,0.063,0.063,0.063,0.063,0.063,0.063,0.063,
0,0.004,-0.087,0.054,-0.028,-0.055,-0.129,-0.049,0.029,0.028,
0,-0.03,0.038,0.006,0,0,0,0,0,0,
0,0.009,0.006,0.003,0.003,0.003,0.003,0.003,0.003,0.003,
0,-0.082,-0.05,0.075,-0.008,0.074,-0.033,-0.049,-0.011,-0.026,
0,0.033,0,-0.048,0.029,0.018,0.038,0.009,0.003,0.003,
0,-0.069,-0.003,0,0.003,0.003,0.003,0.003,0.003,0.003,
0,0.049,0.099,-0.042,0.041,0.076,0.061,0.093,-0.01,-0.017,
0,0.021,-0.075,-0.041,0.044,-0.111,-0.02,-0.172,-0.164,-0.015,
0,-0.032,0.082,0.108,-0.051,-0.033,0.025,-0.051,-0.005,0.026,
0,-0.05,0.038,0.038,0.084,0.07,0.024,-0.006,-0.003,0.006,
0,0.005,-0.031,-0.018,0.003,0.105,0.024,0.049,0.003,0.027,
0,-0.018,0.064,0.003,0.038,-0.015,0.021,0.011,0.023,0.003,
0,0.096,0.031,0.039,0.042,0.042,0.042,0.042,0.042,0.042,
0,-0.13,-0.032,0.082,0.071,0.009,0.006,0.003,0.003,0.003,
0,-0.035,-0.125,-0.141,-0.188,-0.056,0.09,0.091,0.121,0.101,
0,-0.08,-0.02,0.095,0.002,-0.075,-0.062,-0.059,-0.038,-0.05,
0,-0.035,-0.009,0.003,0.003,0.003,0.003,0.003,0.003,0.003,
0,0.045,0.083,-0.005,0.055,0.09,-0.048,0.029,-0.035,-0.028,
0,-0.129,-0.081,-0.035,-0.128,-0.009,-0.109,0.025,0.007,-0.012,
0,0,0,0,0,0,0,0,0,0,
0,0.015,-0.068,-0.01,-0.039,-0.013,-0.015,-0.005,0.03,0.003,
0,-0.067,-0.017,-0.04,0.006,-0.043,-0.02,0.037,-0.006,0,
0,-0.028,0.011,0,-0.007,0.06,0.071,0.036,0.061,-0.017,
0,-0.093,-0.005,0.009,-0.116,-0.148,-0.057,-0.068,-0.096,-0.076,
0,0.126,0.064,0.061,0.061,0.061,0.061,0.061,0.061,0.061,
0,0.018,0.006,0.038,0.023,0.035,0.035,0.047,0.006,0.003,
0,-0.084,-0.085,0.008,-0.01,-0.068,-0.005,-0.053,-0.014,-0.077,
0,0.035,0.039,0.045,0.042,0.042,0.042,0.042,0.042,0.042,
0,-0.034,0.04,-0.012,-0.018,0.043,0.008,-0.03,0.018,0.021,
0,-0.158,-0.154,0.005,-0.01,-0.112,-0.106,-0.086,-0.033,-0.032,
0,0.101,0.047,0.021,0.018,0.018,0.018,0.018,0.018,0.018,
0,-0.07,-0.122,-0.092,0.065,0.011,0.007,-0.082,-0.09,-0.045,
0,-0.002,0.063,-0.069,-0.03,0.013,-0.07,0.052,-0.011,-0.054,
0,-0.096,-0.132,-0.125,-0.085,-0.11,-0.068,-0.127,-0.082,-0.087,
0,-0.008,0.116,0.107,0.018,0.073,-0.136,-0.191,-0.077,-0.041,
0,-0.099,-0.065,-0.008,0.049,0.064,0.05,0.115,0.026,0.073,
0,0.033,0.006,0.003,0.003,0.003,0.003,0.003,0.003,0.003,
0,0.046,0.006,0.009,0.009,0.009,0.009,0.009,0.009,0.009,
0,0.068,0.021,0.006,0.003,0.003,0.003,0.003,0.003,0.003,
0,-0.166,-0.159,-0.147,-0.015,-0.021,0.009,0.009,0.087,0.191,
0,-0.041,-0.003,0.003,0.003,0.003,0.003,0.003,0.003,0.003,
0,-0.079,0.008,-0.011,0.049,0.045,0.029,0.029,0.012,0.003,
0,0.006,0.003,0.003,0.003,0.003,0.003,0.003,0.003,0.003,
0,-0.094,0.011,0.045,0.12,0.092,0.065,0.164,0.078,0.054,
0,0.01,0.102,0.11,0.027,0.009,0.006,0.006,0.006,0.006,
0,0.092,-0.044,-0.01,-0.084,-0.025,0.011,-0.042,0.032,0.013,
0,-0.16,-0.082,-0.051,0.002,0.027,-0.11,-0.014,0.082,-0.044,
0,0.064,0,0.006,-0.066,-0.041,-0.033,0.003,0.063,0.012,
0,-0.123,0.045,0.042,-0.005,0.081,0.05,-0.006,-0.003,0,
0,-0.034,-0.008,0.044,0.044,0.006,0.003,0.003,0.003,0.003,
0,-0.078,-0.033,-0.072,-0.108,-0.084,-0.062,0.003,0.053,-0.008,
0,-0.055,0.022,-0.04,-0.057,0.015,-0.062,-0.03,-0.018,-0.021,
0,-0.023,0.073,0.016,-0.053,-0.014,0.005,-0.005,0.015,-0.064,
0,-0.035,-0.133,-0.066,-0.049,-0.047,-0.027,-0.06,-0.06,-0.052,
0,-0.033,-0.062,0.032,0.087,-0.091,-0.031,-0.007,-0.003,0.033,
0,0.069,0.012,0.003,0.003,0.003,0.003,0.003,0.003,0.003,
0,0.129,-0.109,-0.059,-0.085,-0.028,-0.094,-0.051,0.065,-0.034,
0,-0.102,-0.215,-0.068,-0.033,-0.009,-0.006,-0.003,0,0,
0,-0.046,0.045,0.063,0.042,-0.059,-0.063,-0.003,-0.012,0.008,
0,0.144,0.072,-0.03,-0.083,-0.065,0.013,0.01,-0.045,0.108,
0,-0.014,0,0,0.003,0.003,0.003,0.003,0.003,0.003,
0,0.102,-0.086,-0.002,0.098,-0.016,0.06,0.075,0.147,0.002,
0,0.01,0.083,0.038,0.003,0.006,0.041,0.006,0.003,0.003,
0,0,-0.105,-0.094,-0.021,-0.022,-0.053,0.014,-0.095,-0.072,
0,-0.017,-0.136,-0.218,-0.115,-0.042,-0.059,0.003,-0.035,0.01,
0,0.049,-0.071,-0.124,-0.069,-0.02,-0.017,0.05,0.045,-0.042,
0,0.086,-0.062,-0.059,-0.257,-0.183,-0.157,-0.091,-0.142,-0.131,
0,-0.084,-0.061,-0.039,-0.018,-0.015,-0.003,0,0,0,
0,0.005,0.012,-0.012,0.02,-0.003,0.003,-0.013,-0.025,-0.034,
0,0.03,0.012,0.012,0.012,0.012,0.012,0.012,0.012,0.012,
0,-0.044,0.056,0.075,0.045,-0.009,-0.021,0.003,0.006,-0.006,
0,-0.042,-0.039,-0.031,-0.029,-0.035,-0.025,0.028,0.014,0.064,
0,-0.09,0.066,0.053,0.003,0,0,0,0,0,
0,-0.123,-0.048,-0.073,-0.046,-0.018,-0.101,-0.078,-0.049,0,
0,0.178,0.08,0.077,0.077,0.077,0.077,0.077,0.077,0.077,
0,0.084,-0.037,-0.032,-0.003,-0.003,-0.003,-0.003,-0.003,-0.003,
0,-0.041,-0.003,0.021,-0.009,-0.044,-0.012,-0.009,0.009,-0.009,
0,-0.024,-0.04,0.009,0.044,0.018,0.003,-0.015,-0.003,0.003,
0,-0.047,-0.108,0.051,0.008,0.003,0.102,-0.005,-0.083,0.042,
0,0.13,0.012,0.006,0.006,0.006,0.006,0.006,0.006,0.006,
0,0.022,0.017,0.082,0.053,0.043,0.076,0.043,0.046,0.028,
0,-0.037,-0.109,-0.108,0.022,-0.041,0.005,-0.033,0.059,0.063,
0,0.085,0.085,-0.034,-0.081,-0.013,-0.059,-0.035,-0.064,0.049,
0,-0.043,0.018,0.018,0.018,0.018,0.018,0.018,0.018,0.018,
0,0.06,0.105,0.073,-0.088,-0.138,0.02,-0.021,0.013,-0.035,
0,0.023,0.045,0.024,0.035,0.041,0.06,0.055,0.066,0.094,
0,-0.002,0.03,-0.028,-0.006,0.021,-0.064,-0.02,0.077,-0.018,
0,-0.079,-0.08,0.042,0.015,0.015,-0.062,0.059,0.015,0.033,
0,-0.045,0.049,0.043,0.131,-0.095,0.023,-0.01,-0.01,0.034,
0,0.057,0.017,-0.036,0.003,0.006,0.006,0.006,0.006,0.006,
0,0.074,-0.003,0.068,0.123,0.062,0.065,0.024,0.003,0,
0,-0.022,-0.003,0.029,0.012,0,0,0,0,0,
0,-0.008,-0.017,0,0,0,0,0,0,0,
0,0.01,0.091,-0.064,0.022,-0.116,-0.073,-0.095,-0.091,-0.01,
0,0.046,0.118,0.022,0.006,0.006,0.006,0.006,0.006,0.006,
0,0.026,-0.016,-0.002,-0.041,-0.045,-0.064,-0.057,-0.03,-0.078,
0,0.027,0.184,0.11,0.047,0.049,0.003,-0.047,-0.024,-0.009,
0,0.01,-0.032,0.049,0.003,0,-0.003,-0.003,-0.003,-0.003,
0,0.097,0.041,0.003,-0.003,-0.003,-0.003,-0.003,-0.003,-0.003,
0,-0.025,0.061,0.003,0.059,-0.019,0.02,-0.036,-0.029,-0.015,
0,-0.017,0.021,0.089,0.124,0.069,0.018,0.115,0.078,0.068,
0,0.079,0.036,0.03,0.03,0.03,0.03,0.03,0.03,0.03,
0,0.023,-0.002,-0.053,0.014,-0.066,-0.05,0.092,0.002,0.036,
0,0.01,0.106,0.068,0.06,0.012,0.009,0.006,0.006,0.006,
0,-0.053,-0.027,0.021,0.009,0.009,0.009,0.009,0.009,0.009,
0,0.016,0.021,-0.003,-0.003,-0.003,-0.003,-0.003,-0.003,-0.003,
0,-0.094,0.018,0,0.013,0.068,-0.064,-0.048,-0.005,-0.023,
0,0.027,0.006,0.051,0.081,-0.061,-0.027,0.019,0.008,-0.003,
0,-0.138,-0.029,0.058,0.125,-0.07,0.094,-0.061,-0.077,-0.062,
0,0.047,-0.014,0.024,0.031,-0.081,-0.003,0.03,-0.045,0.109,
0,-0.029,0.007,0.063,0.09,0.118,0.025,0.135,0.011,0.051,
0,0.003,0.012,0.009,0.006,0.006,0.006,0.006,0.006,0.006,
0,0.052,0.012,0.015,0.006,0.006,0.006,0.006,0.006,0.006,
0,0.057,0.095,0.073,0.086,0.084,0.049,0.052,0.049,0.027,
0,0.035,0.05,0.041,0.003,-0.003,-0.003,-0.003,-0.003,-0.003,
0,-0.053,-0.12,-0.073,-0.026,-0.096,-0.16,-0.052,-0.068,-0.035,
0,-0.03,0.082,0.012,0.006,0.006,0.006,0.003,0.003,0.003,
0,0.036,0.03,-0.006,-0.043,0.012,0.006,0.009,0.006,0.006,
0,-0.113,-0.018,0.018,0.018,0.018,0.018,0.018,0.018,0.018,
0,0.086,0.044,0.042,0.039,0.039,0.039,0.039,0.039,0.039,
0,0.091,0.018,0.003,0.003,0.003,0.003,0.003,0.003,0.003,
0,-0.036,-0.006,0,0,0,0,0,0,0,
0,0.012,0,0.016,0.016,0.016,0.016,0.016,0.016,0.016,
0,-0.115,0.002,-0.048,-0.133,-0.085,-0.079,-0.108,-0.042,-0.075,
0,0.138,0.039,0.074,0.08,0.039,0.023,0.043,0.009,0.003,
0,0.165,0.084,-0.051,0.043,-0.049,-0.101,0.019,-0.05,0.017,
0,0.041,0.015,0.015,0.015,0.015,0.015,0.015,0.015,0.015,
0,0.05,0.026,0.062,0.062,-0.014,-0.045,-0.033,-0.012,-0.024,
0,0.037,0.07,0.011,0.078,0.049,-0.049,-0.066,-0.052,0.043,
0,0.074,0.04,0,0.006,-0.02,-0.009,0.018,0.036,-0.026,
0,0.088,0.035,0.006,0.003,0.003,0.003,0.003,0.003,0.003,
0,0.021,0.036,0.027,0.024,0.024,0.024,0.024,0.024,0.024,
0,0.137,0.058,0.03,0.03,0.03,0.03,0.03,0.03,0.03,
0,-0.014,0.027,0.012,0.009,0.009,0.009,0.009,0.009,0.009,
0,-0.027,-0.033,-0.041,-0.046,0.031,-0.04,-0.073,0.008,-0.016,
0,-0.085,0,0,0,0,0,0,0,0,
0,-0.087,-0.057,0.014,-0.016,0.03,0.034,-0.087,0.012,-0.02,
0,0.077,0.054,-0.015,-0.021,0,0.003,0.003,0.003,0.003,
0,-0.052,0.021,-0.045,-0.022,-0.017,0.045,-0.003,0.066,0.041,
0,0.095,-0.022,-0.005,-0.043,0.022,0.027,-0.047,0.01,-0.023,
0,-0.092,-0.022,-0.068,-0.005,-0.066,-0.022,-0.145,-0.044,0.028,
0,-0.063,0.114,0.029,-0.048,-0.013,0.016,-0.014,-0.092,-0.13,
0,0.155,0.039,-0.035,-0.091,-0.048,-0.081,-0.065,-0.049,-0.181,
0,0.089,0.051,0.051,0.051,0.051,0.051,0.051,0.051,0.051,
0,-0.152,0.003,0.006,0.006,0.003,0,0,0,0,
0,-0.141,-0.018,0.066,0.035,0.091,0.026,0,-0.019,0.009,
0,0.099,0.068,0.041,0.006,0.003,0.003,0.003,0.003,0.003,
0,0.196,0.164,0.166,0.08,0.08,0.08,0.08,0.08,0.08,
0,0.029,0.006,0.003,0.003,0.003,0.003,0.003,0.003,0.003,
0,0.052,0.012,0.012,0.012,0.012,0.012,0.012,0.012,0.012,
0,0.075,0.032,0,-0.006,-0.006,-0.006,-0.006,-0.006,-0.006,
0,0.034,0.019,0.019,0.016,0.016,0.016,0.016,0.016,0.016,
0,-0.107,-0.022,0.018,-0.058,0.099,0.005,0.101,0.103,0.089,
0,-0.063,-0.009,0,0,0,0,0,0,0,
0,-0.036,0.018,0.037,0.037,0.037,0.037,0.037,0.037,0.037,
0,0.005,-0.173,-0.125,-0.117,-0.082,-0.136,-0.192,-0.194,-0.157,
0,0.158,0.054,0.093,0.024,0.012,0.006,0.003,0.003,0.003,
0,0.146,0.137,0.08,0.042,0.042,0.042,0.042,0.042,0.042,
0,-0.069,-0.122,-0.053,0.015,0.158,0.114,0.029,-0.005,0.107,
0,-0.09,-0.035,-0.033,-0.003,0.003,0.003,0.003,0.003,0.003,
0,0.02,0.015,0.003,0.003,0.003,0.003,0.003,0.003,0.003,
0,-0.091,-0.08,0.045,-0.146,-0.026,-0.026,-0.073,0.045,0.018,
0,0.03,0.024,0,0,0,0,0,0,0,
0,-0.042,-0.003,0.003,0.003,0.003,0.003,0.003,0.003,0.003,
0,0.018,0.119,0.065,-0.053,-0.032,0.02,0.012,0.006,0.015,
0,0.021,-0.029,-0.094,-0.057,-0.052,-0.006,-0.003,-0.003,-0.003,
0,0.084,-0.078,-0.115,-0.111,-0.176,-0.081,-0.051,-0.018,-0.109,
0,-0.002,-0.053,0.018,-0.041,0.027,-0.073,-0.01,-0.054,0.024,
0,0.148,0.039,0.024,0.024,0.024,0.024,0.024,0.024,0.024,
0,-0.016,0.041,0.012,0.009,0.009,0.009,0.009,0.009,0.009,
0,-0.019,-0.052,-0.027,-0.003,0.003,0,0.003,0,0.003,
0,0.008,0.045,0.018,0.015,0.015,0.015,0.015,0.015,0.015,
0,-0.014,-0.103,-0.03,0.014,0.064,0.068,0.106,-0.017,0.07,
0,-0.046,-0.193,-0.137,-0.075,-0.101,-0.139,-0.072,-0.05,-0.056,
0,0.16,-0.016,0.134,0.112,0.077,0.024,0.021,0.006,0.003,
0,-0.033,0.087,0.132,0.06,0.142,0.026,0.011,0.072,0.028,
0,-0.106,-0.014,0.087,-0.034,-0.025,-0.102,0.017,0.075,0.103,
0,-0.081,-0.023,-0.029,-0.091,-0.022,-0.023,-0.044,-0.074,-0.03,
0,-0.063,-0.045,0,0.003,0.003,0.003,0.003,0.003,0.003,
0,0.024,0.041,-0.046,-0.016,-0.029,-0.003,0.006,-0.052,-0.079,
0,0.087,-0.024,-0.05,0.036,0.014,-0.092,-0.028,-0.009,-0.137,
0,-0.019,0,0.012,0.016,0.016,0.016,0.016,0.016,0.016,
0,-0.003,0,0,0.003,0.003,0.003,0.003,0.003,0.003,
0,0.053,0.018,-0.003,0.012,0.015,0.015,0.015,0.015,0.015,
0,-0.021,0.003,0.046,0.003,0.021,0.05,0.006,0,0,
0,-0.005,0.045,0.077,-0.134,-0.069,-0.082,-0.053,-0.065,-0.015,
0,-0.031,-0.03,-0.003,0,0,0,0,0,0,
0,0.037,0.012,0.012,0.009,0.006,0.009,0.006,0.009,0.006,
0,0.103,0.027,-0.03,0,0,0,0,0,0,
0,-0.007,0.021,-0.053,-0.008,-0.045,0.011,0,-0.023,0,
0,0.091,-0.04,0.027,0.009,0.003,0.003,0.003,0.003,0.003,
0,-0.02,-0.099,-0.084,-0.091,-0.073,-0.025,-0.003,0.006,-0.052,
0,0.012,0.012,0.009,0.003,0.003,0.003,0.003,0.003,0.003,
0,-0.028,-0.133,-0.047,-0.078,0.066,-0.038,0.07,0.049,-0.006,
0,0.272,0.103,0.065,0.063,0.063,0.063,0.063,0.063,0.063,
0,0.01,0.068,0.03,0.03,0.006,0.006,0.006,0.006,0.006,
0,0.019,0.056,0.161,0.127,0.048,0.045,0.012,0.009,0.006,
0,-0.006,-0.006,0,0,0.003,0.003,0.003,0.003,0.003,
0,-0.002,-0.042,-0.027,-0.028,-0.02,0.003,0.023,0.012,0.015,
0,0.065,0.009,0,0.012,0.003,0.003,0,0,0,
0,0,0.07,0.079,0.111,0.003,-0.101,-0.055,-0.051,-0.103,
0,-0.009,0.015,0.015,0.015,0.015,0.015,0.015,0.015,0.015,
0,-0.069,0.076,-0.064,-0.042,-0.013,0.013,0.049,0.008,0,
0,0.024,0.049,0.015,0.021,0.003,0,0,0,0,
0,0.005,0.029,0.061,0.049,0.021,0,-0.006,0.023,0.029,
0,-0.16,0.07,-0.035,0.049,0.054,-0.009,0.036,-0.025,0.003,
0,-0.139,0.155,0.005,0.077,0.024,-0.059,-0.027,-0.043,-0.035,
0,-0.028,-0.056,-0.021,-0.015,0.003,0.003,0.006,0.006,0.006,
0,0.029,0.024,0.118,-0.055,-0.173,0.006,-0.113,-0.058,-0.077,
0,-0.09,-0.003,0.061,0.016,-0.039,-0.061,-0.072,0.075,0.02,
0,-0.039,-0.009,0.003,0,0,0,0,0,0,
0,-0.029,-0.064,-0.064,-0.015,-0.063,0.024,0.061,-0.016,-0.059,
0,0.149,0.054,0,0.088,0.041,0.049,0.063,0.111,0.046,
0,0.009,0.003,0.003,0.003,0.003,0.003,0.003,0.003,0.003,
0,0.025,0.055,0.011,-0.048,0.02,0.037,0.009,0.04,-0.048,
0,-0.105,0.102,0.012,0.003,0.003,0.003,0.003,0.003,0.003,
0,0.024,0.064,0.005,-0.003,-0.011,0.039,0.049,0.065,0.083,
0,-0.088,-0.022,0.006,0.003,0.003,0.003,0.003,0.003,0.003,
0,0.046,0.047,0.006,0.003,0.003,0.003,0.003,0.003,0.003,
0,0.011,0.012,-0.003,0,0,0,0,0,0,
0,-0.04,0.018,-0.034,-0.033,0.015,0.036,0.003,0.003,0.003,
0,-0.019,0.003,-0.05,-0.012,-0.05,-0.061,-0.012,0,-0.021,
0,0.003,0.003,0.003,0.003,0.003,0.003,0.003,0.003,0.003,
0,-0.065,-0.048,-0.006,-0.108,-0.011,0.015,0.069,0.05,0.036,
0,-0.07,0,0.003,0.003,0.003,0.003,0.003,0.003,0.003,
0,0.03,-0.006,0,0,0,0,0,0,0,
0,-0.033,-0.012,-0.064,-0.212,-0.121,-0.036,-0.039,0,0.003,
0,-0.028,0.076,0.015,0.051,0.006,0.003,0.003,0.003,0.003,
0,0.006,0.006,0.003,0.003,0.003,0.003,0.003,0.003,0.003,
0,0.009,0.006,0.003,0.003,0.003,0.003,0.003,0.003,0.003,
0,0.007,-0.056,0.064,0.051,0.077,0.021,0.015,-0.038,-0.104,
0,0.051,0.066,-0.017,-0.006,-0.035,-0.147,-0.055,-0.09,-0.044,
0,0.098,0.04,0.006,0.003,0.003,0.003,0.003,0.003,0.003,
0,-0.105,-0.089,0.021,0,0,0,0,0,0,
0,-0.117,-0.076,-0.071,-0.018,0.021,-0.034,0.078,0.043,0.081,
0,0.019,-0.003,0.056,0.053,0.039,0.063,0.006,0.009,0.034,
0,-0.026,-0.087,0.136,-0.017,0,0.074,0.024,0.024,0.093,
0,0.016,-0.006,-0.019,0.025,0.009,0.006,0.006,0.006,0.006,
0,0.161,0.031,0.016,0.016,0.016,0.016,0.016,0.016,0.016,
0,0.127,0.055,0.055,0.055,0.055,0.055,0.055,0.055,0.055,
0,-0.106,0.039,0.005,0.071,0.099,0.061,0.052,0.021,-0.025,
0,-0.075,0.067,0.006,-0.048,0.039,-0.03,0.034,0.003,-0.003,
0,-0.027,-0.003,0,0.003,0.003,0.003,0.003,0.003,0.003,
0,-0.111,0.005,0.003,0.127,0.052,-0.003,-0.036,-0.018,0.026,
0,-0.081,-0.009,0,0,0,0,0,0,0,
0,0.076,-0.083,-0.065,-0.018,0,0,0,0,0,
0,-0.007,-0.09,-0.023,-0.085,-0.114,0.014,-0.022,-0.008,-0.003,
0,0.026,0.022,0.019,0.019,0.019,0.019,0.019,0.019,0.019,
0,-0.087,-0.155,-0.122,-0.08,0.042,-0.04,-0.028,-0.072,0.063,
0,-0.045,-0.037,-0.012,-0.091,-0.018,-0.039,-0.024,0,0,
0,0.122,0.022,0.022,0.022,0.022,0.022,0.022,0.022,0.022,
0,-0.191,-0.068,0.079,0.044,-0.099,0.056,0.006,0.009,-0.012,
0,0.049,0.16,-0.017,-0.037,0.027,0.044,0.024,0.021,0.003,
0,0.072,0.062,0.067,0.036,0.033,0.033,0.033,0.033,0.033,
0,0.119,0.082,0.072,0.027,0.021,0.062,0.08,0.093,0.015,
0,0.083,-0.067,-0.059,-0.093,-0.015,-0.03,-0.003,0,0,
0,-0.048,0.06,0.13,0.021,-0.014,-0.003,0.02,0.121,0.11,
0,0.104,0.12,0.018,0.006,0.006,0.006,0.006,0.006,0.006,
0,-0.005,-0.027,-0.083,-0.088,-0.058,-0.006,-0.021,-0.062,-0.048,
0,-0.12,-0.075,-0.006,0.003,0.003,0.003,0.003,0.003,0.003,
0,0.025,0.003,-0.008,-0.021,-0.013,-0.055,0.005,-0.095,-0.049,
0,0.009,0.003,0.003,0.003,0.003,0.003,0.003,0.003,0.003,
0,0.017,-0.02,0.015,0.008,0.029,-0.093,-0.067,-0.003,-0.013,
0,0.087,0.015,0.009,0.009,0.009,0.009,0.009,0.009,0.009,
0,0.02,-0.073,-0.162,-0.009,-0.05,-0.098,-0.045,-0.053,-0.033,
0,0.079,-0.053,0.032,-0.153,-0.023,0.011,0.166,-0.003,-0.04,
0,0.069,0.024,-0.075,0.012,0.024,0.033,0.026,-0.021,-0.03,
0,0.144,0.059,0.044,0.044,0.044,0.044,0.044,0.044,0.044,
0,-0.069,-0.134,-0.089,-0.095,-0.083,-0.072,-0.098,-0.05,-0.036,
0,-0.065,-0.027,-0.006,0,0,0,0,0,0,
0,0.141,0.035,-0.085,-0.01,-0.008,0.068,-0.048,-0.025,-0.065,
0,-0.101,-0.038,-0.036,0,0.003,0.003,0.003,0.003,0.003,
0,-0.012,-0.031,0.017,-0.087,-0.038,-0.101,-0.112,-0.017,-0.107,
0,0.036,0.013,0.125,0.092,0.075,0.036,-0.074,0.02,0.015,
0,0.003,0,0.003,0.003,0.003,0.003,0.003,0.003,0.003,
0,-0.035,-0.009,0,0,0,0.003,-0.003,0,0.003,
0,-0.006,0,0.003,0.003,0.003,0.003,0.003,0.003,0.003,
0,0.091,0.041,0.009,0.042,0.006,0.003,0.003,0.003,0.003,
0,-0.003,-0.048,-0.003,0.003,0.003,0.003,0.003,0.003,0.003,
0,0.037,0.095,0.105,0.015,0.045,0.036,0.075,0.059,0.08,
0,-0.034,-0.039,0.003,-0.012,0.003,0.006,0.009,0.009,0.009,
0,0.142,-0.003,0.05,0.045,0.006,0.033,0.006,0.003,0.003,
0,0.035,0.019,0.019,0.019,0.019,0.019,0.019,0.019,0.019,
0,-0.007,0.005,-0.044,0.011,0.123,0.114,0.093,0.009,0.006,
0,0.02,-0.045,-0.092,0.012,-0.009,-0.058,-0.046,-0.006,-0.055,
0,-0.012,0,0.003,0.003,0.003,0.003,0.003,0.003,0.003,
0,0.003,-0.054,0.038,0.011,0.027,0.117,0.053,0.047,0.012,
0,0.03,0.01,0.01,0.01,0.01,0.01,0.01,0.01,0.01,
0,0.01,-0.04,-0.024,-0.03,0.003,0.003,0.003,0.003,0.003,
0,-0.064,-0.006,-0.015,0,0.003,0.003,0.003,0.003,0.003,
0,0.063,0.012,0.003,0.003,0.003,0.003,0.003,0.003,0.003,
0,0.003,-0.015,0,0,0,0,0,0,0,
0,-0.003,-0.133,-0.113,-0.015,0.003,0.003,0.003,0.003,0.003,
0,0.005,0,0,-0.047,0.003,-0.009,0.003,0.015,0.067,
0,0.125,0.08,0.003,0.015,0.012,0.003,0.003,0.003,0,
0,-0.048,-0.063,-0.101,-0.027,-0.047,-0.108,-0.018,-0.006,-0.012,
0,0.042,0.022,0.022,0.022,0.022,0.022,0.022,0.022,0.022,
0,-0.036,-0.018,-0.027,0.03,0.003,0.003,0.003,0.003,0.003,
0,0.006,0.006,0.003,0.003,0.003,0.003,0.003,0.003,0.003,
0,-0.054,0.072,0.003,0.003,0.003,0.003,0.003,0.003,0.003,
0,-0.115,-0.079,0.052,0.112,-0.018,0.039,0.075,-0.018,-0.045,
0,0.137,0.048,0.099,0.065,0.039,0.027,0.027,0.027,0.027,
0,0.027,0.031,-0.073,-0.128,0.023,-0.012,0.003,-0.069,0.032,
0,0.068,0.021,0.018,0.018,0.018,0.018,0.018,0.018,0.018,
0,-0.122,-0.161,-0.115,-0.029,-0.108,-0.144,-0.072,-0.159,-0.023,
0,0.112,-0.131,-0.027,0.011,-0.074,-0.019,-0.011,0.062,0.011,
0,0.041,0.003,0.003,0.003,0.003,0.003,0.003,0.003,0.003,
0,0.11,0.03,0.009,0.003,0,0.003,0.003,0.003,0.003,
0,-0.148,-0.015,0,0,0,0,0,0,0,
0,0.094,0.021,0.009,0.009,0.009,0.009,0.009,0.009,0.009,
0,0.002,-0.071,-0.032,-0.031,0.029,0.076,0.044,0.016,0.003,
0,0.006,-0.05,0.009,0.003,0,-0.003,0,0,-0.003,
0,0,-0.009,0.131,0.089,0.018,0.021,0.003,0.003,0.003,
0,-0.017,-0.044,-0.021,-0.021,-0.006,0,0,0,0,
0,-0.084,-0.027,-0.015,-0.006,0,0,0,0,0,
0,-0.064,-0.018,-0.003,-0.003,-0.003,-0.003,-0.003,-0.003,-0.003,
0,-0.071,-0.012,-0.009,0.072,0.059,0.006,0.003,0.003,0.003,
0,0.098,0.015,0.006,0.006,0.006,0.006,0.006,0.006,0.006,
0,-0.027,-0.054,-0.081,-0.029,-0.021,-0.006,-0.015,-0.036,-0.05,
0,-0.027,-0.153,-0.089,0.012,0.003,0.045,0.006,0,0,
0,0,0,0.016,0.019,0.019,0.019,0.019,0.019,0.019,
0,-0.082,0.029,-0.064,0.034,0.1,-0.008,0.05,0.049,-0.08,
0,-0.04,-0.009,-0.202,-0.057,-0.009,0.036,0.05,-0.021,0.006,
0,0.048,0.025,0.022,0.022,0.022,0.022,0.022,0.022,0.022,
0,-0.09,0.002,-0.095,-0.049,-0.047,0.022,0.047,-0.006,0.048,
0,-0.057,0.017,-0.015,-0.012,-0.025,0,0.003,0.003,0.003,
0,0.047,0.022,0.022,0.022,0.022,0.022,0.022,0.022,0.022,
0,-0.081,-0.078,-0.079,0.019,-0.025,-0.023,-0.053,-0.081,-0.09,
0,0.018,0.013,0.009,0.009,0.009,0.009,0.009,0.009,0.009,
0,-0.019,-0.018,0.057,0.1,0.099,0.079,-0.012,0.052,0.041,
0,0.023,0.006,0.003,0.003,0,0.003,0,0.003,0,
0,0.062,0.045,0.006,0.006,0.006,0.006,0.006,0.006,0.006,
0,0,0.006,-0.041,-0.049,-0.009,-0.014,-0.015,-0.069,0.014,
0,0.107,0.03,0.009,0.009,0.009,0.009,0.009,0.009,0.009,
0,0.049,0.136,-0.009,-0.058,-0.027,-0.024,-0.006,-0.003,-0.006,
0,0.045,0.042,0.051,0.068,0.012,0.028,0.009,0.006,0.006,
0,-0.003,-0.052,0.015,-0.069,-0.027,-0.024,-0.024,-0.033,-0.012,
0,-0.033,-0.134,-0.063,-0.094,-0.014,0.023,-0.015,-0.052,-0.06,
0,-0.014,0.003,0.003,0.003,0.003,0.003,0.003,0.003,0.003,
0,-0.024,0.063,0.041,-0.038,-0.018,0,-0.042,0,0.003,
0,0.014,0.015,0.015,0.015,0.015,0.015,0.015,0.015,0.015,
0,0.141,0.07,0.143,0.038,0.038,0.038,0.038,0.038,0.038,
0,-0.08,-0.006,-0.034,0.006,0.003,0.006,0.003,0.006,0.003,
0,0.06,0.056,0.009,0.003,0.003,0.003,0.003,0.003,0.003,
0,-0.033,-0.015,-0.024,0,0,0,0,0,0,
0,0.089,0.049,0.046,0.046,0.046,0.046,0.046,0.046,0.046,
0,-0.088,0.01,-0.119,-0.025,-0.019,-0.054,-0.006,-0.059,-0.092,
0,0.084,0.058,0.039,0.006,0.006,0.006,0.006,0.006,0.006,
0,0.003,0.015,-0.003,0.009,0.003,0.003,0.003,0.003,0.003,
0,-0.037,-0.082,-0.136,-0.058,-0.033,-0.003,-0.012,0,0,
0,-0.03,-0.077,-0.039,0.028,-0.015,-0.02,-0.027,-0.009,-0.082,
0,-0.064,-0.003,0.086,0.048,0.033,0.003,0.003,0.003,0.012,
0,0.05,0.013,0.01,0.01,0.01,0.01,0.01,0.01,0.01,
0,0.034,0.018,0.096,0.024,0.015,0.012,0.012,0.012,0.012,
0,0.013,0.064,0.009,0.009,0.009,0.009,0.009,0.009,0.009,
0,-0.057,0.023,0.039,-0.058,0.086,0.097,-0.012,-0.021,-0.006,
0,0.012,0.029,0.041,-0.026,-0.006,-0.015,-0.033,-0.003,0.003,
0,0.033,-0.035,0.08,0.016,0,0.003,0.057,0.069,0.044,
0,-0.184,-0.235,-0.136,0.023,-0.098,-0.036,0.015,-0.003,0.003,
0,0.107,0.057,0.051,0.051,0.051,0.051,0.051,0.051,0.051,
0,-0.031,-0.118,0.012,0.023,0.097,-0.047,0.006,-0.003,-0.082,
0,0.084,0.054,0.037,0.037,0.037,0.037,0.037,0.037,0.037,
0,0.098,0,-0.243,-0.128,-0.062,-0.024,-0.042,-0.051,-0.021,
0,-0.049,-0.024,-0.04,0.003,-0.032,-0.038,-0.003,0.003,0.003,
0,0.121,0.098,0.082,0.043,-0.119,-0.066,-0.042,-0.037,-0.044,
0,-0.178,-0.029,0.015,0.018,0.018,0.018,0.018,0.018,0.018,
0,-0.007,0.068,0.038,-0.041,0.007,-0.121,-0.021,-0.135,-0.037,
0,-0.075,-0.132,-0.067,0.056,0.051,0.034,0.029,0.097,-0.019,
0,0.063,-0.051,0.028,-0.12,-0.093,-0.039,-0.06,-0.039,0.024,
0,0.022,0.015,0.006,0.006,0.006,0.006,0.006,0.006,0.006,
0,-0.08,-0.018,-0.015,0.003,0.006,0.006,0.006,0.006,0.006,
0,-0.039,-0.032,0.085,0.032,0.016,0.008,-0.014,-0.078,0.023,
0,0.042,0.05,0.053,0.056,0.056,0.056,0.056,0.056,0.056,
0,0,-0.055,-0.073,-0.051,0.029,0.077,0.157,-0.054,-0.015,
0,-0.072,0.032,0.028,-0.15,-0.077,-0.049,0.129,0.048,0.032,
0,0.033,0.08,-0.071,-0.022,-0.008,-0.076,-0.036,-0.069,-0.059,
0,0.136,0.041,0.038,0.038,0.038,0.038,0.038,0.038,0.038,
0,0.041,0.018,0.003,0,0,0,0,0,0,
0,0.024,0.075,0.064,0.013,0.065,-0.019,-0.041,0.036,0.088,
0,-0.13,0,0.003,0,0,0,0,0,0,
0,0.077,0.02,0.023,-0.03,-0.046,0.039,0.034,-0.021,-0.051,
0,0.01,-0.009,0.031,0.028,0.006,-0.027,0.006,-0.006,-0.003,
0,-0.086,-0.022,-0.083,-0.012,0.041,0.012,-0.08,-0.014,-0.082,
0,0.085,0.019,0.012,0.012,0.012,0.012,0.012,0.012,0.012,
0,0.02,0.006,0.003,0.003,0.003,0.003,0.003,0.003,0.003,
0,0.037,-0.03,-0.009,-0.003,0,0,0,0,0,
0,0.029,0.03,0.006,0.003,0.003,0.003,0.003,0.003,0.003,
0,-0.02,-0.137,-0.002,-0.042,-0.016,-0.093,-0.061,-0.002,0.009,
0,-0.072,-0.018,-0.008,0.063,0.075,0.075,0.032,0.009,0,
0,-0.005,-0.142,-0.023,-0.04,0.056,0.033,0.061,0.03,0.036,
0,0.003,-0.003,-0.003,-0.003,-0.003,-0.003,-0.003,-0.003,-0.003,
0,0.005,0.008,0.064,0.174,0.081,0.131,0.089,0.029,0.059,
0,0.002,-0.061,-0.041,0,-0.041,0.069,0.018,-0.005,-0.048,
0,-0.009,-0.039,0.017,-0.031,0.029,0.018,0.032,0.012,0,
0,-0.018,-0.063,-0.034,0.013,0.005,-0.02,0.059,0.031,0.042,
0,-0.059,-0.02,0.051,0.037,0.006,0.009,0.024,0.015,-0.006,
0,0.04,0.009,0.046,0.016,0.013,0.013,0.013,0.013,0.013,
0,-0.12,-0.1,-0.054,-0.012,-0.003,0,0,0,0,
0,-0.075,-0.006,0,0,0,0,0,0,0,
0,-0.116,-0.032,-0.076,-0.067,-0.066,-0.03,0.043,-0.018,0.027,
0,0.023,0.029,-0.117,0,-0.044,-0.051,0.053,0.018,0.015,
0,0.101,0.074,0.045,0.036,0.021,0.003,0.003,0.003,0.003,
0,0.106,0.058,0.058,0.052,0.058,0.052,0.058,0.052,0.058,




Further Data analysis of all test cases 
INSTANCEID avg med max min 
INSTANCE1 0, 0, 0, 0, 
INSTANCE2 -0.033, -0.003, 0.103, -0.248, 
INSTANCE3 -0.027, -0.003, 0.147, -0.29, 
INSTANCE4 -0.022, 0, 0.141, -0.229, 
INSTANCE5 -0.017, 0, 0.111, -0.264, 
INSTANCE6 -0.017, 0, 0.167, -0.181, 
INSTANCE7 -0.018, 0, 0.161, -0.234, 
INSTANCE8 -0.019, 0, 0.148, -0.233, 
INSTANCE9 -0.016, 0, 0.119, -0.209, 
INSTANCE10 -0.019, 0, 0.136, -0.223, 


INSTANCE1 0, 0, 0, 0, 
INSTANCE2 0.001, 0, 0.318, -0.2, 
INSTANCE3 -0.002, 0.003, 0.197, -0.235, 
INSTANCE4 0.002, 0.003, 0.203, -0.243, 
INSTANCE5 0.003, 0.003, 0.181, -0.257, 
INSTANCE6 0.002, 0.003, 0.169, -0.183, 
INSTANCE7 0.002, 0.003, 0.169, -0.16, 
INSTANCE8 0.004, 0.003, 0.189, -0.192, 
INSTANCE9 0.003, 0.003, 0.169, -0.194, 
INSTANCE10 0.004, 0.003, 0.191, -0.181, 



