

Data analysis for each instance 
AVG,MED,MAX,MIN
0,-0.175,0.062,0.072,-0.001,-0.001,-0.001,-0.001,-0.001,-0.001,
0,0,-0.145,0.018,0.081,-0.052,0,-0.002,-0.001,-0.001,
0,-0.007,0.004,0.231,0.019,0.177,0.113,0.083,-0.106,-0.257,
0,0,-0.236,-0.049,0,0,0,0,0,0,
0,-0.148,0.129,0.011,0.027,0,-0.001,-0.001,-0.001,-0.001,
0,0.005,0.011,0,0,0,0,0,0,0,
0,-0.069,0.075,0.1,0.23,0.138,0.204,0.104,-0.046,0.021,
0,0.008,0.156,0.016,0.374,0.399,0.023,0.004,0.004,0.004,
0,0,0.206,0.278,0.207,0.239,0.079,0.183,-0.008,0.027,
0,0.006,0.122,0.128,0.009,0.006,0.006,0.006,0.006,0.006,
0,0,-0.263,0.001,0.272,0.005,0.005,0.005,0.005,0.005,
0,-0.134,-0.31,-0.002,-0.002,-0.002,-0.002,-0.002,-0.002,-0.002,
0,0,-0,0.014,0.115,0,0,0,0,0,
0,-0.07,-0.02,0.022,0.014,0.001,0.001,0.001,0.001,0.001,
0,-0.207,-0.259,-0.118,0.011,0.011,-0.322,-0.183,-0.224,-0.113,
0,0.06,0.016,-0.083,0.005,0.074,-0.019,-0.026,-0.026,-0.026,
0,0,0.003,0,0,0,0,0,0,0,
0,-0.229,0.219,0.087,0,0.003,0.002,0.002,0.002,0.002,
0,-0.028,0,0.001,-0.083,0.002,0.001,0.001,0.001,0.001,
0,0,-0.001,-0,0,0,0,0,0,0,
0,0,0.132,0,0.142,0.117,-0.021,-0.05,-0.015,-0.169,
0,0,0.154,-0.014,0.186,-0.197,0.233,0.093,-0.212,-0.092,
0,-0.13,0.057,-0.113,-0.109,-0.056,-0.238,-0.003,-0.138,-0.342,
0,0.002,-0.166,-0.055,0.003,0.003,0.003,0.003,0.003,0.003,
0,-0.004,0.166,0.169,-0.004,-0.004,-0.004,-0.004,-0.004,-0.004,
0,-0.076,-0.048,0.028,0.105,-0.105,-0.004,-0.023,-0.14,-0.2,
0,0.115,-0.079,0.018,-0.008,-0.094,0.08,0.001,0,0,
0,0.02,-0.035,-0.044,-0.034,-0.034,-0.034,-0.034,-0.034,-0.034,
0,-0.056,-0.096,0.045,0.107,-0.113,0.178,0.229,0.071,0.035,
0,0,0,0,0,0,0,0,0,0,
0,-0.032,0.085,-0.014,0.169,0.062,0.127,-0.042,-0.023,0.17,
0,0.082,-0.165,-0.015,-0.015,-0.015,-0.015,-0.015,-0.015,-0.015,
0,-0.162,-0.138,-0.097,-0.072,-0.016,-0.001,-0.128,-0.008,0,
0,0.097,0.134,-0.002,-0.239,0.137,0.039,-0.108,0.203,0.29,
0,0.157,-0.104,-0.333,-0.004,-0.002,-0.002,-0.002,-0.002,-0.002,
0,0.002,-0.058,-0.061,-0.01,0.097,-0.001,0.006,0.001,0.001,
0,0.029,-0.139,0.133,0.191,0.255,-0.038,0.229,0.112,0.048,
0,0,0,0,0,0,0,0,0,0,
0,0.009,-0.102,-0.004,-0.002,-0.002,-0.002,-0.002,-0.002,-0.002,
0,-0.049,-0.329,0.173,0.07,0.281,0.012,0.126,0.016,0.145,
0,0.039,-0.063,-0.172,-0.198,-0.126,-0.173,-0.252,-0.297,-0.15,
0,0,0,0,0,0,0,0,0,0,
0,0,-0.057,0.105,-0.006,0.001,0.001,0.001,0.001,0.001,
0,0.081,0.016,0.021,0.021,0.021,0.021,0.021,0.021,0.021,
0,-0.044,-0.005,-0.005,-0.005,-0.005,-0.005,-0.005,-0.005,-0.005,
0,0.084,0.183,0.091,-0.034,-0.148,-0.02,-0.124,0.02,0.041,
0,0,0,0,0,0,0,0,0,0,
0,0.187,-0.059,0.025,0.058,0.008,-0.045,0.032,-0.096,0.149,
0,0,0,0,0,0,0,0,0,0,
0,-0.194,-0.079,-0.01,-0.209,-0.275,-0.122,-0.097,-0.001,-0.001,
0,0,0.003,-0.1,-0.15,-0.12,0.158,-0.023,-0.289,-0.068,
0,0.013,0.112,0.049,0.006,0.003,0.003,0.003,0.003,0.003,
0,0.002,-0.001,0,0,0,0,0,0,0,
0,0,0,0,0,0,0,0,0,0,
0,0,0,0,0,0,0,0,0,0,
0,-0.071,0.004,0.003,0.003,0.003,0.003,0.003,0.003,0.003,
0,0,0,0.02,0,0,0,0,0,0,
0,-0.001,-0.026,-0.033,0.02,0.02,0.02,0.02,0.02,0.02,
0,-0.132,0.317,-0.104,-0.289,0.002,0.002,0.002,0.002,0.002,
0,-0.036,-0.105,-0.051,0.028,0.025,0.024,0.024,0.024,0.024,
0,0.001,-0.098,-0.128,0.116,-0.222,-0.07,0.109,0.04,0.112,
0,-0.046,-0.011,0.114,0.11,0.065,-0.135,-0.134,0.068,-0.029,
0,-0.194,0.039,0.074,-0.183,-0.181,-0.071,-0.202,0.192,-0.171,
0,0,0,0,0,0,0,0,0,0,
0,-0.093,-0.282,-0.361,-0.209,-0.175,-0.015,0.001,0.001,0.001,
0,0,0,0,0,0,0,0,0,0,
0,0,0.034,0.003,0.138,0.362,0.174,0.272,0.007,0.039,
0,-0.046,-0.014,0.141,0.022,0.027,0.023,0.024,0.023,0.024,
0,0,0.108,-0.112,-0.01,-0.009,-0.009,-0.009,-0.009,-0.009,
0,-0.001,-0.001,0.186,0.018,0.017,0.011,0.011,0.011,0.011,
0,0.199,0.046,0,0,0,0,0,0,0,
0,-0.173,0.061,0.296,0.126,0.006,0.006,0.006,0.006,0.006,
0,-0.01,-0.019,-0.07,0.001,-0.002,0.002,0.002,0.002,0.002,
0,-0.102,0.03,-0.17,-0.236,0.154,-0.134,-0.072,-0.211,-0.216,
0,0.077,-0.072,0,0,0,0,0,0,0,
0,0.064,0.09,-0.285,-0.247,-0.122,-0.238,-0.108,0.008,0.008,
0,-0.029,0,0,0,0,0,0,0,0,
0,0,0,0,0,0,0,0,0,0,
0,-0.234,-0.213,-0.264,-0.225,-0.192,-0.045,-0.276,-0.195,0.001,
0,0.016,-0.114,-0.068,-0.1,0.073,-0.07,-0.01,-0.132,-0.183,
0,-0.231,-0.186,0.106,0.015,0.02,0.008,0.02,0.008,0.02,
0,-0.005,-0.003,-0.004,-0.004,-0.004,-0.004,-0.004,-0.004,-0.004,
0,0,-0.035,-0.299,-0.342,-0.1,-0.002,-0.011,0,-0.001,
0,0.092,0.286,0.295,0.053,0.001,0,0,0,0,
0,0.046,0.025,0.09,0.034,0.004,0.003,0.003,0.003,0.003,
0,0,0,0,0,0,0,0,0,0,
0,-0.202,0.091,0.015,-0.061,0.003,0.001,0.002,0.001,0.002,
0,0.033,0.153,0.038,0.034,0.034,0.034,0.034,0.034,0.034,
0,0.065,0.096,-0.1,0.009,0.006,0.006,0.006,0.006,0.006,
0,-0.224,0.002,0.002,0.002,0.002,0.002,0.002,0.002,0.002,
0,0,0.005,0.004,0.004,0.004,0.004,0.004,0.004,0.004,
0,0,-0.055,0.068,-0.091,0.057,0.013,0.024,0.024,-0.024,
0,0.002,-0.007,0.155,-0.175,-0.005,-0.163,-0.185,-0.024,0.024,
0,0,-0.175,0,0,0,0,0,0,0,
0,-0.001,-0.153,0.001,0.25,0.001,0.001,0.001,0.001,-0.043,
0,0.001,0,0,0,0,0,0,0,0,
0,0,0,0,0,0,0,0,0,0,
0,-0.126,-0.156,-0.074,-0.003,-0,-0,-0,-0,-0,
0,0,0.058,0.001,0.001,0.001,0.001,0.001,0.001,0.001,
0,0,-0.066,0.084,-0.116,-0.12,0.04,-0.02,0.177,0.167,


0,-0.002,-0.102,0.21,-0.175,-0.051,-0.114,0.004,0.004,0.004,
0,-0.228,-0.211,-0.244,-0.232,-0.198,-0.233,-0.158,-0.366,-0.267,
0,-0.016,0.173,0.115,0.225,0.143,0.115,0.07,0.106,0.257,
0,-0.019,0.224,-0.266,-0.127,-0.306,0,-0.15,-0.124,0.003,
0,-0.022,-0.2,-0.206,-0.239,-0.311,-0.248,-0.086,-0.165,-0.2,
0,-0.208,-0.213,-0.214,-0.18,-0.002,0.013,0.013,0.013,0.013,
0,-0.03,-0.214,-0.321,-0.264,-0.189,-0.253,-0.298,-0.257,-0.305,
0,0.339,0.01,-0.009,-0.009,-0.009,-0.009,-0.009,-0.009,-0.009,
0,-0.298,-0.144,-0.201,-0.278,-0.172,-0.025,0.004,0.01,0.008,
0,-0.077,-0.071,-0.003,-0.003,-0.002,-0.002,-0.002,-0.002,-0.002,
0,-0.151,0.055,-0.238,-0.232,-0.23,-0.241,-0.184,-0.279,-0.082,
0,-0.147,0.218,0.015,0.013,-0.057,-0.04,0.015,0.015,0.015,
0,-0.102,0.251,-0.129,-0.012,-0.013,-0.012,-0.012,-0.012,-0.012,
0,-0.118,-0.249,-0.255,-0.213,-0.183,-0.164,-0.004,-0.111,-0.163,
0,-0.091,-0.182,-0.308,-0.376,-0.347,-0.057,0.002,-0.024,-0.244,
0,-0.068,-0.072,0.021,-0.207,-0.327,-0.262,-0.366,-0.333,-0.3,
0,-0.104,-0.239,-0.238,-0.077,-0.169,-0.186,-0.215,-0.068,-0.247,
0,0.266,0.018,0.012,0.012,0.012,0.012,0.012,0.012,0.012,
0,-0.116,-0.18,-0.172,-0.119,-0.184,-0.197,-0.303,-0.244,-0.002,
0,0.18,0.158,-0.029,-0.046,0.059,0.059,0.059,0.059,0.059,
0,0.125,-0.148,0.032,0.004,0.126,0.172,0.058,0.018,0.171,
0,-0.41,-0.254,-0.203,-0.213,0.065,-0.232,-0.212,-0.178,-0.076,
0,-0.056,0.009,-0.081,-0.035,0.091,-0.046,-0.368,0.034,0.126,
0,-0.084,0.159,-0.014,-0.039,-0.017,-0.017,-0.017,-0.017,-0.017,
0,0.008,0.002,0.009,0.009,0.009,0.009,0.009,0.009,0.009,
0,-0.155,-0.059,0.017,-0.229,0.06,-0.125,-0.112,-0.001,0.037,
0,-0.232,0.07,-0.264,0.04,-0.01,-0.268,-0.316,-0.121,-0.112,
0,-0.165,-0.143,-0.264,-0.245,-0.24,-0.204,-0.292,-0.351,-0.229,
0,-0.019,-0.066,-0.228,-0.327,0.157,-0.062,-0.054,-0.008,-0.089,
0,0.164,0.029,0.028,0.028,0.028,0.028,0.028,0.028,0.028,
0,-0.269,-0.27,-0.184,-0.293,-0.103,-0.243,-0.337,-0.355,-0.352,
0,0.385,0.193,0.048,0.047,0.047,0.047,0.047,0.047,0.047,
0,0.206,0.195,0.099,0.074,0.019,0.003,0.131,0.011,0.002,
0,-0.239,-0.132,0.066,0.082,-0.139,-0.138,-0.106,-0.094,-0.339,
0,0.202,0.161,0.373,0.064,0.063,0.063,0.063,0.063,0.063,
0,0.154,-0.099,-0.103,-0.098,-0.104,-0.005,-0.036,0.003,0.003,
0,-0.111,-0.126,-0.304,-0.328,-0.377,-0.258,-0.423,-0.386,-0.245,
0,-0.166,-0.179,-0.082,-0.322,-0.136,0.017,-0.064,0.018,-0.022,
0,0.284,0.11,0.012,0.01,0.01,0.01,0.01,0.01,0.01,
0,0.288,0.271,0.039,-0.144,-0.033,-0.006,-0.005,-0,-0,
0,-0.098,-0.211,-0.029,-0.125,-0.057,-0.23,-0.074,0.108,-0.288,
0,-0.154,-0.128,-0.218,-0.13,-0.034,0.013,0.024,0.026,0.026,
0,-0.333,-0.036,-0.34,-0.094,-0.188,-0.193,-0.159,-0.131,-0.034,
0,-0.112,-0.342,-0.347,-0.314,-0.305,-0.306,-0.31,-0.285,-0.251,
0,0.094,0.026,0.025,0.025,0.025,0.025,0.025,0.025,0.025,
0,0.019,-0.135,-0.033,0.108,-0.018,-0.064,-0.067,-0.217,-0.163,
0,-0.004,-0.331,-0.323,-0.292,-0.317,-0.313,-0.245,-0.125,-0.174,
0,-0.192,-0.001,-0.048,-0.299,-0.164,-0.16,-0.098,-0.087,-0.112,
0,-0.174,-0.002,-0.233,-0.202,-0.031,-0.085,-0.01,-0.009,-0.009,
0,0.088,-0.235,-0.224,-0.053,0.198,-0.118,-0.06,-0.06,-0.123,
0,-0.218,-0.142,-0.156,0.108,0.033,0.117,0.035,-0.14,-0.043,
0,-0.169,-0.295,-0.158,-0.25,-0.322,-0.298,-0.119,-0.184,-0.116,
0,0.279,0.031,0.029,0.029,0.029,0.029,0.029,0.029,0.029,
0,-0.022,-0.29,-0.015,-0.13,-0.016,-0.006,-0.001,-0.001,-0.001,
0,-0.039,-0.262,-0.241,-0.018,-0.041,-0.15,-0.238,-0.173,-0.304,
0,-0.293,-0.359,-0.172,-0.291,-0.215,-0.001,-0.214,0,-0.029,
0,-0.243,-0.279,-0.195,-0.298,-0.311,-0.175,-0.081,-0.162,0.01,
0,-0.13,-0.228,-0.069,-0.239,-0.237,-0.235,-0.084,-0.377,-0.131,
0,0.054,-0.359,-0.366,-0.073,-0.332,-0.328,-0.142,-0.269,-0.305,
0,0.357,0.27,0.147,0.027,0.025,0.025,0.025,0.025,0.025,
0,0.039,0.07,0.005,0.071,0.199,0.072,-0.012,-0.093,-0.145,
0,-0.029,-0.254,-0.232,-0.237,-0.346,-0.266,-0.148,-0.238,-0.243,
0,-0,0.054,0.045,-0.085,0.035,0.202,0.117,-0.211,0.064,
0,0.06,0.02,0.02,0.02,0.02,0.02,0.02,0.02,0.02,
0,-0.07,-0.019,0.28,-0.067,-0.07,0.019,0.002,0.002,0.002,
0,-0.188,-0.323,-0.311,-0.268,-0.206,0.008,-0.246,0.009,0.009,
0,-0.059,-0.259,-0.32,-0.378,-0.371,-0.338,-0.347,-0.207,-0.34,
0,0.17,0.137,0.034,0.035,0.033,0.033,0.033,0.033,0.033,
0,0.21,-0.105,0.109,0.009,0.009,0.009,0.009,0.009,0.009,
0,0.079,-0.146,-0.225,-0.249,-0.248,-0.234,-0.211,-0.188,-0.211,
0,-0.16,-0.056,0.004,0.004,0.004,0.004,0.004,0.004,0.004,
0,-0.008,-0.053,0.02,0.024,0.024,0.024,0.024,0.024,0.024,
0,-0.05,-0.077,-0.022,0.004,0.009,0.006,0.006,0.006,0.006,
0,-0.006,0.028,-0.097,0.018,-0.255,-0.049,-0.146,-0.048,-0.098,
0,0.236,0.096,0.025,0.025,0.025,0.025,0.025,0.025,0.025,
0,0.02,0.023,0.137,0.152,0.033,-0.087,0.056,-0.01,-0.059,
0,-0.186,-0.308,0.049,0.049,0.049,0.049,0.049,0.049,0.049,
0,-0.119,0.117,0.117,0.022,0.02,0.018,0.022,-0.045,0.02,
0,0.033,0.051,0.098,0.011,-0.027,-0.159,0.105,-0.093,-0.209,
0,-0.029,-0.018,-0.069,0.085,-0.257,-0.148,-0.086,-0.141,-0.04,
0,0.223,0.287,0.017,0.018,0.006,0.018,0.006,0.018,0.006,
0,0.11,0.016,0.016,0.016,0.016,0.016,0.016,0.016,0.016,
0,-0.176,-0.052,-0.049,0.045,-0.234,-0.307,-0.305,-0.18,-0.257,
0,-0.164,0.013,-0.071,0.025,0.025,0.025,0.025,0.025,0.025,
0,0.191,-0.103,-0.119,-0.023,-0.008,-0.034,0,0,0,
0,0.188,0.011,0.006,0.006,0.006,0.006,0.006,0.006,0.006,
0,0.024,0.086,-0.224,-0.072,-0.085,0,0.001,0.001,0.001,
0,-0.234,-0.365,-0.276,-0.315,-0.323,-0.303,-0.282,-0.315,-0.25,
0,0.162,0.279,0.182,0.012,0.011,0.011,0.011,0.011,0.011,
0,0.362,0.019,0.018,0.018,0.018,0.018,0.018,0.018,0.018,
0,-0.135,-0.286,-0.272,-0.188,-0.088,-0.082,-0.008,-0.044,-0.004,
0,-0.439,-0.121,-0.238,-0.181,-0.239,-0.041,-0.117,-0.153,-0.303,
0,-0.042,-0.185,-0.315,-0.081,-0.263,-0.181,-0.16,-0.163,-0.261,
0,0.002,0.179,0.001,0.001,0.001,0.001,0.001,0.001,0.001,
0,0.173,0.219,-0.004,-0.004,-0.004,-0.004,-0.004,-0.004,0.04,
0,-0.086,0.026,0.024,0.024,0.024,0.024,0.024,0.024,0.024,
0,-0.284,0.099,0.009,0.009,0.009,0.009,0.009,0.009,0.009,
0,0.156,0.17,0.088,0.018,0.016,0.016,0.016,0.016,0.016,
0,-0.231,-0.248,-0.212,-0.171,-0.247,-0.207,-0.185,0.002,0.002,
0,-0.187,0.056,-0.105,0.054,0.123,0.042,-0.06,-0.109,-0.135,




Further Data analysis of all test cases 
INSTANCEID avg med max min 
INSTANCE1 0, 0, 0, 0, 
INSTANCE2 -0.022, 0, 0.199, -0.234, 
INSTANCE3 -0.013, 0, 0.317, -0.329, 
INSTANCE4 0.001, 0, 0.296, -0.361, 
INSTANCE5 -0.001, 0, 0.374, -0.342, 
INSTANCE6 0.004, 0, 0.399, -0.275, 
INSTANCE7 -0.004, 0, 0.233, -0.322, 
INSTANCE8 -0.005, 0, 0.272, -0.276, 
INSTANCE9 -0.011, 0, 0.203, -0.297, 
INSTANCE10 -0.007, 0, 0.29, -0.342, 


INSTANCE1 0, 0, 0, 0, 
INSTANCE2 -0.028, -0.041, 0.385, -0.439, 
INSTANCE3 -0.055, -0.054, 0.287, -0.365, 
INSTANCE4 -0.083, -0.049, 0.373, -0.366, 
INSTANCE5 -0.085, -0.037, 0.225, -0.378, 
INSTANCE6 -0.079, -0.017, 0.199, -0.377, 
INSTANCE7 -0.073, -0.01, 0.202, -0.338, 
INSTANCE8 -0.071, -0.007, 0.131, -0.423, 
INSTANCE9 -0.07, -0.003, 0.108, -0.386, 
INSTANCE10 -0.065, -0, 0.257, -0.352, 



