

Data analysis for each instance 
AVG,MED,MAX,MIN
14653.72,14659,23354,13332,
14212.79,14166.5,24568,12860,
19199.88,19252.5,26360,17437,
19586.56,19698.5,29626,17608,
12761.11,12723.5,20887,11181,
12431.36,12570,19425,11268,
13442.17,13472,19699,12148,
12965.98,13045,20464,10890,
15733.1,15683.5,24287,14410,
16873.89,16942,24785,15349,
19108.57,18990,28794,17529,
16336.41,16368,24309,14841,
16364.96,16289.5,23578,14945,
19782.33,19780,32000,18134,
15382.63,15265,24375,13958,
13810.99,13800.5,20368,12655,
18516.86,18501,28432,16396,
16332.86,16232.5,24238,13882,
16690.77,16614,27126,15609,
23592.28,23656,35757,21525,
17216.25,17273.5,26151,15252,
21147.05,21098,31608,18301,
14985.87,14925,23575,14176,
18442.26,18479.5,26818,16885,
12497.16,12461,18538,11371,
15298.47,15254,23296,14129,
17401.02,17345.5,26920,16077,
16177.06,16164,25682,14240,
14589.69,14555.5,21358,13326,
22915.96,23212,34052,20182,
21945.87,22046,32748,18868,
14055.54,14036.5,21241,12952,
14141.58,14155.5,21855,13014,
14860.2,14800,22080,14134,
17577.31,17541,27548,15705,
12719.76,12693.5,19484,11858,
13468.06,13794,21169,11789,
16488.04,16449.5,24737,15396,
13645.38,13629,22670,12429,
13631.47,13481,22736,12206,
15527.24,15552.5,22600,13902,
18578.84,18565,25638,17389,
14602.85,14591.5,22954,13301,
15177.07,15432,24402,12668,
22474.4,22461,32452,20361,
15315.46,15297,23123,14032,
18328.26,18294,26005,17445,
18534.52,18572,25008,16792,
14152.64,14114.5,21520,13118,
16866.53,16974,30742,14935,
24943.1,25240,35435,21951,
14033.46,13929.5,21863,13000,
13103.32,13079,21418,11635,
18725.08,18764,28922,16366,
14230.85,14181.5,21906,12816,
17934.5,17790,27967,16230,
14328.79,14146,23047,13144,
13423.53,13376.5,20382,12287,
18270.97,18327,25603,15982,
15334.63,15214,24211,14136,
17566.6,17528,25260,16385,
14911.92,14793.5,24726,13324,
17138.21,17019,25032,15528,
13551.63,13456.5,22935,12417,
14806.83,14782,21812,13724,
12980.16,12946.5,19691,12003,
23174.63,23317,33975,19297,
14239.15,14208,20375,13527,
23386.35,23881,35985,19453,
20985.78,21178,30543,19065,
16844.85,17050,25991,14989,
15414.21,15391,23334,13799,
15507.56,15547,22175,13373,
14451.46,14449,22248,12634,
18716.37,18589.5,30041,16687,
13290.54,13404,18851,12058,
14132.28,14072,22553,12667,
16107.62,16052,25849,14696,
12692.97,12754,19570,11320,
13841.71,13758,20250,12654,
13632.45,13579,21292,12514,
19264.17,19332,30565,16552,
20186.97,20442.5,30312,17821,
15226.82,15180.5,23838,13471,
14247.4,14165,24373,13139,
19628.26,19631,28699,17907,
17650.52,17686,26338,15647,
16421.93,16639.5,24298,14566,
21420.95,21345,33133,20063,
15691.37,15645,23801,14116,
19005.21,18887,29866,17165,
11538.45,11474,20159,10560,
14294.47,14271.5,20671,13037,
17172.71,17164,25180,15752,
22355.93,22463.5,35297,19594,
22287.98,22417,32252,19987,
14391.38,14323.5,21529,13648,
16513,16374.5,25275,15287,
16349.51,16333.5,24624,14188,
15183.96,15095.5,22911,14049,
12844.64,12810.5,19493,11957,
13134.62,13153,20242,11566,
15596.09,15595,22930,14511,
13168.86,13112.5,20856,11946,
18817.68,18964.5,27828,16873,
16476.33,16464.5,26617,14180,
16300.35,16260.5,26156,13964,
17755.32,17884,24945,15270,
15045.38,15244.5,22780,13401,
13867.16,13789.5,22444,12733,
31883.53,31857,46355,28096,
16079.69,16016,24086,15003,
11886.12,11795.5,19103,11093,
16356.2,16386,28065,14502,
12670.6,12591,19883,11957,
12489.24,12436.5,19168,11473,
14819.02,14785,21891,13125,
14426.88,14392.5,22693,13012,
13808.93,13803,22163,12017,
15387.98,15277,23029,14377,
15633.16,15610,26817,14296,
21501.56,21347.5,30039,19489,
15198.2,15270.5,21735,13878,
19689.41,19687,29484,16941,
16965.81,16952,25020,15300,
19913.37,20065,29619,16562,
13443.85,13455.5,20582,12400,
15776.1,15744,24074,14845,
12718.49,12669,19798,11935,
12943.39,12900,20964,11438,
14137.06,14083,20636,12977,
15494.32,15756,25093,13624,
16385.23,16365.5,24196,14390,
14784.35,14601.5,22769,13308,
11461.35,11432.5,18043,10617,
11959.42,11930.5,19456,10780,
14427.48,14320,23252,12789,
13572.36,13497.5,20923,12307,
18937.1,19051.5,29255,16211,
15984.48,15937.5,23474,14364,
15523.29,15463,23585,14320,
14299.85,14195,21664,13151,
17803.23,17834,25798,16316,
18456.4,18438.5,27861,16757,
21086.85,21084,33638,18545,
14796.44,14771,21253,13777,
14888.61,14874.5,23308,13450,
14262.96,14256.5,21161,12324,
18527.85,18473.5,26792,16790,
20664.83,20741.5,31196,18590,
17781.94,17786.5,27853,15791,
15749.99,15698.5,26103,14066,
21199.5,21526,30880,17811,
15342.98,15153,23592,13500,
13194.23,13094,21043,12366,
17708.74,17788.5,27376,15963,
14744.27,14756,21972,13386,
17333.46,17301.5,26128,16254,
13059.81,13023.5,19490,12089,
27463.02,27625,40088,24316,
13776.86,13723,20536,12718,
21179.79,21437,31742,18607,
16352.35,16249.5,24914,14981,
16658.5,16647.5,25050,15416,
18443.04,18347.5,28317,17089,
20350.51,20600.5,31477,17195,
15921.67,15939.5,24962,13957,
12747.36,12679,19709,11795,
18754.17,18816,28730,16735,
15793.99,15710.5,24875,14138,
14820.17,14960.5,22740,13053,
13119.4,13071.5,20926,11748,
15157.85,15232.5,23310,13395,
21278.33,21445,29030,18781,
13892.37,13871,20721,12526,
15761.6,15889.5,25091,13603,
15649.46,15671.5,22408,13848,
14269.1,14261.5,21347,12815,
14080,14046,22375,12714,
17276.41,17294,25615,16084,
14397.57,14226,22468,12735,
15681.78,15718.5,23758,14187,
15753.14,15733.5,24567,14460,
14511.12,14452,22461,13422,
14346.32,14311.5,21724,13432,
13678.08,13628,21440,12661,
15192.4,15076,24200,13609,
19970.97,19909,30442,18383,
19902.07,20017,31114,18003,
14779.77,14793.5,22221,13434,
19642.6,19782,32029,17119,
14678.03,14603,23701,13590,
12601.99,12543.5,19711,11856,
16616.35,16551.5,25554,15328,
12548.44,12520.5,21005,11246,
18046.53,18265,31306,15531,
12159.24,12111.5,18470,11222,
15317.47,15292.5,24345,13528,
12702.88,12705.5,20691,10751,
26207.48,26111,37329,24343,
17181.88,17145.5,26034,15819,
17630.73,17637,25955,15865,
26554.65,26986.5,39460,22804,
14863.13,14770.5,22173,13772,
14186.25,14214,21761,12835,
12959.01,12968.5,20401,11329,
14831.32,14874.5,22140,12916,
15963.68,16007.5,26528,13028,
18012.12,17998.5,27436,16139,
15579.52,15552.5,23278,13984,
15301.23,15244.5,23501,13107,
16284.37,16258,26050,14662,
18182.23,18127.5,26865,16918,
14572.77,14520,20953,14086,
15676.3,15656.5,23679,13982,
11954.28,11888,19065,10609,
15205.19,15176.5,24830,13080,
17915.55,17893,25132,16797,
19578.94,19568.5,27931,17769,
23006.93,23263.5,34286,20072,
14902.49,14863.5,23137,13070,
17657.69,17676,25360,15843,
18733.57,18640,27528,17022,
16349.15,16345,25864,14668,
14002.69,13977,22839,12384,
16177.38,16124.5,25497,14240,
11605.58,11711,18736,10164,
16245.94,16432,24046,13953,
17491.56,17428.5,25456,16239,
13451.72,13653,21595,12228,
19221.64,19192,27779,18068,
13743.97,13737.5,21001,12704,
13635.11,13561.5,23001,12021,
15518.17,15457,24420,13191,
14657.07,14645,22708,12925,
15993.53,15978.5,25236,14273,
17492.81,17564,24337,16110,
15954.7,15994,23944,14607,
12119.01,12080,18592,11424,
21221.76,21571.5,31632,19433,
16116.71,16243,23982,14708,
16624.09,16410,24526,14060,
15878.79,15896,23644,13927,
14994.25,14957.5,23349,13347,
17803.01,17817.5,27051,16218,
15349.63,15371.5,22244,14385,
18252.56,18462,28267,15772,
12391.68,12326,18892,11082,
17906.42,17935,26597,16522,
13572.96,13553.5,24731,11842,
19927.16,19992.5,29913,17375,
11829.45,11735.5,20150,10483,
14206.08,14174.5,24612,12095,
12887.04,12767,20768,11493,
18094.07,18210,27720,15511,
20055.87,20097.5,30615,18136,
19413.43,19403.5,29474,17552,
13315.71,13720.5,20695,11449,
19302.91,19411,29602,16882,
18007.35,17883,27466,16796,
16868.92,16829.5,23547,15594,
14916.35,15105,21379,13067,
13781.98,13829,21248,11739,
18264.24,18220.5,26852,16792,
14068.8,14063.5,21917,12069,
12092.85,11995.5,19683,10135,
15110.13,15143,22834,13437,
18643.78,18769,28250,16498,
9441.49,9389,16592,8548,
11389.68,11391.5,17066,10141,
11592.89,11542.5,17853,10810,
11931.64,12062.5,19302,9843,
9684.55,9702,15184,8620,
12017.11,11971,18166,10814,
15270.25,15219.5,22893,13890,
10443.37,10417,17026,9455,
9449.68,9415,14491,8027,
12196.77,12157,19047,10836,
10549.76,10342,19676,8738,
8986.31,9039,14897,8092,
11520.11,11529,18166,10228,
10430.24,10462.5,16269,9283,
11455.09,11425,17144,10657,
10893.5,10811,17345,9742,
15647.65,15693,25006,13738,
10431.87,10408,16954,9586,
17548.31,17465.5,27902,14783,
10780.91,10774,17245,9929,
12373.54,12353.5,19179,10921,
13490.45,13473,20651,12290,
9179.48,9166.5,14932,7699,
7326.29,7302,12493,6233,
11022.97,11136.5,18456,9123,
11019.88,10946.5,17638,9983,
10977.53,10967,18318,10016,
9853.78,9785.5,16008,9141,
12139.4,12126.5,19155,10770,
12166.43,12159,18128,11035,
11888.26,11904,19410,10699,
9962.16,9916.5,16372,8664,
10582.16,10651,16822,9300,
10308.58,10279,16520,9171,
9976.23,9927.5,15101,8972,
8857.62,8832,13414,8172,
12906.91,12821.5,20600,11764,
10877.54,10864.5,18348,9159,
7397.1,7344.5,12605,6575,
11296.9,11272.5,19192,9491,
10632.78,10601.5,16191,9350,
13809.47,13756,21886,12346,
11082.86,11044,16670,10055,
14894.38,14914,22211,13786,
11454.57,11490,18077,10221,
11189.86,11177.5,17666,10302,
11125.49,11116.5,16423,10152,
8803.75,8749,14684,8267,
7650.9,7577.5,13704,6547,
11454.18,11499.5,18580,10290,
10973,10954,15838,9611,
10260.49,10243,18012,9023,
10124.43,10094,16337,8491,
10561.51,10574,16376,9027,
11268.95,11201.5,18260,10562,
12958.26,12908.5,20175,11619,
13036.24,13028,21551,11364,
10446.12,10434,16038,9103,
11543.39,11654,17928,10461,
11012.04,10968,18216,9850,
11631.92,11583,18522,10568,
8361.68,8275,15489,7500,
13045.47,13003.5,21968,11213,
10245.23,10257,15397,9005,
14002.87,13938,21032,13444,
11691.14,11731,18338,10371,
11887.7,11815,17987,10089,
10787.06,10819.5,17530,9160,
12011.82,11974.5,19194,11039,
15169.12,15148.5,22441,13810,
8938.06,8948.5,14646,8073,
9171.87,9181,15539,8022,
10956.71,10916,16869,10364,
14234.7,14249,22175,12922,
9316.69,9299.5,15973,8326,
11494.87,11431.5,17994,10497,
13951.42,13822.5,22559,12737,
10362.74,10416,16288,9214,
9772.74,9774.5,15834,8671,
8912.57,8815.5,15068,7947,
11705.99,11661.5,18196,10509,
10554.7,10555,14631,9898,
14636.76,14595,24686,13096,
11546.78,11518.5,19499,10142,
11805.39,11689.5,19114,10877,
11832.56,11844.5,17883,10963,
9438.97,9371.5,16134,8389,
12675.05,12650.5,20141,11415,
11042.42,11014.5,19173,10009,
8604.54,8601,14372,7855,
11297.69,11236,17843,10155,
13308.45,13319.5,19620,12224,
10609.98,10558.5,16941,9066,
10996.48,10989,17907,9452,
12292.49,12374,20673,10211,
10253,10250.5,15967,9316,
10243.03,10201.5,15562,9147,
11520.1,11499,17901,10128,
12279.49,12264.5,20079,10749,
12556.87,12553,19376,11291,
10381.57,10371.5,15517,9561,
9835.81,9788,16498,8650,
12498.55,12439.5,20039,10925,
10477.95,10448,17159,9367,
9231.91,9226,14719,8533,
11863.93,11882.5,17663,10830,
10867.37,10860,16165,10048,
14015.19,13970,22003,12947,
8413.35,8320,14228,7559,
12256.18,12302,19519,10580,
14079.34,14108,23024,12346,
11815.71,11789.5,18634,10664,
11245.43,11238,17306,10214,
10305.43,10264.5,15381,9228,
14126.51,14030.5,21589,12641,
11656.16,11566,18906,10553,
9996.98,9939,16938,8879,
12730.51,12715.5,18483,11240,
8891.24,8862,14716,7913,
11768.47,11827,19488,10592,
13780.52,13731,21276,12489,
15173.8,15120.5,23512,13696,
10869.32,10801,19545,9180,
14050.38,14138,22019,12062,
9965.93,9929,16136,9110,
9500.15,9450,15222,8935,
11423.73,11435.5,16981,10293,
14183.14,14111,22631,13375,
10653.92,10614.5,17607,9369,
11037.38,11070,18053,9597,
10902.82,10875,17787,9670,
12770.03,12825,20990,10105,
9605.42,9610,15090,8490,
11961.73,11952.5,20039,9896,
11040.82,11242.5,18304,9590,
11414.01,11414,19531,9968,
11168.91,11140,18682,10304,
13002.66,12903.5,21372,11696,
9415.13,9479,15840,8435,
9442.45,9401.5,15147,8859,
13485.51,13442,23275,10972,
9955.53,9883.5,15577,9151,
10935.88,10910,15033,9643,
14845.14,14748.5,21774,13691,
12044.08,12018.5,17063,11230,
10855.44,10833.5,19025,9368,
10595.75,10605.5,16759,9780,
11368.29,11341.5,18934,10041,
14843.18,14831,23785,13139,
10910.25,10935,18083,9533,
10254.02,10255,16017,9380,
10480.64,10456.5,16882,9463,
10786.06,10764,18052,9866,
10693.03,10744.5,15761,9747,
13564.76,13559,20264,12362,
11114.4,11078.5,18096,9551,
11872.99,11745,19728,10771,
10351.22,10496,17227,9034,
12555.67,12438,21294,11029,
8361.93,8307,14212,7607,
13270.93,13256,21845,11084,
11454.38,11443.5,17440,10320,
14257.76,14255.5,21163,13018,
9910.33,9965,16229,8772,
13779.36,13755,24342,11639,
11864.21,11833.5,18613,11017,
10452.12,10453,16190,8862,
11510.73,11448.5,19969,10334,
9774.36,9738.5,15743,8776,
10106.16,10040,16678,9295,
11694.9,11719.5,18792,10429,
9648.32,9648,15639,8607,
8844.21,8822,15683,7898,
8480.15,8415.5,14933,7679,
11441.91,11449,18928,10437,
9981.82,10011,16717,8448,
16217.28,16243.5,24256,14570,
10152.53,10118,16331,9282,
10657.42,10637,16401,9753,
10916.73,10846.5,18140,9923,
10339.18,10322,17019,9496,
11020.33,11014.5,16917,10072,
12062.22,12009,18417,11360,
16179.16,16123,25993,14148,
11672.51,11621,19530,10640,
12702.95,12674.5,19151,11679,
7618.83,7551,14688,6919,
13651.09,13641,21185,12431,
12019.82,12021,19115,10973,
13146.88,13076,21631,12309,
11088.35,11035.5,18795,10117,
16743.18,16766.5,25707,14697,
12846.82,12397,20183,11091,
14623.41,14666,22260,13302,
17280.65,17237,26329,15907,
14165.17,14125.5,21105,13000,
14342.42,14393.5,20218,12906,
16387.28,16370.5,23745,15002,
11960.71,11880,19688,10556,
13225.35,13153.5,21684,12410,
17342.93,17695.5,26537,14996,
15294.33,15265,22788,13864,
16493.56,16432.5,24192,15332,
13842.8,14010,21689,12323,
14956.37,15030.5,23743,12970,
12612.98,12565.5,19574,11497,
19907.62,19988.5,29691,17969,
15688.58,15764.5,25527,13396,
11519.85,11349,19137,10414,
16244.02,16335,22884,14686,
13385.5,13464.5,21876,11636,
9628.49,9651,15470,8352,
10532.89,10496,16330,9715,
7903.13,7871.5,13348,7076,
12112.81,12076,19032,11069,
8915.76,8915,14833,7782,
19552.02,19684.5,28670,18059,
14701.31,14685,22911,12730,
11572.32,11542,19748,10357,
15894.33,16039,24340,13988,
13989.81,13923,21203,12782,
19796.75,19759.5,31867,17369,
14124.29,14086.5,22027,12170,
18538.49,18448.5,28450,17167,
10769.19,10720,18955,9347,
10795.51,10988,17220,8982,
9665.21,9624,15437,9035,
9066.52,9004.5,14763,7815,
10300.73,10284,16804,9278,
13443.86,13500,20719,11690,
15738.83,15729.5,24104,13646,
10633.07,10610,16994,9665,


14496.89,14484,23354,13380,
13919.12,13861.5,24568,12902,
19152.66,19191,26360,17367,
19185.21,19290.5,29626,17504,
12675.29,12630,20887,11235,
12073.25,12179,19425,10890,
13408.26,13431.5,19699,12154,
12810.81,12868.5,20464,11439,
15526.36,15495,24287,14160,
16646.51,16649.5,24785,14935,
19004.4,18901.5,28794,17426,
16013.14,16036.5,24309,14655,
16035.67,16042,23578,14966,
19299.19,19252.5,32000,17733,
15198.11,15086,24375,13757,
13510.59,13473,20368,12490,
18170.92,18012,28432,15916,
16287.8,16163,24238,13822,
16569.96,16486,27126,15486,
23406.19,23452.5,35757,21509,
16686.31,16653.5,26151,15132,
20494.08,20767.5,31608,18289,
14896.51,14870,23575,14193,
18122.31,18095.5,26818,16802,
12448.19,12422,18538,11304,
15011.47,15002.5,23296,14131,
17122.34,17090.5,26920,15750,
16051.3,16058.5,25682,14091,
14100.29,13929.5,21358,13328,
21774.97,21836.5,34052,19779,
21363.34,21314,32748,18298,
13884.54,13877,21241,12784,
13749.31,13719,21855,12761,
14735.24,14668.5,22080,14007,
17101.23,17112,27548,15121,
12577.67,12547,19484,11700,
13217.45,13440,21169,11647,
16142.61,16067.5,24737,14984,
13348.7,13302,22670,12146,
13316.89,13152,22736,12155,
15222.04,15196,22600,13627,
18310.46,18287,25638,17102,
14417.03,14393,22954,13080,
15066.53,15293.5,24402,12674,
21512.22,21478,32452,19677,
15146.86,15118.5,23123,14027,
17751.48,17704,26005,16873,
17554.88,17548,25008,16666,
13901.46,13872.5,21520,13095,
15706.53,15614,30742,14607,
24238.99,24476,35435,21433,
13490.28,13381.5,21863,12360,
12847.57,12770,21418,11902,
17449.38,17414,28922,15842,
14178.72,14139.5,21906,12806,
17900.48,17748,27967,16190,
13809.35,13869,23047,12721,
13099.63,13062,20382,11907,
17751.76,17788,25603,15989,
15013.02,14953,24211,13956,
17534.67,17490,25260,16350,
14585.59,14501,24726,13302,
17035.49,16942.5,25032,15397,
13300.8,13191.5,22935,12077,
14605.5,14570,21812,13620,
12922.19,12885.5,19691,11995,
21616.1,21640,33975,19212,
13893.58,13852,20375,13222,
23118.9,23310.5,35985,20539,
20911.87,21079,30543,19104,
16453.23,16678,25991,14619,
15020.19,14974,23334,13343,
15059.94,15157,22175,13220,
14211.14,14183.5,22248,12343,
18179.63,18181.5,30041,16597,
13170.84,13264,18851,12011,
13812.27,13847.5,22553,12623,
15948.98,15886,25849,14658,
12689.34,12807,19570,11414,
13673.87,13515.5,20250,12390,
13543.04,13492,21292,12421,
18656.44,18879,30565,16470,
19052.69,19205,30312,16601,
14983.7,14961,23838,13165,
13968.56,13872,24373,12769,
19243.64,19235,28699,17611,
17023.71,17218.5,26338,15605,
16331.31,16554.5,24298,14531,
20061.58,19968,33133,18735,
15026.96,14952.5,23801,13405,
18218.56,18318.5,29866,16606,
11310.61,11286.5,20159,10285,
14271.62,14254.5,20671,13002,
17005.98,16991,25180,15704,
22165.91,22288.5,35297,19374,
21355.07,21421,32252,19031,
14261.05,14195.5,21529,13440,
16270.74,16260,25275,14945,
16123.97,16100,24624,14207,
14980,14881.5,22911,13797,
12832.71,12800.5,19493,11941,
13047.91,13051.5,20242,11540,
15044.28,15010.5,22930,14222,
13095.5,13030,20856,11867,
18363.01,18461.5,27828,16686,
15791.04,15671,26617,14134,
15681.42,15571.5,26156,14151,
17579.81,17670,24945,15531,
14911.64,15108,22780,13382,
13545.23,13476.5,22444,12778,
30484.08,30365.5,46355,27832,
15745.14,15700,24086,14587,
11879.02,11786.5,19103,11092,
15711.89,15649,28065,13854,
12529.75,12434,19883,11773,
12312.83,12258,19168,11246,
14670.9,14608,21891,13132,
14148.73,14030,22693,12959,
13810.2,13803,22163,12043,
15110.02,15044,23029,14001,
15375.5,15324,26817,14012,
20752.11,20696.5,30039,19371,
15004.05,15063.5,21735,13933,
19147.23,19252.5,29484,16968,
16773.79,16751,25020,15053,
18258.44,18291,29619,16626,
13169.46,13093.5,20582,12047,
15610.85,15569.5,24074,14642,
12414.24,12376,19798,11563,
12683.03,12726.5,20964,11427,
13886.45,13822,20636,12916,
14733.49,14802.5,25093,13552,
15952.1,15925,24196,14318,
14630.17,14472,22769,13149,
11329.52,11290.5,18043,10431,
11636.22,11582.5,19456,10640,
14088.6,14015.5,23252,13027,
13370.36,13307,20923,12310,
18154.05,18159.5,29255,15804,
15638.64,15652.5,23474,14334,
15475.22,15434,23585,14257,
14102.29,14009,21664,13032,
17784.13,17811.5,25798,16288,
18261.76,18251,27861,16737,
20484.87,20471.5,33638,17782,
14400.73,14305,21253,13640,
14161.18,14174,23308,13168,
13754.05,13791.5,21161,12527,
18487.91,18437,26792,16733,
20376.92,20552.5,31196,18551,
17562.29,17558.5,27853,15519,
15454.26,15406.5,26103,13706,
20956.03,21241.5,30880,17513,
14775.35,14706,23592,13421,
12927.3,12849,21043,12151,
17084.31,17045,27376,15836,
14392.09,14395,21972,13356,
17040.2,16970.5,26128,15902,
13044.23,13007,19490,12089,
26812.02,26784,40088,23565,
13682.89,13615.5,20536,12598,
19990.32,20094,31742,17667,
16095.92,16095.5,24914,14799,
16605.33,16584.5,25050,15408,
17993.75,17794,28317,16340,
19829.5,20313.5,31477,16855,
15796.36,15818,24962,13956,
12626.11,12553,19709,11674,
18167.27,18041,28730,16839,
15416.84,15294.5,24875,13761,
14476.48,14588,22740,13016,
12819.26,12820.5,20926,11604,
14906.11,15004.5,23310,13326,
20701.74,20791,29030,18741,
13808.63,13768,20721,12549,
15490.71,15564.5,25091,13502,
15293.91,15404,22408,13468,
14004.55,13997.5,21347,12858,
13959.48,13887.5,22375,12556,
17033.93,17034,25615,15920,
13758.32,13673,22468,12383,
15405.5,15398.5,23758,14146,
15417.1,15359.5,24567,14051,
13982.11,13899,22461,12975,
14107.91,14065,21724,13198,
13602.41,13552,21440,12574,
15181.65,15060.5,24200,13607,
19411.7,19329,30442,18466,
18828.69,18793,31114,16744,
14576.47,14585,22221,13168,
18816.4,18746,32029,16257,
14360.54,14294,23701,13636,
12165.05,12087.5,19711,11415,
16418.41,16350,25554,15146,
12287.56,12332.5,21005,11163,
17380.87,17629.5,31306,15567,
12082.03,12032.5,18470,11267,
15207.62,15171,24345,13411,
12416.82,12388,20691,10750,
24430.26,24294,37329,24138,
17054.55,17004,26034,15667,
17070.99,17193,25955,15902,
25275.49,25445.5,39460,22376,
14402.45,14290.5,22173,13345,
14149.44,14171,21761,12823,
12940.39,12947,20401,11306,
14355.64,14506.5,22140,12722,
15447.46,15421.5,26528,13041,
17645.96,17592.5,27436,15704,
15284.92,15332,23278,13985,
15200.83,15176,23501,13119,
16181.39,16217,26050,14643,
17938.37,17878,26865,16886,
14352.83,14295,20953,13900,
15572.04,15526,23679,14128,
11861.95,11805.5,19065,10551,
14552.89,14540.5,24830,12922,
17778.94,17715.5,25132,16616,
18815.03,18751,27931,17258,
22107.05,22414.5,34286,19054,
14366.42,14286,23137,13098,
17220.29,17087.5,25360,15799,
18626.67,18533.5,27528,16847,
15774.52,15779.5,25864,14566,
13603.3,13589.5,22839,12345,
15587.66,15516.5,25497,14128,
11556.05,11646,18736,10108,
16074.54,16286,24046,13858,
17104.53,17039,25456,16066,
13264.4,13434,21595,12160,
19018,19013.5,27779,17962,
13390.96,13411,21001,12487,
13474.99,13470.5,23001,12033,
15411.62,15360.5,24420,13157,
14235.68,14273.5,22708,12835,
15594.7,15562.5,25236,14053,
17110.87,17094,24337,16120,
15751.75,15796,23944,14410,
12132.11,12065,18592,11385,
20423.57,20611,31632,18448,
15846.69,15934,23982,14684,
16166.44,16291.5,24526,14142,
15878.99,15896,23644,13927,
14644.18,14607,23349,13265,
17701.36,17711.5,27051,16107,
14975.44,14968.5,22244,14027,
17224.92,17390,28267,15638,
12362.45,12284,18892,11037,
17209.11,17113.5,26597,16255,
13491.06,13440.5,24731,12008,
19444.54,19378.5,29913,16901,
11623.08,11533.5,20150,10474,
13843.14,13974.5,24612,12162,
12502.43,12455,20768,11364,
17682.31,17699.5,27720,15031,
19432.23,19437.5,30615,17662,
19072.59,19012.5,29474,17151,
13296.05,13672.5,20695,11417,
18793.01,18887,29602,16732,
17543.87,17500.5,27466,16365,
16527.51,16551.5,23547,15502,
14756.74,14927,21379,13444,
13274.63,13297.5,21248,11250,
17747.56,17689.5,26852,16444,
13802.14,13744.5,21917,12439,
12147.61,12094,19683,10847,
14819.31,14855,22834,13086,
18137.12,18201.5,28250,16473,
9198.47,9129,16592,8499,
11282.68,11264.5,17066,10240,
11458.43,11415,17853,10783,
11645.48,11713,19302,9823,
9586.25,9583,15184,8609,
11929.46,11918.5,18166,10680,
14757.06,14795,22893,13215,
10264.52,10235,17026,9394,
9457.57,9415,14491,8263,
11873.34,11807,19047,10561,
10113.95,9775.5,19676,8444,
8598.41,8568.5,14897,8089,
11210.09,11142.5,18166,10166,
10261.26,10254,16269,9102,
11037.67,11025,17144,10476,
10637.86,10547.5,17345,9379,
15083.88,15050.5,25006,13013,
10289.02,10308.5,16954,9494,
17364.49,17250.5,27902,14840,
10568.71,10521,17245,9744,
11973.31,11896,19179,10863,
13290.5,13279,20651,12040,
8904.98,8842,14932,7887,
7324.26,7289.5,12493,6446,
10697.85,10787,18456,8750,
10792.58,10732.5,17638,9703,
10638.61,10621.5,18318,9700,
9682.44,9650.5,16008,8913,
11935.21,11951.5,19155,10503,
11897.04,11925.5,18128,10695,
11756.03,11756.5,19410,10533,
9465.03,9452.5,16372,8654,
10188.71,10192,16822,9146,
10063.6,10012.5,16520,9148,
9898.17,9854,15101,8876,
8847.26,8827,13414,8171,
12549.14,12496.5,20600,11428,
10332.25,10265,18348,9084,
7389.67,7340,12605,6559,
10951.45,11001.5,19192,9491,
10524.11,10481,16191,9527,
13422.65,13408.5,21886,11830,
10916.67,10902,16670,10043,
14555.7,14516,22211,13419,
11199.6,11249,18077,10057,
11138.22,11137.5,17666,10231,
11004.77,10988.5,16423,10007,
8545.4,8482.5,14684,7945,
7606.08,7505.5,13704,6478,
10944.03,10908,18580,9958,
10618.74,10586,15838,9573,
10184.54,10137.5,18012,9023,
10067.89,10042,16337,8490,
10209.04,10202.5,16376,8971,
10951.1,10932,18260,10322,
12663.07,12584.5,20175,11581,
12903.74,12909,21551,11267,
10042.96,10002,16038,9074,
11425.39,11516,17928,10339,
10719.85,10706,18216,9667,
11353,11312.5,18522,10476,
8167.64,8069,15489,7567,
12606.12,12510.5,21968,11159,
10251.69,10250,15397,8996,
13592.6,13523,21032,13037,
11656.09,11710,18338,10330,
11779.63,11709.5,17987,9959,
10753.81,10779.5,17530,9176,
11993.9,11952,19194,11014,
14799.67,14778,22441,13508,
8889.34,8887,14646,8064,
9025.61,9030,15539,7967,
10948.74,10907,16869,10355,
13324.76,13217,22175,12587,
9242.47,9218.5,15973,8232,
11173.58,11122.5,17994,10468,
13524.9,13484.5,22559,12513,
10209.25,10248,16288,9030,
9760.5,9759.5,15834,8668,
8762.99,8676.5,15068,7949,
11406,11343,18196,10262,
10251.65,10244,14631,9597,
14530.44,14512.5,24686,13080,
10926.89,10928.5,19499,9746,
11448.98,11447.5,19114,10442,
11604.24,11552,17883,10865,
9392.01,9352,16134,8375,
12557.83,12527,20141,11268,
10754.06,10719.5,19173,9769,
8418.89,8388,14372,7621,
11165.42,11098.5,17843,9999,
13116.82,13135,19620,11983,
10400.85,10381.5,16941,9083,
10828.53,10805,17907,9415,
11891.74,12006,20673,10006,
10138.87,10171.5,15967,9166,
9914.15,9840.5,15562,8741,
11478.77,11462.5,17901,10075,
11780.98,11709,20079,10758,
12399.03,12355,19376,11416,
10230.29,10199.5,15517,9420,
9540.29,9466.5,16498,8620,
12366.69,12339.5,20039,10907,
10355.93,10309,17159,9223,
9182.41,9174,14719,8474,
11698.47,11723,17663,10809,
10633.23,10598.5,16165,9741,
13628.28,13584.5,22003,12682,
8273.73,8226.5,14228,7514,
11703.74,11697,19519,10547,
13782.56,13847,23024,12024,
11770.78,11730,18634,10611,
11039.33,10986.5,17306,10150,
10305.48,10264.5,15381,9228,
13857.82,13835.5,21589,12494,
11650.97,11558.5,18906,10546,
9665.69,9629.5,16938,8495,
12371.87,12295,18483,10745,
8830.57,8795.5,14716,8017,
11600.38,11655.5,19488,10630,
13572.34,13484.5,21276,12190,
14473.15,14420.5,23512,13379,
10791.4,10677,19545,9555,
13955.86,14042,22019,12055,
9760.26,9685,16136,8904,
9349.7,9343.5,15222,8826,
11048.1,11092,16981,9805,
13749.32,13675.5,22631,12930,
10596.72,10522,17607,9381,
10849.23,10843.5,18053,9404,
10388.17,10314.5,17787,9042,
12506.96,12561.5,20990,10081,
9257.28,9272.5,15090,8343,
11640.62,11637,20039,9915,
11041.9,11242.5,18304,9590,
11161.45,11167.5,19531,9966,
10935.97,10896,18682,10054,
12513.97,12542.5,21372,11038,
9347.83,9434.5,15840,8341,
9161.99,9100,15147,8483,
12972.32,12957,23275,10940,
9679.61,9638.5,15577,9109,
10833.22,10797,15033,9698,
14601.15,14565.5,21774,13369,
11681.03,11712,17063,10809,
10357.04,10317,19025,9468,
10391.99,10360,16759,9779,
10864.6,10855.5,18934,9659,
14215.45,14156,23785,12800,
10522.72,10628.5,18083,9189,
10179.96,10187,16017,9283,
10221.19,10176.5,16882,9273,
10650.63,10599.5,18052,9709,
10524.11,10571,15761,9559,
13378.6,13351.5,20264,12189,
10584.2,10516.5,18096,9515,
11664.95,11632.5,19728,10534,
9833.86,9917,17227,8864,
12171.12,11977.5,21294,11015,
8085.1,8034.5,14212,7307,
12632.94,12753.5,21845,11186,
11185.36,11136,17440,10128,
14143.83,14126,21163,12878,
9863.72,9908.5,16229,8783,
13326.16,13208,24342,11668,
11679.3,11640,18613,10852,
10018.5,10089.5,16190,8869,
11364.99,11286.5,19969,10196,
9746.6,9732.5,15743,8697,
9868.67,9811.5,16678,9051,
11353.43,11322.5,18792,10289,
9589,9574.5,15639,8596,
8665.12,8577,15683,7698,
8222.25,8185,14933,7474,
11409.84,11414,18928,10414,
9707.25,9786.5,16717,8166,
15598.34,15668.5,24256,14103,
10000.86,9989,16331,9127,
10280.43,10249,16401,9401,
10602,10521.5,18140,9718,
9876.97,9856,17019,9142,
10736.85,10709,16917,9811,
11806.49,11743.5,18417,11143,
15614.18,15610.5,25993,14159,
11294.33,11241,19530,10219,
12702.95,12674.5,19151,11679,
7575.4,7506,14688,6855,
13632.88,13613,21185,12450,
11783.11,11792,19115,10947,
12819.08,12740,21631,11985,
11049.53,10990.5,18795,10069,
16177.84,16205.5,25707,14639,
12600.66,12105,20183,10741,
14191.46,14201,22260,13327,
16923.38,16864.5,26329,15597,
14113.87,14050.5,21105,12928,
14298.16,14353.5,20218,12853,
16100.07,16055.5,23745,14941,
11743.74,11642.5,19688,10553,
13049.35,12956.5,21684,12222,
16499.58,16677,26537,13999,
15290.51,15261,22788,13952,
16266.98,16176.5,24192,15084,
13680.49,13856,21689,12162,
14850.38,14929.5,23743,13003,
12588.7,12536.5,19574,11493,
19712.86,19726.5,29691,17698,
14846.12,14851,25527,13425,
11162.96,10944.5,19137,9975,
16115.51,16183,22884,14647,
13067.01,13087,21876,11258,
9600.34,9594,15470,8299,
10337.32,10275.5,16330,9479,
7719.24,7678.5,13348,7120,
11869.21,11807.5,19032,10921,
8704.28,8688,14833,7752,
19067.93,19154,28670,17615,
14252.74,14221,22911,12774,
11526.25,11474.5,19748,10630,
15233.1,15333,24340,13766,
13620.23,13574.5,21203,12667,
19113.96,19107,31867,16508,
14045.22,14000,22027,12281,
18345.37,18288,28450,17076,
10725.42,10672,18955,9342,
10709.12,10876.5,17220,8880,
9649.55,9607,15437,9014,
9038.03,8949,14763,7822,
10080.47,10020,16804,9259,
13067.32,13068,20719,11644,
15458.68,15522,24104,13637,
10493.1,10448,16994,9623,




Further Data analysis of all test cases 
avg med max min 
AVGs,14197.711,13970.615,31883.53,7326.29,
MEDs,14193.259,13926.25,31857,7302,
MAXs,22037.184,21592,46355,12493,
MINs,12727.808,12580,28096,6233,


AVGs,13890.182,13630.58,30484.08,7324.26,
MEDs,13876.886,13601.25,30365.5,7289.5,
MAXs,22037.184,21592,46355,12493,
MINs,12569.418,12430,27832,6446,



