

Data analysis for each instance 
AVG,MED,MAX,MIN
0.717,0.713,1,0.712,
0.725,0.721,1,0.721,
0.703,0.699,1,0.699,
0.726,0.723,1,0.723,
0.704,0.7,1,0.7,
0.728,0.724,1,0.723,
0.722,0.718,1,0.718,
0.714,0.71,1,0.71,
0.714,0.709,1,0.709,
0.7,0.696,1,0.696,
0.709,0.705,1,0.705,
0.698,0.695,1,0.694,
0.726,0.722,1,0.722,
0.691,0.687,1,0.685,
0.731,0.727,1,0.727,
0.727,0.723,1,0.723,
0.698,0.694,1,0.694,
0.702,0.698,1,0.698,
0.684,0.68,1,0.68,
0.711,0.708,1,0.708,
0.715,0.711,1,0.711,
0.704,0.7,1,0.689,
0.682,0.678,1,0.658,
0.725,0.721,1,0.721,
0.716,0.712,1,0.712,
0.726,0.722,1,0.722,
0.726,0.722,1,0.722,
0.727,0.723,1,0.723,
0.706,0.702,1,0.702,
0.686,0.683,1,0.682,
0.67,0.678,1,0.647,
0.715,0.71,1,0.71,
0.71,0.706,1,0.706,
0.735,0.73,1,0.73,
0.726,0.722,1,0.722,
0.724,0.72,1,0.72,
0.718,0.714,1,0.714,
0.739,0.733,1,0.733,
0.722,0.718,1,0.718,
0.727,0.723,1,0.723,
0.727,0.723,1,0.723,
0.705,0.701,1,0.701,
0.738,0.733,1,0.733,
0.685,0.681,1,0.66,
0.7,0.696,1,0.695,
0.734,0.729,1,0.729,
0.713,0.709,1,0.709,
0.705,0.701,1,0.701,
0.729,0.725,1,0.725,
0.66,0.658,1,0.612,
0.711,0.708,1,0.701,
0.71,0.706,1,0.706,
0.722,0.718,1,0.718,
0.693,0.689,1,0.689,
0.713,0.709,1,0.709,
0.713,0.709,1,0.709,
0.659,0.658,1,0.65,
0.71,0.706,1,0.705,
0.72,0.716,1,0.716,
0.724,0.72,1,0.72,
0.735,0.73,1,0.73,
0.728,0.724,1,0.724,
0.724,0.72,1,0.72,
0.715,0.711,1,0.711,
0.743,0.735,1,0.735,
0.729,0.725,1,0.725,
0.618,0.604,1,0.574,
0.706,0.702,1,0.702,
0.678,0.675,1,0.656,
0.698,0.695,1,0.681,
0.706,0.702,1,0.702,
0.715,0.711,1,0.711,
0.715,0.71,1,0.71,
0.729,0.725,1,0.725,
0.716,0.712,1,0.712,
0.693,0.689,1,0.689,
0.716,0.712,1,0.712,
0.719,0.715,1,0.715,
0.721,0.717,1,0.717,
0.699,0.695,1,0.695,
0.729,0.725,1,0.725,
0.69,0.686,1,0.686,
0.697,0.693,1,0.693,
0.712,0.708,1,0.708,
0.733,0.729,1,0.729,
0.708,0.704,1,0.704,
0.692,0.688,1,0.688,
0.713,0.709,1,0.709,
0.693,0.69,1,0.678,
0.709,0.705,1,0.705,
0.678,0.674,1,0.654,
0.725,0.721,1,0.721,
0.724,0.72,1,0.72,
0.71,0.706,1,0.706,
0.621,0.628,1,0.492,
0.678,0.675,1,0.654,
0.726,0.721,1,0.721,
0.725,0.721,1,0.721,
0.718,0.714,1,0.714,
0.722,0.717,1,0.717,
0.729,0.724,1,0.724,
0.724,0.72,1,0.72,
0.708,0.704,1,0.704,
0.724,0.72,1,0.72,
0.709,0.705,1,0.705,
0.703,0.699,1,0.699,
0.711,0.707,1,0.707,
0.708,0.704,1,0.704,
0.682,0.678,1,0.665,
0.725,0.721,1,0.721,
0.646,0.644,1,0.537,
0.71,0.706,1,0.706,
0.726,0.722,1,0.722,
0.706,0.702,1,0.702,
0.733,0.728,1,0.728,
0.726,0.721,1,0.721,
0.719,0.715,1,0.715,
0.707,0.703,1,0.703,
0.707,0.703,1,0.703,
0.735,0.73,1,0.73,
0.725,0.721,1,0.721,
0.708,0.705,1,0.705,
0.696,0.692,1,0.691,
0.691,0.687,1,0.687,
0.713,0.709,1,0.709,
0.692,0.688,1,0.688,
0.717,0.713,1,0.713,
0.736,0.73,1,0.73,
0.72,0.716,1,0.716,
0.707,0.703,1,0.703,
0.712,0.708,1,0.708,
0.697,0.693,1,0.693,
0.715,0.711,1,0.711,
0.719,0.715,1,0.715,
0.726,0.722,1,0.722,
0.724,0.72,1,0.72,
0.719,0.715,1,0.715,
0.711,0.707,1,0.707,
0.686,0.684,1,0.636,
0.712,0.708,1,0.708,
0.69,0.686,1,0.685,
0.733,0.728,1,0.728,
0.72,0.716,1,0.716,
0.729,0.725,1,0.725,
0.712,0.709,1,0.706,
0.722,0.718,1,0.718,
0.705,0.701,1,0.701,
0.714,0.71,1,0.71,
0.716,0.712,1,0.712,
0.694,0.691,1,0.69,
0.718,0.714,1,0.714,
0.711,0.707,1,0.707,
0.682,0.679,1,0.657,
0.707,0.703,1,0.702,
0.735,0.73,1,0.73,
0.708,0.704,1,0.704,
0.728,0.724,1,0.724,
0.73,0.726,1,0.726,
0.724,0.72,1,0.72,
0.671,0.665,1,0.63,
0.717,0.713,1,0.712,
0.698,0.695,1,0.695,
0.728,0.724,1,0.724,
0.704,0.7,1,0.7,
0.719,0.715,1,0.715,
0.703,0.7,1,0.698,
0.725,0.721,1,0.721,
0.728,0.724,1,0.724,
0.694,0.69,1,0.689,
0.723,0.719,1,0.719,
0.72,0.716,1,0.715,
0.73,0.725,1,0.725,
0.704,0.7,1,0.7,
0.673,0.674,1,0.655,
0.723,0.718,1,0.718,
0.703,0.699,1,0.699,
0.705,0.701,1,0.701,
0.725,0.721,1,0.721,
0.718,0.714,1,0.714,
0.716,0.712,1,0.712,
0.685,0.681,1,0.681,
0.727,0.722,1,0.722,
0.713,0.709,1,0.709,
0.706,0.702,1,0.702,
0.702,0.698,1,0.698,
0.734,0.729,1,0.729,
0.729,0.725,1,0.725,
0.712,0.709,1,0.709,
0.701,0.698,1,0.698,
0.726,0.722,1,0.722,
0.698,0.695,1,0.64,
0.727,0.723,1,0.723,
0.718,0.714,1,0.714,
0.731,0.727,1,0.727,
0.712,0.708,1,0.708,
0.683,0.681,1,0.648,
0.73,0.726,1,0.726,
0.742,0.735,1,0.735,
0.728,0.723,1,0.723,
0.673,0.67,1,0.644,
0.728,0.724,1,0.724,
0.715,0.711,1,0.711,
0.649,0.646,1,0.604,
0.724,0.72,1,0.72,
0.734,0.729,1,0.729,
0.702,0.698,1,0.698,
0.706,0.702,1,0.702,
0.72,0.716,1,0.716,
0.725,0.721,1,0.721,
0.721,0.717,1,0.717,
0.715,0.712,1,0.711,
0.719,0.715,1,0.715,
0.706,0.702,1,0.702,
0.719,0.715,1,0.715,
0.722,0.718,1,0.718,
0.726,0.722,1,0.722,
0.712,0.708,1,0.708,
0.687,0.683,1,0.683,
0.704,0.7,1,0.7,
0.642,0.645,1,0.574,
0.718,0.714,1,0.714,
0.718,0.714,1,0.714,
0.716,0.712,1,0.712,
0.723,0.719,1,0.719,
0.718,0.714,1,0.714,
0.708,0.704,1,0.704,
0.727,0.722,1,0.722,
0.654,0.648,1,0.618,
0.73,0.726,1,0.726,
0.709,0.705,1,0.705,
0.731,0.727,1,0.727,
0.697,0.693,1,0.693,
0.72,0.716,1,0.716,
0.708,0.704,1,0.704,
0.689,0.685,1,0.685,
0.723,0.719,1,0.719,
0.713,0.709,1,0.709,
0.712,0.708,1,0.708,
0.735,0.73,1,0.73,
0.684,0.684,1,0.667,
0.724,0.72,1,0.72,
0.687,0.683,1,0.683,
0.695,0.691,1,0.69,
0.724,0.72,1,0.72,
0.723,0.719,1,0.719,
0.706,0.702,1,0.701,
0.634,0.633,1,0.577,
0.706,0.702,1,0.702,
0.71,0.706,1,0.706,
0.708,0.704,1,0.704,
0.713,0.709,1,0.709,
0.715,0.711,1,0.711,
0.691,0.687,1,0.687,
0.721,0.717,1,0.717,
0.712,0.708,1,0.708,
0.721,0.717,1,0.717,
0.716,0.712,1,0.712,
0.715,0.711,1,0.71,
0.723,0.719,1,0.719,
0.725,0.721,1,0.721,
0.707,0.703,1,0.703,
0.714,0.71,1,0.71,
0.707,0.703,1,0.703,
0.724,0.72,1,0.72,
0.715,0.711,1,0.711,
0.698,0.694,1,0.694,
0.715,0.711,1,0.711,
0.718,0.714,1,0.714,
0.656,0.652,1,0.652,
0.649,0.645,1,0.645,
0.661,0.657,1,0.657,
0.613,0.606,1,0.566,
0.639,0.636,1,0.616,
0.628,0.63,1,0.583,
0.602,0.605,1,0.512,
0.641,0.64,1,0.627,
0.644,0.643,1,0.636,
0.651,0.647,1,0.647,
0.621,0.622,1,0.591,
0.648,0.644,1,0.635,
0.652,0.648,1,0.648,
0.658,0.654,1,0.654,
0.64,0.637,1,0.608,
0.656,0.652,1,0.652,
0.584,0.581,1,0.522,
0.65,0.646,1,0.646,
0.596,0.601,1,0.508,
0.647,0.643,1,0.643,
0.651,0.648,1,0.614,
0.657,0.653,1,0.653,
0.655,0.651,1,0.651,
0.658,0.654,1,0.654,
0.642,0.638,1,0.638,
0.654,0.65,1,0.65,
0.644,0.642,1,0.633,
0.654,0.65,1,0.65,
0.65,0.646,1,0.646,
0.594,0.589,1,0.522,
0.655,0.651,1,0.651,
0.646,0.642,1,0.632,
0.641,0.637,1,0.633,
0.659,0.655,1,0.655,
0.652,0.648,1,0.648,
0.65,0.646,1,0.646,
0.648,0.646,1,0.636,
0.639,0.637,1,0.607,
0.65,0.646,1,0.646,
0.62,0.619,1,0.576,
0.654,0.65,1,0.65,
0.617,0.613,1,0.538,
0.66,0.656,1,0.656,
0.654,0.65,1,0.65,
0.61,0.616,1,0.501,
0.643,0.639,1,0.636,
0.644,0.64,1,0.639,
0.646,0.645,1,0.637,
0.591,0.591,1,0.528,
0.631,0.628,1,0.58,
0.66,0.656,1,0.656,
0.619,0.617,1,0.573,
0.644,0.64,1,0.633,
0.639,0.638,1,0.609,
0.652,0.648,1,0.645,
0.653,0.649,1,0.649,
0.595,0.6,1,0.511,
0.645,0.641,1,0.639,
0.655,0.651,1,0.651,
0.644,0.641,1,0.628,
0.648,0.644,1,0.635,
0.658,0.654,1,0.654,
0.647,0.643,1,0.632,
0.653,0.649,1,0.649,
0.642,0.639,1,0.598,
0.656,0.652,1,0.652,
0.652,0.648,1,0.638,
0.602,0.601,1,0.52,
0.653,0.649,1,0.649,
0.648,0.644,1,0.644,
0.658,0.654,1,0.654,
0.614,0.613,1,0.565,
0.652,0.648,1,0.648,
0.575,0.581,1,0.496,
0.656,0.652,1,0.652,
0.645,0.641,1,0.631,
0.587,0.591,1,0.494,
0.651,0.647,1,0.647,
0.616,0.609,1,0.563,
0.645,0.641,1,0.641,
0.658,0.654,1,0.654,
0.653,0.649,1,0.648,
0.566,0.567,1,0.462,
0.633,0.633,1,0.594,
0.614,0.613,1,0.555,
0.652,0.648,1,0.648,
0.646,0.642,1,0.642,
0.654,0.65,1,0.65,
0.619,0.615,1,0.554,
0.652,0.648,1,0.648,
0.633,0.632,1,0.557,
0.653,0.649,1,0.642,
0.657,0.653,1,0.653,
0.653,0.649,1,0.649,
0.641,0.637,1,0.632,
0.612,0.613,1,0.551,
0.654,0.65,1,0.65,
0.653,0.649,1,0.649,
0.646,0.642,1,0.642,
0.657,0.653,1,0.653,
0.65,0.646,1,0.646,
0.655,0.651,1,0.651,
0.652,0.648,1,0.64,
0.66,0.656,1,0.656,
0.649,0.645,1,0.64,
0.658,0.654,1,0.654,
0.655,0.651,1,0.651,
0.633,0.63,1,0.601,
0.66,0.656,1,0.656,
0.651,0.647,1,0.647,
0.635,0.632,1,0.595,
0.619,0.617,1,0.57,
0.643,0.639,1,0.63,
0.645,0.641,1,0.633,
0.643,0.641,1,0.589,
0.656,0.652,1,0.652,
0.654,0.65,1,0.65,
0.635,0.63,1,0.604,
0.653,0.649,1,0.649,
0.593,0.592,1,0.496,
0.651,0.647,1,0.619,
0.591,0.597,1,0.476,
0.536,0.538,1,0.424,
0.601,0.603,1,0.504,
0.661,0.657,1,0.657,
0.655,0.651,1,0.651,
0.641,0.639,1,0.594,
0.651,0.647,1,0.647,
0.64,0.636,1,0.605,
0.649,0.645,1,0.645,
0.631,0.626,1,0.597,
0.655,0.651,1,0.651,
0.643,0.64,1,0.614,
0.614,0.611,1,0.584,
0.65,0.646,1,0.646,
0.656,0.652,1,0.652,
0.648,0.644,1,0.644,
0.623,0.621,1,0.58,
0.652,0.648,1,0.648,
0.652,0.648,1,0.648,
0.609,0.604,1,0.565,
0.648,0.644,1,0.643,
0.628,0.623,1,0.595,
0.613,0.611,1,0.539,
0.652,0.648,1,0.648,
0.563,0.567,1,0.475,
0.65,0.646,1,0.646,
0.609,0.607,1,0.54,
0.612,0.61,1,0.557,
0.572,0.569,1,0.488,
0.66,0.656,1,0.656,
0.627,0.626,1,0.561,
0.653,0.649,1,0.649,
0.648,0.644,1,0.644,
0.65,0.646,1,0.646,
0.625,0.621,1,0.582,
0.636,0.633,1,0.605,
0.644,0.64,1,0.64,
0.647,0.646,1,0.639,
0.65,0.646,1,0.646,
0.603,0.596,1,0.567,
0.63,0.619,1,0.618,
0.657,0.653,1,0.653,
0.637,0.633,1,0.627,
0.627,0.636,1,0.514,
0.652,0.648,1,0.648,
0.623,0.621,1,0.585,
0.649,0.645,1,0.645,
0.647,0.643,1,0.643,
0.657,0.653,1,0.653,
0.644,0.641,1,0.606,
0.647,0.643,1,0.642,
0.635,0.631,1,0.603,
0.653,0.649,1,0.649,
0.656,0.652,1,0.652,
0.638,0.636,1,0.604,
0.615,0.615,1,0.545,
0.652,0.648,1,0.648,
0.652,0.648,1,0.648,
0.655,0.651,1,0.651,
0.642,0.639,1,0.594,
0.651,0.647,1,0.643,
0.658,0.654,1,0.654,
0.601,0.605,1,0.512,
0.651,0.647,1,0.647,
0.656,0.652,1,0.652,
0.647,0.643,1,0.643,
0.609,0.609,1,0.566,
0.661,0.657,1,0.657,
0.616,0.613,1,0.569,
0.655,0.651,1,0.651,
0.629,0.624,1,0.587,
0.723,0.719,1,0.719,
0.71,0.706,1,0.706,
0.706,0.702,1,0.702,
0.726,0.722,1,0.722,
0.699,0.695,1,0.695,
0.718,0.714,1,0.714,
0.718,0.714,1,0.714,
0.729,0.725,1,0.725,
0.663,0.665,1,0.652,
0.733,0.728,1,0.728,
0.732,0.727,1,0.727,
0.709,0.705,1,0.705,
0.712,0.708,1,0.708,
0.734,0.729,1,0.729,
0.725,0.722,1,0.722,
0.694,0.69,1,0.69,
0.595,0.595,1,0.506,
0.72,0.716,1,0.716,
0.623,0.624,1,0.532,
0.649,0.645,1,0.645,
0.656,0.652,1,0.652,
0.656,0.652,1,0.652,
0.661,0.657,1,0.657,
0.615,0.608,1,0.575,
0.726,0.722,1,0.722,
0.718,0.714,1,0.714,
0.702,0.698,1,0.698,
0.715,0.711,1,0.711,
0.729,0.724,1,0.724,
0.709,0.705,1,0.705,
0.632,0.631,1,0.572,
0.714,0.71,1,0.71,
0.642,0.639,1,0.613,
0.644,0.642,1,0.632,
0.651,0.647,1,0.647,
0.623,0.62,1,0.573,
0.657,0.653,1,0.653,
0.623,0.622,1,0.544,
0.633,0.63,1,0.568,
0.656,0.652,1,0.647,


0.714,0.713,1,0.677,
0.724,0.721,1,0.698,
0.657,0.653,1,0.641,
0.65,0.645,1,0.612,
0.704,0.7,1,0.699,
0.727,0.724,1,0.723,
0.722,0.718,1,0.715,
0.714,0.71,1,0.699,
0.711,0.709,1,0.676,
0.623,0.614,1,0.588,
0.641,0.636,1,0.584,
0.641,0.631,1,0.59,
0.718,0.72,1,0.678,
0.515,0.502,1,0.501,
0.725,0.723,1,0.685,
0.728,0.724,1,0.723,
0.525,0.51,1,0.51,
0.608,0.581,1,0.578,
0.655,0.661,1,0.576,
0.647,0.629,1,0.566,
0.695,0.69,1,0.66,
0.592,0.575,1,0.575,
0.61,0.603,1,0.558,
0.645,0.6,1,0.6,
0.715,0.711,1,0.711,
0.705,0.703,1,0.668,
0.701,0.697,1,0.664,
0.662,0.652,1,0.625,
0.706,0.702,1,0.702,
0.53,0.521,1,0.521,
0.519,0.506,1,0.506,
0.715,0.71,1,0.71,
0.701,0.694,1,0.676,
0.734,0.73,1,0.718,
0.662,0.664,1,0.604,
0.736,0.731,1,0.711,
0.72,0.716,1,0.715,
0.711,0.706,1,0.677,
0.707,0.704,1,0.679,
0.725,0.722,1,0.693,
0.727,0.723,1,0.723,
0.586,0.576,1,0.575,
0.734,0.733,1,0.7,
0.57,0.551,1,0.517,
0.538,0.517,1,0.517,
0.732,0.729,1,0.683,
0.654,0.649,1,0.636,
0.612,0.604,1,0.603,
0.729,0.725,1,0.725,
0.599,0.593,1,0.544,
0.684,0.682,1,0.627,
0.707,0.706,1,0.695,
0.722,0.718,1,0.71,
0.531,0.52,1,0.52,
0.714,0.71,1,0.702,
0.635,0.628,1,0.592,
0.528,0.496,1,0.496,
0.709,0.704,1,0.676,
0.666,0.67,1,0.594,
0.732,0.729,1,0.718,
0.715,0.713,1,0.674,
0.726,0.724,1,0.697,
0.713,0.714,1,0.669,
0.709,0.711,1,0.679,
0.74,0.735,1,0.724,
0.729,0.725,1,0.718,
0.532,0.539,1,0.485,
0.709,0.708,1,0.691,
0.543,0.522,1,0.479,
0.612,0.597,1,0.587,
0.616,0.602,1,0.576,
0.707,0.703,1,0.674,
0.71,0.709,1,0.693,
0.728,0.725,1,0.704,
0.605,0.591,1,0.591,
0.683,0.687,1,0.658,
0.706,0.702,1,0.682,
0.718,0.715,1,0.706,
0.727,0.724,1,0.715,
0.687,0.691,1,0.643,
0.729,0.725,1,0.719,
0.648,0.645,1,0.581,
0.546,0.52,1,0.514,
0.687,0.689,1,0.625,
0.73,0.727,1,0.701,
0.655,0.646,1,0.646,
0.582,0.573,1,0.529,
0.653,0.641,1,0.592,
0.515,0.505,1,0.505,
0.705,0.706,1,0.674,
0.558,0.546,1,0.523,
0.727,0.724,1,0.718,
0.724,0.72,1,0.72,
0.673,0.661,1,0.629,
0.432,0.422,1,0.414,
0.525,0.53,1,0.487,
0.726,0.722,1,0.721,
0.722,0.721,1,0.698,
0.697,0.694,1,0.656,
0.691,0.683,1,0.652,
0.729,0.725,1,0.718,
0.724,0.72,1,0.704,
0.685,0.685,1,0.641,
0.677,0.666,1,0.661,
0.543,0.528,1,0.528,
0.595,0.58,1,0.58,
0.661,0.656,1,0.599,
0.698,0.701,1,0.679,
0.606,0.6,1,0.555,
0.724,0.721,1,0.71,
0.475,0.459,1,0.449,
0.679,0.673,1,0.618,
0.726,0.722,1,0.713,
0.639,0.631,1,0.604,
0.732,0.728,1,0.728,
0.725,0.721,1,0.721,
0.711,0.715,1,0.669,
0.698,0.694,1,0.664,
0.707,0.703,1,0.703,
0.732,0.73,1,0.705,
0.726,0.722,1,0.71,
0.583,0.571,1,0.568,
0.693,0.691,1,0.657,
0.561,0.555,1,0.525,
0.662,0.655,1,0.603,
0.578,0.573,1,0.518,
0.711,0.708,1,0.675,
0.738,0.735,1,0.717,
0.72,0.716,1,0.716,
0.707,0.703,1,0.703,
0.711,0.708,1,0.674,
0.655,0.649,1,0.611,
0.67,0.659,1,0.625,
0.689,0.697,1,0.649,
0.739,0.735,1,0.719,
0.724,0.72,1,0.72,
0.633,0.608,1,0.606,
0.711,0.707,1,0.707,
0.548,0.532,1,0.53,
0.707,0.707,1,0.673,
0.658,0.655,1,0.599,
0.734,0.729,1,0.713,
0.712,0.712,1,0.679,
0.721,0.717,1,0.682,
0.646,0.651,1,0.591,
0.723,0.719,1,0.714,
0.703,0.701,1,0.669,
0.709,0.71,1,0.67,
0.687,0.691,1,0.624,
0.554,0.533,1,0.529,
0.686,0.684,1,0.653,
0.698,0.692,1,0.663,
0.546,0.535,1,0.532,
0.686,0.684,1,0.643,
0.734,0.73,1,0.73,
0.63,0.621,1,0.573,
0.727,0.724,1,0.715,
0.677,0.672,1,0.652,
0.724,0.72,1,0.712,
0.555,0.532,1,0.491,
0.717,0.713,1,0.712,
0.578,0.57,1,0.57,
0.728,0.724,1,0.714,
0.658,0.654,1,0.614,
0.596,0.588,1,0.588,
0.601,0.598,1,0.565,
0.708,0.702,1,0.675,
0.728,0.724,1,0.718,
0.56,0.522,1,0.522,
0.699,0.696,1,0.633,
0.719,0.716,1,0.687,
0.731,0.727,1,0.726,
0.693,0.689,1,0.663,
0.602,0.599,1,0.538,
0.724,0.72,1,0.712,
0.678,0.674,1,0.649,
0.686,0.682,1,0.647,
0.725,0.721,1,0.721,
0.719,0.715,1,0.699,
0.706,0.702,1,0.69,
0.682,0.681,1,0.653,
0.722,0.722,1,0.697,
0.695,0.693,1,0.642,
0.696,0.694,1,0.657,
0.664,0.656,1,0.634,
0.733,0.73,1,0.724,
0.724,0.724,1,0.693,
0.567,0.548,1,0.544,
0.566,0.559,1,0.559,
0.726,0.722,1,0.722,
0.54,0.531,1,0.522,
0.715,0.714,1,0.681,
0.717,0.714,1,0.693,
0.692,0.686,1,0.659,
0.71,0.709,1,0.693,
0.515,0.501,1,0.501,
0.732,0.728,1,0.726,
0.693,0.678,1,0.673,
0.728,0.724,1,0.723,
0.548,0.52,1,0.481,
0.728,0.724,1,0.724,
0.621,0.595,1,0.566,
0.386,0.377,1,0.377,
0.724,0.72,1,0.715,
0.733,0.729,1,0.729,
0.682,0.677,1,0.653,
0.704,0.702,1,0.661,
0.69,0.69,1,0.604,
0.689,0.686,1,0.637,
0.682,0.704,1,0.593,
0.707,0.709,1,0.674,
0.684,0.683,1,0.627,
0.685,0.684,1,0.626,
0.717,0.715,1,0.701,
0.707,0.705,1,0.668,
0.726,0.722,1,0.722,
0.679,0.677,1,0.649,
0.62,0.615,1,0.609,
0.539,0.524,1,0.524,
0.489,0.472,1,0.471,
0.71,0.712,1,0.673,
0.638,0.633,1,0.59,
0.637,0.625,1,0.608,
0.711,0.71,1,0.666,
0.715,0.714,1,0.696,
0.682,0.679,1,0.628,
0.727,0.723,1,0.722,
0.556,0.533,1,0.527,
0.702,0.7,1,0.653,
0.71,0.706,1,0.706,
0.665,0.65,1,0.626,
0.692,0.692,1,0.655,
0.721,0.718,1,0.708,
0.652,0.645,1,0.621,
0.655,0.651,1,0.594,
0.677,0.665,1,0.653,
0.668,0.661,1,0.604,
0.678,0.675,1,0.624,
0.735,0.73,1,0.73,
0.538,0.533,1,0.506,
0.718,0.714,1,0.684,
0.544,0.532,1,0.523,
0.617,0.607,1,0.605,
0.723,0.72,1,0.707,
0.631,0.614,1,0.606,
0.679,0.663,1,0.65,
0.518,0.497,1,0.489,
0.705,0.701,1,0.701,
0.665,0.661,1,0.623,
0.698,0.7,1,0.644,
0.688,0.69,1,0.628,
0.715,0.711,1,0.702,
0.596,0.572,1,0.571,
0.714,0.714,1,0.684,
0.687,0.682,1,0.633,
0.613,0.595,1,0.595,
0.629,0.616,1,0.589,
0.715,0.711,1,0.711,
0.633,0.599,1,0.598,
0.671,0.681,1,0.599,
0.647,0.649,1,0.587,
0.709,0.71,1,0.675,
0.7,0.695,1,0.684,
0.688,0.683,1,0.63,
0.704,0.702,1,0.661,
0.698,0.694,1,0.694,
0.71,0.711,1,0.675,
0.678,0.671,1,0.641,
0.623,0.621,1,0.564,
0.568,0.564,1,0.505,
0.568,0.565,1,0.516,
0.455,0.446,1,0.446,
0.602,0.603,1,0.538,
0.576,0.575,1,0.49,
0.457,0.446,1,0.432,
0.485,0.461,1,0.461,
0.569,0.56,1,0.511,
0.556,0.55,1,0.509,
0.492,0.484,1,0.439,
0.598,0.593,1,0.547,
0.572,0.567,1,0.514,
0.587,0.583,1,0.535,
0.548,0.544,1,0.499,
0.587,0.583,1,0.542,
0.484,0.475,1,0.451,
0.524,0.502,1,0.502,
0.427,0.417,1,0.417,
0.549,0.542,1,0.497,
0.553,0.545,1,0.493,
0.589,0.585,1,0.529,
0.64,0.637,1,0.613,
0.649,0.649,1,0.625,
0.534,0.531,1,0.475,
0.625,0.623,1,0.582,
0.542,0.538,1,0.489,
0.544,0.534,1,0.508,
0.495,0.471,1,0.471,
0.449,0.434,1,0.434,
0.58,0.577,1,0.51,
0.604,0.601,1,0.529,
0.488,0.458,1,0.458,
0.64,0.637,1,0.596,
0.641,0.639,1,0.61,
0.604,0.593,1,0.55,
0.549,0.546,1,0.489,
0.459,0.445,1,0.445,
0.646,0.645,1,0.629,
0.479,0.465,1,0.461,
0.582,0.577,1,0.509,
0.463,0.439,1,0.439,
0.617,0.607,1,0.569,
0.5,0.475,1,0.469,
0.422,0.411,1,0.411,
0.509,0.489,1,0.489,
0.531,0.522,1,0.487,
0.59,0.583,1,0.521,
0.498,0.489,1,0.445,
0.49,0.475,1,0.451,
0.607,0.605,1,0.542,
0.529,0.52,1,0.467,
0.483,0.462,1,0.462,
0.492,0.457,1,0.457,
0.585,0.579,1,0.527,
0.543,0.55,1,0.48,
0.488,0.488,1,0.441,
0.556,0.555,1,0.492,
0.573,0.574,1,0.507,
0.576,0.569,1,0.51,
0.521,0.515,1,0.488,
0.646,0.643,1,0.613,
0.462,0.449,1,0.449,
0.605,0.601,1,0.548,
0.46,0.45,1,0.45,
0.541,0.542,1,0.506,
0.593,0.591,1,0.538,
0.44,0.431,1,0.431,
0.591,0.586,1,0.529,
0.474,0.466,1,0.46,
0.655,0.654,1,0.614,
0.478,0.47,1,0.446,
0.565,0.554,1,0.53,
0.416,0.406,1,0.406,
0.618,0.614,1,0.582,
0.538,0.534,1,0.478,
0.409,0.401,1,0.401,
0.615,0.609,1,0.574,
0.474,0.451,1,0.448,
0.621,0.619,1,0.573,
0.603,0.599,1,0.553,
0.566,0.56,1,0.495,
0.408,0.4,1,0.4,
0.543,0.54,1,0.464,
0.463,0.445,1,0.443,
0.565,0.563,1,0.511,
0.559,0.554,1,0.492,
0.584,0.579,1,0.532,
0.501,0.479,1,0.446,
0.627,0.625,1,0.592,
0.455,0.444,1,0.444,
0.574,0.569,1,0.513,
0.594,0.59,1,0.544,
0.562,0.56,1,0.507,
0.511,0.504,1,0.453,
0.471,0.457,1,0.438,
0.525,0.509,1,0.509,
0.585,0.581,1,0.524,
0.471,0.463,1,0.461,
0.607,0.604,1,0.557,
0.584,0.578,1,0.515,
0.616,0.617,1,0.542,
0.581,0.576,1,0.515,
0.642,0.641,1,0.597,
0.538,0.528,1,0.503,
0.584,0.573,1,0.555,
0.599,0.599,1,0.507,
0.506,0.501,1,0.472,
0.645,0.645,1,0.613,
0.502,0.466,1,0.466,
0.464,0.442,1,0.442,
0.552,0.55,1,0.491,
0.58,0.575,1,0.512,
0.566,0.56,1,0.511,
0.472,0.458,1,0.458,
0.626,0.627,1,0.562,
0.605,0.603,1,0.543,
0.521,0.522,1,0.455,
0.637,0.634,1,0.613,
0.458,0.443,1,0.433,
0.539,0.539,1,0.498,
0.439,0.43,1,0.413,
0.409,0.4,1,0.4,
0.442,0.434,1,0.434,
0.639,0.637,1,0.595,
0.637,0.634,1,0.606,
0.464,0.452,1,0.452,
0.554,0.548,1,0.506,
0.464,0.451,1,0.451,
0.556,0.55,1,0.519,
0.573,0.568,1,0.498,
0.571,0.567,1,0.513,
0.556,0.553,1,0.506,
0.47,0.457,1,0.453,
0.579,0.583,1,0.502,
0.601,0.601,1,0.537,
0.556,0.559,1,0.498,
0.507,0.492,1,0.455,
0.608,0.604,1,0.558,
0.62,0.618,1,0.558,
0.486,0.481,1,0.458,
0.579,0.575,1,0.502,
0.526,0.518,1,0.453,
0.452,0.439,1,0.439,
0.556,0.553,1,0.502,
0.439,0.432,1,0.42,
0.566,0.559,1,0.523,
0.494,0.489,1,0.447,
0.445,0.433,1,0.432,
0.488,0.476,1,0.446,
0.652,0.653,1,0.617,
0.589,0.585,1,0.525,
0.55,0.547,1,0.507,
0.549,0.544,1,0.486,
0.568,0.562,1,0.511,
0.524,0.52,1,0.461,
0.57,0.567,1,0.512,
0.489,0.466,1,0.464,
0.576,0.577,1,0.498,
0.608,0.603,1,0.545,
0.43,0.419,1,0.419,
0.465,0.448,1,0.448,
0.533,0.506,1,0.506,
0.532,0.527,1,0.482,
0.454,0.437,1,0.436,
0.552,0.544,1,0.506,
0.47,0.459,1,0.459,
0.519,0.507,1,0.507,
0.592,0.589,1,0.533,
0.595,0.593,1,0.537,
0.484,0.465,1,0.459,
0.608,0.607,1,0.557,
0.565,0.557,1,0.514,
0.619,0.617,1,0.563,
0.604,0.599,1,0.56,
0.497,0.491,1,0.455,
0.438,0.428,1,0.428,
0.596,0.591,1,0.538,
0.594,0.593,1,0.517,
0.588,0.583,1,0.533,
0.503,0.492,1,0.492,
0.567,0.561,1,0.506,
0.57,0.565,1,0.522,
0.431,0.423,1,0.423,
0.569,0.562,1,0.518,
0.582,0.575,1,0.539,
0.613,0.61,1,0.553,
0.548,0.545,1,0.481,
0.584,0.581,1,0.517,
0.475,0.451,1,0.45,
0.615,0.613,1,0.538,
0.459,0.448,1,0.448,
0.722,0.72,1,0.707,
0.709,0.706,1,0.681,
0.642,0.639,1,0.574,
0.726,0.722,1,0.722,
0.647,0.633,1,0.601,
0.669,0.654,1,0.653,
0.72,0.716,1,0.715,
0.729,0.725,1,0.711,
0.524,0.501,1,0.5,
0.73,0.728,1,0.69,
0.724,0.722,1,0.694,
0.682,0.672,1,0.66,
0.711,0.711,1,0.67,
0.736,0.732,1,0.722,
0.641,0.638,1,0.599,
0.542,0.517,1,0.516,
0.448,0.428,1,0.428,
0.721,0.717,1,0.708,
0.475,0.466,1,0.456,
0.599,0.595,1,0.534,
0.621,0.617,1,0.559,
0.65,0.651,1,0.626,
0.603,0.599,1,0.541,
0.51,0.502,1,0.459,
0.68,0.663,1,0.66,
0.709,0.707,1,0.661,
0.698,0.695,1,0.667,
0.692,0.697,1,0.658,
0.728,0.724,1,0.724,
0.626,0.625,1,0.566,
0.565,0.556,1,0.511,
0.672,0.663,1,0.608,
0.568,0.564,1,0.529,
0.552,0.553,1,0.485,
0.586,0.569,1,0.527,
0.5,0.461,1,0.461,
0.59,0.587,1,0.535,
0.474,0.448,1,0.448,
0.437,0.426,1,0.426,
0.607,0.605,1,0.544,




Further Data analysis of all test cases 
avg med max min 
AVGs,0.681,0.694,0.743,0.536,
MEDs,0.678,0.69,0.735,0.538,
MAXs,1,1,1,1,
MINs,0.666,0.689,0.735,0.424,


AVGs,0.617,0.622,0.74,0.386,
MEDs,0.611,0.615,0.735,0.377,
MAXs,1,1,1,1,
MINs,0.582,0.581,0.73,0.377,



