

Data analysis for each instance 
AVG,MED,MAX,MIN
0.127,0.124,0.387,-0.064,
0.34,0.409,0.456,-0.076,
0.407,0.417,0.495,0.293,
0.336,0.375,0.502,-0.06,
0.188,0.213,0.316,0.09,
0.197,0.247,0.345,-0.144,
0.259,0.263,0.455,0.077,
0.204,0.228,0.371,-0.186,
0.304,0.291,0.43,0.143,
0.334,0.347,0.399,0.148,
0.405,0.408,0.548,0.18,
0.382,0.394,0.547,0.223,
0.311,0.303,0.448,0.155,
0.362,0.426,0.51,-0.154,
0.314,0.382,0.534,-0.135,
0.053,0.054,0.178,-0.028,
0.32,0.311,0.419,0.233,
0.225,0.226,0.414,-0.008,
0.31,0.378,0.46,-0.09,
0.381,0.396,0.496,0.234,
0.385,0.442,0.582,-0.074,
0.16,0.188,0.274,-0.153,
0.214,0.209,0.354,0.036,
0.44,0.468,0.547,0.249,
0.252,0.274,0.418,-0.087,
0.386,0.437,0.486,0.039,
0.298,0.32,0.461,-0.015,
0.211,0.209,0.359,0.018,
0.367,0.403,0.478,-0.024,
0.409,0.465,0.533,0.108,
0.287,0.42,0.489,-0.353,
0.369,0.381,0.487,0.204,
-0.177,-0.187,0.234,-0.41,
0.308,0.337,0.446,0.104,
0.414,0.445,0.481,0.151,
0.187,0.181,0.468,-0.011,
0.307,0.343,0.418,0.094,
0.385,0.388,0.529,0.11,
0.136,0.165,0.327,-0.14,
0.131,0.134,0.248,0.029,
0.368,0.39,0.484,0.232,
0.209,0.244,0.332,-0.028,
0.189,0.19,0.308,0.036,
0.243,0.251,0.329,0.128,
0.127,0.098,0.313,-0.004,
0.154,0.166,0.444,-0.125,
0.292,0.297,0.395,0.144,
0.431,0.47,0.532,0.046,
0.246,0.237,0.501,0.03,
0.347,0.329,0.556,0.175,
0.201,0.253,0.3,-0.093,
0.089,0.11,0.247,-0.101,
0.21,0.22,0.414,-0.053,
0.373,0.364,0.504,0.196,
0.072,0.096,0.199,-0.137,
0.323,0.349,0.442,0.147,
0.117,0.094,0.254,-0.028,
0.187,0.276,0.446,-0.28,
0.232,0.235,0.354,0.128,
0.349,0.329,0.463,0.194,
0.331,0.351,0.459,0.096,
0.025,0.036,0.244,-0.284,
0.178,0.206,0.414,-0.292,
0.376,0.391,0.468,0.201,
0.44,0.456,0.521,0.15,
0.126,0.21,0.36,-0.383,
0.378,0.401,0.494,0.197,
0.252,0.273,0.46,0.01,
0.351,0.415,0.51,-0.033,
-0.006,0.03,0.245,-0.305,
-0.056,-0.065,0.149,-0.218,
0.42,0.419,0.539,0.209,
0.286,0.271,0.394,0.235,
0.337,0.368,0.458,-0.002,
0.285,0.308,0.375,0.194,
0.334,0.357,0.43,0.18,
0.427,0.492,0.522,-0.083,
0.039,0.055,0.301,-0.256,
0.254,0.262,0.345,0.134,
0.404,0.42,0.515,0.222,
0.317,0.332,0.532,0.164,
0.018,0.115,0.255,-0.378,
0.207,0.214,0.333,-0.013,
0.266,0.294,0.35,-0.026,
0.349,0.387,0.484,0.132,
0.443,0.476,0.531,0.093,
0.201,0.234,0.428,-0.36,
0.243,0.263,0.306,0.063,
0.05,0.065,0.222,-0.129,
0.217,0.191,0.365,0.038,
0.453,0.506,0.614,-0.078,
0.369,0.4,0.49,0.177,
0.266,0.28,0.37,0.064,
0.305,0.317,0.402,0.163,
0.445,0.486,0.531,0.114,
0.249,0.293,0.418,-0.22,
0.256,0.286,0.381,0.072,
0.088,0.101,0.282,-0.141,
0.14,0.173,0.246,-0.093,
0.317,0.349,0.432,-0.127,
0.214,0.175,0.379,0.026,
0.363,0.357,0.506,0.216,
0.372,0.4,0.573,-0.015,
0.333,0.33,0.481,0.158,
0.338,0.354,0.444,0.166,
0.405,0.412,0.589,0.216,
0.288,0.229,0.595,0.15,
0.257,0.258,0.396,0.129,
0.438,0.45,0.522,0.275,
0.106,0.068,0.294,-0.088,
0.245,0.246,0.357,0.094,
0.236,0.24,0.373,0.074,
0.445,0.506,0.559,0.175,
0.334,0.346,0.467,0.182,
0.251,0.27,0.438,0.043,
0.432,0.454,0.533,0.164,
0.182,0.178,0.402,-0.211,
0.313,0.306,0.448,0.17,
0.289,0.287,0.442,0.138,
0.347,0.386,0.48,-0.148,
0.385,0.395,0.488,0.282,
0.443,0.473,0.533,0.251,
0.291,0.378,0.433,-0.115,
0.305,0.303,0.452,0.144,
0.234,0.219,0.48,0.028,
0.406,0.408,0.513,0.275,
0.27,0.269,0.4,0.091,
0.212,0.248,0.388,-0.29,
0.246,0.243,0.347,0.133,
0.432,0.469,0.519,0.272,
0.212,0.217,0.393,0.013,
0.335,0.342,0.425,0.153,
0.236,0.22,0.422,0.096,
0.223,0.223,0.32,0.058,
0.139,0.158,0.39,-0.312,
0.247,0.248,0.382,0.151,
0.29,0.263,0.549,0.132,
0.13,0.119,0.23,-0.004,
0.411,0.478,0.517,-0.092,
0.092,0.141,0.248,-0.086,
0.194,0.187,0.328,0.069,
0.328,0.342,0.459,0.125,
0.376,0.386,0.528,0.125,
0.225,0.299,0.384,-0.316,
0.219,0.244,0.328,0.097,
0.121,0.115,0.338,-0.097,
0.316,0.406,0.531,-0.221,
0.191,0.162,0.348,0.047,
0.283,0.297,0.437,0.109,
0.33,0.34,0.465,0.061,
0.486,0.554,0.642,-0.055,
0.299,0.32,0.47,0.07,
0.45,0.494,0.579,-0.016,
0.141,0.225,0.337,-0.371,
0.118,0.2,0.262,-0.41,
0.356,0.413,0.491,0.145,
0.337,0.372,0.441,0.036,
0.26,0.238,0.379,0.135,
0.255,0.237,0.388,0.178,
-0.006,-0.096,0.331,-0.227,
0.226,0.241,0.368,-0.005,
0.315,0.342,0.395,0.026,
0.36,0.379,0.462,0.219,
0.26,0.275,0.312,0.182,
0.181,0.245,0.44,-0.385,
0.467,0.479,0.55,0.399,
0.388,0.403,0.488,0.263,
0.405,0.443,0.544,-0.048,
0.459,0.483,0.547,0.309,
0.433,0.477,0.518,0.073,
0.287,0.287,0.387,0.176,
0.481,0.492,0.576,0.337,
0.264,0.26,0.398,0.129,
0.245,0.296,0.389,-0.223,
0.293,0.349,0.46,-0.021,
0.082,0.073,0.421,-0.211,
0.281,0.318,0.377,-0.051,
0.338,0.406,0.496,-0.015,
0.219,0.243,0.36,-0.004,
0.287,0.278,0.38,0.123,
0.355,0.352,0.503,0.259,
0.18,0.223,0.342,-0.147,
0.326,0.328,0.491,0.204,
0.435,0.481,0.531,0.158,
0.129,0.089,0.32,-0.178,
0.283,0.254,0.422,0.185,
0.397,0.432,0.545,0.059,
0.34,0.363,0.511,-0.029,
0.398,0.393,0.489,0.277,
0.238,0.259,0.357,0.018,
0.487,0.533,0.573,0.109,
0.141,0.149,0.349,-0.216,
0.189,0.248,0.449,-0.265,
0.392,0.436,0.47,0.147,
0.294,0.336,0.49,-0.043,
0.089,0.142,0.333,-0.234,
0.455,0.488,0.58,-0.018,
0.45,0.468,0.547,0.184,
0.212,0.178,0.446,0.1,
0.084,0.081,0.231,-0.1,
0.381,0.403,0.465,0.178,
0.388,0.42,0.524,0.125,
0.179,0.135,0.629,-0.115,
0.45,0.549,0.584,-0.154,
0.284,0.324,0.41,-0.169,
0.142,0.106,0.427,-0.094,
0.212,0.199,0.334,0.072,
0.364,0.372,0.467,0.243,
0.37,0.366,0.538,-0.026,
0.391,0.39,0.523,0.242,
0.212,0.209,0.425,0.029,
0.125,0.178,0.318,-0.367,
0.323,0.324,0.415,0.17,
0.409,0.433,0.478,0.296,
0.372,0.403,0.497,0.132,
0.294,0.305,0.405,0.098,
0.306,0.348,0.465,-0.218,
-0.027,-0.029,0.217,-0.27,
-0.028,-0.051,0.203,-0.262,
0.076,0.119,0.221,-0.301,
0.147,0.17,0.326,-0.042,
0.318,0.35,0.495,-0.015,
0.197,0.246,0.355,-0.07,
0.297,0.273,0.438,0.126,
0.351,0.364,0.498,0.075,
0.34,0.388,0.493,-0.105,
0.297,0.297,0.443,0.059,
0.216,0.214,0.381,-0.03,
0.527,0.571,0.647,-0.027,
0.103,0.149,0.361,-0.239,
0.161,0.158,0.381,-0.146,
0.111,0.107,0.28,-0.087,
0.391,0.38,0.509,0.2,
0.36,0.429,0.528,-0.123,
0.014,0.014,0.151,-0.155,
0.281,0.292,0.41,0.133,
0.327,0.324,0.552,0.187,
0.356,0.394,0.507,0.048,
0.186,0.182,0.291,0.083,
0.205,0.295,0.399,-0.208,
0.359,0.371,0.469,0.251,
0.331,0.358,0.454,0.004,
0.236,0.292,0.402,-0.324,
-0.113,-0.072,0.038,-0.324,
0.416,0.448,0.519,0.182,
0.31,0.357,0.469,0.08,
0.346,0.355,0.5,0.136,
0.196,0.166,0.334,0.047,
0.27,0.377,0.416,-0.146,
0.276,0.345,0.385,-0.141,
0.43,0.473,0.534,0.083,
0.276,0.272,0.389,0.094,
0.11,0.145,0.224,-0.047,
0.245,0.217,0.428,0.087,
0.297,0.328,0.391,0.148,
0.139,0.122,0.228,0.083,
0.181,0.216,0.346,-0.08,
0.322,0.342,0.402,0.155,
0.291,0.316,0.441,0.106,
0.317,0.363,0.471,-0.045,
0.287,0.315,0.408,0.05,
0.394,0.396,0.512,0.239,
0.481,0.514,0.579,0.244,
-0.139,-0.146,0.052,-0.263,
0.256,0.295,0.367,-0.072,
0.012,-0.01,0.189,-0.1,
0.296,0.303,0.408,0.199,
0.324,0.347,0.486,0.12,
0.189,0.197,0.306,0.031,
0.136,0.215,0.297,-0.129,
0.223,0.244,0.402,-0.018,
0.252,0.287,0.438,-0.05,
0.176,0.288,0.393,-0.458,
0.246,0.264,0.395,0.069,
0.306,0.307,0.422,0.194,
0.242,0.232,0.466,0.073,
0.406,0.421,0.537,0.112,
0.067,0.102,0.22,-0.15,
0.281,0.308,0.391,0.122,
0.105,0.158,0.252,-0.157,
0.312,0.324,0.396,0.106,
0.143,0.158,0.292,-0.024,
0.278,0.36,0.408,-0.203,
-0.139,-0.134,-0.029,-0.246,
0.377,0.414,0.449,0.212,
0.269,0.253,0.356,0.187,
0.249,0.259,0.459,-0.002,
0.366,0.445,0.511,-0.165,
0.158,0.154,0.266,0.019,
0.371,0.386,0.523,0.215,
0.386,0.432,0.484,0.116,
0.232,0.272,0.355,-0.132,
0.119,0.098,0.333,-0.028,
0.363,0.388,0.455,0.213,
0.147,0.18,0.234,-0.145,
0.374,0.355,0.49,0.278,
0.116,0.153,0.29,-0.05,
0.225,0.22,0.39,0.069,
0.39,0.404,0.535,0.204,
0.24,0.229,0.395,0.133,
0.264,0.302,0.383,-0.076,
0.397,0.405,0.529,0.2,
0.299,0.324,0.411,0.107,
0.225,0.223,0.356,0.112,
0.118,0.126,0.256,-0.079,
0.399,0.405,0.526,0.264,
0.404,0.446,0.496,0.112,
0.322,0.319,0.427,0.218,
0.048,0.128,0.256,-0.331,
0.312,0.356,0.426,0.128,
0.475,0.489,0.588,0.249,
0.277,0.327,0.432,0.03,
0.332,0.34,0.539,0.106,
0.156,0.311,0.415,-0.344,
0.111,0.166,0.252,-0.332,
0.393,0.361,0.625,0.299,
0.277,0.264,0.465,0.028,
0.17,0.135,0.599,-0.049,
0.229,0.221,0.579,0.032,
0.413,0.404,0.484,0.337,
0.393,0.39,0.589,0.032,
0.238,0.298,0.437,-0.371,
0.049,0.114,0.172,-0.123,
0.304,0.304,0.432,0.146,
0.186,0.154,0.346,0.041,
0.407,0.456,0.506,0.214,
0.302,0.301,0.454,0.089,
0.335,0.33,0.415,0.179,
0.263,0.289,0.325,0.092,
0.405,0.435,0.528,0.01,
0.29,0.308,0.402,-0.011,
0.181,0.192,0.353,-0.172,
0.157,0.142,0.483,-0.071,
0.276,0.334,0.456,-0.305,
0.255,0.345,0.401,-0.144,
0.248,0.308,0.412,-0.301,
0.342,0.415,0.501,0.015,
0.416,0.442,0.532,0.111,
0.265,0.312,0.421,-0.071,
0.218,0.235,0.316,0.099,
0.269,0.275,0.353,0.155,
0.283,0.387,0.53,-0.389,
0.329,0.328,0.426,0.266,
0.401,0.45,0.535,0.127,
0.286,0.345,0.399,-0.149,
0.149,0.157,0.352,-0.026,
0.318,0.316,0.446,0.193,
0.332,0.347,0.511,-0.196,
0.148,0.19,0.339,-0.293,
0.093,0.086,0.4,-0.174,
0.055,0.032,0.22,-0.126,
0.235,0.263,0.34,-0.011,
0.183,0.196,0.291,0.082,
0.336,0.337,0.474,0.211,
0.291,0.315,0.406,0.056,
0.267,0.334,0.407,-0.186,
0.289,0.324,0.437,0.012,
0.321,0.338,0.441,0.123,
0.272,0.281,0.41,0.134,
0.406,0.48,0.533,-0.225,
0.361,0.309,0.57,0.245,
0.334,0.361,0.452,0.107,
0.404,0.418,0.532,0.162,
0.397,0.398,0.499,0.257,
0.194,0.23,0.35,-0.126,
0.051,0.134,0.393,-0.569,
0.292,0.319,0.482,0.075,
0.386,0.422,0.483,0.208,
0.358,0.372,0.442,0.187,
0.248,0.304,0.379,-0.016,
0.342,0.392,0.529,0.132,
0.371,0.411,0.478,0.042,
0.073,0.056,0.299,-0.116,
0.224,0.254,0.423,-0.094,
0.327,0.356,0.536,0.048,
0.245,0.251,0.42,0.036,
0.386,0.399,0.49,0.305,
0.311,0.314,0.419,0.163,
0.219,0.209,0.343,0.07,
0.188,0.14,0.364,-0.01,
0.419,0.427,0.513,0.293,
0.382,0.391,0.463,0.216,
0.316,0.348,0.502,-0.164,
0.305,0.323,0.373,0.158,
0.368,0.366,0.492,0.278,
0.368,0.387,0.445,0.132,
0.304,0.316,0.49,-0.208,
0.29,0.334,0.459,-0.124,
0.247,0.26,0.349,0.056,
0.359,0.359,0.467,0.26,
0.243,0.263,0.33,0.096,
0.3,0.32,0.412,0.074,
0.359,0.331,0.447,0.296,
0.533,0.585,0.614,0.14,
0.226,0.253,0.406,-0.014,
0.32,0.315,0.379,0.256,
0.122,0.091,0.394,-0.01,
0.338,0.352,0.44,0.226,
0.277,0.279,0.391,0.129,
0.149,0.13,0.325,0.017,
0.18,0.17,0.335,0.071,
0.323,0.389,0.476,-0.049,
0.188,0.208,0.408,-0.153,
0.243,0.246,0.359,-0.036,
0.267,0.273,0.466,0.065,
0.1,0.106,0.221,-0.135,
0.15,0.198,0.342,-0.17,
0.333,0.382,0.488,0.051,
0.447,0.476,0.606,0.078,
0.299,0.305,0.428,0.079,
0.37,0.385,0.453,0.219,
0.353,0.38,0.539,0.191,
0.415,0.467,0.557,0.1,
0.043,0.049,0.269,-0.128,
0.353,0.362,0.441,0.238,
0.447,0.478,0.533,0.162,
0.233,0.26,0.386,-0.178,
0.373,0.387,0.485,0.131,
0.128,0.068,0.41,-0.016,
0.222,0.195,0.597,-0.091,
0.448,0.474,0.549,0.156,
-0.018,-0.012,0.264,-0.196,
0.14,0.111,0.345,-0.03,
0.412,0.432,0.491,0.274,
0.279,0.308,0.433,0.076,
0.209,0.259,0.378,-0.196,
0.147,0.195,0.284,-0.317,
0.377,0.398,0.481,0.222,
0.419,0.5,0.533,-0.163,
0.458,0.479,0.568,0.19,
0.271,0.346,0.45,-0.342,
0.291,0.325,0.406,0.132,
0.469,0.466,0.586,0.227,
0.399,0.447,0.543,0.051,
0.19,0.159,0.541,-0.06,
0.356,0.353,0.494,0.245,
0.28,0.287,0.432,-0.112,
0.351,0.441,0.539,-0.19,
0.167,0.19,0.392,-0.365,
0.399,0.404,0.571,0.259,
0.232,0.246,0.374,0.026,
0.252,0.237,0.482,0.093,
0.165,0.183,0.353,-0.024,
0.295,0.33,0.399,0.074,
0.134,0.158,0.217,-0.084,
0.39,0.427,0.498,0.174,
0.408,0.435,0.546,0.008,
0.212,0.235,0.425,-0.314,
0.418,0.43,0.541,0.238,
0.344,0.381,0.43,0.081,
0.484,0.546,0.613,0.046,
0.189,0.229,0.3,-0.059,
0.367,0.41,0.445,0.029,
0.374,0.386,0.464,0.194,
0.282,0.325,0.381,0.093,
0.207,0.235,0.455,0.023,
0.043,0.086,0.227,-0.217,
0.138,0.14,0.25,-0.094,
0.276,0.309,0.374,0.027,
0.447,0.52,0.58,0.02,
0.289,0.335,0.468,-0.163,
0.27,0.237,0.403,0.185,
0.186,0.191,0.403,0.002,
0.261,0.281,0.363,-0.054,
0.098,0.131,0.257,-0.177,
0.129,0.107,0.356,-0.08,
0.252,0.264,0.399,0.123,
0.361,0.373,0.476,0.097,
0.229,0.245,0.374,-0.042,
0.377,0.395,0.481,0.13,
0.231,0.26,0.356,0.014,
0.341,0.407,0.485,-0.226,
0.059,0.076,0.286,-0.201,
0.392,0.415,0.469,0.224,
0.179,0.214,0.404,-0.191,
0.414,0.427,0.508,0.174,
0.287,0.306,0.397,0.03,
0.438,0.491,0.504,0.18,
0.141,0.171,0.272,-0.093,
0.276,0.29,0.587,0.04,
0.207,0.189,0.446,0.097,
0.299,0.352,0.439,-0.149,
0.206,0.264,0.382,-0.359,
0.117,0.128,0.248,-0.076,
0.242,0.288,0.373,-0.061,
0.255,0.256,0.406,0.014,
0.378,0.41,0.464,0.239,
0.23,0.231,0.447,0.015,
0.248,0.253,0.366,0.11,
0.424,0.469,0.501,0.07,
0.447,0.482,0.539,0.15,
0.291,0.43,0.502,-0.316,
0.026,0.018,0.158,-0.105,
0.448,0.506,0.561,0.001,
0.169,0.206,0.348,-0.258,
-0.084,-0.05,0.21,-0.383,
0.246,0.257,0.5,0.01,
0.403,0.459,0.56,-0.018,
0.453,0.475,0.529,0.191,
0.091,0.019,0.364,-0.108,
0.387,0.396,0.548,0.26,
0.321,0.396,0.6,-0.146,
0.315,0.333,0.428,0.175,
0.047,0.121,0.231,-0.289,
0.219,0.223,0.307,0.088,
0.203,0.209,0.266,0.109,
0.226,0.247,0.387,-0.022,
0.205,0.196,0.368,-0.044,
0.016,-0.008,0.231,-0.147,
0.332,0.354,0.506,-0.154,
0.309,0.325,0.437,0.173,
0.329,0.357,0.471,0.068,
0.196,0.259,0.346,-0.056,
0.328,0.338,0.466,0.166,
0.425,0.457,0.523,0.18,
0.237,0.257,0.412,-0.039,
0.159,0.183,0.338,-0.07,
0.337,0.368,0.468,0.119,
0.381,0.418,0.475,0.177,
0.429,0.462,0.515,0.271,
0.474,0.526,0.561,0.025,
0.158,0.167,0.301,0.037,
0.004,-0.012,0.209,-0.186,
0.351,0.387,0.479,-0.047,
0.344,0.344,0.479,0.233,
0.206,0.286,0.416,-0.29,
0.267,0.254,0.397,0.051,
0.203,0.231,0.297,0.056,
0.433,0.438,0.493,0.358,
0.386,0.415,0.518,0.005,
0.331,0.355,0.49,0.182,
0.245,0.268,0.346,0.009,
0.24,0.311,0.418,-0.267,
0.192,0.227,0.397,-0.263,
0.31,0.301,0.43,0.152,
0.307,0.311,0.507,0.081,
0.197,0.206,0.291,0.047,
0.34,0.319,0.477,0.144,
0.117,0.123,0.312,-0.191,
-0.232,-0.281,0.062,-0.453,
0.271,0.258,0.485,0.114,
0.301,0.284,0.42,0.187,
0.347,0.379,0.525,-0.031,
0.227,0.23,0.479,-0.026,
0.294,0.326,0.465,0.083,
0.408,0.454,0.544,0.136,
0.104,0.116,0.215,-0.063,
-0.015,-0.009,0.116,-0.152,
0.258,0.23,0.497,0.156,
0.255,0.244,0.417,0.1,
0.153,0.152,0.302,-0.121,
0.243,0.257,0.35,0.088,
0.368,0.387,0.558,-0.049,
0.222,0.212,0.461,0.034,
0.29,0.323,0.42,0.026,
0.131,0.139,0.267,-0.148,
0.265,0.318,0.456,-0.112,
0.153,0.169,0.281,-0.009,
0.331,0.341,0.418,0.193,
0.121,0.127,0.239,-0.116,
0.047,-0.024,0.412,-0.21,
0.313,0.296,0.466,0.144,
0.129,0.143,0.28,-0.047,
0.33,0.396,0.546,-0.064,
0.057,0.031,0.222,-0.059,
0.309,0.295,0.573,0.088,
0.145,0.144,0.294,0.019,
0.24,0.234,0.437,0.066,
0.092,0.059,0.372,-0.087,
0.274,0.368,0.544,-0.257,
0.174,0.197,0.326,-0.045,
0.214,0.194,0.354,-0.101,
0.156,0.206,0.296,-0.037,
0.343,0.351,0.486,0.129,
0.149,0.126,0.328,-0.008,
0.223,0.204,0.402,0.069,
0.33,0.341,0.452,0.197,
0.19,0.191,0.444,-0.163,
0.318,0.365,0.443,0.115,
0.244,0.225,0.429,0.123,
0.185,0.19,0.329,-0.072,
0.254,0.298,0.443,-0.064,
0.445,0.434,0.649,0.318,
0.177,0.16,0.429,-0.05,
0.352,0.395,0.51,0.005,
0.346,0.318,0.561,0.163,
0.191,0.224,0.507,-0.456,
0.037,0.069,0.283,-0.178,
0.274,0.3,0.383,0.119,
0.261,0.236,0.457,-0.02,
0.089,0.04,0.374,-0.095,
0,0.038,0.145,-0.192,
0.231,0.238,0.356,0.054,
0.144,0.161,0.331,-0.017,
0.262,0.311,0.432,-0.193,
0.188,0.162,0.387,-0.003,
0.329,0.359,0.45,0.008,
0.301,0.357,0.45,-0.321,
0.279,0.315,0.414,0.017,
0.288,0.307,0.392,0.146,
0.062,0.018,0.335,-0.083,
0.321,0.312,0.406,0.236,
0.321,0.354,0.433,-0.035,
0.153,0.169,0.292,-0.024,
0.066,0.031,0.452,-0.208,
0.32,0.353,0.455,0.184,
0.347,0.366,0.44,0.197,
-0.008,-0.029,0.322,-0.344,
0.037,0.054,0.233,-0.174,
0.264,0.252,0.39,0.146,
0.206,0.196,0.364,0.082,
0.147,0.134,0.353,0.004,
0.131,0.154,0.258,0.02,
0.209,0.177,0.311,0.095,
0.289,0.33,0.425,0.079,
0.181,0.145,0.387,0.026,
0.173,0.164,0.371,-0.126,
0.06,0.058,0.297,-0.17,
0.36,0.353,0.461,0.24,
0.384,0.416,0.47,0.039,
0.196,0.166,0.379,0.042,
0.238,0.235,0.462,-0.037,
0.251,0.301,0.36,-0.141,
0.253,0.301,0.414,-0.2,
0.18,0.241,0.383,-0.361,
-0.004,-0.025,0.15,-0.153,
0.322,0.309,0.448,0.148,
0.384,0.366,0.536,0.133,
0.217,0.19,0.452,-0.134,
0.281,0.271,0.518,0.083,
0.277,0.311,0.411,0.134,
0.14,0.147,0.318,-0.039,
0.298,0.307,0.426,0.053,
0.123,0.127,0.328,-0.074,
0.386,0.409,0.537,0.087,
0.075,0.077,0.259,-0.209,
0.202,0.2,0.356,0.021,
0.282,0.302,0.419,0.028,
0.299,0.36,0.458,-0.168,
0.14,0.149,0.296,-0.02,
0.293,0.305,0.368,0.197,
0.285,0.278,0.413,0.185,
0.248,0.266,0.471,-0.16,
0.099,0.153,0.262,-0.079,
0.394,0.416,0.519,0.157,
0.028,0.029,0.191,-0.227,
0.336,0.369,0.539,-0.037,
0.334,0.352,0.46,0.151,
0.181,0.227,0.289,0.015,
0.172,0.178,0.369,0.026,
0.404,0.418,0.569,0.192,
0.094,0.134,0.242,-0.162,
0.074,0.035,0.386,-0.113,
0.308,0.275,0.508,0.105,
0.321,0.334,0.43,0.147,
0.2,0.203,0.465,-0.108,
0.296,0.274,0.491,0.08,
0.178,0.126,0.346,0.017,
0.159,0.177,0.34,-0.007,
0.423,0.447,0.643,0.106,
0.278,0.278,0.417,0.163,
0.024,0.05,0.144,-0.212,
0.312,0.325,0.421,0.133,
0.298,0.331,0.537,0.095,
0.173,0.201,0.288,-0.1,
0.166,0.199,0.57,-0.073,
0.091,0.013,0.479,-0.112,
0.313,0.283,0.504,0.208,
0.266,0.251,0.353,0.177,
0.155,0.131,0.311,0.039,
0.245,0.272,0.411,-0.038,
0.16,0.163,0.32,-0.05,
-0.001,0.017,0.124,-0.326,
0.2,0.201,0.434,-0.094,
0.33,0.296,0.518,0.215,
0.408,0.437,0.514,0.081,
0.226,0.227,0.353,0.072,
0.282,0.264,0.474,0.094,
0.008,0.048,0.44,-0.313,
0.338,0.353,0.453,0.036,
0.388,0.405,0.499,0.201,
-0.015,-0.064,0.28,-0.204,
0.321,0.359,0.475,0.106,
0.264,0.247,0.373,0.157,
0.283,0.297,0.415,0.016,
0.179,0.227,0.286,-0.299,
0.057,0.075,0.368,-0.2,
0.114,0.117,0.288,-0.088,
0.164,0.17,0.387,-0.081,
0.097,0.112,0.275,-0.121,
0.307,0.312,0.444,0.074,
0.402,0.392,0.633,0.233,
0.273,0.297,0.503,-0.116,
0.339,0.379,0.426,0.117,
0.111,0.103,0.305,-0.03,
0.232,0.26,0.339,0.052,
0.178,0.144,0.296,0.084,
0.25,0.263,0.418,0.095,
0.117,0.113,0.363,-0.109,
0.215,0.239,0.301,0.035,
0.189,0.181,0.358,0.077,
0.149,0.135,0.349,0.024,
0.161,0.139,0.39,0.041,
0.305,0.302,0.427,0.137,
0.315,0.33,0.422,0.171,
0.08,0.071,0.268,-0.095,
0.098,0.108,0.264,-0.09,
0.192,0.147,0.471,-0.01,
0.253,0.264,0.377,0.149,
0.305,0.279,0.497,0.198,
0.113,0.189,0.388,-0.223,
0.072,0.046,0.316,-0.086,
0.115,0.131,0.371,-0.361,
0.013,0.018,0.123,-0.119,
0.304,0.307,0.414,0.098,
0.314,0.338,0.465,-0.035,
-0.007,0.026,0.225,-0.37,
0.006,-0.006,0.267,-0.165,
0.207,0.246,0.463,-0.087,
0.196,0.236,0.385,-0.206,
0.215,0.163,0.579,0.022,
0.325,0.345,0.529,0.212,
0.28,0.29,0.386,0.119,
0.252,0.278,0.385,0.077,
0.159,0.163,0.342,-0.054,
0.272,0.25,0.474,0.13,
0.223,0.21,0.359,0.05,
0.147,0.282,0.43,-0.419,
0.347,0.356,0.455,0.223,
0.287,0.317,0.429,-0.023,
0.102,0.093,0.297,-0.083,
0.328,0.339,0.487,0.155,
0.251,0.246,0.456,0.059,
0.264,0.273,0.407,-0.065,
0.052,0.047,0.221,-0.074,
0.21,0.181,0.404,0.125,
0.19,0.178,0.299,0.086,
0.261,0.197,0.484,0.082,
0.101,0.095,0.317,-0.014,
0.329,0.357,0.463,0.158,
0.193,0.191,0.402,-0.037,
0.173,0.204,0.346,-0.381,
0.214,0.257,0.452,-0.332,
0.034,0.017,0.39,-0.283,
0.264,0.244,0.475,0.087,
0.229,0.286,0.384,-0.075,
0.195,0.223,0.371,0.02,
0.22,0.224,0.35,0.081,
0.248,0.268,0.395,0.049,
0.027,0.018,0.184,-0.174,
-0.068,-0.083,0.127,-0.235,
0.078,0.08,0.189,-0.102,
0.248,0.279,0.394,0.065,
0.294,0.323,0.43,0.024,
0.251,0.269,0.454,-0.154,
0.257,0.261,0.461,0.093,
0.199,0.184,0.45,-0.019,
0.27,0.291,0.39,0.066,
0.045,0.068,0.22,-0.294,
0.003,-0.028,0.215,-0.122,
0.171,0.16,0.378,0.004,
0.28,0.297,0.449,0.105,
0.127,0.072,0.491,-0.076,
0.253,0.241,0.357,0.117,
0.395,0.425,0.501,0.047,
0.186,0.204,0.265,0.059,
0.184,0.202,0.498,-0.047,
0.323,0.332,0.418,0.212,
0.188,0.177,0.408,-0.068,
0.329,0.316,0.496,0.128,
0.295,0.289,0.392,0.225,
0.486,0.504,0.606,0.201,
0.196,0.183,0.338,0.059,
0.277,0.269,0.448,0.092,
0.158,0.166,0.42,-0.056,
0.03,0.036,0.128,-0.092,
0.425,0.463,0.546,0.051,
0.061,0.065,0.26,-0.079,
0.229,0.255,0.296,0.136,
0.273,0.265,0.441,0.11,
0.26,0.278,0.446,0.084,
0.229,0.34,0.494,-0.409,
0.058,0.06,0.281,-0.142,
0.441,0.467,0.566,0.116,
0.229,0.252,0.417,-0.203,
0.381,0.351,0.586,0.234,
0.192,0.196,0.297,0.044,
0.416,0.42,0.553,0.159,
0.27,0.291,0.468,-0.216,
0.249,0.267,0.413,-0.205,
0.299,0.304,0.398,0.221,
0.34,0.368,0.449,-0.083,
0.376,0.373,0.646,0.215,
0.411,0.414,0.536,0.142,
0.215,0.231,0.38,0.015,
0.139,0.199,0.36,-0.431,
0.264,0.243,0.434,0.126,
0.396,0.441,0.522,0.029,
0.418,0.445,0.499,0.183,
0.155,0.171,0.37,-0.072,
0.286,0.314,0.415,0.021,
0.31,0.334,0.43,0.197,
-0.016,-0.062,0.289,-0.169,
0.161,0.167,0.335,-0.045,
0.045,0.042,0.421,-0.261,
0.329,0.359,0.494,0.046,
0.305,0.318,0.423,0.095,
0.255,0.264,0.348,0.131,
0.234,0.277,0.441,-0.232,
0.403,0.447,0.503,0.262,
0.164,0.195,0.258,0.013,
-0.04,-0.095,0.177,-0.203,
0.393,0.413,0.521,0.188,
0.173,0.115,0.444,0.034,
0.234,0.255,0.315,0.107,
0.16,0.162,0.368,-0.179,
0.156,0.144,0.386,-0.196,
0.435,0.45,0.58,0.071,
0.378,0.412,0.515,-0.031,
0.242,0.249,0.355,0.092,
0.106,0.067,0.323,-0.14,
0.395,0.408,0.496,0.243,
0.316,0.363,0.457,-0.131,
-0.045,-0.057,0.169,-0.24,
0.345,0.346,0.511,0.053,
0.395,0.457,0.589,-0.092,
0.306,0.308,0.497,0.161,
0.347,0.353,0.468,0.233,
0.155,0.142,0.32,0.01,
0.109,0.171,0.456,-0.435,
0.196,0.192,0.325,0.075,
0.279,0.307,0.386,0.188,
0.173,0.213,0.332,-0.033,
0.141,0.138,0.305,-0.088,
0.015,0.044,0.282,-0.309,
0.214,0.208,0.356,0.061,
0.21,0.254,0.428,-0.006,
0.125,0.174,0.305,-0.269,
0.212,0.217,0.292,0.074,
0.231,0.271,0.439,-0.129,
0.123,0.117,0.415,-0.147,
0.099,0.073,0.547,-0.232,
0.181,0.228,0.385,-0.334,
0.232,0.174,0.412,0.137,
0.297,0.266,0.437,0.125,
0.187,0.186,0.399,0.06,
0.209,0.23,0.352,-0.017,
0.127,0.118,0.347,-0.027,
0.362,0.377,0.488,0.259,
0.36,0.394,0.538,-0.017,
0.193,0.21,0.363,-0.033,
0.205,0.217,0.463,-0.051,
0.367,0.353,0.523,0.236,
0.2,0.281,0.432,-0.306,
0.011,0.029,0.197,-0.231,
0.31,0.286,0.553,0.103,
0.245,0.257,0.35,0.126,
0.351,0.347,0.476,0.233,
0.369,0.399,0.538,-0.053,
0.432,0.449,0.501,0.247,
0.082,0.131,0.208,-0.092,
0.346,0.366,0.446,0.17,
0.409,0.449,0.535,-0.009,
0.386,0.389,0.491,0.264,
-0.097,-0.056,0.098,-0.326,
0.15,0.158,0.239,-0.057,
0.331,0.335,0.448,0.177,
0.091,0.125,0.355,-0.256,
0.341,0.333,0.464,0.154,
0.077,0.092,0.268,-0.136,
0.308,0.353,0.504,-0.039,
0.162,0.186,0.307,-0.25,
0.009,0.022,0.233,-0.189,
0.08,0.061,0.311,-0.09,
0.265,0.276,0.385,0.128,
0.342,0.355,0.432,0.101,
0.281,0.283,0.352,0.189,
0.337,0.348,0.554,-0.01,
0.126,0.127,0.272,0.015,
0.242,0.237,0.469,0.079,
0.237,0.261,0.376,-0.113,
0.241,0.303,0.404,-0.321,
0.179,0.198,0.357,-0.005,
0.229,0.238,0.337,0.039,
0.234,0.276,0.466,-0.129,
0.244,0.274,0.408,0.066,
0.254,0.256,0.372,0.071,
0.269,0.279,0.358,0.144,
0.308,0.28,0.454,0.185,
0.22,0.202,0.307,0.111,
0.367,0.417,0.458,0.088,
0.221,0.211,0.325,0.173,
0.309,0.32,0.379,0.21,
0.3,0.308,0.452,0,
0.403,0.425,0.55,0.047,
0.263,0.272,0.398,0.16,
0.224,0.227,0.361,0.055,
0.299,0.33,0.471,-0.142,
0.116,0.144,0.212,-0.121,
0.282,0.284,0.489,0.106,
0.332,0.369,0.484,-0.027,
0.355,0.389,0.42,0.21,
0.281,0.283,0.458,-0.062,
0.332,0.349,0.432,0.157,
0.123,0.117,0.227,-0.015,
0.297,0.319,0.396,0.11,
0.289,0.287,0.381,0.155,
0.145,0.227,0.315,-0.231,
0.053,0.07,0.242,-0.097,
0.223,0.222,0.435,0.002,
0.052,0.073,0.21,-0.149,
0.262,0.334,0.394,-0.333,
0.221,0.215,0.383,0.112,
0.204,0.227,0.341,-0.029,
0.26,0.263,0.385,0.101,
0.289,0.287,0.404,0.193,
0.35,0.365,0.475,0.198,
0.219,0.214,0.362,0.05,
0.183,0.227,0.327,0.028,
0.376,0.422,0.531,0.122,
0.531,0.583,0.643,0.194,
0.278,0.27,0.4,0.176,
0.262,0.251,0.383,0.146,
0.348,0.378,0.448,0.067,
0.32,0.327,0.444,0.076,
0.216,0.256,0.326,-0.177,
0.424,0.421,0.648,0.273,
0.32,0.287,0.462,0.208,
0.434,0.47,0.614,-0.074,
0.316,0.345,0.412,0.215,
0.097,0.113,0.365,-0.158,
0.38,0.446,0.565,-0.048,
0.236,0.235,0.491,-0.119,
0.093,0.069,0.257,-0.115,
0.221,0.2,0.447,0.055,
0.277,0.307,0.473,-0.06,
0.307,0.315,0.428,0.14,
-0.088,-0.107,0.097,-0.188,
0.248,0.368,0.418,-0.21,
0.288,0.312,0.447,0.145,
0.227,0.246,0.291,0.127,
0.354,0.367,0.486,0.198,
0.379,0.386,0.445,0.301,
0.237,0.266,0.38,0.05,
0.365,0.394,0.425,0.238,
0.263,0.27,0.356,0.117,
0.122,0.178,0.384,-0.283,
0.275,0.275,0.393,0.141,
0.353,0.386,0.517,-0.009,
0.031,0.056,0.206,-0.175,
0.131,0.127,0.455,-0.062,
0.199,0.204,0.332,0.064,
0.119,0.13,0.266,-0.02,
0.406,0.419,0.509,0.228,
0.173,0.211,0.327,-0.248,
0.38,0.383,0.514,0.216,
0.181,0.199,0.415,-0.106,
0.071,0.042,0.272,-0.128,
0.411,0.417,0.479,0.302,
0.344,0.406,0.506,-0.223,
0.228,0.19,0.449,0.067,
0.31,0.307,0.432,0.146,
0.132,0.118,0.378,-0.153,
0.173,0.175,0.365,0.057,
0.382,0.396,0.54,0.155,
0.441,0.455,0.56,0.243,
0,-0.04,0.195,-0.128,
0.192,0.173,0.383,-0.229,
0.27,0.312,0.514,-0.281,
0.161,0.121,0.388,0.024,
0.07,0.068,0.23,-0.153,
0.292,0.345,0.449,-0.329,
0.372,0.426,0.556,-0.271,
0.319,0.337,0.43,0.056,
0.359,0.344,0.482,0.28,
0.299,0.339,0.443,-0.046,
0.142,0.198,0.319,-0.214,
0.344,0.349,0.441,0.198,
0.364,0.398,0.523,0.052,
0.469,0.509,0.584,0.125,
0.274,0.262,0.459,0.119,
0.379,0.425,0.49,0.118,
0.234,0.218,0.38,0.129,
0.203,0.321,0.451,-0.368,
0.336,0.358,0.417,0.145,
0.368,0.381,0.508,0.242,
0.134,0.131,0.349,-0.036,
0.157,0.158,0.331,0.003,
0.167,0.186,0.37,-0.012,
-0.052,-0.056,0.375,-0.424,
0.037,-0.026,0.218,-0.179,
0.356,0.358,0.503,0.208,
0.398,0.41,0.586,0.137,
0.314,0.341,0.466,-0.11,
0.127,0.135,0.289,-0.051,
0.151,0.146,0.413,-0.029,
0.295,0.312,0.507,0.055,
0.162,0.172,0.35,0.002,
0.141,0.179,0.228,-0.037,
0.183,0.183,0.341,0.03,




Further Data analysis of all test cases 
avg med max min 
AVGs,0.253,0.264,0.533,-0.232,
MEDs,0.269,0.278,0.585,-0.281,
MAXs,0.412,0.42,0.649,-0.029,
MINs,0.008,0.029,0.399,-0.569,



