

Data analysis for each instance 
AVG,MED,MAX,MIN
0.386,0.431,0.495,-0.06,
0.321,0.368,0.468,-0.123,
0.211,0.232,0.276,0.056,
0.383,0.422,0.503,0.047,
0.408,0.465,0.501,-0.066,
0.221,0.217,0.333,0.048,
0.311,0.325,0.379,0.141,
0.382,0.452,0.548,-0.236,
0.403,0.453,0.506,0.066,
0.485,0.544,0.604,-0.027,
0.297,0.341,0.427,0.071,
0.252,0.27,0.335,0.098,
0.332,0.351,0.428,0.091,
0.433,0.502,0.585,-0.141,
0.439,0.484,0.599,-0.077,
0.313,0.359,0.407,0.001,
0.31,0.335,0.415,0.05,
0.449,0.5,0.569,-0.068,
0.248,0.264,0.322,0.072,
0.253,0.263,0.36,0.062,
0.427,0.478,0.528,0.029,
0.425,0.494,0.57,-0.062,
0.27,0.304,0.405,0.092,
0.452,0.504,0.553,0.107,
0.467,0.532,0.594,-0.073,
0.372,0.412,0.508,0.024,
0.348,0.355,0.45,0.225,
0.429,0.463,0.553,-0.045,
0.235,0.26,0.361,-0.021,
0.403,0.456,0.518,0.046,
0.521,0.581,0.627,-0.047,
0.394,0.443,0.49,-0.112,
0.128,0.107,0.281,0.041,
0.331,0.378,0.439,-0.003,
0.395,0.449,0.492,0.036,
0.172,0.206,0.31,-0.069,
0.175,0.17,0.266,0.101,
0.336,0.357,0.468,0.015,
0.344,0.376,0.436,-0.025,
0.385,0.422,0.515,0.064,
0.307,0.315,0.383,0.058,
0.171,0.145,0.293,0.093,
0.26,0.266,0.368,0.127,
0.338,0.382,0.452,0.062,
0.416,0.48,0.534,-0.156,
0.293,0.304,0.43,0.102,
0.375,0.418,0.476,0.138,
0.409,0.45,0.486,0.059,
0.232,0.242,0.372,0.101,
0.176,0.186,0.28,-0.017,
0.297,0.312,0.418,0.068,
0.349,0.397,0.489,-0.136,
0.264,0.261,0.412,0.064,
0.408,0.427,0.512,0.154,
0.351,0.411,0.452,-0.022,
0.427,0.492,0.577,-0.053,
0.277,0.322,0.395,0.074,
0.425,0.498,0.541,-0.208,
0.417,0.476,0.557,-0.139,
0.374,0.408,0.448,0.046,
0.352,0.39,0.461,0.073,
0.345,0.392,0.496,-0.038,
0.387,0.443,0.521,-0.17,
0.299,0.327,0.407,0.1,
0.398,0.452,0.499,0.141,
0.366,0.438,0.506,-0.193,
0.244,0.283,0.355,-0.034,
0.2,0.205,0.33,-0.045,
0.409,0.456,0.519,0.003,
0.333,0.374,0.486,-0.173,
0.387,0.433,0.474,-0.027,
0.304,0.343,0.402,0.14,
0.207,0.257,0.34,-0.032,
0.383,0.426,0.49,0.012,
0.358,0.42,0.454,-0.192,
0.249,0.251,0.317,0.113,
0.344,0.387,0.457,0.068,
0.25,0.277,0.397,-0.002,
0.386,0.429,0.513,-0.098,
0.236,0.243,0.404,-0.007,
0.225,0.225,0.3,0.164,
0.463,0.52,0.585,-0.066,
0.433,0.495,0.56,-0.02,
0.194,0.228,0.35,-0.059,
0.344,0.384,0.432,0.083,
0.41,0.46,0.502,0.031,
0.447,0.512,0.599,-0.177,
0.222,0.237,0.358,0.092,
0.353,0.399,0.512,-0.078,
0.404,0.46,0.57,-0.141,
0.377,0.41,0.498,-0.001,
0.36,0.379,0.471,0.117,
0.455,0.52,0.563,-0.007,
0.279,0.315,0.366,0.051,
0.333,0.351,0.41,0.108,
0.317,0.381,0.432,-0.245,
0.162,0.137,0.255,0.092,
0.09,0.082,0.184,-0.009,
0.361,0.418,0.46,0.017,
0.376,0.411,0.492,-0.039,
0.378,0.416,0.487,-0.107,
0.215,0.23,0.274,0.086,
0.268,0.3,0.405,-0.045,
0.433,0.492,0.55,-0.027,
0.361,0.395,0.436,0.1,
0.337,0.385,0.451,-0.014,
0.249,0.285,0.355,0.036,
0.245,0.271,0.39,0.071,
0.472,0.518,0.554,0.156,
0.425,0.487,0.548,-0.053,
0.193,0.186,0.328,0.092,
0.354,0.401,0.455,0.055,
0.513,0.619,0.672,-0.089,
0.266,0.289,0.362,0.061,
0.379,0.426,0.476,0.001,
0.404,0.449,0.5,0.095,
0.39,0.432,0.482,-0.002,
0.312,0.351,0.38,-0.001,
0.187,0.182,0.333,0.036,
0.327,0.345,0.464,0.013,
0.447,0.503,0.541,0.114,
0.37,0.367,0.529,0.13,
0.418,0.475,0.528,0.042,
0.416,0.472,0.546,-0.006,
0.237,0.234,0.329,0.145,
0.32,0.352,0.437,0.105,
0.51,0.589,0.62,-0.135,
0.381,0.43,0.493,-0.064,
0.217,0.234,0.293,0.014,
0.337,0.364,0.463,0.139,
0.346,0.359,0.496,0.055,
0.274,0.299,0.409,0.023,
0.3,0.334,0.392,0.032,
0.35,0.377,0.492,-0.031,
0.457,0.518,0.555,-0.092,
0.458,0.53,0.556,-0.13,
0.178,0.143,0.3,0.106,
0.186,0.2,0.264,0.026,
0.346,0.377,0.456,0.006,
0.44,0.516,0.543,-0.154,
0.328,0.367,0.418,0.061,
0.36,0.415,0.479,0.061,
0.399,0.441,0.512,0.085,
0.429,0.504,0.578,-0.2,
0.232,0.253,0.364,0.026,
0.237,0.239,0.333,0.046,
0.333,0.381,0.486,0.099,
0.453,0.514,0.567,-0.023,
0.325,0.379,0.46,0.142,
0.369,0.402,0.483,0.042,
0.52,0.604,0.646,-0.202,
0.35,0.405,0.476,-0.172,
0.461,0.52,0.543,-0.075,
0.441,0.51,0.559,-0.164,
0.388,0.454,0.476,-0.048,
0.194,0.202,0.306,-0.037,
0.378,0.412,0.499,0.037,
0.301,0.345,0.408,-0.04,
0.22,0.226,0.354,0.113,
0.251,0.292,0.399,-0.044,
0.363,0.396,0.485,-0.032,
0.431,0.484,0.577,-0.101,
0.237,0.248,0.354,-0.005,
0.306,0.328,0.437,0.117,
0.432,0.518,0.555,-0.225,
0.339,0.371,0.461,0.051,
0.316,0.334,0.436,0.08,
0.39,0.45,0.487,-0.006,
0.399,0.423,0.512,0.141,
0.441,0.489,0.536,0.134,
0.307,0.339,0.427,-0.034,
0.264,0.288,0.364,0.078,
0.388,0.43,0.504,0.026,
0.446,0.513,0.57,-0.1,
0.358,0.421,0.466,-0.154,
0.177,0.177,0.248,0.101,
0.332,0.375,0.432,-0.06,
0.431,0.498,0.533,0.053,
0.436,0.48,0.541,-0.006,
0.248,0.243,0.363,0.102,
0.429,0.474,0.522,0.077,
0.371,0.394,0.474,0.065,
0.293,0.347,0.382,0.042,
0.351,0.387,0.446,0.121,
0.498,0.569,0.625,-0.128,
0.331,0.366,0.461,0.023,
0.272,0.302,0.344,0.062,
0.456,0.513,0.577,-0.161,
0.225,0.254,0.341,0.058,
0.155,0.152,0.262,0.003,
0.398,0.427,0.504,0.082,
0.466,0.551,0.589,-0.138,
0.459,0.5,0.557,0.051,
0.415,0.457,0.531,0.1,
0.333,0.376,0.443,0.044,
0.414,0.45,0.526,-0.024,
0.386,0.434,0.528,-0.045,
0.241,0.274,0.356,0.073,
0.342,0.365,0.425,0.174,
0.38,0.445,0.49,-0.086,
0.459,0.506,0.549,0.09,
0.222,0.22,0.317,-0.016,
0.329,0.351,0.401,0.097,
0.276,0.312,0.387,-0.04,
0.38,0.437,0.521,-0.106,
0.194,0.173,0.284,0.114,
0.273,0.296,0.347,0.046,
0.333,0.352,0.46,0.048,
0.447,0.495,0.595,-0.072,
0.395,0.443,0.494,0.126,
0.253,0.284,0.335,0.053,
0.324,0.384,0.45,-0.272,
0.382,0.417,0.522,-0.091,
0.263,0.286,0.396,0.103,
0.425,0.476,0.519,0.108,
0.354,0.385,0.44,0.088,
0.394,0.425,0.474,0.039,
0.296,0.32,0.413,-0.07,
0.323,0.353,0.397,0.022,
0.403,0.449,0.523,-0.025,
0.29,0.34,0.381,0.001,
0.4,0.438,0.505,0.079,
0.37,0.417,0.51,-0.081,
0.324,0.352,0.432,0.148,
0.346,0.373,0.435,0.061,
0.439,0.496,0.556,-0.017,
0.209,0.256,0.286,0.084,
0.337,0.357,0.448,0.019,
0.346,0.353,0.484,0.004,
0.439,0.488,0.584,-0.097,
0.419,0.484,0.588,-0.128,
0.114,0.115,0.206,0.032,
0.271,0.303,0.422,0.027,
0.45,0.503,0.532,0.14,
0.31,0.346,0.367,0.081,
0.265,0.28,0.393,0.135,
0.301,0.326,0.369,0.061,
0.368,0.419,0.474,-0.03,
0.322,0.386,0.422,0.036,
0.305,0.327,0.418,-0.099,
0.167,0.173,0.295,0.056,
0.373,0.429,0.498,-0.038,
0.455,0.524,0.551,-0.156,
0.278,0.315,0.419,-0.204,
0.417,0.457,0.503,0.107,
0.38,0.436,0.478,0.067,
0.294,0.313,0.417,0.035,
0.314,0.33,0.408,0.104,
0.456,0.512,0.567,-0.088,
0.427,0.477,0.559,-0.1,
0.387,0.445,0.477,0.035,
0.331,0.385,0.438,0.076,
0.36,0.403,0.46,-0.048,
0.343,0.374,0.457,-0.034,
0.289,0.3,0.395,0.086,
0.336,0.397,0.417,0.064,
0.41,0.486,0.552,-0.117,
0.476,0.553,0.616,-0.119,
0.209,0.225,0.258,0.137,
0.372,0.414,0.458,0.086,
0.422,0.472,0.519,0.028,
0.38,0.422,0.471,0.136,
0.414,0.441,0.498,0.167,
0.346,0.397,0.509,-0.126,
0.385,0.453,0.521,-0.114,
0.403,0.455,0.525,-0.063,
0.29,0.314,0.392,0.069,
0.234,0.261,0.319,0.079,
0.328,0.362,0.437,0.035,
0.437,0.466,0.53,0.091,
0.199,0.219,0.269,0.113,
0.321,0.349,0.473,0.053,
0.498,0.566,0.643,-0.11,
0.451,0.519,0.55,-0.078,
0.239,0.262,0.301,0.06,
0.187,0.218,0.235,0.004,
0.419,0.444,0.513,0.138,
0.387,0.44,0.542,-0.15,
0.225,0.238,0.35,0.074,
0.323,0.358,0.414,0.02,
0.267,0.296,0.388,0.026,
0.23,0.238,0.367,-0.024,
0.458,0.522,0.564,-0.079,
0.354,0.421,0.479,-0.148,
0.295,0.297,0.4,0.132,
0.379,0.4,0.481,0.084,
0.394,0.441,0.493,0.03,
0.362,0.418,0.462,-0.045,
0.109,0.102,0.174,0.046,
0.208,0.229,0.348,0.032,
0.39,0.441,0.534,-0.029,
0.425,0.489,0.546,-0.094,
0.151,0.132,0.3,0.008,
0.358,0.406,0.473,0.092,
0.475,0.538,0.569,-0.038,
0.213,0.226,0.308,0.064,
0.444,0.498,0.567,-0.019,
0.107,0.099,0.208,-0.018,
0.346,0.395,0.431,0.045,
0.324,0.346,0.398,0.056,
0.386,0.464,0.521,-0.222,
0.312,0.338,0.45,0.139,
0.327,0.336,0.443,0.103,
0.46,0.51,0.554,0.06,
0.108,0.11,0.204,0,
0.277,0.291,0.375,0.079,
0.397,0.464,0.516,0.018,
0.298,0.323,0.397,0.073,
0.402,0.458,0.564,-0.111,
0.25,0.29,0.373,0.017,
0.338,0.382,0.417,0.076,
0.443,0.508,0.606,-0.134,
0.357,0.407,0.471,0.003,
0.468,0.55,0.608,-0.135,
0.437,0.5,0.544,-0.027,
0.216,0.216,0.299,0.106,
0.367,0.429,0.438,0.038,
0.41,0.445,0.495,0.076,
0.241,0.232,0.441,0.075,
0.315,0.332,0.408,0.087,
0.375,0.428,0.443,0.067,
0.387,0.457,0.516,-0.172,
0.399,0.447,0.523,-0.148,
0.358,0.407,0.446,-0.011,
0.376,0.42,0.479,0.033,
0.342,0.363,0.484,0.048,
0.288,0.31,0.421,-0.043,
0.247,0.288,0.321,0.005,
0.362,0.39,0.448,0.083,
0.344,0.366,0.483,0.017,
0.352,0.38,0.47,0.085,
0.423,0.495,0.548,-0.137,
0.141,0.117,0.304,0.041,
0.432,0.494,0.562,-0.15,
0.453,0.508,0.583,-0.076,
0.43,0.479,0.573,-0.1,
0.418,0.474,0.55,0.039,
0.372,0.435,0.491,0.07,
0.383,0.442,0.502,-0.177,
0.235,0.254,0.325,0.043,
0.316,0.342,0.416,0.063,
0.526,0.589,0.64,-0.056,
0.422,0.471,0.523,-0.047,
0.373,0.415,0.477,0.075,
0.393,0.452,0.523,-0.18,
0.161,0.199,0.256,-0.038,
0.254,0.251,0.324,0.146,
0.493,0.542,0.606,-0.028,
0.311,0.359,0.465,-0.244,
0.078,0.066,0.173,-0.046,
0.201,0.217,0.309,0.094,
0.342,0.428,0.474,-0.054,
0.372,0.414,0.494,0.006,
0.253,0.3,0.378,-0.101,
0.441,0.479,0.538,0.112,
0.45,0.499,0.56,-0.08,
0.315,0.36,0.437,-0.001,
0.231,0.238,0.35,0.026,
0.292,0.33,0.369,0.108,
0.445,0.502,0.592,-0.093,
0.302,0.34,0.404,0.103,
0.485,0.547,0.593,-0.066,
0.335,0.389,0.443,0.082,
0.426,0.476,0.524,0.12,
0.455,0.508,0.59,-0.073,
0.313,0.37,0.431,-0.162,
0.04,0.059,0.145,-0.174,
0.432,0.483,0.509,0.1,
0.325,0.364,0.41,0.097,
0.323,0.348,0.468,0.04,
0.232,0.263,0.34,0.006,
0.416,0.458,0.52,0.08,
0.317,0.36,0.458,-0.184,
0.435,0.508,0.555,-0.013,
0.316,0.354,0.405,0.072,
0.294,0.319,0.391,0.1,
0.311,0.345,0.439,0.098,
0.403,0.449,0.476,0.056,
0.408,0.459,0.521,-0.108,
0.398,0.422,0.515,0.018,
0.334,0.377,0.462,0.041,
0.448,0.498,0.537,0.072,
0.415,0.486,0.542,-0.198,
0.284,0.303,0.407,0.076,
0.355,0.371,0.474,0.075,
0.399,0.443,0.502,0.12,
0.455,0.521,0.604,-0.216,
0.406,0.491,0.525,-0.255,
0.198,0.23,0.335,0.031,
0.336,0.336,0.47,0.127,
0.47,0.534,0.576,-0.001,
0.256,0.276,0.366,0.051,
0.228,0.251,0.347,0.079,
0.413,0.462,0.513,0.072,
0.437,0.475,0.53,0.128,
0.41,0.468,0.503,0.05,
0.085,0.101,0.173,-0.114,
0.283,0.297,0.412,0.059,
0.414,0.43,0.524,0.15,
0.35,0.403,0.478,-0.204,
0.129,0.118,0.303,0.046,
0.31,0.349,0.41,0.02,
0.463,0.553,0.587,-0.131,
0.372,0.413,0.544,-0.15,
0.273,0.28,0.378,0.07,
0.407,0.448,0.49,0.065,
0.386,0.431,0.477,0.051,
0.449,0.489,0.609,-0.118,
0.416,0.467,0.536,0.025,
0.432,0.5,0.553,-0.114,
0.214,0.21,0.369,0.064,
0.218,0.212,0.333,0.137,
0.42,0.458,0.521,0.064,
0.452,0.523,0.564,-0.153,
0.31,0.333,0.434,0.081,
0.243,0.231,0.33,0.16,
0.454,0.505,0.593,0.052,
0.283,0.306,0.364,0.066,
0.235,0.257,0.358,0.003,
0.198,0.223,0.338,0.006,
0.431,0.473,0.552,0.146,
0.401,0.45,0.55,-0.086,
0.175,0.228,0.325,-0.003,
0.414,0.447,0.511,0.109,
0.321,0.358,0.444,0.025,
0.339,0.369,0.479,0.031,
0.398,0.453,0.554,-0.155,
0.257,0.283,0.363,0.038,
0.332,0.376,0.433,0.027,
0.353,0.372,0.453,0.061,
0.421,0.492,0.571,-0.214,
0.167,0.179,0.282,-0.041,
0.351,0.394,0.45,0.049,
0.491,0.544,0.595,-0.003,
0.18,0.184,0.207,0.143,
0.336,0.366,0.443,0.05,
0.432,0.487,0.523,0.04,
0.472,0.54,0.582,-0.093,
0.384,0.428,0.503,-0.097,
0.29,0.343,0.402,0.057,
0.201,0.225,0.252,0.09,
0.204,0.193,0.331,0.107,
0.243,0.251,0.365,0.004,
0.464,0.54,0.609,-0.124,
0.437,0.494,0.518,0.066,
0.392,0.437,0.483,0.063,
0.396,0.464,0.514,-0.011,
0.457,0.502,0.588,-0.073,
0.249,0.277,0.351,0.013,
0.298,0.34,0.423,0.02,
0.269,0.298,0.369,-0.026,
0.451,0.531,0.583,-0.111,
0.294,0.325,0.414,0.027,
0.4,0.438,0.486,0.086,
0.408,0.444,0.514,0.092,
0.405,0.43,0.505,0.222,
0.282,0.324,0.368,-0.173,
0.446,0.527,0.549,-0.078,
0.361,0.399,0.457,0.075,
0.344,0.379,0.483,-0.049,
0.398,0.454,0.55,-0.066,
0.339,0.384,0.438,0.002,
0.097,0.137,0.225,-0.076,
0.285,0.302,0.418,-0.023,
0.349,0.401,0.477,-0.011,
0.303,0.365,0.461,-0.128,
0.388,0.428,0.482,0.052,
0.417,0.452,0.494,0.166,
0.469,0.536,0.573,-0.071,
0.275,0.31,0.408,0.022,
0.341,0.364,0.401,0.099,
0.461,0.522,0.583,-0.14,
0.133,0.168,0.219,-0.065,
0.419,0.454,0.533,0.099,
0.406,0.443,0.509,-0.052,
0.252,0.265,0.401,0.127,
0.32,0.342,0.428,0.1,
0.424,0.481,0.528,0.078,
0.42,0.485,0.521,-0.105,
0.179,0.186,0.279,0.044,
0.176,0.194,0.232,0.053,
0.502,0.576,0.619,-0.064,
0.475,0.556,0.589,-0.163,
0.061,0.061,0.141,-0.003,
0.309,0.332,0.471,-0.012,
0.388,0.419,0.526,0.08,
0.206,0.206,0.319,0.076,
0.233,0.245,0.342,0.089,
0.192,0.204,0.281,0.033,
0.402,0.455,0.522,-0.002,
0.366,0.401,0.47,0.05,
0.512,0.591,0.638,-0.09,
0.111,0.118,0.224,-0.076,
0.408,0.463,0.526,0.067,
0.394,0.471,0.524,-0.185,
0.394,0.472,0.504,-0.097,
0.234,0.252,0.378,0.024,
0.447,0.497,0.545,0.04,
0.362,0.395,0.508,0.02,
0.282,0.286,0.417,0.127,
0.287,0.314,0.417,0.037,
0.466,0.551,0.631,-0.188,
0.376,0.417,0.46,0.053,
0.318,0.389,0.458,-0.193,
0.404,0.46,0.509,-0.132,
0.235,0.238,0.378,-0.007,
0.214,0.228,0.329,0.064,
0.223,0.233,0.361,0.029,
0.371,0.453,0.516,-0.164,
0.404,0.465,0.539,-0.181,
0.175,0.194,0.308,0.051,
0.371,0.406,0.456,0.057,
0.316,0.364,0.464,-0.102,
0.229,0.22,0.302,0.177,
0.389,0.432,0.498,0.071,
0.337,0.372,0.464,-0.012,
0.333,0.389,0.452,-0.079,
0.264,0.286,0.346,0.119,
0.259,0.292,0.36,0.038,
0.265,0.306,0.364,0.087,
0.388,0.429,0.47,0.071,
0.353,0.377,0.437,0.056,
0.371,0.433,0.501,-0.053,
0.347,0.392,0.424,0.003,
0.336,0.38,0.436,0.089,
0.497,0.577,0.637,-0.124,
0.301,0.343,0.419,-0.078,
0.132,0.13,0.241,0.001,
0.412,0.47,0.497,0.172,
0.447,0.534,0.558,-0.129,
0.309,0.336,0.41,0.082,
0.369,0.401,0.444,0.097,
0.421,0.491,0.536,-0.125,
0.486,0.546,0.582,-0.045,
0.299,0.316,0.404,0.078,
0.348,0.366,0.447,0.081,
0.352,0.363,0.461,0.095,
0.284,0.311,0.395,0.034,
0.422,0.482,0.526,-0.14,
0.301,0.361,0.397,-0.178,
0.308,0.323,0.425,0.093,
0.379,0.413,0.465,0.063,
0.389,0.42,0.508,-0.014,
0.25,0.285,0.348,0.061,
0.382,0.415,0.482,0.087,
0.387,0.431,0.528,0.063,
0.417,0.456,0.498,0.094,
0.395,0.455,0.479,-0.057,
0.276,0.293,0.373,0.134,
0.363,0.399,0.493,0.017,
0.413,0.45,0.536,-0.001,
0.248,0.3,0.352,-0.114,
0.428,0.494,0.526,-0.101,
0.412,0.444,0.5,0.048,
0.345,0.386,0.48,-0.016,
0.378,0.424,0.477,0.02,
0.468,0.542,0.558,-0.145,
0.275,0.299,0.341,0.068,
0.395,0.43,0.48,0.05,
0.391,0.422,0.515,0.027,
0.221,0.233,0.294,0.009,
0.379,0.415,0.522,0.028,
0.322,0.357,0.415,0.027,
0.514,0.577,0.622,-0.1,
0.404,0.441,0.505,-0.01,
0.422,0.461,0.511,0.077,
0.358,0.396,0.443,0.043,
0.415,0.481,0.533,-0.178,
0.404,0.453,0.476,0.12,
0.471,0.548,0.628,-0.259,
0.385,0.417,0.466,0.049,
0.259,0.28,0.378,-0.037,
0.372,0.418,0.502,-0.032,
0.467,0.513,0.578,0.043,
0.319,0.351,0.43,-0.026,
0.287,0.303,0.372,0.047,
0.396,0.438,0.463,0.08,
0.481,0.558,0.609,-0.18,
0.365,0.384,0.475,0.087,
0.401,0.434,0.483,0.077,
0.483,0.545,0.56,0.041,
0.442,0.5,0.533,-0.04,
0.365,0.398,0.454,0.078,
0.226,0.263,0.348,-0.02,
0.324,0.369,0.427,0.021,
0.374,0.404,0.466,0.093,
0.454,0.536,0.598,-0.207,
0.174,0.175,0.251,-0.001,
0.357,0.368,0.464,0.087,
0.438,0.492,0.534,-0.045,
0.461,0.504,0.566,-0.012,
0.341,0.372,0.457,-0.015,
0.404,0.447,0.543,0.029,
0.375,0.413,0.461,0.062,
0.471,0.565,0.6,-0.253,
0.305,0.34,0.432,0.058,
0.376,0.429,0.48,0.053,
0.392,0.454,0.496,-0.14,
0.31,0.323,0.409,0.161,
0.283,0.323,0.39,-0.051,
0.392,0.437,0.492,-0.005,
0.289,0.32,0.375,0.115,
0.418,0.461,0.513,0.082,
0.449,0.489,0.544,0.003,
0.15,0.18,0.243,-0.039,
0.352,0.384,0.449,0.134,
0.332,0.37,0.468,0.014,
0.35,0.392,0.463,-0.117,
0.348,0.382,0.455,-0.01,
0.34,0.382,0.474,0.069,
0.355,0.389,0.423,0.066,
0.312,0.346,0.402,0.03,
0.279,0.299,0.372,0.071,
0.212,0.243,0.361,0.024,
0.379,0.418,0.456,-0.005,
0.45,0.502,0.551,-0.049,
0.36,0.425,0.508,-0.068,
0.413,0.472,0.551,-0.129,
0.336,0.357,0.425,0.059,
0.415,0.462,0.492,0.05,
0.37,0.413,0.464,-0.073,
0.41,0.469,0.546,-0.093,
0.379,0.425,0.464,0.052,
0.346,0.378,0.44,0.061,
0.456,0.528,0.566,-0.086,
0.233,0.23,0.311,0.103,
0.321,0.342,0.454,0.127,
0.372,0.398,0.497,0.1,
0.385,0.44,0.502,-0.193,
0.276,0.294,0.372,0.048,
0.309,0.359,0.406,-0.012,
0.379,0.403,0.45,0.09,
0.321,0.33,0.434,0.082,
0.358,0.389,0.434,0.102,
0.484,0.55,0.622,-0.107,
0.386,0.46,0.542,-0.194,
0.303,0.336,0.382,0.061,
0.309,0.332,0.451,0.052,
0.48,0.552,0.605,-0.137,
0.33,0.347,0.472,0.106,
0.388,0.431,0.475,0.073,
0.428,0.461,0.542,0.095,
0.447,0.51,0.561,-0.007,
0.322,0.332,0.422,0.107,
0.309,0.348,0.436,0.048,
0.449,0.504,0.592,-0.094,
0.466,0.54,0.591,-0.121,
0.324,0.365,0.426,0.003,
0.293,0.327,0.419,0.06,
0.375,0.403,0.517,0.079,
0.431,0.468,0.526,0.028,
0.438,0.492,0.563,-0.042,
0.272,0.314,0.419,-0.09,
0.382,0.412,0.477,0.032,
0.39,0.417,0.534,0.068,
0.445,0.486,0.563,-0.021,
0.278,0.297,0.372,0.042,
0.375,0.395,0.473,0.125,
0.473,0.534,0.563,-0.02,
0.51,0.568,0.614,-0.074,
0.331,0.331,0.477,0.078,
0.377,0.423,0.475,0.038,
0.407,0.449,0.52,-0.002,
0.276,0.297,0.371,0.062,
0.396,0.444,0.476,0.046,
0.29,0.306,0.411,0.036,
0.244,0.258,0.328,0.069,
0.343,0.36,0.452,0.107,
0.415,0.435,0.531,0.13,
0.449,0.489,0.573,-0.018,
0.343,0.378,0.423,0.03,
0.402,0.441,0.483,0.08,
0.402,0.465,0.509,-0.092,
0.423,0.483,0.549,-0.207,
0.323,0.369,0.423,0.036,
0.466,0.502,0.549,0.09,
0.398,0.415,0.543,0.09,
0.281,0.324,0.374,-0.027,
0.125,0.126,0.203,0.033,
0.404,0.452,0.51,0.074,
0.428,0.487,0.536,0.005,
0.408,0.467,0.587,-0.044,
0.515,0.573,0.613,-0.014,
0.304,0.34,0.378,0.12,
0.394,0.416,0.485,0.077,
0.453,0.514,0.569,-0.101,
0.432,0.462,0.576,0.016,
0.267,0.297,0.405,0.024,
0.292,0.338,0.391,-0.061,
0.402,0.445,0.543,-0.101,
0.347,0.371,0.453,0.098,
0.372,0.402,0.516,0.119,
0.377,0.397,0.488,0.117,
0.481,0.55,0.585,-0.082,
0.377,0.418,0.478,-0.064,
0.386,0.428,0.507,0.015,
0.206,0.218,0.341,0.024,
0.267,0.307,0.383,0.052,
0.338,0.364,0.405,0.116,
0.42,0.478,0.538,-0.133,
0.308,0.319,0.425,0.089,
0.319,0.352,0.487,0.102,
0.302,0.33,0.416,0.08,
0.375,0.411,0.445,0.089,
0.326,0.39,0.451,-0.108,
0.311,0.357,0.434,0.016,
0.407,0.439,0.482,0.072,
0.424,0.493,0.524,-0.047,
0.292,0.327,0.394,0.115,
0.38,0.404,0.488,0.148,
0.434,0.499,0.521,-0.16,
0.328,0.358,0.458,0.038,
0.34,0.384,0.457,-0.099,
0.423,0.479,0.544,-0.069,
0.359,0.383,0.432,0.084,
0.392,0.432,0.479,0.057,
0.428,0.469,0.547,-0.067,
0.187,0.22,0.313,-0.07,
0.35,0.403,0.486,-0.045,
0.473,0.528,0.577,-0.068,
0.306,0.327,0.375,0.081,
0.324,0.345,0.41,0.081,
0.31,0.333,0.408,0.068,
0.315,0.353,0.442,-0.031,
0.468,0.526,0.575,0.002,
0.327,0.361,0.411,0.111,
0.376,0.406,0.449,0.094,
0.303,0.371,0.477,-0.358,
0.418,0.448,0.563,0.121,
0.342,0.432,0.489,-0.056,
0.447,0.486,0.588,-0.036,
0.283,0.302,0.407,0.1,
0.345,0.382,0.456,0.036,
0.352,0.379,0.452,0.029,
0.292,0.33,0.403,0.059,
0.303,0.319,0.408,0.058,
0.394,0.423,0.478,0.029,
0.463,0.518,0.588,-0.108,
0.386,0.434,0.47,-0.06,
0.306,0.337,0.39,0.088,
0.374,0.421,0.535,-0.001,
0.457,0.51,0.602,-0.231,
0.422,0.484,0.536,-0.152,
0.197,0.232,0.305,-0.024,
0.255,0.298,0.342,0.011,
0.361,0.408,0.421,0.045,
0.375,0.435,0.458,0.012,
0.505,0.56,0.618,-0.018,
0.258,0.316,0.379,-0.047,
0.324,0.352,0.457,-0.045,
0.376,0.405,0.506,0.028,
0.437,0.478,0.566,0.005,
0.294,0.332,0.393,0.055,
0.367,0.43,0.481,0.025,
0.495,0.547,0.622,-0.064,
0.281,0.296,0.398,0.022,
0.341,0.382,0.404,0.06,
0.381,0.414,0.462,0.051,
0.409,0.452,0.528,-0.022,
0.38,0.409,0.458,0.061,
0.412,0.484,0.498,-0.045,
0.283,0.296,0.386,0.027,
0.28,0.309,0.363,-0.03,
0.374,0.401,0.472,0.086,
0.403,0.454,0.536,-0.028,
0.338,0.365,0.438,0.042,
0.26,0.284,0.336,0.068,
0.401,0.445,0.485,0.06,
0.36,0.392,0.478,-0.022,
0.365,0.389,0.475,0.18,
0.371,0.381,0.447,0.144,
0.433,0.467,0.5,0.164,
0.476,0.518,0.565,0.028,
0.33,0.352,0.418,0.139,
0.272,0.31,0.326,0.072,
0.376,0.405,0.504,0.014,
0.369,0.414,0.468,0.03,
0.463,0.506,0.561,0.001,
0.284,0.294,0.371,0.047,
0.363,0.388,0.433,0.102,
0.439,0.483,0.533,0.013,
0.493,0.55,0.592,-0.091,
0.332,0.366,0.485,-0.083,
0.385,0.404,0.481,0.055,
0.371,0.377,0.476,0.077,
0.359,0.383,0.475,0.148,
0.311,0.345,0.413,0.033,
0.256,0.307,0.425,-0.012,
0.476,0.538,0.614,-0.099,
0.411,0.474,0.57,-0.13,
0.231,0.254,0.378,0.077,
0.382,0.435,0.47,-0.031,
0.358,0.373,0.462,0.076,
0.412,0.451,0.51,0.023,
0.388,0.439,0.513,-0.008,
0.387,0.435,0.52,-0.184,
0.31,0.336,0.438,0.035,
0.381,0.449,0.492,-0.044,
0.436,0.476,0.521,0.152,
0.439,0.47,0.52,0.091,
0.279,0.303,0.344,0.076,
0.412,0.458,0.511,0.007,
0.397,0.445,0.531,-0.114,
0.448,0.486,0.572,-0.031,
0.204,0.224,0.318,0.057,
0.425,0.457,0.485,0.095,
0.377,0.424,0.456,0.004,
0.231,0.251,0.376,0.046,
0.492,0.557,0.61,-0.183,
0.387,0.423,0.524,-0.003,
0.323,0.334,0.392,0.109,
0.374,0.422,0.516,-0.07,
0.367,0.422,0.465,-0.042,
0.312,0.329,0.386,0.079,
0.211,0.227,0.31,0.02,
0.422,0.501,0.558,-0.154,
0.459,0.522,0.601,-0.154,
0.403,0.444,0.524,0.056,
0.35,0.389,0.469,0.002,
0.439,0.484,0.551,0.016,
0.25,0.273,0.412,0.025,
0.323,0.348,0.472,0.104,
0.373,0.436,0.465,-0.03,
0.282,0.301,0.389,0.038,
0.346,0.399,0.471,0.05,
0.433,0.492,0.558,0.038,
0.254,0.269,0.376,0.016,
0.364,0.393,0.472,0.116,
0.36,0.386,0.447,0.055,
0.504,0.585,0.617,-0.096,
0.283,0.309,0.406,0.08,
0.438,0.472,0.537,0.058,
0.404,0.46,0.488,-0.112,
0.438,0.483,0.546,-0.007,
0.421,0.466,0.544,-0.101,
0.292,0.308,0.38,0.082,
0.372,0.398,0.446,0.058,
0.463,0.518,0.6,-0.125,
0.283,0.302,0.383,-0.037,
0.401,0.442,0.517,0.057,
0.24,0.269,0.302,0.056,
0.459,0.499,0.593,-0.06,
0.451,0.526,0.581,-0.102,
0.418,0.452,0.504,0.069,
0.355,0.384,0.462,0.096,
0.357,0.38,0.449,0.089,
0.432,0.502,0.541,-0.188,
0.263,0.297,0.34,0.163,
0.383,0.407,0.483,0.135,
0.389,0.434,0.501,0.003,
0.363,0.416,0.477,-0.099,
0.254,0.273,0.427,-0.096,
0.394,0.436,0.491,0.141,
0.426,0.491,0.557,-0.142,
0.35,0.358,0.498,-0.121,
0.367,0.383,0.481,0.092,
0.259,0.292,0.396,-0.009,
0.257,0.264,0.41,0.087,
0.334,0.364,0.45,-0.064,
0.463,0.5,0.559,0.117,
0.406,0.459,0.513,-0.051,
0.326,0.342,0.431,0.091,
0.411,0.445,0.498,0.096,
0.387,0.39,0.533,0.12,
0.361,0.415,0.471,-0.188,
0.241,0.309,0.354,-0.041,
0.386,0.419,0.48,0.098,
0.481,0.536,0.641,-0.065,
0.4,0.438,0.529,0.07,
0.383,0.394,0.47,0.121,
0.38,0.421,0.453,0.094,
0.343,0.36,0.468,-0.097,
0.424,0.478,0.497,0.024,
0.466,0.544,0.586,-0.195,
0.361,0.391,0.475,0,
0.395,0.425,0.495,0.131,
0.487,0.544,0.57,-0.051,
0.366,0.379,0.476,0.154,
0.291,0.318,0.367,0.111,
0.284,0.307,0.362,0.147,
0.439,0.518,0.549,-0.149,
0.439,0.506,0.57,-0.192,
0.339,0.373,0.459,0.052,
0.293,0.336,0.415,-0.078,
0.456,0.524,0.578,-0.152,
0.134,0.106,0.272,0.074,
0.418,0.458,0.497,0.04,
0.403,0.457,0.497,0.053,
0.291,0.329,0.456,-0.038,
0.371,0.421,0.469,0.086,
0.48,0.548,0.6,-0.149,
0.337,0.364,0.415,0.109,
0.412,0.432,0.482,0.12,
0.431,0.476,0.523,0.163,
0.401,0.448,0.483,0.052,
0.326,0.348,0.425,0.098,
0.302,0.317,0.367,0.087,
0.527,0.593,0.614,0.008,
0.406,0.463,0.492,-0.082,
0.293,0.311,0.445,0.177,
0.37,0.417,0.461,-0.004,
0.424,0.473,0.517,0.059,
0.434,0.472,0.566,-0.01,
0.353,0.399,0.47,0.003,
0.419,0.452,0.518,0.026,
0.242,0.227,0.376,0.045,
0.4,0.435,0.489,0.065,
0.499,0.538,0.619,0.026,
0.276,0.283,0.358,0.118,
0.321,0.342,0.424,0.105,
0.359,0.41,0.471,-0.179,
0.418,0.495,0.566,-0.206,
0.324,0.368,0.469,0.073,
0.382,0.399,0.455,0.109,
0.329,0.386,0.464,-0.023,
0.236,0.279,0.329,0.034,
0.301,0.307,0.437,0.014,
0.378,0.413,0.497,0.04,
0.395,0.424,0.506,-0.016,
0.454,0.53,0.575,-0.113,
0.423,0.473,0.54,0.057,
0.373,0.408,0.45,0.058,
0.32,0.384,0.449,-0.053,
0.34,0.394,0.448,-0.013,
0.484,0.533,0.612,-0.084,
0.447,0.52,0.568,-0.122,
0.28,0.305,0.393,0.115,
0.389,0.424,0.451,0.108,
0.425,0.485,0.544,-0.057,
0.34,0.363,0.447,0.035,
0.235,0.247,0.299,0.096,
0.369,0.419,0.481,0.013,
0.45,0.505,0.555,-0.053,
0.308,0.349,0.407,-0.052,
0.218,0.264,0.299,0.094,
0.386,0.423,0.5,0.056,
0.23,0.234,0.355,0.084,
0.377,0.452,0.476,-0.064,
0.445,0.527,0.601,-0.211,
0.24,0.229,0.376,-0.028,
0.335,0.364,0.431,0.1,
0.411,0.456,0.512,0.114,
0.284,0.309,0.338,0.167,
0.217,0.22,0.342,-0.058,
0.332,0.354,0.441,0.118,
0.452,0.502,0.59,0.024,
0.351,0.406,0.455,-0.078,
0.378,0.414,0.455,0.072,
0.395,0.436,0.507,0.078,
0.352,0.406,0.448,-0.135,
0.227,0.238,0.31,0.054,
0.256,0.262,0.351,0.067,
0.428,0.483,0.532,-0.083,
0.382,0.409,0.509,0.122,
0.291,0.349,0.402,-0.002,
0.385,0.444,0.471,-0.007,
0.49,0.549,0.619,-0.117,
0.256,0.279,0.352,0.047,
0.375,0.416,0.469,0.112,
0.445,0.502,0.57,-0.118,
0.261,0.296,0.351,0.056,
0.381,0.443,0.459,0.012,
0.344,0.392,0.441,-0.065,
0.454,0.486,0.578,-0.014,
0.331,0.381,0.457,0.055,
0.426,0.478,0.51,0.156,
0.365,0.404,0.454,0.081,
0.413,0.461,0.551,-0.046,
0.377,0.429,0.539,-0.19,
0.095,0.09,0.232,-0.034,
0.199,0.222,0.321,0.028,
0.419,0.483,0.552,-0.076,
0.502,0.591,0.628,-0.159,
0.264,0.244,0.405,0.045,
0.263,0.292,0.359,0.015,
0.406,0.457,0.495,0.006,
0.362,0.403,0.496,-0.047,
0.329,0.375,0.448,0.042,
0.464,0.508,0.562,0.114,
0.363,0.394,0.425,0.153,
0.183,0.174,0.391,0.113,
0.346,0.372,0.403,0.141,
0.255,0.283,0.319,0.066,
0.466,0.526,0.594,-0.075,
0.424,0.466,0.502,0.107,
0.376,0.416,0.485,0.082,
0.388,0.426,0.525,-0.041,
0.258,0.296,0.383,-0.012,
0.377,0.419,0.446,0.076,
0.408,0.454,0.507,-0.087,
0.304,0.322,0.445,-0.009,
0.336,0.356,0.425,0.121,
0.383,0.423,0.503,0.057,
0.408,0.441,0.508,0.022,
0.389,0.448,0.496,-0.094,
0.188,0.215,0.252,0.085,
0.369,0.389,0.475,0.055,
0.423,0.49,0.539,-0.021,
0.273,0.296,0.379,-0.011,
0.247,0.269,0.363,-0.011,




Further Data analysis of all test cases 
avg med max min 
AVGs,0.351,0.364,0.527,0.04,
MEDs,0.389,0.403,0.619,0.059,
MAXs,0.461,0.471,0.672,0.141,
MINs,0.008,0.028,0.225,-0.358,



