

Data analysis for each instance 
AVG,MED,MAX,MIN
0.732,0.715,0.94,0.644,
0.699,0.688,0.877,0.638,
0.67,0.628,1,0.593,
0.669,0.641,1,0.585,
0.763,0.754,0.934,0.663,
0.638,0.608,1,0.51,
0.583,0.545,1,0.479,
0.645,0.639,0.764,0.53,
0.677,0.652,1,0.584,
0.807,0.769,0.973,0.746,
0.653,0.62,1,0.57,
0.609,0.561,1,0.535,
0.663,0.637,1,0.577,
0.745,0.728,0.859,0.702,
0.758,0.736,0.923,0.692,
0.707,0.68,1,0.632,
0.647,0.615,1,0.556,
0.745,0.728,0.932,0.683,
0.67,0.637,1,0.582,
0.656,0.619,1,0.558,
0.703,0.669,1,0.642,
0.731,0.708,0.938,0.659,
0.617,0.588,1,0.498,
0.645,0.599,1,0.558,
0.76,0.742,0.927,0.716,
0.657,0.616,1,0.563,
0.616,0.58,1,0.53,
0.774,0.762,0.955,0.694,
0.729,0.714,0.979,0.643,
0.668,0.639,1,0.566,
0.74,0.717,0.953,0.668,
0.705,0.688,0.888,0.631,
0.542,0.498,1,0.444,
0.697,0.667,0.997,0.64,
0.674,0.645,1,0.599,
0.564,0.515,1,0.455,
0.568,0.514,1,0.483,
0.737,0.724,1,0.65,
0.764,0.748,0.975,0.697,
0.762,0.736,1,0.708,
0.689,0.659,1,0.599,
0.572,0.525,1,0.442,
0.632,0.588,1,0.558,
0.674,0.642,1,0.598,
0.714,0.692,0.844,0.675,
0.605,0.566,1,0.519,
0.647,0.633,1,0.536,
0.667,0.625,1,0.605,
0.611,0.571,1,0.522,
0.667,0.634,0.983,0.568,
0.657,0.615,1,0.589,
0.792,0.785,0.864,0.735,
0.583,0.542,1,0.496,
0.673,0.644,1,0.606,
0.637,0.599,0.978,0.569,
0.786,0.759,0.947,0.711,
0.578,0.528,1,0.492,
0.61,0.589,0.792,0.546,
0.727,0.714,0.861,0.674,
0.681,0.65,1,0.603,
0.667,0.631,1,0.595,
0.662,0.637,0.962,0.546,
0.698,0.669,0.83,0.616,
0.637,0.603,1,0.538,
0.67,0.643,1,0.569,
0.744,0.738,0.807,0.7,
0.712,0.685,0.966,0.615,
0.621,0.585,0.955,0.54,
0.79,0.766,1,0.724,
0.663,0.659,0.827,0.578,
0.674,0.637,0.973,0.618,
0.632,0.592,1,0.529,
0.66,0.613,1,0.549,
0.662,0.63,1,0.567,
0.67,0.655,0.808,0.615,
0.614,0.569,1,0.516,
0.666,0.629,1,0.604,
0.632,0.59,0.998,0.526,
0.72,0.702,0.902,0.666,
0.644,0.605,0.993,0.525,
0.624,0.585,1,0.545,
0.769,0.756,0.934,0.726,
0.78,0.768,0.98,0.706,
0.681,0.657,0.941,0.606,
0.664,0.629,1,0.595,
0.688,0.663,1,0.605,
0.69,0.677,0.823,0.618,
0.622,0.595,1,0.511,
0.747,0.724,0.922,0.694,
0.694,0.666,0.859,0.64,
0.676,0.632,0.999,0.611,
0.656,0.621,1,0.547,
0.779,0.756,0.993,0.706,
0.693,0.657,1,0.624,
0.678,0.637,1,0.597,
0.71,0.73,0.756,0.629,
0.557,0.506,1,0.448,
0.622,0.571,1,0.529,
0.718,0.7,1,0.63,
0.673,0.639,0.961,0.604,
0.762,0.757,0.893,0.673,
0.611,0.567,1,0.512,
0.674,0.649,0.955,0.587,
0.745,0.74,0.973,0.648,
0.706,0.67,1,0.622,
0.742,0.722,0.986,0.651,
0.626,0.593,1,0.525,
0.598,0.551,1,0.513,
0.675,0.649,1,0.583,
0.733,0.722,0.947,0.657,
0.542,0.49,1,0.456,
0.685,0.655,1,0.581,
0.79,0.776,0.911,0.729,
0.617,0.587,1,0.523,
0.725,0.693,1,0.647,
0.652,0.619,1,0.587,
0.717,0.708,0.998,0.608,
0.637,0.591,0.999,0.546,
0.631,0.573,1,0.528,
0.701,0.672,1,0.641,
0.651,0.61,1,0.583,
0.692,0.641,1,0.621,
0.677,0.649,1,0.591,
0.758,0.728,0.994,0.706,
0.592,0.532,1,0.508,
0.65,0.617,1,0.566,
0.65,0.637,0.865,0.587,
0.786,0.796,0.936,0.693,
0.67,0.628,1,0.6,
0.638,0.6,1,0.548,
0.732,0.702,1,0.662,
0.696,0.665,1,0.592,
0.629,0.581,1,0.533,
0.738,0.719,0.969,0.641,
0.79,0.775,0.908,0.753,
0.699,0.685,0.87,0.651,
0.619,0.591,1,0.512,
0.615,0.577,1,0.526,
0.724,0.7,1,0.659,
0.68,0.671,0.846,0.609,
0.685,0.662,1,0.585,
0.694,0.653,1,0.633,
0.65,0.599,1,0.568,
0.663,0.643,0.8,0.607,
0.597,0.552,1,0.497,
0.606,0.572,1,0.493,
0.698,0.666,1,0.643,
0.794,0.778,0.977,0.717,
0.626,0.587,1,0.558,
0.707,0.671,1,0.645,
0.733,0.723,0.831,0.649,
0.745,0.734,0.828,0.662,
0.754,0.75,0.925,0.679,
0.655,0.633,0.836,0.581,
0.806,0.797,0.952,0.745,
0.685,0.669,0.963,0.598,
0.678,0.647,1,0.59,
0.691,0.659,0.96,0.62,
0.62,0.577,1,0.528,
0.621,0.596,0.956,0.526,
0.723,0.7,0.968,0.633,
0.753,0.739,0.899,0.702,
0.616,0.59,0.995,0.517,
0.679,0.646,1,0.616,
0.693,0.689,0.775,0.628,
0.657,0.615,1,0.582,
0.604,0.562,1,0.503,
0.713,0.681,0.994,0.589,
0.695,0.655,1,0.63,
0.717,0.685,1,0.644,
0.689,0.669,0.966,0.595,
0.647,0.615,1,0.566,
0.636,0.595,1,0.567,
0.721,0.724,0.9,0.624,
0.731,0.703,0.846,0.687,
0.564,0.529,1,0.45,
0.669,0.647,0.94,0.594,
0.632,0.587,1,0.568,
0.801,0.79,0.994,0.723,
0.587,0.546,1,0.485,
0.643,0.606,1,0.564,
0.79,0.779,1,0.681,
0.591,0.54,1,0.473,
0.648,0.605,1,0.57,
0.73,0.728,0.872,0.627,
0.707,0.664,1,0.637,
0.67,0.635,1,0.607,
0.731,0.728,0.839,0.685,
0.653,0.621,1,0.549,
0.591,0.544,1,0.495,
0.672,0.643,1,0.598,
0.682,0.662,0.862,0.594,
0.756,0.747,1,0.645,
0.675,0.647,1,0.586,
0.679,0.646,1,0.614,
0.819,0.806,0.976,0.756,
0.715,0.687,0.955,0.629,
0.667,0.643,1,0.542,
0.599,0.557,1,0.505,
0.781,0.778,0.914,0.716,
0.693,0.667,1,0.618,
0.673,0.643,0.984,0.603,
0.653,0.605,1,0.56,
0.719,0.69,0.96,0.659,
0.731,0.729,0.894,0.675,
0.606,0.579,1,0.498,
0.646,0.606,1,0.588,
0.75,0.722,1,0.651,
0.78,0.777,0.928,0.696,
0.638,0.607,1,0.548,
0.573,0.53,1,0.476,
0.672,0.663,0.729,0.621,
0.836,0.835,0.909,0.781,
0.636,0.603,1,0.517,
0.715,0.683,1,0.635,
0.687,0.659,1,0.609,
0.733,0.708,1,0.658,
0.74,0.732,0.93,0.62,
0.76,0.736,1,0.671,
0.731,0.712,0.975,0.618,
0.626,0.581,1,0.525,
0.664,0.622,1,0.598,
0.64,0.613,0.919,0.558,
0.633,0.585,1,0.527,
0.691,0.665,1,0.597,
0.772,0.759,0.983,0.695,
0.623,0.574,1,0.532,
0.627,0.58,1,0.536,
0.71,0.681,1,0.634,
0.707,0.698,0.903,0.64,
0.703,0.696,0.872,0.614,
0.588,0.546,1,0.513,
0.74,0.72,1,0.635,
0.613,0.569,1,0.537,
0.677,0.651,1,0.584,
0.625,0.575,1,0.538,
0.649,0.613,1,0.523,
0.73,0.71,0.97,0.651,
0.717,0.69,1,0.644,
0.737,0.734,0.901,0.648,
0.626,0.59,1,0.535,
0.691,0.663,0.962,0.613,
0.788,0.784,0.844,0.722,
0.653,0.641,0.796,0.601,
0.68,0.646,1,0.602,
0.659,0.627,1,0.556,
0.662,0.639,1,0.581,
0.6,0.55,1,0.505,
0.714,0.7,0.912,0.63,
0.716,0.691,0.9,0.656,
0.643,0.599,1,0.551,
0.679,0.643,1,0.615,
0.701,0.678,0.952,0.614,
0.658,0.615,0.966,0.576,
0.668,0.624,1,0.599,
0.655,0.613,1,0.552,
0.728,0.719,0.883,0.658,
0.722,0.704,0.881,0.667,
0.603,0.548,1,0.518,
0.664,0.637,1,0.583,
0.753,0.739,1,0.687,
0.637,0.602,1,0.522,
0.652,0.619,1,0.579,
0.739,0.722,0.874,0.687,
0.73,0.718,0.886,0.687,
0.745,0.721,0.937,0.695,
0.693,0.661,1,0.62,
0.583,0.534,1,0.504,
0.719,0.69,1,0.638,
0.708,0.683,1,0.613,
0.601,0.546,1,0.509,
0.655,0.612,1,0.592,
0.717,0.696,0.89,0.651,
0.706,0.688,0.922,0.647,
0.644,0.603,1,0.548,
0.613,0.567,1,0.488,
0.705,0.681,1,0.64,
0.658,0.647,0.85,0.569,
0.625,0.583,1,0.537,
0.671,0.631,1,0.603,
0.608,0.565,1,0.531,
0.64,0.614,0.976,0.508,
0.731,0.72,0.921,0.665,
0.612,0.593,0.852,0.547,
0.657,0.627,1,0.542,
0.647,0.609,1,0.562,
0.705,0.675,1,0.627,
0.751,0.738,0.955,0.691,
0.572,0.528,1,0.479,
0.667,0.639,1,0.577,
0.667,0.651,0.971,0.588,
0.834,0.821,0.932,0.772,
0.586,0.533,1,0.5,
0.628,0.593,1,0.551,
0.779,0.761,0.962,0.707,
0.687,0.663,1,0.603,
0.744,0.721,0.981,0.658,
0.561,0.506,1,0.465,
0.641,0.601,1,0.544,
0.651,0.621,1,0.565,
0.782,0.78,0.831,0.739,
0.71,0.69,1,0.601,
0.689,0.659,1,0.612,
0.72,0.701,1,0.65,
0.601,0.555,1,0.516,
0.673,0.639,1,0.608,
0.693,0.673,1,0.618,
0.669,0.635,1,0.571,
0.715,0.691,0.889,0.647,
0.702,0.673,1,0.627,
0.705,0.675,1,0.641,
0.734,0.714,0.866,0.671,
0.694,0.678,1,0.608,
0.755,0.748,0.865,0.68,
0.719,0.683,0.973,0.639,
0.636,0.592,1,0.538,
0.718,0.688,1,0.647,
0.755,0.74,1,0.684,
0.62,0.579,1,0.511,
0.679,0.647,1,0.597,
0.705,0.673,1,0.617,
0.721,0.714,0.828,0.639,
0.762,0.758,0.856,0.701,
0.688,0.655,0.989,0.59,
0.679,0.647,1,0.602,
0.659,0.619,1,0.589,
0.652,0.623,0.957,0.566,
0.679,0.643,1,0.583,
0.684,0.64,1,0.6,
0.718,0.694,1,0.651,
0.673,0.637,1,0.6,
0.718,0.706,0.863,0.672,
0.621,0.591,1,0.522,
0.751,0.74,0.85,0.705,
0.755,0.744,0.924,0.69,
0.76,0.758,0.9,0.669,
0.659,0.619,1,0.588,
0.595,0.544,1,0.508,
0.659,0.647,0.823,0.585,
0.67,0.639,1,0.599,
0.694,0.654,1,0.632,
0.761,0.744,0.944,0.661,
0.758,0.734,0.953,0.69,
0.681,0.661,1,0.602,
0.706,0.712,0.82,0.643,
0.622,0.593,0.962,0.522,
0.665,0.627,1,0.558,
0.797,0.784,0.972,0.742,
0.648,0.626,0.756,0.604,
0.519,0.467,1,0.431,
0.559,0.512,1,0.447,
0.672,0.643,0.946,0.617,
0.79,0.774,1,0.693,
0.601,0.575,0.899,0.534,
0.625,0.575,1,0.544,
0.752,0.738,0.92,0.665,
0.693,0.663,0.999,0.609,
0.617,0.579,1,0.526,
0.631,0.591,1,0.561,
0.803,0.792,0.907,0.747,
0.671,0.642,1,0.573,
0.756,0.75,0.934,0.62,
0.717,0.685,1,0.639,
0.653,0.621,1,0.566,
0.817,0.809,0.927,0.753,
0.609,0.593,0.838,0.535,
0.586,0.528,1,0.519,
0.655,0.623,1,0.585,
0.66,0.621,1,0.594,
0.614,0.566,1,0.518,
0.676,0.639,1,0.593,
0.733,0.704,1,0.663,
0.669,0.667,0.816,0.6,
0.747,0.715,0.987,0.664,
0.627,0.589,1,0.525,
0.658,0.633,1,0.578,
0.66,0.625,1,0.529,
0.705,0.671,1,0.649,
0.716,0.7,0.892,0.646,
0.779,0.748,1,0.71,
0.702,0.669,1,0.641,
0.705,0.679,1,0.619,
0.657,0.641,0.802,0.581,
0.607,0.571,1,0.47,
0.651,0.617,1,0.569,
0.656,0.629,1,0.577,
0.739,0.73,0.784,0.702,
0.707,0.712,0.745,0.657,
0.638,0.603,1,0.559,
0.699,0.66,1,0.633,
0.774,0.759,0.999,0.692,
0.639,0.599,1,0.536,
0.66,0.621,1,0.585,
0.695,0.653,1,0.616,
0.629,0.579,1,0.564,
0.666,0.627,1,0.592,
0.625,0.589,1,0.535,
0.635,0.603,1,0.535,
0.687,0.663,1,0.599,
0.699,0.694,0.796,0.625,
0.59,0.536,1,0.52,
0.663,0.631,1,0.577,
0.697,0.68,0.869,0.645,
0.722,0.712,0.85,0.671,
0.634,0.593,1,0.541,
0.689,0.649,1,0.616,
0.661,0.62,1,0.599,
0.659,0.637,0.882,0.586,
0.696,0.667,1,0.631,
0.799,0.786,0.886,0.697,
0.593,0.55,1,0.511,
0.63,0.595,1,0.529,
0.618,0.571,1,0.518,
0.714,0.72,0.847,0.649,
0.594,0.552,1,0.477,
0.601,0.566,1,0.509,
0.71,0.673,1,0.588,
0.651,0.615,1,0.551,
0.628,0.579,1,0.56,
0.599,0.562,1,0.493,
0.671,0.636,1,0.611,
0.705,0.686,0.914,0.611,
0.59,0.541,0.997,0.487,
0.649,0.623,1,0.577,
0.685,0.647,1,0.618,
0.737,0.71,1,0.661,
0.687,0.677,0.845,0.607,
0.6,0.554,1,0.52,
0.699,0.676,1,0.633,
0.712,0.688,1,0.627,
0.683,0.682,0.786,0.582,
0.623,0.588,0.959,0.535,
0.693,0.667,1,0.624,
0.743,0.725,0.997,0.645,
0.599,0.544,1,0.528,
0.667,0.627,1,0.59,
0.714,0.683,1,0.645,
0.775,0.772,0.907,0.708,
0.734,0.714,0.903,0.679,
0.656,0.619,1,0.571,
0.636,0.597,1,0.554,
0.662,0.626,1,0.554,
0.674,0.646,1,0.577,
0.765,0.768,0.876,0.683,
0.753,0.732,1,0.68,
0.691,0.659,1,0.609,
0.705,0.686,0.989,0.6,
0.73,0.713,0.927,0.658,
0.704,0.673,1,0.618,
0.662,0.624,1,0.595,
0.684,0.657,0.974,0.612,
0.808,0.817,0.889,0.735,
0.699,0.665,1,0.624,
0.636,0.591,1,0.569,
0.708,0.673,1,0.632,
0.684,0.653,1,0.608,
0.683,0.677,0.827,0.621,
0.756,0.752,0.922,0.667,
0.637,0.607,1,0.55,
0.713,0.691,0.951,0.649,
0.734,0.719,0.934,0.677,
0.681,0.648,1,0.593,
0.643,0.609,0.94,0.55,
0.677,0.644,0.977,0.61,
0.747,0.73,0.989,0.664,
0.685,0.663,0.872,0.621,
0.698,0.67,1,0.623,
0.633,0.603,1,0.529,
0.735,0.714,0.929,0.665,
0.7,0.669,1,0.599,
0.651,0.62,1,0.554,
0.711,0.69,0.86,0.658,
0.567,0.528,0.935,0.452,
0.679,0.645,1,0.598,
0.81,0.796,0.948,0.732,
0.591,0.54,1,0.493,
0.674,0.64,1,0.585,
0.698,0.669,1,0.631,
0.789,0.799,0.895,0.716,
0.639,0.595,1,0.579,
0.619,0.567,1,0.538,
0.736,0.701,0.936,0.687,
0.722,0.71,0.837,0.652,
0.588,0.551,0.997,0.478,
0.668,0.629,0.988,0.594,
0.679,0.651,1,0.602,
0.625,0.599,1,0.501,
0.676,0.643,1,0.602,
0.646,0.615,1,0.529,
0.732,0.706,0.998,0.649,
0.662,0.619,1,0.584,
0.782,0.776,0.91,0.73,
0.585,0.54,0.924,0.514,
0.662,0.619,1,0.606,
0.673,0.659,0.815,0.646,
0.691,0.677,0.903,0.599,
0.66,0.624,1,0.57,
0.706,0.679,1,0.629,
0.711,0.679,1,0.629,
0.553,0.502,1,0.45,
0.728,0.698,1,0.663,
0.668,0.648,0.812,0.606,
0.769,0.736,1,0.684,
0.63,0.618,0.807,0.556,
0.61,0.592,0.868,0.519,
0.688,0.657,0.993,0.606,
0.619,0.585,1,0.528,
0.629,0.588,1,0.555,
0.695,0.679,0.836,0.601,
0.725,0.712,0.819,0.675,
0.615,0.587,1,0.521,
0.675,0.645,1,0.558,
0.794,0.774,0.898,0.743,
0.633,0.597,1,0.546,
0.708,0.685,1,0.631,
0.68,0.656,0.988,0.592,
0.718,0.695,0.921,0.64,
0.663,0.637,1,0.558,
0.683,0.652,1,0.587,
0.64,0.617,1,0.567,
0.666,0.63,1,0.58,
0.759,0.744,1,0.695,
0.722,0.712,0.947,0.537,
0.74,0.726,1,0.673,
0.685,0.651,1,0.615,
0.663,0.631,0.876,0.581,
0.68,0.663,0.922,0.608,
0.625,0.581,1,0.562,
0.704,0.67,1,0.641,
0.723,0.709,0.871,0.673,
0.655,0.627,1,0.563,
0.667,0.633,1,0.561,
0.701,0.681,0.875,0.633,
0.732,0.711,0.955,0.66,
0.691,0.661,1,0.611,
0.672,0.633,1,0.565,
0.631,0.591,1,0.575,
0.679,0.651,1,0.6,
0.667,0.645,0.86,0.59,
0.663,0.641,0.822,0.586,
0.653,0.623,1,0.578,
0.643,0.603,1,0.546,
0.642,0.619,0.986,0.535,
0.564,0.518,1,0.485,
0.605,0.556,1,0.497,
0.644,0.607,1,0.581,
0.639,0.596,1,0.551,
0.702,0.69,0.943,0.637,
0.549,0.504,1,0.459,
0.657,0.625,1,0.56,
0.688,0.65,0.999,0.609,
0.591,0.552,0.886,0.519,
0.672,0.651,0.899,0.573,
0.624,0.587,1,0.562,
0.676,0.641,0.984,0.601,
0.62,0.567,1,0.54,
0.698,0.685,0.855,0.624,
0.577,0.532,1,0.489,
0.672,0.642,1,0.582,
0.72,0.698,1,0.583,
0.567,0.516,1,0.48,
0.629,0.599,1,0.527,
0.671,0.639,1,0.583,
0.708,0.688,0.9,0.622,
0.699,0.667,0.99,0.623,
0.643,0.61,1,0.554,
0.654,0.615,1,0.561,
0.72,0.7,0.848,0.637,
0.617,0.587,1,0.528,
0.645,0.638,0.741,0.549,
0.722,0.696,1,0.622,
0.604,0.561,0.963,0.52,
0.631,0.593,0.968,0.511,
0.679,0.639,1,0.567,
0.624,0.588,0.974,0.517,
0.627,0.577,1,0.521,
0.618,0.578,1,0.516,
0.656,0.645,0.82,0.595,
0.654,0.625,1,0.554,
0.607,0.568,1,0.502,
0.724,0.711,1,0.636,
0.718,0.686,0.96,0.667,
0.603,0.565,1,0.516,
0.606,0.561,1,0.505,
0.652,0.607,1,0.574,
0.634,0.595,1,0.528,
0.662,0.655,0.793,0.569,
0.591,0.546,0.999,0.516,
0.625,0.579,1,0.527,
0.762,0.732,0.955,0.679,
0.767,0.748,0.988,0.681,
0.705,0.671,0.985,0.633,
0.662,0.618,1,0.567,
0.633,0.591,1,0.551,
0.667,0.648,0.747,0.628,
0.585,0.546,1,0.493,
0.662,0.619,1,0.586,
0.75,0.736,0.86,0.706,
0.584,0.528,1,0.501,
0.614,0.585,0.949,0.514,
0.73,0.711,0.995,0.631,
0.609,0.567,1,0.535,
0.62,0.588,1,0.519,
0.742,0.716,1,0.643,
0.564,0.51,1,0.467,
0.587,0.545,1,0.481,
0.671,0.628,1,0.569,
0.613,0.584,0.883,0.537,
0.742,0.722,0.99,0.653,
0.597,0.555,1,0.53,
0.622,0.571,1,0.54,
0.593,0.546,1,0.498,
0.63,0.593,1,0.54,
0.571,0.522,1,0.455,
0.69,0.672,0.995,0.601,
0.702,0.67,0.951,0.624,
0.61,0.577,0.932,0.53,
0.646,0.625,0.871,0.578,
0.652,0.62,1,0.561,
0.697,0.668,1,0.603,
0.691,0.672,0.927,0.561,
0.685,0.655,0.907,0.615,
0.667,0.637,1,0.584,
0.637,0.621,1,0.528,
0.721,0.709,0.914,0.653,
0.548,0.499,1,0.43,
0.59,0.539,1,0.494,
0.649,0.615,1,0.566,
0.631,0.623,0.807,0.552,
0.616,0.557,1,0.538,
0.646,0.624,0.988,0.559,
0.653,0.617,1,0.558,
0.629,0.585,1,0.555,
0.606,0.554,1,0.519,
0.656,0.627,0.893,0.602,
0.633,0.621,0.806,0.563,
0.578,0.536,1,0.467,
0.615,0.587,1,0.473,
0.678,0.659,0.863,0.637,
0.612,0.581,1,0.508,
0.647,0.616,1,0.541,
0.627,0.597,1,0.539,
0.762,0.736,0.993,0.655,
0.585,0.542,1,0.488,
0.602,0.542,1,0.517,
0.682,0.659,0.906,0.596,
0.724,0.714,0.879,0.631,
0.655,0.611,1,0.579,
0.559,0.516,1,0.473,
0.673,0.637,1,0.595,
0.663,0.622,1,0.586,
0.723,0.702,0.958,0.639,
0.645,0.621,0.91,0.568,
0.621,0.575,1,0.516,
0.625,0.588,1,0.532,
0.737,0.7,0.979,0.679,
0.621,0.575,1,0.494,
0.607,0.567,1,0.503,
0.72,0.706,0.98,0.636,
0.72,0.696,0.926,0.649,
0.595,0.542,1,0.479,
0.677,0.653,1,0.598,
0.605,0.558,0.998,0.528,
0.617,0.579,1,0.538,
0.661,0.627,1,0.578,
0.564,0.515,1,0.468,
0.583,0.53,1,0.48,
0.667,0.646,1,0.561,
0.631,0.602,1,0.552,
0.656,0.631,0.982,0.551,
0.644,0.61,1,0.546,
0.665,0.631,1,0.537,
0.714,0.695,0.908,0.631,
0.688,0.696,0.793,0.604,
0.696,0.677,1,0.598,
0.669,0.625,1,0.579,
0.603,0.551,1,0.53,
0.613,0.573,0.973,0.512,
0.552,0.5,1,0.455,
0.629,0.595,1,0.538,
0.647,0.609,1,0.553,
0.676,0.649,0.956,0.559,
0.753,0.718,0.986,0.688,
0.616,0.581,1,0.514,
0.662,0.631,1,0.561,
0.721,0.704,0.899,0.628,
0.73,0.704,1,0.653,
0.618,0.585,1,0.518,
0.674,0.647,0.939,0.584,
0.669,0.636,0.899,0.573,
0.653,0.613,1,0.555,
0.629,0.6,1,0.535,
0.638,0.599,1,0.562,
0.718,0.706,0.918,0.621,
0.712,0.703,0.936,0.615,
0.673,0.634,1,0.583,
0.591,0.541,1,0.496,
0.599,0.563,1,0.516,
0.565,0.51,1,0.441,
0.657,0.642,0.867,0.568,
0.593,0.556,1,0.454,
0.58,0.528,1,0.499,
0.587,0.543,1,0.504,
0.615,0.57,1,0.539,
0.642,0.623,0.892,0.563,
0.625,0.603,1,0.535,
0.602,0.56,1,0.522,
0.719,0.686,0.953,0.607,
0.593,0.542,1,0.504,
0.604,0.558,1,0.531,
0.656,0.651,0.84,0.559,
0.713,0.688,1,0.619,
0.666,0.64,0.901,0.566,
0.713,0.692,0.931,0.615,
0.667,0.623,1,0.587,
0.703,0.656,1,0.635,
0.671,0.659,0.933,0.572,
0.57,0.532,0.93,0.446,
0.669,0.643,0.955,0.573,
0.736,0.713,0.932,0.614,
0.611,0.569,1,0.53,
0.613,0.581,1,0.515,
0.697,0.675,1,0.584,
0.595,0.554,0.969,0.49,
0.716,0.698,1,0.626,
0.607,0.556,1,0.538,
0.609,0.565,1,0.523,
0.546,0.532,0.642,0.478,
0.642,0.604,1,0.54,
0.618,0.577,0.944,0.545,
0.678,0.652,0.964,0.561,
0.597,0.551,1,0.501,
0.612,0.565,1,0.52,
0.659,0.62,1,0.572,
0.567,0.534,1,0.449,
0.625,0.586,1,0.524,
0.615,0.574,1,0.527,
0.686,0.668,0.892,0.605,
0.75,0.733,0.94,0.671,
0.658,0.625,1,0.541,
0.585,0.544,0.999,0.486,
0.67,0.654,0.769,0.63,
0.649,0.631,0.848,0.544,
0.519,0.467,1,0.426,
0.616,0.571,1,0.519,
0.63,0.591,1,0.548,
0.654,0.624,1,0.569,
0.661,0.619,0.982,0.572,
0.638,0.618,0.953,0.548,
0.61,0.569,0.955,0.539,
0.7,0.659,1,0.592,
0.73,0.702,1,0.639,
0.638,0.603,1,0.544,
0.671,0.637,1,0.583,
0.745,0.733,0.936,0.673,
0.579,0.526,1,0.484,
0.631,0.587,1,0.547,
0.671,0.636,1,0.586,
0.726,0.704,0.978,0.653,
0.741,0.723,1,0.643,
0.681,0.645,0.955,0.612,
0.647,0.61,1,0.537,
0.586,0.538,0.97,0.463,
0.612,0.575,1,0.528,
0.654,0.607,0.972,0.57,
0.671,0.639,1,0.597,
0.616,0.573,1,0.518,
0.618,0.585,1,0.525,
0.749,0.74,0.978,0.66,
0.653,0.617,1,0.545,
0.61,0.567,1,0.508,
0.629,0.581,1,0.542,
0.727,0.704,1,0.616,
0.616,0.582,1,0.539,
0.591,0.546,1,0.498,
0.68,0.652,1,0.579,
0.628,0.583,1,0.554,
0.749,0.728,1,0.627,
0.572,0.524,1,0.471,
0.587,0.53,1,0.509,
0.672,0.637,1,0.544,
0.648,0.603,0.909,0.579,
0.654,0.631,0.917,0.569,
0.614,0.591,1,0.529,
0.604,0.562,1,0.492,
0.603,0.567,1,0.499,
0.624,0.587,1,0.534,
0.73,0.714,1,0.634,
0.652,0.629,0.901,0.576,
0.703,0.673,0.87,0.592,
0.544,0.488,1,0.439,
0.719,0.698,0.969,0.655,
0.602,0.548,1,0.51,
0.684,0.651,1,0.593,
0.686,0.643,0.992,0.587,
0.666,0.662,0.816,0.562,
0.64,0.593,1,0.539,
0.642,0.603,0.956,0.577,
0.634,0.608,1,0.535,
0.704,0.674,1,0.618,
0.592,0.548,1,0.503,
0.616,0.569,1,0.519,
0.66,0.632,0.886,0.575,
0.742,0.723,0.969,0.645,
0.586,0.558,1,0.466,
0.653,0.619,1,0.573,
0.659,0.616,1,0.573,
0.604,0.563,1,0.511,
0.634,0.607,0.817,0.577,
0.735,0.704,0.997,0.596,
0.556,0.507,1,0.465,
0.709,0.69,0.93,0.656,
0.653,0.619,0.958,0.57,
0.611,0.569,1,0.512,
0.609,0.587,1,0.503,
0.679,0.659,0.846,0.613,
0.683,0.675,0.846,0.594,
0.693,0.656,1,0.617,
0.631,0.593,1,0.534,
0.758,0.734,1,0.686,
0.613,0.565,1,0.538,
0.587,0.528,1,0.491,
0.682,0.64,0.97,0.607,
0.656,0.631,1,0.565,
0.611,0.578,1,0.527,
0.644,0.603,1,0.54,
0.641,0.609,1,0.515,
0.631,0.593,1,0.558,
0.634,0.597,1,0.537,
0.705,0.667,0.904,0.62,
0.6,0.567,1,0.499,
0.699,0.666,1,0.619,
0.676,0.647,0.888,0.579,
0.741,0.723,0.993,0.632,
0.636,0.615,0.899,0.553,
0.606,0.559,1,0.514,
0.715,0.674,1,0.627,
0.661,0.613,0.875,0.567,
0.655,0.611,0.963,0.539,
0.633,0.589,1,0.54,
0.6,0.556,1,0.522,
0.721,0.689,0.94,0.624,
0.722,0.715,0.898,0.65,
0.709,0.684,1,0.628,
0.633,0.601,1,0.498,
0.622,0.572,1,0.554,
0.645,0.622,0.812,0.559,
0.568,0.534,1,0.457,
0.603,0.569,1,0.525,
0.651,0.597,1,0.553,
0.694,0.692,0.901,0.612,
0.601,0.573,0.904,0.503,
0.648,0.619,1,0.517,
0.681,0.654,0.858,0.62,
0.642,0.615,0.879,0.555,
0.645,0.611,1,0.552,
0.569,0.529,0.991,0.452,
0.596,0.544,1,0.501,
0.664,0.625,0.936,0.598,
0.636,0.585,1,0.557,
0.707,0.685,0.949,0.607,
0.645,0.615,1,0.539,
0.627,0.593,1,0.541,
0.608,0.565,1,0.525,
0.666,0.657,0.812,0.582,
0.612,0.571,0.959,0.541,
0.651,0.614,1,0.568,
0.669,0.639,0.935,0.606,
0.657,0.615,1,0.543,
0.624,0.594,1,0.521,
0.591,0.547,1,0.503,
0.611,0.585,0.903,0.52,
0.708,0.676,1,0.593,
0.696,0.671,0.805,0.636,
0.697,0.669,1,0.634,
0.624,0.593,1,0.535,
0.75,0.74,0.949,0.677,
0.64,0.6,1,0.544,
0.629,0.601,1,0.542,
0.619,0.581,1,0.521,
0.7,0.693,0.851,0.613,
0.629,0.605,0.808,0.585,
0.647,0.61,1,0.543,
0.642,0.611,0.922,0.552,
0.647,0.617,0.848,0.585,
0.557,0.497,1,0.462,
0.694,0.66,1,0.619,
0.637,0.597,1,0.57,
0.668,0.639,0.962,0.595,
0.642,0.607,1,0.53,
0.646,0.631,0.851,0.572,
0.574,0.529,1,0.461,
0.63,0.587,1,0.536,
0.575,0.51,1,0.489,
0.642,0.601,1,0.55,
0.625,0.595,1,0.524,
0.608,0.562,1,0.505,
0.774,0.75,1,0.711,
0.654,0.633,0.918,0.547,
0.573,0.52,1,0.489,
0.684,0.657,0.996,0.606,
0.649,0.617,1,0.557,
0.768,0.73,0.99,0.677,
0.617,0.578,1,0.497,
0.714,0.691,1,0.618,
0.583,0.528,1,0.476,
0.618,0.572,1,0.549,
0.748,0.722,1,0.654,
0.557,0.512,1,0.46,
0.621,0.586,1,0.529,
0.622,0.609,0.821,0.545,
0.698,0.693,0.794,0.639,
0.68,0.655,1,0.55,
0.635,0.585,1,0.536,
0.648,0.606,0.977,0.567,
0.592,0.547,1,0.498,
0.667,0.631,1,0.595,
0.642,0.604,1,0.55,
0.735,0.714,0.984,0.645,
0.731,0.725,0.887,0.633,
0.698,0.664,1,0.619,
0.769,0.766,1,0.666,
0.722,0.698,0.947,0.658,
0.659,0.627,0.987,0.574,
0.774,0.772,0.916,0.685,
0.756,0.754,0.878,0.688,
0.684,0.66,1,0.604,
0.69,0.661,1,0.603,
0.669,0.649,0.943,0.586,
0.693,0.675,1,0.602,
0.607,0.573,1,0.507,
0.735,0.711,1,0.661,
0.711,0.697,0.947,0.596,
0.679,0.648,0.948,0.614,
0.623,0.591,1,0.523,
0.702,0.674,1,0.623,
0.62,0.576,1,0.529,
0.713,0.698,0.936,0.634,
0.721,0.712,0.789,0.681,
0.709,0.678,0.972,0.633,
0.632,0.595,1,0.531,
0.694,0.656,1,0.631,
0.623,0.583,1,0.539,
0.645,0.61,0.942,0.574,
0.648,0.61,1,0.58,
0.73,0.7,1,0.658,
0.747,0.724,0.922,0.69,
0.659,0.631,1,0.579,
0.685,0.655,1,0.6,
0.751,0.75,0.865,0.688,
0.637,0.595,1,0.543,
0.652,0.614,1,0.574,
0.738,0.707,0.917,0.678,
0.588,0.549,1,0.492,
0.714,0.689,0.998,0.652,
0.605,0.571,0.993,0.502,
0.667,0.656,0.883,0.558,
0.588,0.538,1,0.508,
0.614,0.563,1,0.521,
0.715,0.7,0.882,0.66,
0.624,0.587,1,0.529,
0.69,0.657,1,0.616,
0.601,0.569,0.935,0.521,
0.733,0.712,0.986,0.635,
0.626,0.567,1,0.526,
0.6,0.564,1,0.505,
0.643,0.605,1,0.573,
0.744,0.722,0.954,0.659,
0.687,0.671,0.81,0.624,
0.589,0.551,0.966,0.49,
0.619,0.589,1,0.531,
0.726,0.698,0.924,0.653,
0.737,0.725,0.841,0.691,
0.679,0.65,1,0.585,
0.625,0.585,1,0.527,
0.635,0.611,1,0.533,
0.736,0.695,0.953,0.652,
0.685,0.653,1,0.592,
0.707,0.669,1,0.651,
0.601,0.564,1,0.49,
0.626,0.594,1,0.541,
0.672,0.637,1,0.567,
0.59,0.552,1,0.499,
0.729,0.718,0.925,0.632,
0.65,0.618,1,0.549,
0.614,0.568,1,0.521,
0.781,0.77,0.959,0.705,
0.607,0.564,0.988,0.53,
0.642,0.597,1,0.551,
0.649,0.605,0.913,0.547,
0.75,0.73,0.991,0.64,
0.589,0.546,1,0.471,
0.701,0.663,1,0.635,
0.681,0.655,1,0.556,
0.702,0.673,0.906,0.642,
0.513,0.456,1,0.39,
0.608,0.558,1,0.534,
0.706,0.699,0.979,0.599,
0.579,0.544,0.989,0.484,
0.665,0.642,0.989,0.544,


0.502,0.438,1,0.414,
0.568,0.512,1,0.512,
0.56,0.507,0.944,0.496,
0.464,0.405,0.953,0.368,
0.518,0.45,1,0.448,
0.541,0.483,0.952,0.466,
0.492,0.446,0.859,0.429,
0.455,0.376,1,0.373,
0.454,0.384,0.934,0.378,
0.492,0.422,1,0.414,
0.52,0.462,0.929,0.446,
0.516,0.484,0.902,0.438,
0.496,0.436,0.909,0.416,
0.486,0.409,1,0.399,
0.489,0.426,1,0.402,
0.546,0.476,0.999,0.475,
0.494,0.429,0.95,0.429,
0.488,0.421,1,0.414,
0.568,0.527,0.928,0.512,
0.531,0.477,0.895,0.464,
0.47,0.401,0.971,0.392,
0.468,0.386,1,0.369,
0.499,0.442,0.908,0.442,
0.409,0.339,0.893,0.336,
0.474,0.402,1,0.4,
0.488,0.428,0.976,0.365,
0.418,0.364,0.775,0.364,
0.475,0.409,1,0.409,
0.603,0.554,1,0.519,
0.451,0.361,0.954,0.354,
0.4,0.32,1,0.318,
0.461,0.392,1,0.389,
0.547,0.497,0.91,0.486,
0.529,0.465,1,0.458,
0.481,0.413,0.964,0.401,
0.542,0.491,0.924,0.477,
0.495,0.44,0.899,0.431,
0.548,0.48,0.985,0.477,
0.533,0.474,1,0.471,
0.531,0.475,0.936,0.475,
0.546,0.499,0.942,0.473,
0.531,0.495,0.891,0.426,
0.492,0.428,0.873,0.425,
0.516,0.458,0.938,0.446,
0.47,0.398,1,0.398,
0.489,0.421,0.898,0.42,
0.511,0.466,0.862,0.446,
0.464,0.398,0.941,0.396,
0.516,0.464,0.899,0.462,
0.58,0.528,1,0.496,
0.502,0.448,0.932,0.444,
0.501,0.44,1,0.439,
0.504,0.442,0.936,0.42,
0.438,0.381,0.846,0.362,
0.504,0.43,1,0.424,
0.561,0.508,1,0.491,
0.462,0.405,0.922,0.393,
0.412,0.334,1,0.331,
0.489,0.422,1,0.401,
0.454,0.385,0.954,0.38,
0.448,0.379,0.927,0.377,
0.491,0.434,1,0.416,
0.471,0.395,1,0.393,
0.506,0.448,0.9,0.446,
0.451,0.391,0.859,0.387,
0.528,0.463,1,0.46,
0.569,0.505,1,0.503,
0.587,0.52,1,0.508,
0.512,0.463,0.997,0.417,
0.518,0.45,1,0.448,
0.49,0.423,1,0.422,
0.5,0.449,0.854,0.43,
0.563,0.495,0.985,0.492,
0.467,0.394,0.988,0.387,
0.481,0.423,1,0.371,
0.493,0.438,0.887,0.423,
0.498,0.451,0.932,0.392,
0.518,0.457,1,0.456,
0.485,0.415,1,0.41,
0.543,0.478,1,0.477,
0.526,0.477,0.818,0.471,
0.484,0.413,1,0.413,
0.528,0.471,1,0.457,
0.551,0.484,1,0.472,
0.48,0.418,0.917,0.395,
0.487,0.431,0.969,0.394,
0.447,0.391,1,0.332,
0.496,0.449,0.908,0.412,
0.491,0.423,1,0.422,
0.47,0.401,1,0.381,
0.484,0.413,1,0.389,
0.468,0.416,0.883,0.38,
0.483,0.413,1,0.411,
0.544,0.482,0.949,0.48,
0.518,0.469,0.892,0.438,
0.534,0.467,1,0.461,
0.534,0.483,0.886,0.475,
0.596,0.562,0.923,0.529,
0.531,0.457,0.983,0.449,
0.479,0.404,1,0.403,
0.552,0.497,1,0.493,
0.528,0.489,0.84,0.472,
0.513,0.439,1,0.433,
0.492,0.42,1,0.418,
0.493,0.433,0.9,0.429,
0.574,0.533,1,0.485,
0.501,0.431,0.964,0.429,
0.506,0.453,0.929,0.427,
0.386,0.324,0.844,0.323,
0.498,0.43,1,0.4,
0.479,0.42,0.908,0.402,
0.482,0.414,0.945,0.413,
0.411,0.32,1,0.319,
0.498,0.435,0.939,0.424,
0.513,0.455,0.999,0.424,
0.446,0.378,0.905,0.373,
0.506,0.454,1,0.431,
0.534,0.472,1,0.447,
0.52,0.484,0.854,0.453,
0.541,0.474,0.987,0.474,
0.407,0.333,0.886,0.332,
0.489,0.435,0.87,0.433,
0.421,0.344,0.958,0.343,
0.515,0.45,1,0.441,
0.509,0.462,0.855,0.434,
0.501,0.444,0.895,0.422,
0.38,0.299,1,0.298,
0.578,0.522,1,0.521,
0.549,0.482,0.986,0.48,
0.439,0.373,0.861,0.357,
0.517,0.46,0.945,0.456,
0.584,0.532,0.977,0.499,
0.518,0.465,0.968,0.444,
0.472,0.405,1,0.404,
0.477,0.407,1,0.399,
0.458,0.387,1,0.382,
0.54,0.495,0.87,0.495,
0.538,0.475,0.974,0.469,
0.5,0.432,0.994,0.421,
0.455,0.385,1,0.38,
0.498,0.431,0.939,0.408,
0.494,0.432,0.939,0.432,
0.444,0.388,0.915,0.366,
0.435,0.36,1,0.36,
0.467,0.401,0.913,0.39,
0.565,0.522,0.954,0.503,
0.465,0.392,0.901,0.385,
0.529,0.462,1,0.461,
0.467,0.419,0.833,0.402,
0.514,0.46,0.958,0.423,
0.382,0.299,1,0.299,
0.547,0.496,1,0.482,
0.444,0.376,1,0.373,
0.437,0.362,1,0.361,
0.547,0.492,1,0.492,
0.581,0.522,1,0.521,
0.488,0.416,0.963,0.406,
0.564,0.509,1,0.492,
0.5,0.453,0.887,0.439,
0.533,0.473,1,0.455,
0.531,0.469,1,0.454,
0.458,0.382,1,0.377,
0.539,0.476,1,0.46,
0.534,0.486,0.883,0.48,
0.443,0.367,1,0.364,
0.509,0.43,0.949,0.416,
0.459,0.4,0.92,0.399,
0.491,0.417,1,0.416,
0.453,0.399,0.859,0.385,
0.448,0.378,0.866,0.375,
0.526,0.468,1,0.445,
0.521,0.465,0.81,0.443,
0.453,0.391,0.974,0.365,
0.459,0.391,1,0.39,
0.513,0.449,1,0.448,
0.523,0.468,0.873,0.467,
0.478,0.405,1,0.403,
0.429,0.359,0.947,0.339,
0.532,0.472,1,0.471,
0.483,0.428,0.898,0.419,
0.428,0.36,0.923,0.347,
0.533,0.482,0.935,0.481,
0.485,0.421,0.958,0.405,
0.417,0.344,0.879,0.33,
0.429,0.348,1,0.343,
0.524,0.456,0.977,0.451,
0.507,0.444,0.938,0.441,
0.442,0.365,1,0.364,
0.56,0.499,0.942,0.488,
0.555,0.489,0.997,0.482,
0.44,0.375,0.918,0.361,
0.405,0.323,1,0.321,
0.439,0.372,0.949,0.372,
0.474,0.414,0.9,0.383,
0.521,0.469,0.956,0.445,
0.531,0.47,1,0.468,
0.501,0.427,1,0.419,
0.525,0.474,0.927,0.436,
0.406,0.348,0.826,0.339,
0.571,0.512,1,0.509,
0.436,0.368,0.91,0.365,
0.571,0.522,1,0.481,
0.524,0.474,0.903,0.438,
0.535,0.483,1,0.422,
0.503,0.44,1,0.439,
0.524,0.471,0.886,0.468,
0.517,0.449,0.954,0.424,
0.508,0.446,0.952,0.439,
0.489,0.426,1,0.381,
0.477,0.422,0.874,0.413,
0.52,0.469,0.901,0.461,
0.488,0.426,1,0.414,
0.556,0.496,1,0.495,
0.57,0.534,0.897,0.515,
0.487,0.417,0.892,0.414,
0.484,0.423,0.912,0.415,
0.486,0.407,0.961,0.406,
0.561,0.511,1,0.504,
0.543,0.488,0.978,0.476,
0.532,0.479,1,0.449,
0.505,0.438,0.999,0.431,
0.43,0.36,0.921,0.36,
0.493,0.43,1,0.409,
0.49,0.436,0.852,0.427,
0.526,0.474,0.939,0.452,
0.522,0.456,1,0.452,
0.529,0.481,0.916,0.459,
0.51,0.451,0.981,0.424,
0.496,0.429,0.996,0.404,
0.436,0.365,1,0.365,
0.46,0.387,1,0.386,
0.564,0.512,0.968,0.475,
0.585,0.534,0.973,0.52,
0.378,0.305,0.86,0.304,
0.521,0.468,0.919,0.439,
0.503,0.456,0.852,0.448,
0.55,0.491,0.939,0.481,
0.482,0.408,1,0.406,
0.545,0.486,0.964,0.465,
0.54,0.472,1,0.466,
0.554,0.511,0.929,0.478,
0.528,0.462,1,0.419,
0.481,0.404,1,0.401,
0.542,0.48,1,0.465,
0.437,0.369,0.893,0.358,
0.467,0.4,0.933,0.396,
0.541,0.493,0.965,0.455,
0.474,0.433,0.896,0.389,
0.432,0.359,1,0.359,
0.472,0.404,1,0.391,
0.441,0.36,0.965,0.36,
0.495,0.431,0.924,0.415,
0.491,0.423,1,0.421,
0.474,0.398,1,0.386,
0.521,0.462,0.914,0.46,
0.496,0.436,0.936,0.435,
0.495,0.43,1,0.403,
0.436,0.37,1,0.349,
0.506,0.461,0.863,0.434,
0.478,0.411,0.914,0.41,
0.466,0.397,0.972,0.39,
0.454,0.394,0.864,0.377,
0.411,0.349,0.833,0.349,
0.499,0.437,1,0.423,
0.509,0.439,1,0.429,
0.514,0.447,1,0.445,
0.537,0.475,0.931,0.472,
0.503,0.446,0.921,0.432,
0.567,0.499,0.965,0.495,
0.411,0.341,0.909,0.338,
0.503,0.456,0.875,0.445,
0.479,0.417,0.947,0.414,
0.4,0.319,1,0.317,
0.45,0.378,1,0.377,
0.538,0.477,0.94,0.473,
0.565,0.51,0.996,0.488,
0.463,0.404,0.862,0.403,
0.463,0.392,1,0.387,
0.517,0.458,0.926,0.443,
0.496,0.435,0.98,0.414,
0.515,0.471,0.974,0.411,
0.558,0.493,1,0.484,
0.477,0.416,1,0.393,
0.466,0.388,1,0.386,
0.542,0.504,0.868,0.48,
0.445,0.381,0.916,0.365,
0.492,0.419,0.97,0.418,
0.525,0.473,1,0.444,
0.505,0.442,0.95,0.44,
0.556,0.489,0.968,0.487,
0.431,0.353,1,0.352,
0.523,0.463,1,0.461,
0.545,0.495,0.992,0.459,
0.459,0.386,0.908,0.372,
0.446,0.367,1,0.365,
0.542,0.487,0.936,0.472,
0.485,0.413,1,0.411,
0.532,0.47,0.923,0.458,
0.451,0.397,0.955,0.339,
0.471,0.402,0.944,0.395,
0.571,0.52,1,0.508,
0.544,0.499,0.861,0.493,
0.517,0.464,0.897,0.461,
0.444,0.389,0.94,0.369,
0.543,0.485,0.942,0.476,
0.534,0.488,0.921,0.45,
0.492,0.412,0.982,0.394,
0.519,0.458,0.927,0.456,
0.505,0.447,1,0.422,
0.566,0.502,0.983,0.498,
0.5,0.449,0.924,0.41,
0.471,0.404,1,0.403,
0.485,0.416,0.997,0.384,
0.446,0.37,1,0.368,
0.502,0.443,1,0.416,
0.515,0.465,0.881,0.461,
0.538,0.477,0.962,0.455,
0.514,0.462,0.924,0.457,
0.512,0.458,0.925,0.433,
0.493,0.426,0.913,0.42,
0.498,0.437,0.933,0.429,
0.497,0.437,1,0.413,
0.526,0.462,1,0.451,
0.505,0.434,1,0.407,
0.491,0.412,0.967,0.399,
0.492,0.435,0.952,0.418,
0.493,0.419,1,0.419,
0.578,0.518,0.995,0.516,
0.472,0.411,0.917,0.408,
0.5,0.429,0.983,0.429,
0.463,0.397,0.915,0.395,
0.461,0.383,1,0.377,
0.556,0.504,0.959,0.486,
0.449,0.376,1,0.375,
0.485,0.414,1,0.391,
0.458,0.388,1,0.386,
0.436,0.359,0.961,0.329,
0.436,0.368,0.93,0.364,
0.445,0.367,1,0.361,
0.526,0.466,0.957,0.465,
0.489,0.422,0.937,0.421,
0.423,0.342,1,0.34,
0.48,0.416,1,0.409,
0.44,0.368,0.925,0.361,
0.465,0.386,1,0.383,
0.571,0.506,1,0.505,
0.527,0.483,0.854,0.479,
0.472,0.405,1,0.404,
0.52,0.457,1,0.456,
0.493,0.446,0.827,0.444,
0.466,0.407,0.877,0.402,
0.517,0.45,1,0.441,
0.545,0.498,0.994,0.45,
0.502,0.425,1,0.413,
0.414,0.336,0.888,0.333,
0.447,0.385,1,0.356,
0.55,0.485,1,0.474,
0.513,0.449,0.974,0.428,
0.531,0.485,0.892,0.469,
0.481,0.401,1,0.385,
0.498,0.453,0.897,0.417,
0.435,0.366,1,0.364,
0.512,0.452,0.918,0.449,
0.444,0.383,0.88,0.373,
0.504,0.441,1,0.439,
0.43,0.354,1,0.354,
0.544,0.499,0.934,0.475,
0.415,0.341,0.9,0.34,
0.452,0.389,0.903,0.386,
0.446,0.371,0.96,0.367,
0.537,0.457,0.994,0.455,
0.507,0.451,0.92,0.438,
0.494,0.426,1,0.411,
0.505,0.44,1,0.439,
0.458,0.392,0.928,0.365,
0.466,0.389,0.9,0.386,
0.546,0.503,0.902,0.469,
0.495,0.43,0.944,0.425,
0.511,0.461,1,0.426,
0.508,0.457,0.982,0.429,
0.532,0.472,0.959,0.451,
0.464,0.41,0.928,0.389,
0.429,0.361,1,0.326,
0.495,0.441,0.924,0.419,
0.489,0.433,0.925,0.403,
0.416,0.348,0.88,0.347,
0.442,0.369,1,0.367,
0.452,0.387,1,0.369,
0.584,0.529,0.969,0.521,
0.469,0.408,0.873,0.408,
0.48,0.407,1,0.406,
0.551,0.499,0.949,0.481,
0.562,0.516,0.921,0.485,
0.473,0.414,0.928,0.382,
0.391,0.324,0.872,0.324,
0.454,0.382,0.95,0.378,
0.52,0.463,0.889,0.462,
0.504,0.45,0.941,0.42,
0.478,0.435,0.85,0.41,
0.461,0.389,1,0.388,
0.554,0.507,0.94,0.488,
0.497,0.43,0.98,0.408,
0.43,0.349,1,0.347,
0.495,0.419,1,0.418,
0.512,0.451,0.93,0.448,
0.48,0.409,0.935,0.407,
0.469,0.399,0.949,0.398,
0.412,0.334,1,0.333,
0.468,0.39,0.975,0.389,
0.525,0.471,1,0.449,
0.518,0.466,0.936,0.437,
0.508,0.457,0.863,0.448,
0.401,0.332,0.936,0.305,
0.48,0.406,1,0.401,
0.457,0.386,0.919,0.384,
0.462,0.421,0.798,0.398,
0.449,0.387,0.948,0.382,
0.505,0.449,0.934,0.432,
0.509,0.448,0.997,0.418,
0.531,0.466,0.994,0.45,
0.441,0.387,0.854,0.358,
0.497,0.433,1,0.432,
0.559,0.498,1,0.486,
0.431,0.365,0.891,0.348,
0.494,0.434,0.975,0.398,
0.502,0.435,0.969,0.435,
0.459,0.391,1,0.372,
0.476,0.408,0.962,0.392,
0.537,0.483,0.973,0.459,
0.514,0.439,0.939,0.423,
0.468,0.403,1,0.394,
0.538,0.463,1,0.457,
0.482,0.424,0.951,0.401,
0.424,0.348,1,0.348,
0.524,0.475,0.857,0.473,
0.496,0.443,0.95,0.412,
0.486,0.422,0.96,0.422,
0.454,0.38,1,0.378,
0.555,0.523,1,0.452,
0.535,0.477,0.943,0.468,
0.529,0.474,0.91,0.466,
0.56,0.508,0.882,0.498,
0.566,0.505,0.996,0.484,
0.486,0.421,1,0.411,
0.474,0.417,0.934,0.414,
0.463,0.377,0.937,0.369,
0.515,0.452,1,0.406,
0.47,0.397,1,0.39,
0.569,0.524,0.987,0.503,
0.534,0.457,0.98,0.453,
0.516,0.457,1,0.44,
0.547,0.495,1,0.475,
0.539,0.483,0.973,0.48,
0.435,0.365,0.914,0.362,
0.485,0.419,0.908,0.418,
0.454,0.405,0.778,0.404,
0.518,0.449,1,0.448,
0.456,0.38,1,0.379,
0.47,0.407,0.925,0.393,
0.516,0.455,1,0.412,
0.491,0.417,1,0.405,
0.531,0.466,0.998,0.458,
0.544,0.479,1,0.471,
0.523,0.45,1,0.443,
0.562,0.503,1,0.499,
0.532,0.478,1,0.427,
0.487,0.427,0.948,0.412,
0.439,0.392,0.834,0.37,
0.45,0.376,1,0.358,
0.554,0.495,0.978,0.481,
0.462,0.408,0.901,0.39,
0.432,0.353,1,0.353,
0.562,0.498,1,0.497,
0.446,0.373,0.901,0.37,
0.514,0.445,1,0.434,
0.486,0.438,0.838,0.437,
0.53,0.49,0.9,0.469,
0.451,0.387,0.922,0.378,
0.498,0.433,1,0.433,
0.565,0.506,0.951,0.5,
0.538,0.477,0.947,0.474,
0.459,0.409,1,0.339,
0.437,0.369,1,0.345,
0.588,0.535,1,0.523,
0.473,0.41,1,0.375,
0.472,0.401,0.92,0.4,
0.57,0.522,0.924,0.508,
0.565,0.523,0.911,0.507,
0.519,0.454,0.967,0.452,
0.495,0.425,1,0.409,
0.454,0.38,0.95,0.368,
0.431,0.348,1,0.348,
0.577,0.515,1,0.505,
0.472,0.412,0.933,0.39,
0.444,0.364,1,0.361,
0.505,0.43,1,0.428,
0.55,0.489,0.976,0.489,
0.446,0.369,0.96,0.351,
0.517,0.46,0.98,0.421,
0.463,0.411,0.873,0.397,
0.524,0.466,0.963,0.439,
0.405,0.322,1,0.299,
0.498,0.449,0.947,0.426,
0.503,0.436,1,0.43,
0.42,0.344,1,0.343,
0.545,0.482,1,0.467,
0.542,0.489,0.936,0.477,
0.534,0.466,0.971,0.462,
0.507,0.45,1,0.435,
0.468,0.395,1,0.393,
0.52,0.471,0.826,0.469,
0.456,0.384,0.943,0.383,
0.578,0.522,1,0.512,
0.528,0.49,0.823,0.485,
0.465,0.408,0.929,0.386,
0.512,0.442,1,0.428,
0.525,0.463,1,0.458,
0.514,0.46,0.881,0.454,
0.561,0.5,0.962,0.484,
0.5,0.44,0.9,0.431,
0.492,0.444,0.929,0.418,
0.557,0.512,0.944,0.504,
0.55,0.486,1,0.485,
0.557,0.492,0.997,0.488,
0.531,0.483,0.911,0.461,
0.383,0.298,1,0.298,
0.494,0.444,1,0.388,
0.537,0.457,0.999,0.452,
0.454,0.408,0.828,0.382,
0.457,0.39,1,0.375,
0.496,0.433,0.918,0.426,
0.482,0.421,0.903,0.421,
0.479,0.409,1,0.405,
0.411,0.331,1,0.33,
0.567,0.512,0.922,0.49,
0.479,0.416,0.919,0.403,
0.432,0.368,0.905,0.368,
0.471,0.398,0.966,0.392,
0.419,0.344,1,0.344,
0.492,0.423,1,0.422,
0.474,0.409,0.907,0.408,
0.442,0.388,0.937,0.353,
0.43,0.35,1,0.345,
0.459,0.397,0.895,0.397,
0.405,0.34,0.913,0.32,
0.423,0.353,0.937,0.353,
0.417,0.35,0.906,0.35,
0.488,0.422,1,0.416,
0.43,0.366,0.866,0.366,
0.474,0.404,0.983,0.388,
0.459,0.381,1,0.379,
0.492,0.423,1,0.422,
0.427,0.354,1,0.353,
0.402,0.329,0.952,0.329,
0.475,0.394,1,0.392,
0.437,0.361,0.98,0.36,
0.416,0.341,1,0.339,
0.491,0.421,0.932,0.42,
0.459,0.398,0.95,0.397,
0.493,0.435,0.973,0.425,
0.49,0.42,0.991,0.42,
0.439,0.359,0.972,0.359,
0.486,0.422,0.973,0.418,
0.38,0.299,1,0.299,
0.481,0.413,1,0.413,
0.413,0.344,0.923,0.344,
0.479,0.405,0.957,0.404,
0.45,0.374,1,0.374,
0.407,0.345,0.88,0.338,
0.365,0.281,1,0.281,
0.492,0.437,0.951,0.437,
0.499,0.428,1,0.427,
0.455,0.392,1,0.366,
0.389,0.314,0.957,0.314,
0.463,0.395,1,0.371,
0.491,0.426,0.953,0.419,
0.405,0.335,0.92,0.334,
0.378,0.294,1,0.292,
0.473,0.409,0.913,0.409,
0.397,0.326,0.923,0.326,
0.42,0.351,0.959,0.329,
0.445,0.37,1,0.37,
0.419,0.343,0.922,0.342,
0.498,0.421,0.924,0.418,
0.501,0.429,0.979,0.428,
0.421,0.359,0.907,0.349,
0.4,0.311,1,0.311,
0.534,0.466,1,0.465,
0.429,0.357,0.913,0.357,
0.491,0.427,1,0.405,
0.464,0.395,1,0.394,
0.467,0.391,1,0.389,
0.428,0.345,0.971,0.341,
0.424,0.353,0.938,0.353,
0.408,0.326,1,0.324,
0.454,0.385,0.942,0.384,
0.449,0.373,0.947,0.362,
0.446,0.378,1,0.376,
0.457,0.404,0.839,0.403,
0.474,0.4,1,0.389,
0.483,0.407,1,0.403,
0.474,0.412,0.885,0.412,
0.4,0.33,0.918,0.33,
0.471,0.397,0.997,0.395,
0.508,0.434,0.972,0.421,
0.428,0.368,0.866,0.368,
0.491,0.41,0.986,0.409,
0.458,0.387,1,0.386,
0.54,0.474,1,0.474,
0.399,0.335,0.931,0.305,
0.445,0.375,0.934,0.375,
0.449,0.376,0.97,0.376,
0.476,0.41,0.929,0.409,
0.481,0.411,0.975,0.411,
0.477,0.405,1,0.396,
0.426,0.35,1,0.349,
0.439,0.359,1,0.339,
0.443,0.369,1,0.369,
0.477,0.408,0.941,0.408,
0.458,0.397,0.95,0.376,
0.507,0.438,1,0.436,
0.406,0.328,1,0.327,
0.455,0.388,0.948,0.387,
0.443,0.374,0.939,0.374,
0.421,0.344,1,0.343,
0.491,0.42,0.897,0.415,
0.419,0.353,0.873,0.352,
0.442,0.377,0.9,0.376,
0.445,0.375,1,0.375,
0.477,0.411,0.952,0.411,
0.49,0.417,1,0.417,
0.449,0.387,0.91,0.387,
0.463,0.396,0.918,0.395,
0.421,0.359,0.898,0.352,
0.37,0.287,1,0.286,
0.44,0.362,1,0.361,
0.439,0.366,0.939,0.366,
0.433,0.356,0.948,0.356,
0.393,0.313,1,0.312,
0.436,0.371,0.894,0.369,
0.418,0.347,0.927,0.347,
0.399,0.332,0.905,0.331,
0.485,0.417,1,0.417,
0.433,0.364,0.893,0.362,
0.449,0.368,0.952,0.366,
0.395,0.316,1,0.316,
0.429,0.35,1,0.35,
0.49,0.419,0.997,0.414,
0.435,0.365,0.94,0.365,
0.497,0.434,0.921,0.434,
0.417,0.337,0.972,0.336,
0.458,0.386,1,0.385,
0.495,0.425,1,0.419,
0.436,0.361,0.968,0.361,
0.433,0.365,0.932,0.365,
0.451,0.377,1,0.376,
0.474,0.403,0.958,0.397,
0.425,0.361,0.875,0.357,
0.435,0.37,1,0.364,
0.374,0.294,1,0.294,
0.443,0.381,0.922,0.357,
0.468,0.397,0.962,0.395,
0.431,0.357,1,0.357,
0.492,0.427,0.938,0.427,
0.42,0.349,0.954,0.345,
0.44,0.371,0.964,0.363,
0.478,0.408,0.931,0.408,
0.47,0.407,0.893,0.402,
0.403,0.338,0.87,0.338,
0.408,0.328,1,0.327,
0.48,0.411,0.97,0.408,
0.445,0.38,0.92,0.377,
0.461,0.383,1,0.381,
0.442,0.369,1,0.354,
0.51,0.449,0.964,0.439,
0.401,0.329,0.91,0.328,
0.41,0.34,0.91,0.339,
0.48,0.399,1,0.396,
0.516,0.469,0.967,0.42,
0.399,0.324,0.926,0.315,
0.4,0.319,0.995,0.313,
0.446,0.372,1,0.369,
0.386,0.303,1,0.303,
0.47,0.409,0.88,0.407,
0.441,0.371,0.923,0.371,
0.442,0.37,1,0.366,
0.471,0.397,0.984,0.395,
0.512,0.443,0.976,0.44,
0.525,0.449,1,0.448,
0.472,0.401,1,0.398,
0.459,0.396,0.902,0.394,
0.436,0.374,0.881,0.374,
0.433,0.373,0.883,0.34,
0.408,0.329,1,0.327,
0.459,0.388,1,0.388,
0.452,0.373,0.985,0.369,
0.493,0.419,0.976,0.418,
0.496,0.438,0.948,0.414,
0.425,0.358,0.884,0.358,
0.417,0.337,1,0.335,
0.443,0.379,0.911,0.378,
0.443,0.373,0.898,0.373,
0.434,0.361,0.92,0.361,
0.42,0.348,0.911,0.348,
0.475,0.396,1,0.395,
0.48,0.405,0.984,0.404,
0.412,0.343,0.928,0.343,
0.443,0.369,1,0.369,
0.454,0.391,0.885,0.391,
0.401,0.34,0.852,0.34,
0.412,0.329,1,0.328,
0.536,0.478,0.962,0.477,
0.479,0.399,1,0.398,
0.451,0.372,1,0.371,
0.484,0.425,0.916,0.424,
0.449,0.369,0.943,0.368,
0.436,0.354,1,0.353,
0.484,0.409,1,0.408,
0.49,0.426,1,0.407,
0.423,0.352,1,0.351,
0.472,0.406,0.919,0.403,
0.448,0.388,0.919,0.388,
0.493,0.427,0.932,0.411,
0.423,0.352,1,0.337,
0.408,0.336,0.998,0.336,
0.441,0.369,0.889,0.369,
0.406,0.333,0.906,0.322,
0.42,0.344,1,0.331,
0.431,0.369,0.879,0.369,
0.438,0.341,1,0.331,
0.445,0.376,1,0.375,
0.461,0.393,0.855,0.392,
0.452,0.377,0.964,0.377,
0.473,0.41,0.971,0.402,
0.46,0.398,0.941,0.373,
0.504,0.434,0.942,0.429,
0.411,0.338,0.971,0.338,
0.43,0.358,1,0.347,
0.489,0.415,1,0.414,
0.508,0.443,0.912,0.425,
0.401,0.323,1,0.322,
0.439,0.367,1,0.334,
0.446,0.379,1,0.378,
0.46,0.403,0.876,0.395,
0.501,0.424,0.989,0.423,
0.458,0.386,0.955,0.381,
0.457,0.376,0.988,0.375,
0.364,0.279,1,0.277,
0.501,0.423,1,0.423,
0.448,0.373,1,0.373,
0.464,0.399,0.972,0.398,
0.46,0.387,0.995,0.385,
0.487,0.414,0.945,0.412,
0.463,0.388,0.975,0.387,
0.406,0.331,1,0.33,
0.485,0.417,0.978,0.417,
0.444,0.377,0.94,0.377,
0.452,0.381,0.949,0.381,
0.454,0.381,1,0.379,
0.524,0.473,0.939,0.452,
0.41,0.334,1,0.333,
0.511,0.439,0.973,0.438,
0.461,0.385,1,0.384,
0.428,0.36,0.914,0.36,
0.418,0.338,1,0.338,
0.499,0.428,0.958,0.426,
0.504,0.442,0.932,0.44,
0.416,0.336,0.94,0.335,
0.424,0.35,1,0.344,
0.426,0.369,0.82,0.369,
0.402,0.341,0.856,0.338,
0.375,0.303,0.836,0.303,
0.456,0.387,0.972,0.387,
0.459,0.405,0.861,0.399,
0.479,0.416,0.928,0.412,
0.496,0.43,0.986,0.43,
0.43,0.352,0.97,0.352,
0.465,0.398,0.999,0.398,
0.47,0.392,0.953,0.391,
0.414,0.346,0.898,0.346,
0.471,0.402,0.987,0.397,
0.367,0.285,1,0.285,
0.485,0.42,1,0.391,
0.417,0.342,0.945,0.341,
0.422,0.345,0.923,0.343,
0.425,0.373,0.852,0.348,
0.473,0.405,0.967,0.402,
0.551,0.483,0.981,0.482,
0.386,0.305,1,0.304,
0.447,0.364,1,0.363,
0.463,0.377,0.919,0.373,
0.468,0.392,1,0.391,
0.455,0.382,0.924,0.374,
0.435,0.356,0.977,0.355,
0.441,0.351,1,0.35,
0.44,0.362,1,0.358,
0.494,0.427,0.965,0.416,
0.444,0.372,1,0.368,
0.389,0.32,0.848,0.317,
0.457,0.399,0.909,0.389,
0.441,0.376,0.924,0.376,
0.403,0.328,0.993,0.328,
0.43,0.353,1,0.353,
0.436,0.362,1,0.362,
0.502,0.449,0.943,0.424,
0.423,0.353,0.905,0.353,
0.454,0.379,0.996,0.379,
0.479,0.415,0.954,0.386,
0.371,0.288,1,0.288,
0.521,0.448,1,0.447,
0.424,0.356,0.891,0.356,
0.483,0.413,1,0.412,
0.475,0.4,1,0.399,
0.464,0.401,0.921,0.401,
0.546,0.474,0.98,0.46,
0.445,0.369,1,0.366,
0.396,0.317,1,0.316,
0.479,0.417,0.944,0.415,
0.452,0.388,0.998,0.361,
0.443,0.372,0.984,0.354,
0.506,0.441,0.975,0.44,
0.452,0.393,0.896,0.384,
0.464,0.384,1,0.381,
0.497,0.441,0.962,0.439,
0.425,0.346,0.95,0.346,
0.403,0.323,0.962,0.322,
0.481,0.406,0.984,0.404,
0.427,0.366,0.884,0.365,
0.447,0.374,0.945,0.373,
0.413,0.339,1,0.317,
0.475,0.407,0.92,0.394,
0.43,0.364,0.942,0.364,
0.473,0.402,1,0.401,
0.454,0.382,1,0.38,
0.427,0.346,1,0.345,
0.474,0.405,0.918,0.403,
0.5,0.428,0.942,0.41,
0.423,0.352,1,0.338,
0.501,0.427,1,0.427,
0.417,0.347,0.943,0.346,
0.492,0.423,0.944,0.421,
0.439,0.36,1,0.358,
0.445,0.364,1,0.364,
0.472,0.41,0.931,0.408,
0.438,0.372,0.904,0.369,
0.45,0.379,0.911,0.379,
0.424,0.349,1,0.349,
0.432,0.374,0.837,0.372,
0.394,0.329,0.865,0.329,
0.43,0.349,0.997,0.349,
0.522,0.465,1,0.446,
0.501,0.431,1,0.431,
0.419,0.344,0.859,0.342,
0.428,0.352,1,0.352,
0.471,0.4,1,0.398,
0.458,0.393,0.908,0.393,
0.465,0.388,1,0.385,
0.47,0.405,0.913,0.404,
0.486,0.427,1,0.396,
0.389,0.32,0.883,0.318,
0.455,0.386,1,0.385,
0.479,0.411,0.909,0.411,
0.386,0.317,0.904,0.317,
0.394,0.327,0.88,0.313,
0.477,0.403,1,0.402,
0.504,0.426,1,0.417,
0.4,0.321,0.902,0.32,
0.366,0.284,1,0.284,
0.431,0.38,0.93,0.345,
0.428,0.364,0.879,0.364,
0.406,0.345,0.906,0.316,
0.478,0.4,1,0.399,
0.427,0.355,0.976,0.355,
0.425,0.345,1,0.344,
0.492,0.416,1,0.416,
0.402,0.346,0.869,0.336,
0.464,0.402,1,0.369,
0.426,0.369,0.846,0.364,
0.47,0.405,0.889,0.404,
0.446,0.396,0.853,0.396,
0.433,0.352,1,0.35,
0.376,0.295,1,0.295,
0.466,0.399,0.948,0.398,
0.472,0.392,1,0.389,
0.385,0.295,1,0.295,
0.489,0.414,0.923,0.408,
0.442,0.369,0.96,0.369,
0.438,0.365,0.947,0.365,
0.49,0.409,1,0.403,
0.437,0.371,0.914,0.371,
0.383,0.302,1,0.301,
0.435,0.372,0.891,0.359,
0.408,0.344,0.88,0.343,
0.362,0.296,0.837,0.296,
0.419,0.346,0.948,0.343,
0.467,0.405,0.902,0.403,
0.457,0.404,0.913,0.378,
0.448,0.388,0.992,0.382,
0.432,0.36,1,0.36,
0.447,0.381,0.823,0.374,
0.477,0.399,1,0.398,
0.412,0.335,0.941,0.334,
0.476,0.405,1,0.404,
0.474,0.392,0.997,0.391,
0.471,0.393,0.974,0.387,
0.453,0.381,0.955,0.38,
0.412,0.34,0.935,0.339,
0.412,0.339,0.974,0.339,
0.451,0.402,0.882,0.389,
0.489,0.422,0.895,0.404,
0.419,0.34,1,0.339,
0.421,0.355,1,0.341,
0.509,0.445,0.927,0.44,
0.438,0.379,0.891,0.379,
0.453,0.368,1,0.367,
0.501,0.425,0.966,0.424,
0.491,0.416,0.986,0.414,
0.442,0.373,0.96,0.372,
0.479,0.409,1,0.409,
0.445,0.372,1,0.359,
0.446,0.368,0.943,0.366,
0.503,0.456,0.942,0.407,
0.543,0.471,1,0.467,
0.509,0.433,1,0.426,
0.457,0.383,1,0.382,
0.451,0.387,1,0.352,
0.547,0.51,0.885,0.484,
0.489,0.443,0.892,0.41,
0.445,0.364,1,0.364,
0.517,0.457,0.965,0.456,
0.499,0.432,0.904,0.429,
0.511,0.447,0.987,0.432,
0.472,0.402,1,0.4,
0.534,0.468,1,0.462,
0.496,0.437,0.905,0.424,
0.473,0.404,0.944,0.395,
0.544,0.499,0.916,0.48,
0.541,0.479,1,0.477,
0.451,0.397,1,0.364,
0.587,0.525,1,0.525,
0.443,0.389,0.9,0.353,
0.474,0.408,0.886,0.406,
0.496,0.449,0.833,0.437,
0.585,0.534,1,0.499,
0.465,0.414,0.882,0.392,
0.475,0.413,0.976,0.399,
0.53,0.469,1,0.461,
0.5,0.45,0.928,0.428,
0.47,0.405,0.922,0.389,
0.548,0.494,1,0.469,
0.532,0.469,0.946,0.469,
0.556,0.504,0.933,0.502,
0.453,0.383,1,0.383,
0.386,0.322,0.878,0.316,
0.58,0.518,1,0.503,
0.417,0.339,1,0.339,
0.37,0.289,1,0.289,
0.476,0.41,0.953,0.409,
0.394,0.317,0.888,0.316,
0.447,0.377,1,0.36,
0.478,0.407,0.944,0.407,
0.459,0.385,0.988,0.384,
0.442,0.365,1,0.365,
0.432,0.366,1,0.361,
0.445,0.373,0.945,0.357,
0.375,0.302,0.844,0.291,
0.436,0.372,0.919,0.371,
0.479,0.407,1,0.406,
0.464,0.386,1,0.371,
0.545,0.476,1,0.475,
0.548,0.484,0.972,0.479,
0.447,0.364,1,0.362,
0.401,0.321,1,0.316,
0.503,0.437,0.955,0.428,
0.529,0.472,0.985,0.454,
0.472,0.408,0.994,0.402,
0.471,0.401,1,0.381,
0.498,0.437,0.958,0.426,
0.419,0.344,0.886,0.343,
0.43,0.379,0.847,0.355,
0.598,0.562,0.887,0.551,
0.518,0.478,0.859,0.43,
0.51,0.447,0.934,0.441,
0.441,0.37,1,0.358,
0.397,0.331,0.893,0.331,
0.401,0.333,0.918,0.332,
0.49,0.418,1,0.418,
0.5,0.433,1,0.419,
0.449,0.381,0.924,0.38,
0.408,0.334,1,0.334,
0.533,0.464,1,0.461,
0.435,0.368,0.879,0.368,
0.454,0.386,0.943,0.385,
0.452,0.381,0.978,0.373,
0.478,0.404,1,0.403,
0.451,0.389,0.897,0.388,
0.415,0.347,0.945,0.346,
0.444,0.372,1,0.37,
0.459,0.387,1,0.386,
0.545,0.485,1,0.473,




Further Data analysis of all test cases 
avg med max min 
AVGs,0.668,0.665,0.836,0.513,
MEDs,0.637,0.634,0.835,0.456,
MAXs,0.967,1,1,0.642,
MINs,0.583,0.581,0.781,0.39,


AVGs,0.477,0.475,0.603,0.362,
MEDs,0.411,0.408,0.562,0.279,
MAXs,0.956,0.971,1,0.775,
MINs,0.402,0.4,0.551,0.277,



