

Data analysis for each instance 
AVG,MED,MAX,MIN
20407,12798,9810,10107,9176,9967,9684,9827,10446,9409,
17559,11340,10218,9728,10191,9597,9386,9441,9313,9267,
20776,13008,11365,11889,9800,9638,11107,9861,11250,10169,
19812,13381,11711,10304,10769,9910,9801,10122,10449,9910,
20341,13137,13068,12043,10190,10342,10842,10884,10513,10405,
14409,10438,8717,8439,8930,8712,8422,8777,8659,9055,
14676,10720,9014,8027,8459,8887,8465,8963,7891,8567,
16465,9892,8495,8925,8141,7884,8556,7869,8619,8851,
14755,10017,8498,8991,8871,8322,9025,8066,7915,8410,
19776,12918,12728,12378,11879,12311,10968,10178,11930,11541,
15335,10102,9218,8759,8916,8517,9066,8747,8783,8542,
19000,10552,10422,9642,9878,11032,9353,10150,9716,8484,
20564,13006,11319,10858,9538,10384,9911,9450,10665,10167,
16683,11030,9636,8869,8240,9239,8939,8443,9075,8758,
18074,10573,9641,9553,9210,9590,9554,9284,9869,9069,
14542,9610,8290,8440,8053,7537,8043,7604,7479,7269,
18668,11487,9357,10891,10286,9924,9784,9439,9331,11135,
16530,10381,10039,9208,9180,8687,8869,9160,9145,9250,
14575,8709,8076,7376,8336,7587,6796,7901,7646,7375,
32597,23489,17657,16342,15737,15790,16078,14564,14514,13894,
15811,10925,8512,8829,9045,8581,8618,7742,8433,7797,
21202,13190,11197,11622,10767,10413,9226,9925,8943,10043,
15731,9858,8618,9587,8434,8445,8129,8643,7772,9320,
15055,9957,9438,8151,8618,9463,8831,9148,8663,8514,
17042,12662,9735,9887,9164,9714,9223,9745,9765,9605,
18115,12027,10375,10484,10742,9642,11303,10595,10020,9596,
22522,14516,13915,10055,10497,13011,12085,12219,11845,11428,
18461,12410,9473,9059,9918,9511,8993,10411,10706,9584,
16772,10568,9601,8750,9603,9533,9225,8942,9287,8815,
17412,11724,9274,9332,9875,9262,9877,9417,9084,8992,
16991,10441,9903,9843,8444,8186,10031,9394,8842,9726,
15133,9518,8601,7897,8259,8467,7928,8120,7412,7838,
14290,9870,8224,9074,7879,8596,7767,7780,7872,7665,
15969,10737,8284,7844,7981,8204,8077,8187,7937,7210,
20601,13120,11797,9807,10676,10091,9954,10831,9699,11027,
21630,14037,12177,11743,10481,12284,9967,10489,11832,11209,
14264,9552,8905,8430,7905,8179,8166,7935,8220,8167,
18076,11845,9639,9430,9834,9221,9507,8775,8802,8665,
17229,10753,10106,10142,9193,9711,9172,9334,8771,8788,
17422,11761,8773,9293,9288,8831,9346,9378,8515,9346,
16468,10814,8884,9272,8721,8611,8705,8341,8476,8621,
13977,10203,8754,8358,8154,7691,8678,9335,7900,8859,
14844,10671,9230,8760,8491,8130,8635,8725,8397,8569,
14398,8555,8320,7414,7969,6749,7087,7252,8277,6969,
19311,11038,9907,9790,10156,9776,10156,10338,9161,10160,
18022,12121,9927,10011,8369,8580,8821,8495,8347,9238,
21205,12210,9877,9973,10486,9482,8774,8062,8175,9937,
15365,9616,8942,8055,7661,7673,8245,7954,7932,7795,
13899,9719,7926,8003,8354,7718,7960,7689,7987,8092,
14070,9521,8258,8648,8102,8393,8278,8814,8155,8006,
19346,11732,9771,9372,9484,8719,8966,9123,9461,9400,
16570,10501,8997,8716,8783,8790,8468,9522,9282,9244,
17472,11156,9423,9028,9937,9905,8769,8412,9081,9483,
17481,12319,9883,9211,10097,9646,10076,9565,9202,9657,
16988,12030,10399,9237,10413,9430,9415,8989,9143,8799,
16530,10438,9880,9293,9196,9524,9469,9444,8710,8821,
15262,10228,8673,8359,7417,7165,7613,7832,7474,7651,
14058,10213,8631,8647,8168,7765,8286,8364,7959,8169,
14988,10208,9212,9104,8982,8414,8726,9140,8384,8737,
15150,10215,8730,8492,8814,8462,8196,8239,8287,8417,
18444,10529,10572,9015,9862,8640,10360,10130,9554,9853,
15661,9613,8825,8074,7900,7835,8353,8652,8279,7724,
14410,9377,8984,8580,8700,8675,8764,8570,8440,8275,
16296,10451,8929,8633,8142,8833,9149,8687,8858,8511,
21492,14899,14849,12038,11819,11837,10863,10337,9512,10857,
20105,12083,9309,9926,11149,9795,9644,10368,9365,9029,
21781,13000,11342,11736,12019,11303,11979,12476,12778,12320,
14050,9423,8052,7921,7819,7688,7709,7805,8553,7803,
16587,10675,8822,8843,8455,7813,8272,8175,8200,8318,
15803,10283,8738,9091,9113,8767,9187,9136,8626,8797,
15996,9814,9053,8035,7808,8068,8324,8376,8827,9639,
14979,10318,8099,8276,8230,8383,7542,6799,8770,8754,
14768,9848,8936,8708,8192,8391,8183,7999,8325,8734,
14771,10238,8662,9245,8720,8353,8816,8716,8492,7968,
15453,9749,9228,8554,8636,8838,8347,8588,8549,7927,
14811,9527,8422,8617,8908,7271,8459,8442,7763,8466,
16781,10168,8461,9912,8330,8893,8034,8016,8716,9259,
33112,20669,21093,19189,15339,16132,19806,20926,20049,21961,
15398,10072,8733,8090,8090,8461,8009,8353,8133,8443,
14688,10595,8134,8245,7954,7295,8248,8591,7904,8563,
18536,11512,10727,10501,11708,9373,10215,10328,10488,9939,
15327,10669,9050,8711,9509,9084,8299,7957,8173,7721,
20046,10957,11318,9377,11646,10323,9300,7735,7458,7418,
14349,8735,8304,7879,7939,7572,8571,8279,7876,8060,
17005,10594,9942,8609,8167,8129,8479,9219,9295,8951,
17555,10834,10041,9662,9349,9738,9394,9584,9803,8757,
15488,10588,8592,9119,8762,8064,8757,8323,7285,8627,
16593,10033,9469,8318,10595,8369,9056,7636,10426,9159,
17554,10799,9997,8254,9244,8827,10376,9778,10009,9789,
15349,9627,8445,9210,9069,8336,8274,8868,9053,7914,
19539,12780,10483,10697,9412,10568,10704,9783,9495,10746,
18268,12241,10969,10380,9838,10629,9824,10110,10418,10068,
15272,11055,9835,9453,9537,9466,8512,8898,9082,9441,
15089,9596,8935,8333,8298,8250,8506,8896,8749,8750,
16134,11042,9571,8923,9181,9276,8873,9443,9054,9036,
14598,10119,9051,8432,7700,8728,8069,7922,8462,8267,
22496,14022,10592,10872,8632,10679,9378,11808,10717,11754,
13952,9576,8388,8323,7949,7906,7983,7693,7932,7572,
16215,11150,8668,9780,8603,8912,9691,10621,8455,8455,
21991,14577,10546,12383,10802,11218,10537,11363,11018,11481,


20407,12046,11116,10488,9444,10138,9520,9672,9582,9792,
17559,11585,10102,9112,8910,10619,9455,9623,9913,8753,
20776,13008,11365,11772,10071,10907,10648,11236,11231,10089,
19812,12296,10855,9889,10556,10636,10610,9811,10122,10272,
20341,13744,11409,10615,10203,9905,11049,10482,10245,11089,
14409,10610,8115,9161,8185,8576,7924,8561,8433,8131,
14676,11227,10321,9090,8679,8862,8236,8458,8221,8026,
16465,10084,8935,8597,7487,7960,7984,7800,7957,7630,
14755,9991,8501,8571,8634,8232,8417,7982,8349,8280,
19776,12785,11564,12260,10835,11301,10617,10598,10401,10863,
15335,10827,9017,9316,8583,8905,8563,8941,8722,9454,
19000,12697,11027,10066,10411,9753,9709,10307,9164,10958,
20564,13050,11965,11152,11039,10677,10067,9607,10162,10020,
16683,10988,8907,9712,9130,8615,9064,9103,8469,8530,
18074,12058,10863,9745,9670,9413,9963,9607,9669,9212,
14542,9610,8670,8093,8449,8492,7836,7361,7542,8017,
18668,11385,11212,10451,9587,9521,9644,9715,10110,9103,
16530,11483,9948,9111,9441,9336,9455,8890,9152,9256,
14575,9050,8118,7973,7524,7448,8551,7414,7645,7500,
32597,23489,17657,16342,15737,15790,16078,14564,14514,13894,
15811,10441,9358,8049,7823,9721,8582,9622,9065,8355,
21202,13857,10973,10384,10026,10405,9369,9744,10205,11414,
15731,10630,9392,9082,8137,8315,7885,7962,8368,8172,
15055,9806,9215,8211,9366,8991,9193,8523,8788,8779,
17042,11386,10344,9314,9790,10186,9196,9596,9848,9736,
18115,12259,11190,9835,9416,10080,9938,9870,9653,10817,
22522,13439,13462,11924,11204,11786,10881,9348,8777,9006,
18461,12411,10439,9941,10703,10077,10154,9504,10323,10474,
16772,10994,9592,9247,9040,9224,9442,9724,9407,9572,
17412,11724,9274,9454,8991,9442,10165,9009,8477,10167,
16991,10098,9236,9323,9804,8681,9493,9468,9813,8833,
15133,9752,7500,8568,7795,7616,8551,7767,8363,8028,
14290,9893,8335,7678,7888,7842,7406,8210,7693,7569,
15969,10788,8281,9149,7899,7972,7623,8949,7996,8314,
20601,13683,10599,10091,10689,10639,10236,10018,9663,9375,
21630,14037,12181,12128,11656,11661,10554,10618,10795,11076,
14264,9167,8868,7856,8131,7695,8164,8231,8052,8833,
18076,12651,10230,9237,8950,8823,7958,8938,9645,8388,
17229,10767,10399,9180,9492,9847,9984,8981,9136,9486,
17422,10295,9549,9269,10015,8737,10134,9856,8368,8728,
16468,10814,8884,9272,8721,8611,8705,8341,8476,8621,
13977,9745,9571,7971,8268,7904,8044,8312,7422,8898,
14844,9828,9520,9178,8999,8025,9021,8021,8293,8665,
14398,8555,8320,7859,7887,7267,6513,7204,6919,6811,
19311,11656,10397,10525,9449,10283,9903,9440,8773,10555,
18022,11933,9451,9596,9265,9183,8873,9328,9099,8817,
21205,12210,9877,9973,10486,9482,8774,8062,8175,9937,
15365,9821,8499,8054,7676,7593,8169,8404,7792,8552,
13899,9843,8437,8262,7589,8330,8173,7762,7623,7843,
14070,9521,8615,8496,8749,8159,8509,8874,8258,9007,
19346,11732,10156,9400,9461,9094,9305,9060,9985,8939,
16570,10338,8953,8677,8774,8881,8772,9007,8947,9217,
17472,11156,9423,9020,9860,9127,9467,8106,8569,9575,
17481,12319,9883,9211,10097,9646,10076,9565,9202,9657,
16988,12030,10399,9237,10413,9430,9415,8989,9143,8799,
16530,11855,9836,9461,9006,9252,10170,8855,9443,9085,
15262,10228,8673,8359,7417,7165,7613,7832,7474,7651,
14058,10213,8631,8647,8168,7765,8286,8364,7957,8036,
14988,9908,9372,8237,9135,8702,8138,8817,8317,8679,
15150,10182,9005,9056,8566,8332,8395,8240,9042,8631,
18444,11144,10818,9282,9384,7982,9049,9052,10494,8064,
15661,10147,8528,8767,8077,7631,8326,8807,8568,7949,
14410,10240,8572,8662,8604,7843,8506,8452,8691,8407,
16296,10852,9610,8747,8544,8380,8902,9056,7931,8800,
21492,14899,14849,12038,11819,11605,12983,11417,11825,10018,
20105,12073,11498,10691,9784,9894,9600,9821,9861,10240,
21781,13619,11966,12711,12553,11006,11405,12179,12862,12003,
14050,9423,8052,7921,7902,7765,7685,7554,7566,8117,
16587,10999,8897,8803,8068,8163,8288,8961,8839,7758,
15803,10668,9252,8366,8684,8487,8888,7925,8685,8256,
15996,9691,8358,8338,7793,7793,8398,7965,8350,7977,
14979,10319,8226,7873,8291,8703,8288,7779,8549,7344,
14768,9359,8522,8661,8004,8631,8304,8439,8162,8099,
14771,9680,8892,8619,8393,8066,8263,8148,8559,8842,
15453,9749,9228,8554,8842,8175,8552,8035,8634,8528,
14811,9527,8422,8617,8908,7271,8449,8393,8852,8453,
16781,10456,10460,8838,8234,9223,8107,8398,8782,8571,
33112,20669,21093,19189,15339,16132,19806,20926,20049,21961,
15398,9894,8525,8284,8033,8311,8875,8578,8050,8805,
14688,9153,9087,7943,7902,8382,7702,8257,8036,8145,
18536,11512,10727,10501,11708,9373,10215,10328,10488,9939,
15327,10177,8888,8691,7456,8140,7845,8221,8956,7874,
20046,10957,11318,9377,11646,10080,10299,7831,7431,7384,
14349,9554,8681,7954,7488,7911,7837,8479,7711,8013,
17005,10068,9122,8927,8976,9722,8466,8095,8563,9018,
17555,10516,8584,9513,9507,10124,10073,9550,9224,8956,
15488,9456,8655,9289,8347,7761,7221,8922,8907,7980,
16593,10033,9469,8318,10595,8369,9056,7642,9553,8356,
17554,10469,10791,10160,11380,8972,8311,10150,10903,9827,
15349,10331,9191,8677,7768,7866,8015,8149,8558,8779,
19539,12780,10483,10697,9412,10568,10704,9783,9495,10746,
18268,12982,9396,9533,9757,9857,9445,10018,9383,9771,
15272,10793,9059,7929,9318,9827,9252,8173,9081,8993,
15089,9639,8383,8273,8170,8485,8705,8402,8483,8247,
16134,10041,9413,9403,8738,8519,8302,8519,8991,8413,
14598,10370,8360,8471,8592,8139,8527,7859,8216,8133,
22496,14022,11850,13138,10066,10514,9439,10520,9165,10593,
13952,9881,8304,8231,8005,8116,8275,8307,8014,7825,
16215,11290,8929,8591,8936,9246,8026,8533,8611,9283,
21991,13620,10343,10613,11010,9287,10538,10155,11205,10856,


20407,12659,10360,10380,9535,8528,10056,9456,9735,9141,
17559,10557,8936,9331,8964,9633,8510,9265,9662,8617,
20776,11531,9396,9809,9236,9521,9814,9837,9910,9635,
19812,10546,10242,9564,9849,9382,9697,9410,9710,9451,
20341,10956,10327,10000,10213,10191,9763,9389,9629,9272,
14409,9264,8894,8573,8207,8611,7795,7845,8360,8491,
14676,10503,8797,8620,8088,8008,7520,8232,8185,8055,
16465,9271,8072,7505,7854,7939,7567,8369,7911,8596,
14755,8871,8371,8425,8426,8169,7941,8096,7878,8020,
19776,11117,9725,10022,10553,9921,10523,10925,9609,10334,
15335,9620,9290,9045,8557,8778,8295,7931,8674,8199,
19000,10008,8406,8105,8692,7871,8202,8575,7631,7912,
20564,11631,9965,10546,9914,9900,10147,9786,9433,9535,
16683,9825,8866,8003,8587,8164,8374,8322,8451,8099,
18074,9262,9347,9110,8759,9219,8707,8313,9253,9048,
14542,8164,8771,7391,8015,7750,7840,8362,7765,7590,
18668,9804,8483,8900,8796,9687,8547,8578,9199,8965,
16530,10380,9748,9128,8938,8729,8709,9355,8875,9110,
14575,9911,7642,7832,7851,8329,7322,8356,7981,7633,
32597,11853,11324,10501,14081,12192,11302,11268,11267,11267,
15811,10870,8641,8301,8378,9172,8351,7904,7978,8459,
21202,10034,9197,8877,8622,9561,9063,8390,8999,9072,
15731,10171,8378,8825,8607,8465,9125,8389,8574,8617,
15055,9822,8636,8470,8064,8714,8663,8015,8328,8567,
17042,11036,9697,8870,8865,8708,9260,8744,9003,8469,
18115,10663,8890,9236,8829,9247,8709,9026,8567,9103,
22522,11999,10462,8930,9350,8486,8809,9409,9755,9019,
18461,10379,8986,9044,9462,8936,8843,8882,9331,9832,
16772,9816,8758,8733,8675,8963,9056,8591,7922,9153,
17412,10105,9956,8979,9154,9085,8657,8709,9635,9456,
16991,9273,9222,8418,8316,8279,8967,8513,8737,8964,
15133,8734,7601,7235,7555,8211,7630,7162,7754,8172,
14290,9494,8164,7475,8537,8194,7825,7888,8202,6975,
15969,9259,7608,7836,7427,7454,8225,8561,7564,7132,
20601,11389,10205,9415,8933,9542,9357,10195,8998,9639,
21630,10877,9425,9474,9697,9887,9602,9337,9962,9411,
14264,9361,8805,8296,8151,8088,7649,8648,8333,7752,
18076,10926,10342,9799,9323,8557,9230,10068,9793,9178,
17229,9775,8808,9420,8636,8271,8750,8322,9155,8715,
17422,10246,8802,8140,8522,8382,8314,7638,7605,8040,
16468,9639,9202,9093,8583,8513,8589,7732,8352,7976,
13977,8641,7641,7253,7856,9094,8319,7920,8124,8067,
14844,10437,9009,9113,8765,7770,8682,8276,8724,8673,
14398,9440,7440,7866,7565,7924,7068,7123,7581,7583,
19311,10214,9044,9488,8857,9391,9864,9711,9878,9118,
18022,9901,9336,9027,7436,8236,8464,8855,9091,8921,
21205,11286,8235,9087,7804,7554,7530,8992,7777,7554,
15365,9727,8697,8114,8479,8292,8015,8065,8452,7807,
13899,9002,8126,8057,8325,7832,7759,7808,7968,7768,
14070,8619,7859,8853,8399,7411,7687,7922,7721,7642,
19346,11505,9278,9268,8299,8539,8094,9204,8458,8923,
16570,9338,8559,8615,7957,8041,8534,8855,8217,8820,
17472,9709,8240,8600,8477,8453,8250,8132,8750,8583,
17481,9010,8960,8725,8456,8181,8690,7743,8282,8528,
16988,11081,9412,8939,8725,8866,9377,9030,8857,9434,
16530,9777,9510,9323,8792,8709,8830,8854,9184,8925,
15262,9199,8667,8565,8161,7347,7316,8058,7812,7754,
14058,9276,8526,7321,7868,7647,7140,7552,7475,7474,
14988,9189,8950,8429,8337,7791,8952,8147,8525,8221,
15150,10030,9303,9212,8985,9152,8897,8825,8744,8514,
18444,9666,9224,8393,8182,7502,7674,7901,8567,8609,
15661,8794,7833,7639,7639,7469,8197,7735,7203,8059,
14410,9424,8871,8209,8247,8340,8221,8392,8457,8189,
16296,10076,8671,9125,8439,7789,8679,9178,8311,8878,
21492,10168,8343,9339,7949,7827,7795,7789,7788,7788,
20105,11773,10904,9408,10220,9585,9841,8158,10037,9794,
21781,10743,10091,9644,9873,10525,9811,9627,10417,9531,
14050,9043,8128,8518,8304,8796,8014,8560,7738,8148,
16587,10420,8558,8317,8307,8220,8498,7966,7941,7962,
15803,9737,9970,8890,8714,8731,8348,9054,8513,8427,
15996,9584,7700,8540,7483,8117,8314,8713,8425,8026,
14979,8118,7959,7494,7158,6994,7067,7252,7402,7905,
14768,9740,8831,8582,7891,7912,8152,8405,8396,8352,
14771,10066,8734,8391,8520,8440,8733,7933,8973,8342,
15453,9555,9097,8062,8685,8345,7830,8765,7792,8205,
14811,9068,8248,8259,8268,8233,7957,8146,7244,7464,
16781,9676,9517,7362,7663,8196,8534,9257,8188,8191,
33112,14888,13545,12622,11436,11425,11425,11425,11425,11425,
15398,9239,7955,8101,7850,8059,8065,8033,7895,7859,
14688,8640,8635,7501,6789,8048,8606,7975,8418,7428,
18536,10143,9508,10279,8976,9963,10450,10352,8539,8972,
15327,9467,9122,8924,8327,7999,8232,8479,8311,8170,
20046,11182,9339,8717,9211,8134,9105,9223,9148,9195,
14349,9359,8834,8238,8371,7614,8346,7715,8150,8090,
17005,9748,8374,8196,7892,8551,7897,8159,8119,8876,
17555,10117,9096,8475,8801,8883,9061,8267,8322,8447,
15488,9113,7690,7618,7422,8360,7634,8020,7632,7766,
16593,7983,8615,7175,7958,6852,7883,6681,8353,7894,
17554,10387,9185,9449,9387,8371,8907,8548,9409,8880,
15349,9182,8550,8453,7979,8192,7627,7958,7789,7469,
19539,11188,9292,8963,8560,10091,9153,9447,9729,9681,
18268,11149,10002,9957,8825,9129,9363,8722,9409,9688,
15272,10527,8500,9546,8931,9445,8064,8154,8106,8885,
15089,8891,7708,8137,8251,8003,8277,7708,8665,8078,
16134,10100,8957,8948,8676,9372,9206,8887,8907,8200,
14598,9742,7892,7999,8536,7676,8330,8104,8352,8009,
22496,11442,8564,8137,8117,8116,8116,8116,8116,8116,
13952,9001,8309,8004,7620,7457,7631,7494,7989,7590,
16215,10174,9668,8679,8986,8406,8720,7968,8156,8661,
21991,10503,9248,9362,10625,9036,9127,8975,9895,9289,




Further Data analysis of all test cases 
INSTANCEID avg med max min 
INSTANCE1 17274.18, 16550, 33112, 13899, 
INSTANCE2 11214.04, 10632, 23489, 8555, 
INSTANCE3 9776.16, 9291.5, 21093, 7926, 
INSTANCE4 9457.15, 9097.5, 19189, 7376, 
INSTANCE5 9292.62, 9013.5, 15737, 7417, 
INSTANCE6 9185.43, 8829, 16132, 6749, 
INSTANCE7 9222.43, 8871, 19806, 6796, 
INSTANCE8 9227.61, 8920, 20926, 6799, 
INSTANCE9 9163.59, 8777, 20049, 7285, 
INSTANCE10 9205.92, 8818, 21961, 6969, 


INSTANCE1 17274.18, 16550, 33112, 13899, 
INSTANCE2 11250.3, 10777.5, 23489, 8555, 
INSTANCE3 9867.87, 9394, 21093, 7500, 
INSTANCE4 9451.17, 9155, 19189, 7678, 
INSTANCE5 9274.09, 8983.5, 15737, 7417, 
INSTANCE6 9153.76, 8871.5, 16132, 7165, 
INSTANCE7 9195.46, 8874, 19806, 6513, 
INSTANCE8 9100.31, 8882, 20926, 7204, 
INSTANCE9 9132.3, 8785, 20049, 6919, 
INSTANCE10 9152.89, 8802.5, 21961, 6811, 


INSTANCE1 17274.18, 16550, 33112, 13899, 
INSTANCE2 10027.98, 9823.5, 14888, 7983, 
INSTANCE3 8968.06, 8868.5, 13545, 7440, 
INSTANCE4 8731.63, 8698, 12622, 7175, 
INSTANCE5 8614.12, 8521, 14081, 6789, 
INSTANCE6 8576.7, 8376.5, 12192, 6852, 
INSTANCE7 8576.63, 8504, 11425, 7067, 
INSTANCE8 8561.06, 8389.5, 11425, 6681, 
INSTANCE9 8615.11, 8438, 11425, 7203, 
INSTANCE10 8555.18, 8480, 11425, 6975, 



