11475 17215 11553 16064 12095 15999 12107 15107 11475 17215
9000 13500 11880 13500 10770 13500 10080 12660 9030 13500
9810 14718 12213 14382 10749 14718 10648 14577 10107 14718
11424 17136 12475 16253 11352 16253 11811 15441 10910 17136
11103 16657 14012 16657 13180 16180 12122 16180 11103 16657
18388 27582 20841 27582 20841 27582 19275 26695 18388 27582
7824 11738 9626 10199 8864 10539 8488 10695 8291 10892
10460 15692 13317 14227 11097 14227 11276 14673 10460 15692
9440 14161 11512 13799 11216 13473 9964 13799 10062 13799
6233 9352 9224 9097 8015 9097 7555 8969 6514 9097
10236 15001 11379 14840 10584 14467 10586 14823 10540 14823
8580 12871 12133 12871 11161 12871 9556 12511 9196 12871
10732 16100 12752 16100 12766 14066 11093 15739 10732 16100
10057 15087 11579 15087 12494 12650 10259 14885 10057 15087
9032 13550 10490 13550 11103 11479 9862 12720 9032 13550
7683 11526 10710 10579 8865 10873 8823 9930 7899 11016
11514 17274 12218 16824 12195 16824 11668 17120 11514 17274
16020 24032 16020 24032 19449 20603 16866 23186 16020 24032
10108 15165 12162 13509 10539 15165 11335 13949 10108 15165
9838 14759 11848 14759 11727 12919 11390 13207 10404 14759
11947 17923 13384 17315 13210 16660 12912 17315 12429 17470
8870 13306 12417 10727 10490 13056 9521 12806 9120 13056
8035 12054 10728 12054 8994 11280 8091 11998 8035 12054
10109 15167 10229 14580 11861 14036 10697 14579 10109 14895
9952 14929 11306 14929 11590 13291 10696 14185 9952 14929
10830 16246 12795 16246 12385 15684 11821 15325 10830 16246
10647 15971 11348 15971 10664 15971 11104 15531 10647 15971
8430 12647 11079 11795 10259 12647 10182 11213 8430 12647
11470 17207 13657 16663 12653 16024 12095 16584 11470 17207
10495 15744 11432 15744 11877 14656 10886 15353 10495 15744
9242 13866 10548 13866 9450 13866 9504 13604 9242 13866
11545 17319 12636 17319 11676 17319 12636 16748 11676 17319
10253 15383 11302 14334 12172 13512 10996 14640 10253 15383
11459 17191 13403 17191 13245 16609 11459 17191 11459 17191
11387 17082 13701 17082 12900 17082 13327 15551 11529 17082
8808 13214 10098 13214 9491 12636 9012 13010 8808 13214
8066 12102 8958 12102 9145 11335 8131 12037 8066 12102
11238 16859 12215 15882 12215 15882 11837 16260 11238 16859
21441 32163 21441 32163 21441 32163 21441 32163 21441 32163
9368 14054 11046 13993 9848 13993 9910 13410 9640 13993
8605 12908 10673 12745 9391 12728 9634 11983 8605 12908
7632 11449 10894 10769 9234 11018 9152 10214 8063 11296
10077 15117 12668 15117 13244 13546 10465 15089 10106 15117
9629 14446 10078 13373 10781 12737 11877 12198 10054 14021
9418 14128 11858 13531 11231 13664 10119 13449 9418 14128
8350 12527 10694 11039 10393 12527 8983 11894 8350 12527
11222 16834 12908 16834 12908 16834 12040 16016 11222 16834
9214 13795 11117 12190 10174 11857 9921 11744 9485 13795
6948 10425 8728 9433 7690 9638 8428 9490 7139 10184
14323 21486 15326 21100 15082 21100 15656 20770 15082 21100
8106 12161 10548 11963 8463 11804 8371 11910 8106 12016
12032 18050 13554 18050 14121 17369 12601 17640 12032 18050
8757 13136 11111 13136 11923 12268 8884 13009 8757 13136
8086 12130 10957 11072 9853 11162 8556 11708 8086 12130
9067 13602 10213 11850 11068 11439 9140 13529 9067 13602
8889 13335 11492 11746 9702 12842 9920 12688 9778 13073
10467 15702 12702 14984 12945 14694 11418 14787 10885 15702
9437 14158 12228 14099 11188 14099 11422 13047 9526 14158
12273 18411 12358 18411 15046 15638 13339 17345 12273 18411
12480 18722 13811 18722 14167 17373 14821 17499 12881 18722
9751 14628 12101 14628 11317 14474 11136 14628 9790 14628
9158 13739 11617 12591 11812 12538 10020 12877 9640 13257
8245 12369 10323 12369 9238 12334 10403 11082 8411 12369
10143 15216 12029 14715 10848 14715 11731 13569 10143 15216
10337 15506 11631 15506 11466 14719 10901 14942 10337 15506
12648 18972 13529 18972 13060 18972 14014 18018 13060 18972
8731 13099 9538 13099 10099 12538 10103 11748 8731 13099
7238 10860 9051 9647 9910 10171 9043 9004 7419 10245
9192 13791 11581 13791 9215 13791 9850 13422 9318 13791
12410 18618 13744 17581 13480 17581 13779 17249 12410 18618
8373 12560 10173 12560 9444 11581 9165 11770 8373 12560
8283 12425 9543 10884 9554 11912 8395 13010 8358 12254
10927 16394 11826 15898 11459 15898 11967 15354 11423 16063
15151 22728 15855 22728 15855 22728 15754 22125 15151 22728
16993 25491 17976 25491 19091 23393 18693 23791 16993 25491
9108 13662 10620 13014 10602 12879 10053 12798 9126 13662
10540 15813 11490 15782 11547 15782 11291 15435 10616 15811
11156 16736 11806 16736 11156 16736 11643 16249 11156 16736
8118 12180 9133 11631 8784 11631 9136 11068 8267 12212
10133 15201 11403 15201 11312 14022 10886 14448 10133 15201
8356 12536 10950 11666 9267 11666 10680 11035 8356 12536
7217 10827 9860 10354 9149 9421 9388 9387 7241 10827
11261 16894 15022 16406 12375 16030 12538 15634 11261 16894
9268 13904 12721 12997 9467 13593 11567 13129 10762 13593
10805 16211 11290 16037 11493 16037 11737 15280 10805 16211
11064 16598 12071 15804 12242 15640 11707 15844 11324 16379
8885 13328 12608 13095 10506 12822 10224 12147 9391 13095
8336 12506 10830 12019 9525 11623 9393 11402 8776 12019
8501 12754 10120 11949 8989 12754 10121 11134 8701 12754
17942 26915 17942 26915 18976 25881 18976 25881 17942 26915
9885 14831 11848 14831 10279 14831 10414 14304 9885 14831
8034 12053 9161 10926 8464 11623 8813 11274 8464 11623
10534 15260 11133 14627 10455 14966 11416 13722 10534 14977
8844 13268 9980 12827 11062 12546 10088 12024 8844 13268
8738 13108 9789 11801 9400 13213 9533 12137 9224 12446
9790 14687 10849 14443 10257 14443 10782 13724 9627 14443
12200 18303 13719 17357 13146 17357 13947 16556 12200 18303
9388 14029 11119 12445 11647 11801 9967 13538 9678 13768
14600 21900 14600 21900 18475 18025 16075 20425 14600 21900
10717 16077 13244 15915 11365 16077 11015 15834 10717 16077
9257 13887 10693 12451 12336 10808 9717 13427 9257 13887
13366 20051 14601 20051 15170 18247 14141 19534 13366 20051
9144 13718 11411 12636 9870 13045 10908 12518 9545 13718
16414 24622 16414 24622 21052 19984 16414 24622 16414 24622
9766 14649 11936 14147 11442 13202 10744 14118 10073 14649
13412 20120 14367 20120 15450 18082 13412 20120 13412 20120
9138 13709 11016 13709 10434 12413 10026 12821 9138 13709
6927 10392 8420 9360 7721 9376 7512 9807 6927 10392
10081 15123 10921 15123 10715 15123 10547 14657 10081 15123
8076 12116 9919 11343 9743 10449 8823 11369 8076 12116
9443 14167 11899 14167 11334 13170 10338 13785 9956 14167
13317 19976 13982 19976 13317 19976 14238 19055 13317 19976
10944 16418 13120 16418 12463 14899 11239 16123 10944 16418
8282 12299 11603 11864 9539 11981 9458 11372 8454 11981
12721 19083 13710 19083 13799 18005 14330 17474 12721 19083
9743 14616 11261 14616 9743 14616 10709 14044 9743 14616
10955 16433 12878 16283 14028 13210 12358 14930 10955 16333
11288 16934 12028 16934 12626 15806 12181 16041 11288 16934
10001 15003 11110 14004 11210 13253 10844 13619 9773 13894
7499 11249 10287 10871 9381 9561 8043 11165 7959 11249
10452 15679 11840 15679 11616 15679 12319 13812 10452 15679
8992 13490 11389 12806 10293 13193 9528 13243 8992 13490
9448 14173 10919 14173 11559 13533 10001 13620 9448 14173
10719 16080 10718 15325 11087 14588 10378 15026 10491 15571
11707 17561 14160 17561 12103 17561 12595 16866 11707 17561
8755 13135 10470 12108 9157 12640 9961 11517 8827 12759
9313 13970 11067 13098 10130 13098 10343 12611 9498 13456
15814 23722 16803 23722 15814 23722 15909 23627 15814 23722
9240 13861 12060 13861 10856 12993 9512 13798 9240 13861
8003 11983 8812 10623 8280 10623 9164 9925 7584 11420
10829 16245 12208 16245 11175 16245 11477 15597 10829 16245
9858 14789 11327 14789 11524 13123 11006 13641 9858 14789
11955 17933 13115 17933 12813 17933 12813 17933 12813 17933
11063 16596 11777 16596 13820 13839 11176 16483 11063 16596
9124 13688 11182 12601 10552 12341 10219 12593 9124 13688
12578 18869 14186 18869 13534 18869 13868 17747 12578 18869
8108 12163 9952 12163 10175 11005 8174 12097 8108 12163
8819 13231 11004 12335 9957 12879 9339 12711 9191 12879
9605 14410 12317 13729 10976 14228 11383 14272 10042 14272
10499 15749 11265 15710 10627 15710 11190 15339 10473 15710
11007 16511 12695 16268 12192 16268 11900 15375 11007 16511
10787 16182 11963 16182 11516 16182 11327 15753 10787 16182
7535 11304 9957 10893 9464 11045 8528 10893 7766 11304
11244 16867 12714 16867 11273 16867 11475 16636 11244 16867
9899 14851 13305 14851 10961 14064 10658 14092 9899 14851
19920 29881 19920 29881 24124 25677 19920 29881 19920 29881
11015 16527 14000 14993 12047 16498 12420 15438 11312 16498
8221 12333 10711 11626 8844 11908 8950 11852 8618 12002
12516 18774 13356 17934 12964 18214 13342 17808 12992 18354
10027 15041 12922 15041 11759 13309 11395 13673 10027 15041
10414 15623 12509 14493 11570 14493 11075 15063 10720 15588
9404 14108 11162 14108 10361 13435 9853 13795 9601 14108
9621 14433 10876 14433 11370 12684 10231 13823 9621 14433
10932 16400 11899 15661 14070 13924 11395 16148 11221 16400
10098 15149 13325 14292 11056 14191 10760 14487 10190 15057
9597 14397 11608 12509 10897 11813 10472 13070 9597 13863
11341 17013 14675 17013 13145 15637 11724 16630 11341 17013
12672 19009 13832 19009 13832 18339 13986 17695 12672 19009
10928 16393 11499 15822 13016 14305 12560 14761 11499 15822
10708 16065 13041 15273 13041 15273 13085 13688 10708 16065
9402 14105 10750 14105 10710 13024 10401 13459 9430 14105
12128 18193 12128 18193 15936 14385 12400 17921 12128 18193
9982 14976 11329 14075 10231 14075 11364 12856 10317 14641
8573 12862 11171 12862 9341 12094 9508 12188 8726 12862
10309 15465 12194 15465 11544 14230 11631 14143 10309 15465
9556 14336 11421 14336 10862 13426 10324 14062 9952 14336
26656 39985 26656 39985 28462 38179 27351 39290 26656 39985
9068 13604 11057 13269 10418 13269 10314 12278 9228 13293
9776 14665 12836 13697 11482 13153 11992 13310 11288 13925
11833 17750 14402 17750 14002 15750 12002 17581 11833 17750
8197 12298 9623 11780 8541 11979 9286 11270 8541 12179
11575 17365 12548 16155 12644 15395 12644 16142 11860 16926
11378 17069 12533 16143 12376 16471 11878 16569 11378 17069
14748 22124 14748 22124 19942 16930 15337 21535 14748 22124
16450 24676 18815 24676 18178 22948 16450 24676 16450 24676
7531 11297 9858 10608 8434 10968 7701 11297 7830 11297
10180 15272 11586 13948 11996 12624 11279 14173 10642 14810
12766 19150 14904 18448 13293 18623 13967 17949 12766 19150
13251 19878 14867 19878 14867 19878 14967 18162 13251 19878
7561 11343 10085 11343 8873 11343 8678 10671 7756 11343
9344 14017 11669 13026 10324 13222 10039 12982 9344 14017
7914 11872 8870 11705 8574 11063 8128 11603 7766 11947
7846 11771 9998 10505 9998 10600 9250 10693 7846 11771
12221 18332 16487 18332 14265 18136 13452 17101 12221 18332
9675 14514 11245 13725 10456 14514 10362 13827 9675 14514
8969 13456 10420 13216 10358 13367 10130 12650 9346 14210
11892 17840 16024 16616 15153 16616 13079 17172 12523 17209
10560 15841 12937 15841 12392 15256 10814 15841 10560 15841
9381 14073 12645 11364 10741 12694 9615 13169 9113 13671
10593 15923 12692 15387 13743 14079 11941 14673 10593 15854
9840 14761 11934 14139 10990 13611 11933 12668 9840 14761
15036 22555 15036 22555 17262 20329 16026 21565 15036 22555
9985 14978 10565 14978 9985 14978 10066 14897 9985 14978
8298 12449 10034 11961 9877 11402 9150 11888 8459 12449
8829 13245 11608 10983 10089 11985 9843 12383 9124 12950
9468 14204 11644 13867 10019 13867 10523 12913 9468 14070
8696 13045 10265 12360 9459 13045 10549 11192 8696 13045
12018 18029 12018 18029 14139 15908 12329 17718 12018 18029
8509 12766 11431 11454 9821 11801 9142 12133 8732 12592
8999 13304 10737 11976 11617 12738 9935 14616 9858 12792
11300 16951 11670 16951 11300 16951 12267 16354 11300 16951
9557 14338 10452 13503 9655 14338 9782 14172 9917 14338
13994 20993 15369 20993 15369 20993 14331 20656 13994 20993
8551 12830 9810 11953 9228 12328 9930 11451 8854 12830
12557 18838 13957 18838 13496 18006 13143 18298 12557 18838
12284 18428 13689 18428 14211 16501 13288 17966 12284 18428
10422 15635 11330 15016 11330 15016 11001 14996 10422 15575
9119 13680 11436 12808 11436 13680 10272 12527 9119 13680
11976 17967 13152 16919 11785 16961 12146 16833 11976 16961
11624 17438 13839 17438 12242 17438 11683 17379 11624 17438
8547 12823 10153 12317 9470 12526 9154 12474 8527 13182
6370 9556 8498 9457 8301 9457 8331 9373 6258 9556
9330 13997 10841 13704 10165 14181 9849 13478 9522 13805
9172 13759 10881 12845 10458 11897 10696 12235 9172 13759
15495 23244 17721 23244 18130 20609 17252 21487 15495 23244
9351 14029 10661 13466 11631 11888 10194 13186 9543 13837
12516 18775 14302 18775 13024 18775 12778 18775 12516 18775
10207 15314 11758 15314 12783 12738 10975 14546 10207 15314
8299 12424 9026 12135 9268 12341 9455 11112 8317 12341
7749 11625 10356 11625 9249 11625 9004 10763 8241 11625
16476 24716 20369 24716 19465 24394 17252 24456 16476 24716
11530 17296 12842 15984 12842 15984 12050 16776 11530 17296
12239 18361 13140 17460 13140 17460 12994 17606 12239 18361
8024 12038 10861 10882 10300 10534 9860 10783 8353 11470
8431 12678 10268 11967 9297 11521 10356 11026 8421 12853
8652 12979 10304 12803 8818 12803 9321 12744 8746 12803
12115 18173 13374 16873 12731 15670 12759 16802 12367 17194
8684 13028 10404 12207 11187 12230 10453 11374 9504 12322
8348 12523 10377 12523 9357 11832 9225 11759 8348 12523
10480 15722 10914 15591 12251 15346 11777 15518 10537 15722
12468 18703 14649 18703 13754 18703 13111 18060 12468 18703
9224 13838 11839 13531 10054 13665 10179 13479 9388 13674
9785 14680 11340 13902 9998 13902 10193 14272 9998 14467
11227 16842 12443 16842 11894 16842 12544 15525 11227 16842
10346 15522 12964 15046 10688 15180 11381 14487 10688 15180
8749 13125 11931 12270 10366 12727 10482 11758 9104 12770
10828 16244 12437 16244 11365 16244 11761 15439 10828 16244
10890 16336 14522 16336 10890 16336 10991 16336 10890 16336
11403 17106 11996 17106 11996 17106 11995 16514 11403 17106
11425 17139 11940 16380 11425 16380 12234 16330 11425 16855
8639 12960 10828 11651 10033 12286 8639 12960 8639 12960
8498 12749 11335 12127 10922 11105 9223 12047 9027 12425
9236 13855 11319 14774 10214 13132 10441 12650 9236 13855
11669 17505 15262 17505 14266 14943 12132 17042 11669 17505
13302 19954 14085 19954 14085 19954 14219 19037 13302 19954
8790 13187 10815 12944 11201 13061 10379 12224 8880 13097
13321 19984 14866 18911 14151 19154 14036 19524 13321 19984
9716 14574 12158 12930 12009 11955 10366 13761 9716 14050
11381 17073 11381 17073 11381 17073 12123 16331 11381 17073
11728 17593 12835 16271 13224 15436 12227 17127 12194 17127
8536 12806 10715 11930 10062 12049 8946 12412 8909 12583
8872 13311 10366 12635 10366 13284 9852 12340 8872 13311
12071 18109 12071 18109 13778 16402 12466 17714 12071 18109
10064 15098 11052 15098 10941 14687 10759 14403 10064 15098
9407 14111 12841 13981 10917 13783 11442 12252 9582 13981
9883 14827 13173 13948 10989 13907 11164 14467 10283 14734
10327 15494 11559 14538 10817 15004 11720 14270 10817 15004
10346 15520 11719 14707 10686 15141 10944 15386 10686 15360
12285 18428 13351 18428 12412 18428 12303 18410 12285 18428
14496 21744 14496 21744 16152 20088 16464 19776 14496 21744
11518 17278 13253 17026 11812 17237 12819 17026 11518 17278
7744 11618 9650 11232 8661 10410 8038 11729 7607 11927
15201 22804 15885 22804 18088 19917 15953 22052 15201 22804
11251 16878 13580 16878 12562 15567 11590 16539 11251 16878
8847 13275 11802 12751 9467 13188 9883 12514 9279 13001
8670 13006 11468 13006 10461 12465 9838 12394 8943 13006
10764 16148 13883 14342 12624 14288 12023 14889 10764 16148
11165 16748 11396 16055 11374 16055 11857 15572 11374 16055
13602 20404 15692 20404 13602 20404 14517 19489 13602 20404
8185 12699 10698 10160 9503 10210 8884 12271 8675 11877
11482 17225 11482 17225 13130 15577 12349 16358 11482 17225
6961 10443 9462 10443 8088 10443 7765 9639 7112 10443
11279 16919 12017 16919 11279 16919 11843 16355 11279 16919
12322 18485 15699 18485 13448 18485 13872 17857 13244 18485
6979 10469 9696 10191 8662 10469 8107 9465 6979 10469
9071 13608 11543 13608 9645 13608 10043 13129 9071 13608
8535 12803 10541 12704 10209 11555 9126 12408 8535 12803
13121 19682 13121 19682 15148 17655 13121 19682 13121 19682
9568 14352 10336 14280 10352 13568 10024 13920 9568 14352
13462 20194 15437 19827 13829 19827 14139 19827 13829 19827
11101 16654 13989 16368 12402 16368 11821 16029 11630 16368
8920 13383 10609 13135 9856 13135 9262 13246 8967 13246
8311 12469 11261 12469 11261 11565 9240 12299 8383 12469
9011 13518 10389 12420 10147 12420 9739 12828 9011 13518
14260 21392 14260 21392 16090 19562 16112 19540 14260 21392
8295 12443 9541 11591 8438 11591 8994 11744 8710 12028
12123 18186 12861 18186 13444 16865 13180 17129 12123 18186
13035 19553 13332 19553 15347 17241 13183 19405 13035 19553
10160 15241 12814 15241 12362 14867 10160 15241 10160 15241
8530 12797 10522 12615 10340 12797 9518 11829 8530 12797
8663 12997 10209 12041 9163 12997 9754 11906 8663 12997
10089 15134 12864 15134 11758 14571 10708 14515 10089 15134
12015 18024 13816 18024 12934 17105 12534 17507 12015 18024
7357 10854 8916 9901 8704 9070 8844 9597 7856 10854
8123 12187 11084 11081 10945 11081 8741 11616 8555 11755
8329 12496 10761 12496 10243 11577 8491 12479 8329 12496
8212 12320 9396 12143 8829 12143 9526 11656 8462 12143
9119 13679 11767 12461 8908 12655 9467 12461 8887 13216
7818 11728 9598 10506 8558 11502 8755 10716 7893 11502
11263 16896 12196 16896 12631 15528 11719 16440 11263 16896
10267 15402 11502 14433 11202 13498 11087 14998 10683 14433
10285 15431 11536 15186 11234 15186 12002 14339 10854 15186
8311 12493 10105 11453 9647 11612 10126 11446 8610 12253
10115 15174 11542 13909 11542 14664 11681 13843 10350 15174
10592 15891 11800 14683 12073 14410 11505 14978 10592 15891
8205 12309 10240 12309 9518 11586 8763 11751 8205 12309
7118 10679 8979 9165 8062 9588 7877 9696 7343 10324
7442 11165 10892 10335 8094 10368 8419 10179 7536 11071
9796 14697 11903 14303 11110 14092 10826 14092 10453 14303
8163 12246 9953 11952 9580 11527 9519 10977 8180 12246
9481 14224 11397 14224 10162 13616 9819 13960 9554 14224
8734 13566 11862 12443 9818 12220 9510 12239 8734 13062
10898 16351 12835 15360 11568 15681 11974 15275 10898 16351
9551 14328 11455 14328 10615 14328 9900 14085 9657 14328
9535 14305 11589 13265 10977 12702 10218 13581 9762 14037
7956 11934 10116 11196 9414 11196 8730 11133 8064 11925
8066 12101 9312 11859 9081 11485 8833 11334 8066 12101
9548 14324 11651 14049 11651 14049 9980 13867 9548 14049
12282 18425 12958 18425 12282 18425 13400 17307 12282 18425
8879 13321 10384 12543 9439 12520 10264 12606 8966 13321
10047 15073 11251 14447 12098 13541 10534 14586 10047 15073
9847 14772 11570 14103 12111 13112 10413 14206 9847 14772
9217 13826 11930 12470 10407 12706 9868 13175 9217 13826
11147 16721 13114 16721 14315 14197 11448 16420 11147 16721
10869 16305 13947 16305 12353 15931 12088 15368 10886 16305
7443 11168 9533 10349 7867 10969 8723 10424 7398 11303
10307 15464 11320 14451 11431 14340 10689 15082 10307 15464
8646 12969 10513 12969 8779 12969 9362 12252 8646 12969
12314 18474 13419 18266 12983 18119 13308 17488 12530 18266
10232 15348 11660 14782 10927 15290 11280 14399 10292 15320
10403 15606 10470 15606 11737 14339 10577 15432 10403 15606
10648 15974 12471 15974 10806 15974 11265 15357 10648 15974
11505 17259 12759 15988 12777 15988 11506 16591 11505 17259
10572 15860 11944 15322 10592 15706 12128 14304 10572 15860
10650 15976 11297 15976 12757 14516 10663 15963 10650 15976
10666 16000 12103 15956 10695 15956 11649 15148 10695 15956
12200 18301 15114 18301 14635 17049 13725 18301 12769 18301
11712 17570 11727 17570 13031 16251 11712 17570 11712 17570
7279 10920 10444 10434 8160 10434 8116 10702 7614 10918
9408 14114 10602 14076 10771 12909 10010 13670 9604 14187
12815 19225 14940 18701 15850 17236 13709 18331 13339 18701
7831 11748 10360 9879 10420 9518 8354 10742 8111 10985
7439 11161 9360 11055 9401 9563 8667 9933 7738 10862
6125 9190 7660 8461 6912 9189 6470 8970 6258 9215
7538 11309 9144 10717 8641 10471 8088 10759 7538 11309
10514 15772 11462 15772 10514 15772 11190 15096 10514 15772
8444 12668 10307 12323 9814 11894 9365 11402 8444 12668
14328 21493 15994 21493 15412 20673 15677 20144 14328 21493
20309 30465 21513 30465 20309 30465 20585 30189 20309 30465
9069 13607 11744 12977 10640 12977 9938 12738 9069 13607
9790 14688 11378 14511 10416 14511 10099 14327 9849 14511
9268 13903 10902 13903 10662 12509 10078 13093 9268 13903
9106 13661 12915 13661 9564 13661 10950 13079 9564 13661
8675 13013 10259 13013 9460 13013 9917 11771 8675 13013
9004 13508 10927 13508 11664 11844 10301 12521 9314 13508
11552 17330 12615 16387 14132 14750 13608 15274 12278 16604
13275 19207 13697 18732 14781 17177 13985 17955 13275 18901
9276 13915 12445 13915 10118 13915 10375 13043 9276 13915
8517 12779 11285 11934 10336 12199 9414 12462 9001 12779
8327 12492 11145 12492 10164 11562 9919 10995 8327 12492
8915 13374 10909 12352 9945 12448 9482 12807 9302 12987
12105 18159 13354 17448 12105 18159 14713 15551 12105 18159
8310 12592 10187 12337 10013 11357 10016 11953 8992 12337
9902 14855 9933 14855 9902 14855 10395 14393 9902 14855
8411 12618 11200 10317 10235 11085 8946 12083 8411 12618
11375 17063 12047 17063 12969 15469 12064 16374 11375 17063
9462 14195 10430 14195 10105 14195 10395 13470 9670 14195
12238 18359 13249 17563 12238 18359 13677 16920 12238 18359
8388 12584 11766 12584 9906 11776 9300 11672 8388 12584
8908 13364 10582 12317 11048 11224 10394 11878 8908 13364
11352 17030 13222 17030 13041 15341 12675 15707 11352 17030
11033 16551 13139 16458 11711 15780 11959 15656 11033 16458
11752 17628 13507 16718 13507 16718 13455 15197 11934 16718
8210 12317 10243 12317 9269 11258 9034 11786 8210 12317
16377 24567 16377 24567 18062 22882 17531 23413 16377 24567
10934 16403 12276 15634 12276 15634 12223 15049 10934 16364
8635 12954 12260 12645 10905 12234 9123 12083 8622 12645
10041 15062 11445 15062 12255 13011 10204 15062 10150 15062
10372 15560 11749 14239 11749 14225 10748 15184 10372 15560
11802 17705 12449 17705 14064 15443 11802 17705 11802 17705
11148 16724 13071 16724 13071 16724 11653 16219 11148 16724
11623 17435 12959 17435 13488 15570 12271 16787 11623 17435
8502 12754 11457 12665 10155 12126 9344 12386 8512 12754
10008 15014 11989 15014 10946 15014 11357 14287 10550 15014
9898 14848 12987 13774 11594 13774 11691 13055 10643 14103
14235 21354 14235 21354 14235 21354 16210 19379 14235 21354
10991 16488 13585 16488 13221 15276 12394 15142 10991 16488
11007 16511 12648 14933 11772 15629 11819 15940 11327 16074
8134 12204 9358 11556 8982 10983 8528 11918 8298 11948
10418 15629 11697 15629 11776 15294 12976 13694 10418 15629
6610 9916 9257 8699 8495 8699 7289 9238 6666 9805
11710 17566 12281 17566 12763 16513 12083 17193 11710 17566
9733 14603 11057 14411 10376 14411 9733 14587 9733 14587
9815 14724 10981 14483 10800 14483 10615 13934 10066 14483
13491 20238 14132 20238 13603 20238 14466 19375 13603 20238
7898 11849 10722 11849 9262 11642 8964 11429 8256 11849
7867 11804 8742 11877 8580 12000 8484 11187 7929 11742
8914 13373 11246 12273 9686 12927 10149 12138 9360 12927
17771 26657 21009 26657 21009 26657 18975 25683 17771 26657
7557 11337 9917 10760 8796 11033 8702 10756 7872 11022
9085 13606 11746 13606 10169 13606 9781 13272 9471 13606
9327 13993 10393 13381 12489 10535 10533 12454 9362 13381
10196 15296 12989 14028 11738 13754 11805 13687 10196 15296
12719 19080 12934 19080 14403 17396 13114 18685 12719 19080
10247 15372 13860 15372 11390 15372 10819 14800 10247 15372
7034 10552 9260 9324 8838 9338 9198 9528 7240 10552
7307 10962 9551 9880 8272 10146 8597 9795 7678 10734
16521 24782 20109 24782 21195 23696 18792 22511 16521 24782
10694 16043 11587 15150 11587 15150 10694 16043 10694 16043
10566 15851 12721 15851 11271 15851 11183 15812 10964 15851
11800 17701 14338 17701 14419 16516 13235 16266 11800 17701
12934 19404 13814 18524 13814 18524 13503 18835 12934 19404
10814 16223 12028 15009 11751 15286 11859 15178 10814 16223
9690 14537 13084 14537 13084 14537 11950 14416 9690 14537
12288 18436 12646 17460 12714 17460 13096 17628 12355 18010
18105 27159 18105 27159 18105 27159 18105 27159 18105 27159
10760 16142 11639 15403 11414 15488 11144 15823 10760 16142
8434 12654 10386 12450 8939 12450 9258 12362 8434 12654
11279 16919 12849 16919 12647 16019 12798 15400 11279 16919
9015 13526 10862 12876 9557 12876 9785 12578 9085 13602
8168 12254 9104 11705 10004 11425 9563 11173 8231 12092
8352 12528 10494 11664 9891 11997 9774 12051 8550 12528
9379 14069 11771 14069 12027 12128 10072 13502 9379 14069
12304 18458 13213 18458 12805 18458 13230 18311 12555 18458
10865 16298 12439 15637 11271 16298 11814 15468 10968 16298
10615 15926 11579 15466 11831 14710 11455 15086 10615 15926
11630 17447 13882 16676 14319 15952 13580 15437 11630 17054
10454 15683 12850 15139 11112 15139 11028 15244 10588 15683
14326 21490 14612 21490 14326 21490 14898 20918 14326 21490
7579 11369 11078 9959 9724 9959 7870 11078 7579 11369
11024 16539 12578 15032 12186 16263 11980 15613 11895 16263
8842 13265 12262 12981 10284 12356 9312 12887 9218 12981
9309 13964 11135 13964 10326 13573 9909 13364 9309 13964
10500 15751 12564 15418 11888 15497 10658 15530 10658 15657
9864 14799 10817 14066 11611 13077 11208 13455 9864 14799
11883 17826 13188 17826 14310 15751 12348 17361 11883 17826
14105 21159 17711 21159 15975 19289 14466 20821 14105 21159
8449 12675 10956 12675 9665 12151 10335 11586 8449 12675
11320 16982 12380 16949 11822 16949 12912 16329 11822 16949
10391 15588 12170 15356 10567 15356 12802 13950 10236 15356
6934 10402 9704 10195 9096 10056 8524 8753 7104 10402
12572 18859 13127 18859 13427 18004 14583 16848 12572 18859
10453 15681 11838 15681 11838 15526 10608 15526 10453 15681
7879 11820 11058 8753 10760 8847 8847 10760 7879 11765
10290 15436 10927 13982 11240 13477 11829 12298 10290 15436
14152 21230 14426 20956 16394 18988 16504 18878 14426 20956
7896 11845 10375 10428 9934 10711 9608 10396 8390 11562
10790 16187 11536 16187 12239 15484 11239 15738 11065 16187
13997 20998 13997 20998 14548 20447 14548 20447 13997 20998
9903 14857 10538 14877 10318 14692 10408 14253 9969 14791
15544 23318 18373 23318 17474 23318 16126 22736 15544 23318
8428 12644 10405 12536 9435 11842 8716 12501 8608 12644
8525 12791 10414 11770 9282 11549 9687 11071 8728 12275
10566 15851 12257 15851 11740 14677 10770 15755 10674 15851
14070 21106 17223 21106 17954 20375 15269 21106 14070 21106
9920 14882 11615 14882 11880 13352 11352 13547 9920 14882
9606 14411 11204 14058 11174 14067 9528 14008 9606 14087
14294 21442 15577 21442 15064 21442 16265 20754 15064 21442
11627 17442 14713 17442 15335 16820 13111 16137 11627 17442
9796 14696 11083 13764 10784 13764 10586 13836 9978 14507
8036 12057 10400 11357 9312 11468 9168 11217 8241 12057
10522 15786 11705 15228 13046 12767 10408 14970 10150 15518
9253 13881 11831 13132 11947 12543 10307 13012 9253 13211
16107 24163 18580 24163 18580 23267 18846 21528 16107 24163
10588 15883 14286 15883 12164 15883 11659 14812 10588 15883
10482 15725 11511 15008 11406 14510 11147 15060 10825 15382
10681 16023 12491 16023 14242 14272 10681 16023 10681 16023
11523 17285 12160 17285 12863 16582 11565 17243 11523 17285
16257 24386 17333 24386 18122 22521 17070 23573 16257 24386
10980 16470 12597 16470 10980 16470 12070 15380 10980 16470
10232 15350 12190 14607 11607 13853 10908 13460 10300 14661
10241 15362 11394 15362 10241 15362 10334 15269 10241 15362
8631 12949 9704 11907 9102 12254 9042 11576 8614 12712
8878 13317 11336 12862 10364 12110 9707 12488 8878 13317
7683 11442 10082 10499 9976 10880 8570 10632 7959 11156
8343 12517 10217 12479 9374 11813 9940 11247 9047 12479
9288 13933 11076 13727 10062 13727 10221 13169 9538 13933
10077 15116 12345 14923 10766 14923 10969 14267 10131 15116
10696 16045 12446 16045 11095 16045 11155 15586 10696 16045
13098 19648 15799 19648 14837 17909 13986 18760 13098 19648
10687 16031 12508 16031 11854 16031 11520 15198 10687 16031
7125 10689 8623 9643 10397 9622 7822 9737 7881 10306
8060 12092 10700 11826 10015 11826 10136 11063 8490 11826
10351 15528 12792 15528 11867 15528 11627 14825 10351 15528
10482 15724 11685 15724 11106 15724 10738 15724 10482 15724
12209 16636 14742 16170 12636 16170 12712 15688 12209 16635
10777 16051 12714 15227 11601 15227 11698 15130 10777 16051
8656 12985 11902 12985 12402 12485 9239 12402 8656 12985
9220 13831 11489 12041 10616 12755 11330 11721 9467 13831
12327 18492 13491 17328 13039 18144 13613 17206 12675 18144
13411 20119 13411 20119 13411 20119 13411 20119 13411 20119
9273 13910 10125 13910 12231 10952 10952 12231 9273 13910
8193 12291 11772 11219 9920 11823 9130 11664 8451 12254
8342 12514 11493 12514 11447 12166 10290 11493 8342 12514
7341 11014 8233 10122 10430 7925 8429 9926 7341 11014
12738 19108 15446 18825 14736 17618 12926 18825 12926 18825
13903 20855 18261 20855 16818 19447 14833 20534 14512 20855
9307 13962 11803 13254 10521 13254 10072 12635 9678 13254
7714 11572 8940 10715 9299 10326 8562 10724 7714 11572
9415 14125 11065 13611 9950 13611 10753 13289 9929 13998
9410 14117 10370 13541 10911 12784 10969 12558 9624 14117
11243 16867 11750 16867 12891 15595 13123 14987 11243 16867
12373 18561 14990 18561 14039 16895 14673 17074 12373 18561
8496 12746 11269 10960 9653 11861 9876 11678 8744 13967
11085 16629 12418 16194 11993 16175 12655 15059 11085 16629
8821 13233 11914 13000 9763 12933 9433 12933 8821 13233
8738 13109 9985 12322 11074 11184 9889 12055 8835 13109
14367 21551 17913 21551 15557 20361 15992 19926 15351 21551
10838 16258 12327 16084 13936 14475 11809 15287 10838 16258
8492 12740 11228 11677 9802 12119 9474 12685 8980 12377
9381 14072 11226 13484 10899 13484 10557 13406 9969 13484
10005 15008 12618 15008 11015 13998 11000 14013 10005 15008
8004 12007 10899 12007 9387 11568 9128 11095 8004 12007
9502 15279 11923 14070 11001 14070 10157 13747 9689 14215
9717 14577 11009 14438 11294 13686 9936 14358 9717 14577
12447 18673 12937 18008 12891 18008 13113 17786 12447 18673
9164 13748 11447 13484 9903 13484 9620 13134 9553 13484
10871 16308 13990 16308 12161 15018 12227 15198 10871 16308
9918 14878 11053 14617 11857 12888 12888 12782 9918 14878
9152 13729 11602 13509 10146 13729 9928 12953 9152 13729
11098 16649 11970 15777 13126 14621 11144 16603 11098 16649
9760 14641 12809 14570 10594 14617 11021 13420 9760 14641
11658 17490 13245 17489 12427 17489 12605 16578 11658 17490
9942 14916 10985 14916 10545 14916 11949 12909 9942 14916
8594 12891 11637 11847 10542 11812 10142 11586 8594 12891
10768 16153 13606 15985 12139 15985 12014 15542 11018 15985
9287 13932 11983 13932 11316 13505 11192 13535 9287 13932
9147 13722 11545 11821 10881 12523 10388 13058 10346 13058
10156 15235 11030 14480 11776 13734 11011 14499 10156 15235
12170 18257 13528 17268 13528 18257 12229 18198 12170 18257
8764 13148 9857 12262 9650 12262 10179 11733 8764 13148
10863 16296 12779 15571 11547 15612 11555 15901 10935 16296
8772 13160 10593 13101 11444 12023 10176 12277 8923 13188
9344 14017 11446 14017 9892 14017 10032 13880 9344 14017
7848 11774 10504 11080 9363 10996 8772 10994 8223 11442
6820 10232 9518 8672 7955 9432 7606 9567 6788 10114
13918 20879 15259 20879 15388 20555 14459 20338 13918 20879
10586 15881 12594 15881 11134 15881 12441 15256 10740 15881
8798 13199 11136 12115 9711 12252 9870 12082 8844 13016
13299 19951 14477 19951 13833 19951 15198 18586 13833 19951
7170 10757 10037 8838 9340 8840 7867 10060 7205 10757
12686 19030 14859 19030 13035 19030 13677 18039 12686 19030
9794 14694 12909 14007 11931 14502 10376 14199 9795 14586
8844 13267 11024 13267 9802 12591 9418 12693 8844 13267
8342 12514 11532 11659 10568 11122 9842 12012 8543 12514
11940 17912 12097 17912 12011 17912 12155 17697 11940 17912
7524 11289 9852 10600 8954 10156 8490 10851 7524 11289
10971 16459 11904 16459 11142 16459 11337 16116 10971 16459
10485 15729 11149 15729 11973 14241 11625 14589 10485 15729
8252 12381 11530 11404 9752 12381 9114 11682 8415 12381
10575 15864 10834 15864 10834 15864 11022 15417 10575 15864
9646 14471 11482 13043 11012 13124 10626 13491 9871 14246
9092 13639 11635 12836 11465 11823 9697 13070 8791 13103
10492 15739 13136 15739 11427 14804 11008 15223 10492 15739
6965 10451 9174 10023 7645 10023 7907 9509 6965 10451
12426 18641 14222 18641 14111 16956 14719 16348 12426 18641
8155 12235 10682 11950 9681 11405 9515 11373 8938 11950
10753 16132 12571 16132 12571 16132 12023 15163 11054 16132
12353 18531 14717 18531 15212 17544 15607 17641 12353 18531
6523 9787 8092 9011 7135 9011 6888 9653 6446 9671
11944 17919 14133 16612 12753 17542 12994 16941 12321 17724
10353 15531 11727 15073 11116 15014 11175 14814 10353 15531
7662 11496 10121 9846 9754 10956 10221 10372 8566 11090
11220 16832 13495 16832 13588 14464 12507 15545 11220 16832
11754 17632 12197 17632 11754 17632 11931 17455 11754 17632
9354 14033 10943 13097 9941 13841 9492 13940 9419 13968
8925 13390 11336 13232 11956 10813 9424 12932 8976 13311
10994 16492 11925 16492 11397 16492 10994 16492 10994 16492
10911 16368 12757 15499 11607 15818 11655 15624 11278 16001
14658 21251 14610 20980 16134 19308 15496 20413 14265 21177
10394 15593 11966 15593 11482 15593 10576 15411 10394 15593
8819 13231 10986 12908 9818 13092 9835 12215 8958 13092
9902 14853 13298 12337 10843 13912 11048 13707 9902 14853
9236 13856 11616 13778 10813 13856 10039 13195 9422 13856
9004 13409 10067 12421 9287 12839 10659 11902 9170 13049
14659 21991 15142 21991 16075 21058 16512 20138 14659 21991
10844 16267 11651 16267 11744 16174 11858 15253 10844 16267
11388 17083 13677 17083 12422 16049 11388 17083 11388 17083
6979 10470 9348 10470 7948 10470 8313 9873 7335 10470
7024 10539 9611 8348 8807 8978 8361 9289 7024 10341
9857 14787 11608 14787 11720 14675 11195 14787 9858 14787
7954 11934 9336 11499 8944 11499 9284 10704 8242 11746
7527 11294 9410 10598 8610 10647 10095 8832 7544 11272
8749 13386 10837 11339 9923 12599 9914 12125 8952 13127
11296 16696 12701 15864 11296 16051 11296 15636 11296 15937
11519 17280 13933 17280 13933 16900 12003 16796 11519 17280
12013 18021 13557 17558 13557 17558 12724 17310 12075 17959
7028 10545 8083 9266 7667 9238 8301 9272 7303 10270
11733 17601 12801 17601 12775 17263 12330 17263 11909 17601
10167 15252 11666 15252 10751 15252 10727 14692 10167 15252
13439 20160 16455 20160 16315 17284 14252 19347 13439 20160
7783 11677 9309 11085 8200 11085 8233 11227 7783 11653
10917 16378 12389 16378 10917 16378 11318 15977 10917 16378
9845 14770 10950 13905 10770 13905 10607 14008 9845 14770
12855 19283 14384 19283 13618 18878 13199 19283 12855 19283
13652 20479 14878 20479 15671 18460 14277 19854 13652 20479
14849 22275 15679 22275 18292 18832 15472 21652 14849 22275
9641 14463 12016 12299 10489 13615 10569 13535 9676 14463
17064 25597 20022 25597 20022 23691 17832 24829 17064 25597
9644 14468 11064 14041 10270 14331 11355 12956 10270 14331
8794 13192 10784 11892 9788 13192 9358 12831 9053 13192
12539 18810 14975 18810 13076 18273 13920 17429 12539 18810
9108 13663 11149 11622 10091 12680 9805 12966 9444 13327
10018 15029 11155 15029 10385 15029 11546 13501 10385 15029
10081 15122 11696 15122 11993 13210 10826 14377 10081 15122
8327 12492 10045 11564 9573 12160 9297 11785 8934 12170
8559 12841 10293 12847 9132 12761 9720 12080 8559 12761
13040 19562 13423 19179 14495 18107 14113 18489 13423 19179
9512 14271 10556 14300 9691 14498 9962 14208 9651 14102
10384 15579 11712 14560 11134 15579 11971 13992 10384 15579
9604 14408 12026 14408 11512 13694 10332 13680 9604 14408
8681 13023 10277 12237 10295 12336 10043 11531 8920 12975
8876 13317 10316 12161 8857 12161 10059 12134 9306 12887
9602 14404 11971 13819 11167 12827 11582 12522 9602 14404
10401 15603 12018 15603 11485 14736 11013 14991 10401 15603
6411 9618 9090 9425 8161 9425 7338 8604 6663 9425
8139 12209 11096 11069 10442 9906 8401 11947 8257 12091
8861 13292 11438 12236 10269 12239 9299 12379 9382 12956
10091 15137 11428 15137 11173 14055 10780 14448 10091 15137
10924 16389 12032 15839 11474 15839 12573 14740 10924 16389
8653 12982 10673 12771 9397 12929 10105 11838 8751 13094
9204 13808 10800 13228 9784 13228 10187 13176 9204 13808
10140 15211 12757 15211 13329 13600 11036 14315 10140 15211
9133 13701 11768 13701 10682 13701 11048 11949 9296 13701
11068 16604 13058 15524 12465 16106 11873 15842 11184 16604
12461 18693 14623 18693 13208 18693 13551 17603 12461 18693
9637 14456 11863 14075 11699 12498 10415 13426 9841 14354
11239 16860 13170 16860 13126 16860 11943 16860 11239 16860
9781 14673 12829 14673 11252 14673 10136 14318 9781 14673
7539 11310 10005 10222 8978 10040 9532 9971 7539 10798
7938 11908 9811 11023 8380 11215 9314 10505 8344 11475
9475 14215 10456 13480 10920 12488 10173 13173 9866 13762
11165 16749 12709 16749 12275 16749 12196 15758 11165 16749
9363 14046 11001 14046 11175 12635 9950 13459 9489 14046
12193 18292 13144 18292 14439 16046 13251 17234 12193 18292
8999 13501 11553 12479 10298 12791 9649 12851 9199 13501
9615 14426 11167 13723 10560 13723 10630 13593 9615 14426
7061 10594 9653 10988 8574 10000 8013 10524 7351 10548
13671 20508 14444 19735 14444 19735 16309 17870 14444 19735
11000 16500 11725 16500 11126 16500 11672 15828 11000 16500
11927 17893 12497 17893 13020 16800 12087 17733 11927 17893
9755 14636 11022 13917 10211 13917 11405 13269 9883 14445
10759 16139 13676 14944 12597 14944 12104 14551 10759 15528
10456 15686 12446 15686 12077 15686 11561 14821 10456 15686
7821 11733 9028 11733 8055 11733 8478 11467 8055 11733
8610 12917 11088 11156 9821 12648 9207 12390 8908 12794
9373 14061 10738 13421 10747 12687 9835 13599 9407 14061
12743 18164 12290 18208 14466 16666 13129 18003 12924 18208
9571 14358 11647 13001 11243 13442 10548 13381 9571 14358
8834 13253 11373 12544 9350 12737 10270 11817 8834 13253
9744 14617 11195 14617 11195 14617 11454 13212 10049 14617
14868 22303 14868 22303 14868 22303 15933 21238 14868 22303
8783 13176 11666 13176 10126 13131 10988 11379 8783 13176
10508 15765 11990 14283 11813 14460 11142 15141 10509 15765
14141 21214 14141 21214 15394 19961 14986 20369 14141 21214
9205 13809 11689 12719 11311 12895 10251 13633 9873 13431
8357 12538 10572 12538 9125 12538 8751 12240 8357 12538
14163 21246 15807 20578 15718 20578 15139 20912 14408 21001
9773 14662 11604 14662 11129 14662 10177 14429 9848 14662
9478 14218 11988 13327 10332 13807 10427 13269 9478 14218
8847 13919 10509 11718 9486 12553 9696 11829 8671 12772
11488 17234 13197 17119 12704 17043 12058 16702 11589 17171
9790 14688 10979 14800 11516 13604 10167 14455 9790 14688
8651 12978 10996 11073 10457 11927 9190 12439 8765 12978
10513 15771 12940 15771 11599 15771 11621 14663 10513 15771
9351 14029 10423 13219 9922 13855 10095 13393 9409 13886
11129 16696 11862 16696 12780 15778 12168 15725 11197 16696
9824 14737 10645 14199 10569 13802 11083 13646 9824 14623
11866 17800 14382 17800 14584 15640 12476 17190 11866 17800
11908 17864 14582 17864 14967 15352 13002 16770 11908 17864
8707 13062 9789 11996 11388 10381 9108 12661 8856 13062
11933 17901 14182 17901 15260 14574 13596 16238 11933 17901
6791 10188 8814 8876 8450 9149 7597 9382 6981 9998
13466 20201 13466 20201 16038 17629 13929 19738 13466 20201
9439 14161 12611 13265 10980 13265 10715 12794 9862 13732
12103 18157 14322 18157 13097 17966 12852 17408 12103 18157
8781 13173 10679 12612 8845 13047 9939 12038 8781 13173
13493 20242 15574 20242 13493 20242 13999 19736 13493 20242
10129 15195 10632 15195 10585 14916 11063 14261 10129 15195
10072 15110 12449 13109 10961 14307 10622 14560 10072 15110
10364 15547 11797 15547 12824 13664 11918 13993 10364 15547
11155 16734 14309 16277 12171 15718 12791 15657 11155 16734
7989 11986 11276 10023 8910 10966 8479 11509 8033 11887
10260 15390 11460 14190 12555 13095 11130 14520 10260 15390
13560 20342 14641 20079 14642 20079 14553 19287 13661 20241
12533 18801 13954 18801 12533 18801 13763 17571 12533 18801
8798 13201 11691 12623 10538 12623 9556 12443 8798 13201
7566 11350 9023 11350 8006 11350 8343 10573 7566 11350
10649 15976 11747 15059 11719 15976 11339 15345 10763 15976
10549 15825 12704 15736 11165 15736 11267 15604 11136 15736
12514 18772 14548 18772 14548 18772 12650 18636 12514 18772
8103 12157 11133 10571 9056 11246 9240 11501 8114 12146
9527 14293 9853 14293 10592 13553 10159 13661 9527 14293
7777 11667 9861 10406 9861 10406 8374 11070 7812 11124
11075 16614 12913 16614 12025 16089 11338 16376 11075 16614
9790 14686 12688 14686 11123 13545 10919 14007 9790 14686
10091 15139 11515 14691 10539 14691 11515 13715 10539 14691
8788 13184 11465 11675 9900 12067 9676 12322 8817 13181
11297 16947 11909 16947 11297 16947 11747 16497 11297 16947
11671 17508 12532 17508 14328 15712 11671 17508 11671 17508
8601 12904 10255 11456 9180 12008 9092 12077 8459 12691
8662 12994 9536 12921 8662 12994 9473 12183 8724 12994
9045 13570 10313 11850 10854 11399 10150 11488 9231 13384
10479 15719 11290 15719 11075 15719 10527 15671 10479 15719
8518 12778 11003 12778 9906 12584 8889 12407 8518 12778
7813 11722 8862 11020 8338 11722 8804 10731 7813 11722
8551 12828 10770 11503 9878 11707 9383 12165 9043 12505
9465 14198 10841 14198 10588 14198 10140 13523 9465 14198
10837 16257 12934 14563 11971 16257 11983 15111 10837 16257
8099 12150 9385 12150 9385 12150 9579 10670 8099 12150
8452 12680 10999 12680 10212 12680 9491 12065 8452 12680
9128 13695 10510 12313 9576 13247 10630 12193 9576 13247
10848 16273 13494 16273 12637 14484 13805 14134 11666 16273
9670 14507 11697 13760 10417 13812 10006 14052 9670 14362
8462 12694 9989 12694 10066 12377 9628 11596 8530 12694
9562 14345 10770 14345 9842 14345 9954 13953 9562 14345
10269 15406 12307 14263 11118 15406 11016 14724 10439 15406
8605 12909 10937 12909 10151 12488 9767 11747 8605 12909
10730 16097 12714 16097 11283 16097 12549 14638 10730 16097
10190 15286 12279 15286 10899 15286 11647 14345 10190 15286
11736 17605 12269 17605 11915 17605 11736 17605 11736 17605
8794 13193 10393 13193 8815 13193 9384 12742 8794 13193
9398 14236 10875 14160 10749 12300 10015 14805 10024 15038
6663 9996 9047 8723 8099 9247 7612 9047 6663 9996
9628 14444 12757 14444 12543 12475 9970 14102 9628 14444
9650 14478 11792 14371 11482 13301 10745 13538 10411 14443
16040 24062 16954 24062 17563 23453 16785 23317 16040 24062
10718 16080 12003 15390 11339 15459 11046 15754 10718 16080
8549 12825 10574 12825 8549 12825 9339 12035 8549 12825
9648 14475 10753 13556 10697 14475 10688 13565 9945 14475
8558 12839 10504 12656 9256 12656 9269 12332 8578 12839
9508 14264 12300 14264 10950 14173 11765 13650 9632 14264
7091 10638 9543 10638 8742 10575 8595 9796 7582 10638
10404 15607 13036 15607 12258 15139 11744 14953 10949 15607
8030 12047 9305 11661 8864 11661 8771 11306 8170 11907
7524 11290 9133 10900 9301 10679 8246 10442 7860 10918
9372 14060 11582 13990 10396 13891 10226 13206 9372 14060
8419 12630 9724 11370 9072 11471 9404 11645 8839 12210
10284 15429 12160 14826 11427 14286 10847 14866 10284 15429
8138 12209 10407 10578 10468 11064 8666 10832 9121 11064
7574 11364 9564 11361 9435 11074 8488 11060 7640 11361
8159 12241 9824 12268 10483 9917 9243 11157 8159 12241
12090 18136 12090 18136 14132 16094 12806 17420 12090 18136
9471 14209 10513 13030 10458 13403 11109 12754 9654 14209
10289 15435 11255 15435 11372 14352 11475 14249 10289 15435
11089 16636 12459 16585 12726 14948 11591 16167 11173 16585
10219 15332 12580 14862 10900 14671 12093 13912 10219 15332
10536 15807 11897 14273 11613 13709 12562 14230 11079 15713
8266 12402 9270 11763 9156 12310 9109 11578 8265 12400
11788 17682 15316 15582 13622 15848 12404 17066 11788 17682
10135 15204 12782 15204 11185 15204 10855 14484 10135 15204
8604 12909 9801 12909 9222 12573 10029 11582 8730 12909
8203 12307 10139 11969 9156 11969 9392 11199 8203 12307
9779 14670 10779 13752 10484 14384 11700 13335 10172 14527
10175 15263 10416 15263 10175 15263 11338 14100 10175 15263
12289 18434 13382 18434 12289 18434 12934 17789 12289 18434
12155 18233 13758 17675 12713 17675 13034 17354 12155 18233
9546 14320 11211 13256 9891 13168 10964 12853 9842 13936
10719 16080 13017 16080 11962 15459 11444 15355 11010 16080
10745 16120 12892 16120 12036 14829 11375 15490 10745 16120
9779 14670 10305 14670 10911 13538 10644 13805 9779 14670
12003 18007 13986 18007 13744 16266 12856 17154 12003 18007
7819 11730 9889 12084 8708 12146 8522 11024 7818 11728
10202 15304 10971 14675 10641 15304 11390 14116 10202 15304
10899 16350 14045 16350 12925 15712 12176 15073 10899 16350
9156 13736 11210 13331 9863 13331 9628 13264 9156 13736
18848 28274 18848 28274 23203 23919 22879 24243 18848 28274
10010 15016 12174 13937 10677 14953 10684 14577 10129 14994
8565 12849 9790 12293 9188 12293 8971 12435 8633 12826
10114 15173 10834 14453 10197 15173 10392 14895 10114 15173
7911 11868 10144 10854 9991 11260 9265 10954 8672 11868
11242 16865 12559 16660 11242 16865 12296 15839 11242 16865
11324 16987 14646 16987 14325 13986 11824 16487 11324 16987
8710 13068 9409 13068 10780 10998 9717 12061 8710 13068
10344 15518 10905 15518 13331 12531 10472 15390 10344 15518
16219 24330 16429 24330 17925 22624 17164 23385 16219 24330
9555 14334 10472 14161 10013 14334 10632 13257 10013 14334
11863 17797 11863 17797 13374 16286 12395 17265 11863 17797
9066 13602 10410 13457 9903 13029 10190 12457 9103 13544
13965 20949 15788 20949 15788 20949 15138 19776 13965 20949
11086 16630 13305 16630 11470 16630 12133 15583 11086 16630
7622 11436 10328 9584 8587 10878 8486 10572 7622 11436
8876 13316 12085 13316 9998 12954 10747 12230 8876 13316
11508 17264 11750 17264 12414 16358 12716 16056 11508 17264
11745 17618 14674 16796 12421 17618 13741 16249 11745 17618
9750 14628 12752 14628 10542 14628 11107 13803 9892 14628
9614 14423 10765 14423 10085 14423 9772 14265 9614 14423
12189 18285 13520 18285 12189 18285 13714 16760 12189 18285
8554 12833 10912 11547 10660 11263 9028 12581 8529 12793
16432 24649 16434 24649 18625 22456 16848 24233 16432 24649
9126 13691 11442 12384 11384 11757 9496 13044 9189 13351
7287 10931 10414 10891 9174 10154 8141 10374 7520 10891
12820 19234 14454 18310 13744 18310 13206 18848 12820 19234
11712 17570 13653 16631 12813 16631 12640 16642 11712 17570
8785 13179 12031 11575 10666 11398 9458 12506 8785 13179
12208 18314 12208 18314 13858 16664 12951 17571 12208 18314
12884 19327 15103 19327 14164 18047 15275 17705 13653 19327
11821 17733 12458 17096 12480 17074 13855 15699 11821 17733
13031 19550 13737 19048 13959 19550 14294 18435 13068 19550
8202 12307 9573 12307 8493 12307 9663 11008 8476 12307
10610 15918 11797 14845 10610 15525 11440 15219 10610 15918
12287 18432 13365 18432 15405 15928 13197 17522 12287 18432
10057 15086 11888 15086 10057 15086 10409 14734 10057 15086
10381 15572 13266 15572 11786 14278 11675 14965 10381 15572
9039 13560 10984 13560 10213 13245 9829 12770 9039 13560
8583 12876 10411 11983 9906 12876 9025 12434 8735 12876
10444 15669 11740 15501 11379 15501 10708 15501 10708 15501
9249 13875 9849 13875 12880 11950 10223 12901 9249 13875
13080 19621 15779 19621 14639 18062 14012 18689 13080 19621
6925 10389 9291 8926 8986 8963 8853 9193 6963 10389
8465 12700 10521 11920 10320 11920 8775 12417 8465 12700
10730 16097 12870 15067 11508 15376 12550 14449 10845 16097
14831 22248 14832 22248 19281 17799 15927 21152 14831 22248
15083 22625 15083 22625 15083 22625 15857 21851 15083 22625
11851 17779 12853 17779 12139 17779 12787 17427 12120 17779
11262 16894 13020 15654 12014 16142 12199 16036 11262 16894
7788 11684 9305 11662 9556 11158 8263 11924 7788 12019
16410 24616 18025 24616 20644 20382 16738 24288 16410 24616
9649 14476 12500 12917 10219 12917 10234 12892 9799 13450
10981 16473 12717 16473 14254 13200 12068 15510 11105 16473
11318 16979 12892 16206 11863 16933 12363 15934 11318 16979
9421 14133 11437 14133 11437 14133 10646 13156 9638 14133
11583 17375 11858 17375 13346 15612 11919 17039 11583 17375
11583 17377 13076 16587 12373 16587 13242 15718 11583 17377
9503 14257 10447 13757 10003 13757 10601 13159 9503 14257
9999 15000 11402 15000 10802 15000 10995 14484 9999 15000
8543 12735 10474 11931 9052 12172 10234 11082 8820 12735
6568 9854 8448 8734 7878 8478 7100 9322 6834 9588
6498 9748 8172 8211 7218 7994 7422 8284 6334 9520
9728 14593 11237 14593 10986 13335 10106 14215 9881 14593
8221 12333 10369 12333 10502 10052 8911 11643 8221 12333
9139 13711 10827 13132 9718 13423 9735 13184 9354 13711
7322 10985 8950 9762 8193 10114 8628 9804 7587 10985
10056 15086 12399 15086 10417 14735 10968 14382 10056 15086
7764 11647 9614 11332 8746 10383 8988 10423 7764 11647
10176 15265 11140 15265 11140 15265 10624 14817 10176 15265
13565 20349 13565 20349 15262 18652 14131 19783 13565 20349
7033 10552 8609 10127 8054 10022 7516 10674 7829 10447
8327 12491 9648 12491 9155 11759 10319 10991 8819 12491
10314 15472 13211 15472 11668 14220 10762 15472 10314 15472
9892 14841 10280 13899 10280 14012 10356 13822 10280 14453
6595 9896 7970 9681 7071 9681 7232 9402 6881 9681
10879 16320 11362 16320 11362 16320 10879 16320 10879 16320
9618 14428 11987 14387 10313 14387 9985 14088 9880 14387
8550 12826 10690 12826 9290 12417 9224 12219 8550 12826
10795 16194 11595 15395 11462 15395 11188 15669 10763 16115
9099 13650 10902 12334 9850 12899 9631 13118 9099 13650
13195 19793 13991 19793 14552 19232 14209 18779 13195 19793
8157 12270 10507 11982 9475 11567 9146 11982 8275 12206
8786 13181 10314 13181 9902 12555 9918 12833 8786 13181
8145 12219 9269 11272 9344 11893 8472 11468 8363 12013
8104 12157 9467 11942 9468 10938 8691 11212 8104 11942
8582 12876 8942 12873 10482 11859 9278 12316 8721 12873
8587 12881 10604 12881 10344 11824 9809 12181 9109 12881
7597 11397 8529 10677 8435 10677 8242 10752 7902 11092
8643 12967 9742 12414 9060 12967 9166 12444 8643 12967
6597 9897 8101 9091 7403 9170 7183 9311 6599 9897
8959 13440 11398 11915 10252 12147 9902 12497 8959 13440
8955 13434 9426 13434 9426 13434 10449 11940 8955 13434
12733 19100 12733 19100 12733 19100 14271 17562 12733 19100
9031 13547 10572 13547 10242 12336 10658 11920 9031 13547
8468 12705 9626 11863 9279 12040 9665 11693 8613 12561
9184 13777 11547 11898 10602 12371 9536 13425 9536 13425
10355 15533 12596 14750 11433 14750 11517 14787 10615 15427
10525 15789 10525 15789 12568 13746 11439 14875 10525 15789
8169 12254 10275 12254 9410 11293 8785 11845 8376 12254
8934 13403 10795 13368 10717 12428 9249 13476 9106 13628
8964 13446 10180 13446 8964 13446 9030 13380 8964 13446
8512 12770 10514 12318 10582 11462 9403 11681 8604 12503
13346 20020 14686 20020 15044 19662 14885 18481 13346 20020
7182 10776 9038 10075 8425 10075 7796 10275 7182 10776
9722 14586 10922 14091 9722 14091 10984 13171 9722 14091
7776 11665 8286 11665 7776 11665 8158 11283 7776 11665
7790 11687 11147 10713 9247 10720 8673 10894 7995 11456
9635 14455 10430 14455 12972 11913 9777 14313 9635 14455
11543 17316 11543 17316 12571 16288 11543 17316 11543 17316
13304 19957 14328 19957 13304 19957 13304 19957 13304 19957
8976 13465 12214 13465 12439 13240 9615 13271 8976 13465
9890 14838 10401 14671 10337 14760 10555 14028 9880 14826
7383 11075 8524 10731 8025 10509 8214 10167 7383 10792
7219 10829 8127 10829 7616 10829 7920 10128 7219 10829
8424 12638 10799 12174 9287 12216 9165 11928 8466 12555
8337 12508 9935 11950 9494 11909 9403 11632 8337 12508
7380 11072 8566 10126 7738 10714 7971 10035 7514 10767
7711 11569 10694 11077 10119 10788 9066 10504 8495 11569
7451 11203 8830 11179 8194 10483 8025 10621 7467 11203
9463 14197 10923 14197 11021 12639 10788 12872 9463 14197
6850 10278 8911 9896 8878 9875 8169 9755 6850 10278
8123 12186 9968 11925 8272 11925 9395 10939 8272 11925
9426 14140 12064 14140 10874 14140 10424 13431 9426 14140
7867 11801 10136 11429 8883 11001 8996 11071 8245 11436
11446 17171 11446 17171 11446 17171 11800 16817 11446 17171
8152 12229 9048 12229 8760 12229 9573 10937 8281 12229
11426 17140 14423 17140 13064 17140 12152 16862 11426 17140
10818 16229 11626 15684 11120 15684 11101 15684 10879 15684
8046 12072 9116 11405 8968 12072 9393 11984 8046 12072
6541 9814 8868 7512 7180 8402 7297 8922 6748 9589
10456 15685 10928 15685 10456 15685 10456 15685 10456 15685
9476 14217 10406 13844 10357 13336 10831 12896 9849 13844
6549 9826 8362 8905 8288 8832 7370 9019 6670 9357
8663 12997 11248 12498 10904 12040 9081 12590 8772 12997
10481 15723 12234 14569 12065 13618 11581 14320 10980 14704
8111 12168 10188 12168 9390 12085 9365 11920 8264 12168
9946 14920 11083 14330 12656 12210 11018 13848 10536 14330
6198 9298 8420 8073 7185 8549 6874 8670 6329 9298
8175 12264 8699 12264 8897 12264 9107 11332 8175 12264
6849 10276 8307 9585 9293 8979 7756 9809 6899 10276
10181 15274 12304 15274 10964 15274 10843 15179 10550 15274
8879 13321 10857 13321 10058 12142 10177 12023 8879 13321
10419 15629 11916 15454 11381 15454 11557 14977 10419 15629
8749 13124 10244 13124 11993 9880 9880 11993 8749 13124
9366 14052 11310 13152 10641 13152 10217 13192 9644 13765
6760 10143 8919 9530 7824 9530 7975 9239 6760 10143
7753 11632 8577 11588 9774 9887 9317 10848 8144 11588
11566 17350 12312 17350 12679 16799 12301 16799 11615 17350
7935 11903 10403 11903 10669 9837 9186 10669 8102 11903
8150 12226 10164 12226 9573 11469 8448 12092 8150 12226
7588 11385 9133 10974 8327 10974 8470 10803 7944 11005
8863 13296 9423 12960 9423 12960 9107 12960 8883 12960
14005 21009 14570 21009 15116 19898 15903 19111 14570 21009
10183 15277 10183 15277 10183 15277 10625 14835 10183 15277
7017 10528 8859 10528 7738 9807 7435 10110 7017 10528
10129 15195 12560 15195 11750 13675 11176 14148 10129 15195
8749 13126 11064 12184 9667 12342 9997 11957 9102 12773
6189 9284 8425 8044 7772 8937 7530 8607 6386 9284
9678 14519 10250 14031 10191 14031 12094 12175 10166 14127
8485 12730 10218 11986 10445 11558 9449 11766 8896 12319
7281 10923 8681 10338 8026 10338 7957 10247 7360 10923
7078 10620 9535 10504 8016 10138 8064 9955 7132 10566
9327 13991 11512 13205 10266 13513 10374 12944 9558 13760
7879 11819 9473 11442 8983 10793 9177 10759 7879 11819
10166 15251 12217 15251 10693 15251 11121 14567 10166 15251
15229 22844 15595 22844 15229 22844 15229 22844 15229 22844
8847 13274 10569 12677 9212 12677 9346 12710 8869 13020
7573 11360 9569 11360 8581 11360 8708 10532 7573 11360
11295 16944 12274 16231 13448 14553 11994 15630 11295 16901
8027 12043 8880 11272 9381 11312 8919 11151 8027 12043
6035 9054 8737 8072 7186 8974 6346 8779 6063 8974
13065 19600 14223 19600 14223 19443 15176 17697 13065 19600
8821 13233 10837 13233 9701 12380 9538 12516 8821 13233
7814 11721 9912 11721 8711 11721 8856 11214 8349 11721
7446 11170 8538 11182 8093 11182 8181 10458 8046 11404
9838 14758 10693 14462 10748 14462 10836 13903 9926 14517
10078 15119 11432 15119 10078 15119 10530 14667 10078 15119
9320 13982 12451 13982 10180 13521 10602 13253 9320 13982
13143 19715 14574 19715 14988 17870 14325 18533 13143 19715
8771 13158 11892 12787 9728 13158 10185 12295 8771 13158
8275 12414 9981 12414 9195 11748 9085 11604 8275 12414
10602 15904 11493 15904 10602 15904 10911 15595 10602 15904
8395 12595 10895 12595 8998 12257 9543 11613 8461 12595
6776 10166 8351 7821 8158 8522 6718 8979 7345 8848
8523 12786 10637 12786 10090 12375 8610 12734 8523 12786
11509 17266 12824 17266 12756 16019 12053 16722 11509 17266
15630 23446 17626 23446 18878 20909 17221 21855 15630 23446
8018 12029 10563 10562 9124 11568 8230 11862 8018 12029
6610 9917 8010 9190 7399 9190 8021 8161 6956 9190
8003 12006 9583 11716 9019 11717 9329 10690 8303 11717
10686 16031 10686 16031 11841 14876 11283 15434 10686 16031
8203 12307 10418 12307 9004 11713 8961 11604 8248 12307
11326 16990 12238 16990 12420 16079 12129 16370 11326 16990
9135 13705 11539 13705 10475 12823 10443 12397 9465 13705
11272 16911 12263 16911 11613 16911 11316 16896 11301 16911
9195 13794 10815 13012 11291 11698 10382 12780 9860 13129
8542 12816 9876 12333 10468 11227 9205 12084 8617 12748
9063 13596 10490 12498 10287 11758 9949 12307 9099 13157
10218 15329 11206 14581 10581 14786 10787 14796 10333 15024
13516 20275 13557 19254 14559 18851 14158 18611 13516 20275
12959 19439 15627 19439 13836 18635 13836 18562 12959 19439
8258 12388 9901 10910 9108 10850 8976 11670 8258 12388
10303 15456 13192 14585 12277 15064 11581 14178 10695 15064
10500 15752 12753 15752 12477 15177 10714 15538 10500 15752
7839 11763 9373 10806 9056 10906 8680 11472 8254 11933
7138 10689 9444 10036 8319 9877 8136 10047 7267 10562
15756 23636 17169 23636 16904 22488 15757 23635 15756 23636
7432 11150 8882 9395 8238 9778 8109 10473 7432 11150
11310 16966 13034 16966 13289 14987 12612 15664 11310 16966
9213 13821 9924 13262 9350 13821 10484 12550 9350 13821
7755 11635 9083 10422 8920 10286 8251 10831 7880 11447
10281 15422 11707 15323 11774 13996 10447 15323 10281 15323
8359 12540 9807 12540 9234 12540 8752 12325 8359 12540
13277 19917 15296 19917 15296 18382 15122 18072 13761 19917
6756 10137 8335 9507 7639 9739 8149 9007 7000 9739
8438 12658 9432 11924 9698 11400 9209 11854 8438 12519
11025 16539 12759 16539 12133 15431 11364 16200 11025 16539
7747 11622 9573 11489 8862 11489 7835 11534 7747 11622
10718 16080 11714 16080 10942 16080 10719 16079 10718 16080
10361 15543 11410 14494 13810 12094 10727 15177 10361 15543
11249 16875 11997 16875 12239 16211 12590 15607 11299 16875
10261 15393 11658 15393 11082 14668 10261 15393 10261 15393
11156 16736 12569 16351 11314 16351 11640 16243 11314 16569
8821 13233 9967 13233 9541 13233 8821 13233 8821 13233
11354 17031 12812 17031 13439 15875 11354 17031 11354 17031
8717 13077 10825 12648 9342 12648 10737 11629 9253 12648
9627 14442 10503 14370 9703 14370 10480 13589 9627 14442
12229 18345 13890 18345 12880 18345 14391 16834 12880 18345
8289 12435 10206 12394 9554 12394 9111 11768 8485 12394
7151 10729 8875 8924 7750 9276 7735 10179 7481 10399
12681 19023 13080 19023 14276 17428 13251 18453 12681 19023
7298 10948 9009 10948 8525 10189 8681 9565 7298 10948
11793 17691 12365 17691 13673 15811 11793 17691 11793 17691

