

Data analysis for each instance 
AVG,MED,MAX,MIN
0.787,0.768,1,0.702,
0.779,0.766,1,0.667,
0.774,0.757,1,0.64,
0.776,0.768,1,0.692,
0.792,0.762,1,0.729,
0.793,0.78,1,0.675,
0.757,0.745,1,0.642,
0.778,0.766,1,0.688,
0.751,0.714,1,0.684,
0.802,0.782,1,0.718,
0.769,0.756,1,0.678,
0.764,0.722,1,0.672,
0.794,0.776,1,0.717,
0.77,0.752,1,0.673,
0.778,0.764,1,0.684,
0.743,0.71,1,0.666,
0.781,0.756,1,0.709,
0.783,0.767,1,0.678,
0.752,0.738,1,0.657,
0.767,0.73,1,0.702,
0.768,0.762,1,0.681,
0.78,0.75,1,0.697,
0.774,0.766,1,0.695,
0.77,0.746,1,0.686,
0.781,0.774,1,0.667,
0.786,0.779,1,0.699,
0.763,0.746,1,0.672,
0.781,0.76,1,0.706,
0.772,0.743,1,0.717,
0.774,0.755,1,0.669,
0.775,0.769,1,0.673,
0.781,0.768,1,0.699,
0.728,0.712,1,0.632,
0.762,0.729,1,0.697,
0.791,0.769,1,0.711,
0.762,0.74,1,0.665,
0.765,0.752,1,0.65,
0.751,0.728,1,0.666,
0.783,0.777,1,0.649,
0.75,0.727,1,0.684,
0.773,0.749,1,0.723,
0.771,0.756,1,0.685,
0.751,0.72,1,0.672,
0.763,0.742,1,0.711,
0.775,0.761,1,0.679,
0.789,0.77,1,0.703,
0.763,0.732,1,0.685,
0.786,0.764,1,0.724,
0.751,0.722,1,0.647,
0.776,0.749,1,0.693,
0.784,0.763,1,0.713,
0.779,0.76,1,0.719,
0.774,0.779,1,0.671,
0.767,0.75,1,0.691,
0.762,0.747,1,0.688,
0.763,0.744,1,0.694,
0.782,0.76,1,0.702,
0.746,0.71,1,0.634,
0.794,0.777,1,0.716,
0.77,0.754,1,0.692,
0.784,0.75,1,0.715,
0.745,0.726,1,0.649,
0.798,0.784,1,0.736,
0.769,0.755,1,0.669,
0.746,0.712,1,0.677,
0.775,0.76,1,0.676,
0.733,0.712,1,0.641,
0.765,0.772,1,0.645,
0.739,0.708,1,0.626,
0.781,0.76,1,0.69,
0.754,0.74,1,0.651,
0.736,0.714,1,0.652,
0.767,0.746,1,0.692,
0.774,0.752,1,0.697,
0.754,0.75,1,0.628,
0.784,0.772,1,0.685,
0.757,0.737,1,0.667,
0.766,0.752,1,0.678,
0.773,0.755,1,0.675,
0.779,0.758,1,0.691,
0.77,0.738,1,0.701,
0.753,0.732,1,0.641,
0.762,0.747,1,0.668,
0.769,0.754,1,0.681,
0.747,0.718,1,0.668,
0.772,0.753,1,0.689,
0.797,0.788,1,0.742,
0.779,0.752,1,0.706,
0.772,0.753,1,0.68,
0.771,0.766,1,0.679,
0.761,0.736,1,0.671,
0.793,0.78,1,0.689,
0.754,0.73,1,0.668,
0.772,0.752,1,0.709,
0.8,0.781,1,0.706,
0.778,0.747,1,0.726,
0.773,0.77,1,0.644,
0.764,0.736,1,0.661,
0.748,0.716,1,0.689,
0.778,0.746,1,0.722,
0.775,0.76,1,0.684,
0.759,0.758,1,0.663,
0.76,0.75,1,0.656,
0.755,0.736,1,0.669,
0.76,0.73,1,0.695,
0.769,0.757,1,0.675,
0.752,0.733,1,0.653,
0.767,0.748,1,0.693,
0.777,0.756,1,0.724,
0.789,0.77,1,0.732,
0.761,0.74,1,0.678,
0.764,0.736,1,0.709,
0.753,0.737,1,0.666,
0.786,0.762,1,0.725,
0.766,0.738,1,0.694,
0.777,0.759,1,0.688,
0.744,0.71,1,0.671,
0.776,0.768,1,0.683,
0.769,0.746,1,0.676,
0.771,0.743,1,0.717,
0.792,0.774,1,0.728,
0.751,0.733,1,0.682,
0.751,0.736,1,0.656,
0.77,0.748,1,0.686,
0.744,0.723,1,0.646,
0.787,0.762,1,0.727,
0.798,0.788,1,0.721,
0.743,0.724,1,0.629,
0.772,0.75,1,0.692,
0.784,0.772,1,0.673,
0.764,0.746,1,0.69,
0.744,0.71,1,0.681,
0.755,0.728,1,0.687,
0.754,0.732,1,0.66,
0.795,0.773,1,0.727,
0.777,0.767,1,0.679,
0.773,0.757,1,0.692,
0.764,0.74,1,0.657,
0.789,0.772,1,0.714,
0.764,0.737,1,0.671,
0.796,0.763,1,0.729,
0.775,0.758,1,0.704,
0.776,0.768,1,0.68,
0.773,0.748,1,0.676,
0.79,0.774,1,0.68,
0.747,0.739,1,0.665,
0.76,0.737,1,0.691,
0.767,0.74,1,0.676,
0.757,0.723,1,0.696,
0.763,0.743,1,0.702,
0.739,0.702,1,0.642,
0.785,0.762,1,0.702,
0.775,0.747,1,0.688,
0.767,0.739,1,0.703,
0.777,0.758,1,0.706,
0.774,0.746,1,0.696,
0.773,0.746,1,0.676,
0.784,0.762,1,0.706,
0.79,0.76,1,0.733,
0.797,0.782,1,0.69,
0.789,0.777,1,0.683,
0.761,0.74,1,0.64,
0.769,0.756,1,0.654,
0.783,0.776,1,0.706,
0.761,0.739,1,0.664,
0.76,0.745,1,0.659,
0.78,0.764,1,0.686,
0.771,0.756,1,0.689,
0.787,0.764,1,0.698,
0.773,0.753,1,0.691,
0.777,0.756,1,0.695,
0.75,0.735,1,0.654,
0.773,0.758,1,0.695,
0.771,0.746,1,0.678,
0.792,0.779,1,0.679,
0.754,0.732,1,0.672,
0.754,0.732,1,0.69,
0.781,0.758,1,0.708,
0.764,0.732,1,0.691,
0.768,0.728,1,0.682,
0.758,0.74,1,0.671,
0.757,0.744,1,0.637,
0.762,0.737,1,0.676,
0.792,0.784,1,0.729,
0.765,0.745,1,0.637,
0.779,0.764,1,0.702,
0.757,0.734,1,0.673,
0.766,0.752,1,0.676,
0.792,0.786,1,0.722,
0.755,0.733,1,0.66,
0.77,0.754,1,0.672,
0.723,0.716,1,0.61,
0.756,0.738,1,0.675,
0.789,0.762,1,0.72,
0.778,0.76,1,0.705,
0.766,0.75,1,0.68,
0.788,0.772,1,0.708,
0.759,0.74,1,0.68,
0.741,0.728,1,0.651,
0.754,0.741,1,0.651,
0.778,0.762,1,0.7,
0.754,0.725,1,0.688,
0.765,0.747,1,0.641,
0.771,0.766,1,0.675,
0.769,0.756,1,0.651,
0.768,0.733,1,0.69,
0.795,0.777,1,0.738,
0.756,0.726,1,0.675,
0.763,0.756,1,0.635,
0.773,0.748,1,0.713,
0.766,0.748,1,0.696,
0.735,0.705,1,0.641,
0.766,0.741,1,0.668,
0.772,0.754,1,0.664,
0.785,0.764,1,0.696,
0.797,0.79,1,0.738,
0.798,0.78,1,0.748,
0.775,0.746,1,0.702,
0.741,0.708,1,0.66,
0.749,0.746,1,0.615,
0.762,0.742,1,0.659,
0.771,0.751,1,0.697,
0.749,0.73,1,0.655,
0.774,0.752,1,0.713,
0.779,0.78,1,0.679,
0.786,0.777,1,0.654,
0.753,0.736,1,0.662,
0.775,0.755,1,0.69,
0.766,0.742,1,0.713,
0.773,0.738,1,0.68,
0.776,0.769,1,0.683,
0.794,0.786,1,0.68,
0.775,0.754,1,0.699,
0.769,0.752,1,0.675,
0.778,0.768,1,0.703,
0.793,0.776,1,0.735,
0.771,0.745,1,0.685,
0.778,0.756,1,0.68,
0.753,0.728,1,0.672,
0.782,0.768,1,0.707,
0.777,0.772,1,0.685,
0.764,0.745,1,0.691,
0.793,0.782,1,0.693,
0.759,0.732,1,0.633,
0.778,0.744,1,0.711,
0.767,0.752,1,0.708,
0.775,0.759,1,0.693,
0.776,0.758,1,0.644,
0.726,0.693,1,0.634,
0.778,0.776,1,0.683,
0.759,0.72,1,0.675,
0.79,0.774,1,0.723,
0.763,0.752,1,0.678,
0.771,0.762,1,0.691,
0.765,0.744,1,0.702,
0.795,0.784,1,0.733,
0.762,0.744,1,0.693,
0.777,0.749,1,0.718,
0.77,0.75,1,0.674,
0.78,0.75,1,0.72,
0.791,0.771,1,0.702,
0.76,0.732,1,0.675,
0.77,0.756,1,0.671,
0.76,0.741,1,0.694,
0.782,0.761,1,0.72,
0.751,0.732,1,0.686,
0.772,0.742,1,0.705,
0.783,0.756,1,0.737,
0.765,0.742,1,0.652,
0.782,0.766,1,0.706,
0.762,0.743,1,0.678,
0.769,0.752,1,0.691,
0.75,0.732,1,0.629,
0.767,0.736,1,0.687,
0.764,0.746,1,0.682,
0.75,0.738,1,0.643,
0.767,0.758,1,0.662,
0.768,0.773,1,0.659,
0.762,0.75,1,0.661,
0.778,0.746,1,0.705,
0.748,0.738,1,0.625,
0.755,0.764,1,0.616,
0.755,0.742,1,0.665,
0.777,0.774,1,0.672,
0.79,0.777,1,0.673,
0.764,0.746,1,0.68,
0.758,0.74,1,0.663,
0.761,0.732,1,0.682,
0.735,0.696,1,0.642,
0.8,0.794,1,0.733,
0.764,0.759,1,0.673,
0.797,0.779,1,0.728,
0.782,0.766,1,0.719,
0.755,0.74,1,0.656,
0.785,0.773,1,0.693,
0.766,0.742,1,0.669,
0.791,0.776,1,0.701,
0.775,0.765,1,0.638,
0.755,0.738,1,0.648,
0.772,0.75,1,0.706,
0.765,0.726,1,0.699,
0.753,0.73,1,0.68,
0.789,0.768,1,0.685,
0.771,0.739,1,0.676,
0.772,0.752,1,0.694,
0.791,0.77,1,0.724,
0.79,0.776,1,0.711,
0.785,0.752,1,0.731,
0.767,0.735,1,0.703,
0.787,0.762,1,0.695,
0.767,0.742,1,0.697,
0.782,0.746,1,0.721,
0.78,0.756,1,0.715,
0.756,0.732,1,0.635,
0.769,0.738,1,0.695,
0.769,0.75,1,0.718,
0.792,0.782,1,0.716,
0.792,0.774,1,0.728,
0.774,0.756,1,0.713,
0.759,0.74,1,0.676,
0.793,0.781,1,0.728,
0.733,0.71,1,0.655,
0.776,0.758,1,0.715,
0.746,0.734,1,0.653,
0.78,0.769,1,0.708,
0.778,0.75,1,0.711,
0.783,0.774,1,0.696,
0.77,0.73,1,0.701,
0.777,0.769,1,0.71,
0.753,0.73,1,0.662,
0.774,0.762,1,0.683,
0.769,0.764,1,0.645,
0.742,0.704,1,0.64,
0.764,0.746,1,0.68,
0.781,0.759,1,0.694,
0.762,0.74,1,0.669,
0.795,0.776,1,0.724,
0.766,0.748,1,0.686,
0.769,0.756,1,0.665,
0.764,0.743,1,0.675,
0.766,0.752,1,0.65,
0.776,0.776,1,0.684,
0.778,0.753,1,0.718,
0.779,0.748,1,0.703,
0.779,0.75,1,0.71,
0.787,0.767,1,0.724,
0.797,0.772,1,0.735,
0.762,0.734,1,0.685,
0.768,0.754,1,0.683,
0.788,0.768,1,0.722,
0.764,0.734,1,0.679,
0.76,0.741,1,0.668,
0.772,0.754,1,0.679,
0.795,0.772,1,0.74,
0.757,0.74,1,0.655,
0.743,0.738,1,0.629,
0.782,0.764,1,0.727,
0.762,0.742,1,0.676,
0.772,0.741,1,0.711,
0.761,0.745,1,0.66,
0.765,0.73,1,0.698,
0.781,0.754,1,0.706,
0.778,0.755,1,0.666,
0.756,0.724,1,0.668,
0.759,0.735,1,0.651,
0.715,0.7,1,0.618,
0.752,0.718,1,0.691,
0.761,0.74,1,0.698,
0.778,0.766,1,0.694,
0.77,0.76,1,0.632,
0.793,0.778,1,0.71,
0.777,0.764,1,0.692,
0.763,0.732,1,0.696,
0.768,0.738,1,0.649,
0.769,0.752,1,0.684,
0.779,0.76,1,0.693,
0.764,0.747,1,0.676,
0.777,0.764,1,0.678,
0.764,0.741,1,0.658,
0.76,0.738,1,0.686,
0.768,0.745,1,0.686,
0.746,0.708,1,0.667,
0.778,0.764,1,0.687,
0.762,0.746,1,0.643,
0.777,0.758,1,0.71,
0.789,0.77,1,0.692,
0.774,0.758,1,0.689,
0.789,0.778,1,0.651,
0.77,0.744,1,0.712,
0.781,0.764,1,0.676,
0.771,0.742,1,0.681,
0.799,0.778,1,0.721,
0.787,0.788,1,0.688,
0.768,0.756,1,0.694,
0.782,0.778,1,0.696,
0.778,0.756,1,0.693,
0.798,0.782,1,0.738,
0.749,0.722,1,0.665,
0.793,0.78,1,0.71,
0.783,0.77,1,0.692,
0.768,0.744,1,0.667,
0.739,0.716,1,0.661,
0.771,0.75,1,0.667,
0.779,0.74,1,0.697,
0.789,0.781,1,0.725,
0.783,0.778,1,0.695,
0.766,0.742,1,0.712,
0.777,0.758,1,0.707,
0.766,0.747,1,0.698,
0.763,0.742,1,0.656,
0.729,0.708,1,0.617,
0.744,0.71,1,0.677,
0.805,0.784,1,0.737,
0.759,0.754,1,0.639,
0.769,0.747,1,0.69,
0.771,0.763,1,0.653,
0.778,0.756,1,0.665,
0.782,0.756,1,0.723,
0.765,0.734,1,0.706,
0.758,0.736,1,0.646,
0.757,0.73,1,0.665,
0.793,0.779,1,0.728,
0.768,0.76,1,0.647,
0.788,0.776,1,0.697,
0.777,0.762,1,0.722,
0.762,0.741,1,0.67,
0.74,0.706,1,0.654,
0.763,0.748,1,0.676,
0.771,0.738,1,0.693,
0.794,0.763,1,0.729,
0.753,0.729,1,0.69,
0.753,0.734,1,0.654,
0.759,0.742,1,0.651,
0.769,0.75,1,0.672,
0.778,0.764,1,0.685,
0.751,0.724,1,0.673,
0.769,0.738,1,0.7,
0.775,0.758,1,0.704,
0.77,0.74,1,0.693,
0.771,0.752,1,0.708,
0.767,0.732,1,0.685,
0.775,0.762,1,0.7,
0.763,0.734,1,0.654,
0.799,0.785,1,0.722,
0.765,0.746,1,0.684,
0.78,0.768,1,0.691,
0.78,0.758,1,0.721,
0.756,0.736,1,0.659,
0.757,0.724,1,0.686,
0.771,0.756,1,0.677,
0.772,0.761,1,0.673,
0.764,0.74,1,0.688,
0.782,0.76,1,0.711,
0.771,0.758,1,0.663,
0.768,0.746,1,0.669,
0.751,0.716,1,0.676,
0.776,0.769,1,0.694,
0.761,0.734,1,0.671,
0.767,0.749,1,0.682,
0.808,0.796,1,0.735,
0.789,0.783,1,0.713,
0.779,0.765,1,0.709,
0.761,0.748,1,0.66,
0.783,0.774,1,0.696,
0.771,0.766,1,0.657,
0.793,0.768,1,0.718,
0.786,0.768,1,0.724,
0.784,0.778,1,0.676,
0.792,0.776,1,0.709,
0.798,0.79,1,0.702,
0.777,0.771,1,0.666,
0.792,0.773,1,0.729,
0.769,0.76,1,0.659,
0.756,0.728,1,0.695,
0.755,0.732,1,0.664,
0.758,0.732,1,0.676,
0.778,0.751,1,0.715,
0.791,0.765,1,0.739,
0.761,0.763,1,0.647,
0.781,0.762,1,0.722,
0.762,0.736,1,0.667,
0.755,0.732,1,0.679,
0.782,0.776,1,0.694,
0.776,0.774,1,0.676,
0.762,0.73,1,0.683,
0.781,0.764,1,0.683,
0.732,0.722,1,0.625,
0.792,0.784,1,0.703,
0.789,0.776,1,0.7,
0.77,0.756,1,0.679,
0.791,0.78,1,0.708,
0.773,0.757,1,0.691,
0.748,0.714,1,0.693,
0.773,0.736,1,0.704,
0.792,0.785,1,0.719,
0.779,0.778,1,0.628,
0.767,0.746,1,0.694,
0.775,0.764,1,0.674,
0.766,0.734,1,0.712,
0.757,0.718,1,0.706,
0.767,0.746,1,0.666,
0.749,0.732,1,0.627,
0.793,0.775,1,0.715,
0.737,0.702,1,0.636,
0.758,0.73,1,0.681,
0.767,0.753,1,0.686,
0.769,0.746,1,0.682,
0.757,0.73,1,0.667,
0.744,0.716,1,0.652,
0.781,0.766,1,0.712,
0.801,0.776,1,0.738,
0.756,0.736,1,0.677,
0.767,0.736,1,0.7,
0.774,0.776,1,0.675,
0.73,0.689,1,0.644,
0.763,0.748,1,0.65,
0.777,0.762,1,0.694,
0.793,0.788,1,0.692,
0.756,0.714,1,0.671,
0.793,0.769,1,0.737,
0.788,0.76,1,0.728,
0.744,0.696,1,0.652,
0.768,0.762,1,0.662,
0.773,0.758,1,0.708,
0.782,0.771,1,0.692,
0.795,0.789,1,0.717,
0.776,0.748,1,0.704,
0.777,0.745,1,0.733,
0.779,0.754,1,0.695,
0.753,0.746,1,0.661,
0.753,0.723,1,0.687,
0.754,0.726,1,0.67,
0.773,0.742,1,0.687,
0.765,0.75,1,0.682,
0.753,0.732,1,0.638,
0.787,0.764,1,0.728,
0.75,0.737,1,0.648,
0.703,0.681,1,0.609,
0.734,0.699,1,0.643,
0.688,0.65,1,0.595,
0.753,0.747,1,0.594,
0.734,0.714,1,0.649,
0.726,0.714,1,0.607,
0.74,0.714,1,0.62,
0.708,0.676,1,0.615,
0.721,0.681,1,0.657,
0.722,0.706,1,0.605,
0.674,0.641,1,0.56,
0.704,0.677,1,0.593,
0.729,0.702,1,0.674,
0.703,0.671,1,0.632,
0.727,0.698,1,0.636,
0.722,0.7,1,0.631,
0.717,0.701,1,0.615,
0.714,0.685,1,0.626,
0.711,0.669,1,0.624,
0.701,0.679,1,0.619,
0.701,0.679,1,0.605,
0.743,0.721,1,0.679,
0.729,0.714,1,0.613,
0.738,0.702,1,0.673,
0.731,0.71,1,0.665,
0.729,0.7,1,0.623,
0.717,0.679,1,0.607,
0.726,0.707,1,0.64,
0.725,0.713,1,0.606,
0.711,0.683,1,0.611,
0.733,0.716,1,0.62,
0.716,0.69,1,0.612,
0.707,0.673,1,0.634,
0.741,0.712,1,0.671,
0.724,0.701,1,0.652,
0.719,0.683,1,0.617,
0.726,0.714,1,0.635,
0.73,0.701,1,0.649,
0.748,0.732,1,0.655,
0.716,0.695,1,0.636,
0.745,0.732,1,0.65,
0.709,0.677,1,0.628,
0.718,0.713,1,0.607,
0.698,0.671,1,0.586,
0.743,0.726,1,0.658,
0.7,0.675,1,0.593,
0.724,0.697,1,0.618,
0.715,0.687,1,0.56,
0.725,0.706,1,0.63,
0.728,0.71,1,0.606,
0.701,0.679,1,0.578,
0.724,0.688,1,0.67,
0.688,0.653,1,0.576,
0.748,0.733,1,0.663,
0.697,0.684,1,0.609,
0.685,0.654,1,0.595,
0.717,0.707,1,0.556,
0.738,0.716,1,0.651,
0.725,0.71,1,0.644,
0.681,0.639,1,0.601,
0.716,0.694,1,0.597,
0.711,0.688,1,0.646,
0.726,0.702,1,0.636,
0.746,0.72,1,0.668,
0.696,0.672,1,0.598,
0.703,0.684,1,0.567,
0.722,0.687,1,0.664,
0.717,0.679,1,0.654,
0.718,0.678,1,0.643,
0.731,0.712,1,0.609,
0.739,0.726,1,0.612,
0.712,0.7,1,0.587,
0.698,0.663,1,0.605,
0.736,0.712,1,0.648,
0.726,0.706,1,0.654,
0.738,0.704,1,0.689,
0.73,0.698,1,0.649,
0.734,0.724,1,0.639,
0.712,0.689,1,0.569,
0.727,0.71,1,0.598,
0.73,0.7,1,0.626,
0.716,0.684,1,0.631,
0.715,0.69,1,0.623,
0.762,0.74,1,0.657,
0.694,0.685,1,0.582,
0.704,0.674,1,0.582,
0.727,0.7,1,0.656,
0.734,0.722,1,0.606,
0.714,0.682,1,0.63,
0.737,0.707,1,0.643,
0.712,0.696,1,0.623,
0.709,0.69,1,0.593,
0.714,0.686,1,0.611,
0.711,0.687,1,0.634,
0.73,0.716,1,0.635,
0.721,0.698,1,0.629,
0.711,0.69,1,0.611,
0.718,0.686,1,0.567,
0.721,0.708,1,0.601,
0.724,0.702,1,0.581,
0.731,0.711,1,0.602,
0.721,0.69,1,0.617,
0.732,0.699,1,0.631,
0.705,0.687,1,0.585,
0.726,0.688,1,0.658,
0.72,0.684,1,0.61,
0.702,0.666,1,0.611,
0.705,0.682,1,0.573,
0.707,0.665,1,0.587,
0.717,0.697,1,0.604,
0.737,0.722,1,0.638,
0.71,0.677,1,0.596,
0.74,0.721,1,0.611,
0.716,0.681,1,0.62,
0.734,0.716,1,0.633,
0.711,0.677,1,0.615,
0.711,0.671,1,0.616,
0.738,0.718,1,0.678,
0.731,0.712,1,0.668,
0.707,0.696,1,0.592,
0.732,0.709,1,0.638,
0.731,0.724,1,0.606,
0.738,0.714,1,0.651,
0.731,0.692,1,0.65,
0.693,0.681,1,0.581,
0.737,0.721,1,0.628,
0.719,0.697,1,0.592,
0.721,0.693,1,0.648,
0.718,0.69,1,0.63,
0.712,0.704,1,0.589,
0.741,0.714,1,0.67,
0.734,0.711,1,0.588,
0.721,0.679,1,0.629,
0.711,0.689,1,0.594,
0.703,0.672,1,0.619,
0.714,0.69,1,0.577,
0.716,0.7,1,0.616,
0.727,0.692,1,0.672,
0.726,0.702,1,0.665,
0.712,0.682,1,0.598,
0.691,0.659,1,0.591,
0.709,0.704,1,0.582,
0.701,0.673,1,0.6,
0.734,0.71,1,0.643,
0.701,0.685,1,0.614,
0.722,0.693,1,0.65,
0.722,0.681,1,0.61,
0.696,0.665,1,0.573,
0.715,0.686,1,0.62,
0.728,0.697,1,0.646,
0.705,0.669,1,0.6,
0.711,0.675,1,0.612,
0.718,0.677,1,0.636,
0.713,0.688,1,0.644,
0.734,0.704,1,0.656,
0.739,0.72,1,0.64,
0.722,0.699,1,0.598,
0.72,0.689,1,0.663,
0.733,0.706,1,0.655,
0.721,0.706,1,0.611,
0.732,0.698,1,0.653,
0.746,0.723,1,0.633,
0.718,0.697,1,0.6,
0.733,0.698,1,0.626,
0.727,0.692,1,0.651,
0.699,0.68,1,0.604,
0.722,0.696,1,0.638,
0.724,0.698,1,0.62,
0.703,0.668,1,0.595,
0.726,0.692,1,0.646,
0.747,0.732,1,0.608,
0.683,0.651,1,0.583,
0.714,0.697,1,0.608,
0.737,0.716,1,0.635,
0.739,0.726,1,0.63,
0.716,0.698,1,0.614,
0.696,0.668,1,0.589,
0.734,0.71,1,0.627,
0.715,0.698,1,0.586,
0.709,0.665,1,0.569,
0.719,0.698,1,0.62,
0.722,0.688,1,0.664,
0.727,0.692,1,0.661,
0.711,0.687,1,0.619,
0.733,0.718,1,0.596,
0.728,0.694,1,0.645,
0.71,0.689,1,0.6,
0.719,0.696,1,0.624,
0.669,0.618,1,0.562,
0.729,0.705,1,0.634,
0.698,0.664,1,0.611,
0.714,0.702,1,0.582,
0.718,0.691,1,0.616,
0.719,0.693,1,0.632,
0.709,0.697,1,0.587,
0.732,0.711,1,0.641,
0.738,0.718,1,0.603,
0.713,0.691,1,0.627,
0.723,0.694,1,0.629,
0.71,0.7,1,0.615,
0.729,0.701,1,0.615,
0.738,0.726,1,0.623,
0.751,0.728,1,0.652,
0.726,0.693,1,0.64,
0.72,0.69,1,0.624,
0.708,0.678,1,0.573,
0.729,0.695,1,0.633,
0.729,0.706,1,0.602,
0.716,0.692,1,0.629,
0.738,0.71,1,0.676,
0.727,0.714,1,0.599,
0.727,0.708,1,0.58,
0.74,0.712,1,0.684,
0.734,0.718,1,0.636,
0.706,0.692,1,0.582,
0.717,0.694,1,0.631,
0.718,0.688,1,0.638,
0.736,0.715,1,0.634,
0.71,0.685,1,0.61,
0.725,0.704,1,0.626,
0.714,0.682,1,0.628,
0.737,0.708,1,0.658,
0.729,0.704,1,0.622,
0.71,0.678,1,0.65,
0.699,0.671,1,0.596,
0.741,0.709,1,0.655,
0.723,0.695,1,0.626,
0.719,0.689,1,0.621,
0.727,0.691,1,0.654,
0.731,0.706,1,0.582,
0.735,0.719,1,0.657,
0.718,0.705,1,0.583,
0.733,0.702,1,0.661,
0.703,0.669,1,0.594,
0.721,0.711,1,0.632,
0.726,0.7,1,0.629,
0.722,0.7,1,0.658,
0.712,0.693,1,0.623,
0.691,0.645,1,0.613,
0.737,0.727,1,0.611,
0.726,0.712,1,0.588,
0.733,0.712,1,0.621,
0.717,0.692,1,0.636,
0.731,0.704,1,0.668,
0.712,0.682,1,0.604,
0.724,0.69,1,0.644,
0.726,0.697,1,0.658,
0.745,0.736,1,0.643,
0.72,0.688,1,0.604,
0.726,0.69,1,0.656,
0.705,0.677,1,0.57,
0.744,0.724,1,0.661,
0.715,0.692,1,0.599,
0.72,0.687,1,0.656,
0.713,0.675,1,0.622,
0.723,0.698,1,0.653,
0.702,0.667,1,0.595,
0.702,0.673,1,0.622,
0.74,0.718,1,0.664,
0.734,0.708,1,0.66,
0.736,0.689,1,0.655,
0.727,0.706,1,0.644,
0.725,0.71,1,0.601,
0.724,0.693,1,0.644,
0.713,0.681,1,0.647,
0.727,0.699,1,0.62,
0.712,0.675,1,0.618,
0.717,0.702,1,0.567,
0.699,0.668,1,0.598,
0.733,0.716,1,0.625,
0.719,0.692,1,0.63,
0.731,0.716,1,0.614,
0.717,0.688,1,0.584,
0.723,0.698,1,0.629,
0.718,0.693,1,0.623,
0.74,0.728,1,0.663,
0.713,0.682,1,0.622,
0.736,0.703,1,0.665,
0.737,0.712,1,0.64,
0.714,0.698,1,0.624,
0.742,0.726,1,0.645,
0.722,0.69,1,0.619,
0.762,0.742,1,0.685,
0.7,0.675,1,0.567,
0.732,0.708,1,0.65,
0.719,0.706,1,0.617,
0.729,0.693,1,0.631,
0.717,0.696,1,0.635,
0.721,0.707,1,0.606,
0.749,0.734,1,0.665,
0.728,0.705,1,0.579,
0.707,0.69,1,0.602,
0.709,0.682,1,0.627,
0.729,0.715,1,0.632,
0.744,0.716,1,0.679,
0.712,0.689,1,0.596,
0.73,0.704,1,0.639,
0.722,0.694,1,0.622,
0.724,0.695,1,0.649,
0.712,0.695,1,0.612,
0.71,0.683,1,0.608,
0.733,0.706,1,0.625,
0.714,0.692,1,0.613,
0.714,0.689,1,0.622,
0.723,0.707,1,0.6,
0.728,0.694,1,0.632,
0.733,0.71,1,0.623,
0.728,0.706,1,0.626,
0.703,0.664,1,0.608,
0.731,0.712,1,0.633,
0.726,0.693,1,0.645,
0.719,0.688,1,0.631,
0.717,0.696,1,0.638,
0.728,0.696,1,0.638,
0.7,0.671,1,0.584,
0.699,0.669,1,0.631,
0.714,0.689,1,0.609,
0.727,0.702,1,0.64,
0.693,0.683,1,0.576,
0.732,0.704,1,0.621,
0.703,0.663,1,0.619,
0.735,0.719,1,0.621,
0.738,0.71,1,0.673,
0.735,0.707,1,0.667,
0.699,0.68,1,0.557,
0.714,0.686,1,0.644,
0.725,0.704,1,0.617,
0.708,0.675,1,0.552,
0.727,0.696,1,0.655,
0.737,0.719,1,0.666,
0.684,0.655,1,0.6,
0.726,0.699,1,0.65,
0.727,0.707,1,0.641,
0.723,0.697,1,0.635,
0.721,0.694,1,0.638,
0.714,0.69,1,0.638,
0.719,0.698,1,0.586,
0.737,0.718,1,0.637,
0.717,0.697,1,0.633,
0.726,0.71,1,0.612,
0.714,0.684,1,0.622,
0.711,0.659,1,0.605,
0.719,0.69,1,0.595,
0.692,0.677,1,0.584,
0.739,0.719,1,0.65,
0.717,0.691,1,0.627,
0.722,0.709,1,0.626,
0.731,0.71,1,0.647,
0.739,0.726,1,0.646,
0.738,0.715,1,0.66,
0.731,0.704,1,0.664,
0.732,0.702,1,0.642,
0.727,0.71,1,0.607,
0.715,0.683,1,0.633,
0.724,0.688,1,0.631,
0.708,0.676,1,0.612,
0.728,0.713,1,0.635,
0.735,0.7,1,0.667,
0.727,0.699,1,0.637,
0.72,0.677,1,0.64,
0.709,0.679,1,0.604,
0.737,0.716,1,0.619,
0.73,0.708,1,0.657,
0.728,0.716,1,0.595,
0.715,0.69,1,0.634,
0.742,0.723,1,0.637,
0.732,0.698,1,0.637,
0.724,0.701,1,0.624,
0.728,0.698,1,0.645,
0.728,0.709,1,0.629,
0.747,0.732,1,0.647,
0.732,0.722,1,0.622,
0.721,0.706,1,0.627,
0.713,0.712,1,0.54,
0.735,0.715,1,0.645,
0.742,0.714,1,0.678,
0.737,0.717,1,0.679,
0.71,0.698,1,0.611,
0.705,0.673,1,0.601,
0.719,0.706,1,0.615,
0.723,0.71,1,0.604,
0.74,0.715,1,0.673,
0.742,0.73,1,0.651,
0.763,0.74,1,0.696,
0.761,0.746,1,0.644,
0.746,0.718,1,0.674,
0.76,0.744,1,0.675,
0.742,0.716,1,0.63,
0.773,0.764,1,0.682,
0.776,0.765,1,0.68,
0.749,0.724,1,0.666,
0.755,0.729,1,0.676,
0.77,0.746,1,0.683,
0.767,0.742,1,0.67,
0.765,0.752,1,0.636,
0.743,0.714,1,0.669,
0.751,0.723,1,0.682,
0.76,0.73,1,0.69,
0.774,0.76,1,0.707,
0.769,0.744,1,0.703,
0.772,0.754,1,0.704,
0.773,0.739,1,0.707,
0.773,0.756,1,0.676,
0.792,0.772,1,0.735,
0.78,0.77,1,0.7,
0.766,0.74,1,0.685,
0.792,0.769,1,0.725,
0.751,0.722,1,0.682,
0.746,0.724,1,0.669,
0.784,0.77,1,0.691,
0.786,0.768,1,0.712,
0.768,0.742,1,0.698,
0.752,0.734,1,0.647,
0.762,0.732,1,0.695,
0.753,0.727,1,0.667,
0.731,0.701,1,0.65,
0.71,0.694,1,0.621,
0.785,0.779,1,0.694,
0.722,0.696,1,0.651,
0.718,0.696,1,0.605,
0.684,0.661,1,0.531,
0.725,0.696,1,0.669,
0.709,0.689,1,0.563,
0.711,0.685,1,0.606,
0.731,0.714,1,0.615,
0.713,0.691,1,0.618,
0.749,0.723,1,0.653,
0.716,0.689,1,0.609,
0.731,0.72,1,0.643,
0.736,0.704,1,0.647,
0.711,0.685,1,0.632,
0.761,0.729,1,0.635,
0.76,0.736,1,0.669,
0.747,0.722,1,0.681,
0.76,0.746,1,0.65,
0.784,0.769,1,0.681,
0.783,0.77,1,0.71,
0.766,0.76,1,0.667,
0.768,0.745,1,0.66,
0.762,0.752,1,0.681,
0.784,0.764,1,0.716,
0.762,0.752,1,0.643,
0.79,0.774,1,0.708,
0.762,0.734,1,0.675,
0.773,0.758,1,0.68,
0.758,0.728,1,0.664,
0.792,0.786,1,0.698,
0.73,0.704,1,0.609,
0.714,0.685,1,0.652,
0.714,0.697,1,0.59,
0.709,0.695,1,0.622,
0.722,0.702,1,0.58,
0.717,0.694,1,0.615,
0.729,0.716,1,0.615,
0.727,0.683,1,0.632,
0.708,0.689,1,0.556,
0.724,0.69,1,0.629,
0.731,0.712,1,0.658,
0.692,0.637,1,0.599,
0.736,0.714,1,0.628,
0.715,0.701,1,0.602,
0.731,0.692,1,0.649,
0.704,0.664,1,0.627,


0.659,0.607,1,0.604,
0.639,0.58,1,0.575,
0.658,0.609,1,0.585,
0.612,0.563,1,0.544,
0.639,0.595,1,0.588,
0.577,0.512,1,0.488,
0.654,0.608,1,0.599,
0.68,0.633,1,0.633,
0.632,0.581,1,0.549,
0.653,0.607,1,0.589,
0.665,0.628,1,0.587,
0.624,0.571,1,0.57,
0.594,0.526,1,0.52,
0.637,0.581,1,0.579,
0.635,0.594,1,0.559,
0.62,0.571,1,0.539,
0.63,0.591,1,0.565,
0.664,0.622,1,0.589,
0.643,0.601,1,0.574,
0.645,0.606,1,0.56,
0.597,0.537,1,0.516,
0.647,0.595,1,0.592,
0.648,0.599,1,0.593,
0.642,0.595,1,0.575,
0.644,0.592,1,0.591,
0.668,0.61,1,0.603,
0.617,0.567,1,0.554,
0.646,0.607,1,0.568,
0.691,0.649,1,0.641,
0.665,0.615,1,0.61,
0.663,0.613,1,0.596,
0.726,0.691,1,0.673,
0.661,0.625,1,0.597,
0.63,0.585,1,0.521,
0.587,0.534,1,0.521,
0.675,0.632,1,0.63,
0.686,0.643,1,0.622,
0.618,0.565,1,0.561,
0.651,0.614,1,0.582,
0.613,0.548,1,0.53,
0.668,0.625,1,0.611,
0.648,0.612,1,0.574,
0.706,0.663,1,0.643,
0.66,0.628,1,0.562,
0.648,0.597,1,0.578,
0.647,0.602,1,0.59,
0.627,0.581,1,0.555,
0.586,0.533,1,0.51,
0.657,0.607,1,0.606,
0.657,0.608,1,0.603,
0.613,0.554,1,0.531,
0.627,0.578,1,0.569,
0.612,0.558,1,0.535,
0.614,0.555,1,0.517,
0.666,0.617,1,0.615,
0.623,0.571,1,0.57,
0.616,0.561,1,0.56,
0.66,0.616,1,0.614,
0.66,0.615,1,0.583,
0.641,0.587,1,0.583,
0.614,0.561,1,0.553,
0.615,0.562,1,0.56,
0.598,0.54,1,0.536,
0.635,0.595,1,0.559,
0.602,0.55,1,0.541,
0.71,0.677,1,0.623,
0.674,0.633,1,0.589,
0.671,0.635,1,0.604,
0.608,0.544,1,0.532,
0.65,0.601,1,0.6,
0.643,0.595,1,0.588,
0.624,0.569,1,0.568,
0.617,0.562,1,0.549,
0.608,0.555,1,0.544,
0.648,0.601,1,0.587,
0.69,0.645,1,0.644,
0.609,0.548,1,0.535,
0.589,0.53,1,0.523,
0.632,0.577,1,0.576,
0.606,0.548,1,0.547,
0.618,0.569,1,0.523,
0.61,0.557,1,0.544,
0.63,0.587,1,0.546,
0.613,0.562,1,0.55,
0.609,0.548,1,0.534,
0.628,0.573,1,0.57,
0.634,0.583,1,0.581,
0.643,0.593,1,0.588,
0.606,0.548,1,0.545,
0.662,0.623,1,0.598,
0.637,0.573,1,0.569,
0.676,0.634,1,0.607,
0.627,0.585,1,0.552,
0.701,0.677,1,0.618,
0.638,0.585,1,0.584,
0.695,0.649,1,0.646,
0.612,0.577,1,0.537,
0.635,0.585,1,0.584,
0.648,0.603,1,0.593,
0.653,0.609,1,0.6,
0.634,0.582,1,0.58,
0.647,0.601,1,0.599,
0.7,0.662,1,0.655,
0.637,0.594,1,0.561,
0.625,0.585,1,0.546,
0.63,0.585,1,0.544,
0.635,0.578,1,0.571,
0.637,0.591,1,0.579,
0.663,0.609,1,0.607,
0.663,0.632,1,0.576,
0.674,0.633,1,0.625,
0.622,0.569,1,0.567,
0.695,0.655,1,0.636,
0.696,0.656,1,0.647,
0.639,0.591,1,0.583,
0.625,0.57,1,0.563,
0.652,0.605,1,0.583,
0.615,0.563,1,0.537,
0.661,0.611,1,0.602,
0.613,0.566,1,0.533,
0.622,0.578,1,0.547,
0.651,0.598,1,0.597,
0.608,0.551,1,0.534,
0.67,0.621,1,0.615,
0.631,0.584,1,0.578,
0.617,0.571,1,0.531,
0.687,0.648,1,0.631,
0.638,0.604,1,0.571,
0.62,0.557,1,0.555,
0.663,0.617,1,0.602,
0.645,0.603,1,0.593,
0.64,0.591,1,0.591,
0.606,0.554,1,0.543,
0.621,0.573,1,0.56,
0.636,0.584,1,0.58,
0.679,0.637,1,0.635,
0.573,0.511,1,0.509,
0.658,0.613,1,0.609,
0.611,0.567,1,0.528,
0.689,0.649,1,0.616,
0.62,0.565,1,0.562,
0.609,0.552,1,0.544,
0.574,0.504,1,0.499,
0.664,0.623,1,0.608,
0.635,0.583,1,0.555,
0.637,0.585,1,0.577,
0.645,0.594,1,0.593,
0.653,0.606,1,0.606,
0.685,0.646,1,0.636,
0.68,0.644,1,0.619,
0.691,0.655,1,0.636,
0.681,0.645,1,0.632,
0.574,0.509,1,0.494,
0.633,0.588,1,0.587,
0.629,0.577,1,0.575,
0.639,0.597,1,0.541,
0.601,0.543,1,0.53,
0.634,0.584,1,0.582,
0.651,0.607,1,0.603,
0.634,0.584,1,0.579,
0.645,0.595,1,0.592,
0.633,0.587,1,0.575,
0.615,0.558,1,0.543,
0.584,0.526,1,0.515,
0.601,0.538,1,0.526,
0.633,0.587,1,0.585,
0.648,0.616,1,0.567,
0.627,0.588,1,0.555,
0.633,0.579,1,0.559,
0.639,0.595,1,0.564,
0.585,0.525,1,0.517,
0.613,0.554,1,0.53,
0.597,0.53,1,0.517,
0.593,0.532,1,0.525,
0.711,0.676,1,0.667,
0.657,0.611,1,0.61,
0.642,0.605,1,0.568,
0.615,0.571,1,0.548,
0.656,0.609,1,0.606,
0.641,0.585,1,0.584,
0.605,0.55,1,0.541,
0.613,0.554,1,0.543,
0.643,0.608,1,0.573,
0.609,0.564,1,0.52,
0.635,0.584,1,0.565,
0.623,0.571,1,0.552,
0.629,0.589,1,0.559,
0.7,0.659,1,0.647,
0.623,0.57,1,0.555,
0.659,0.606,1,0.605,
0.612,0.558,1,0.539,
0.646,0.602,1,0.6,
0.646,0.613,1,0.579,
0.64,0.593,1,0.579,
0.641,0.595,1,0.592,
0.645,0.6,1,0.597,
0.65,0.611,1,0.581,
0.633,0.585,1,0.578,
0.628,0.595,1,0.543,
0.646,0.609,1,0.593,
0.608,0.558,1,0.536,
0.618,0.578,1,0.53,
0.637,0.596,1,0.582,
0.676,0.633,1,0.608,
0.611,0.554,1,0.552,
0.668,0.633,1,0.608,
0.643,0.599,1,0.582,
0.632,0.585,1,0.582,
0.664,0.619,1,0.617,
0.634,0.583,1,0.574,
0.622,0.573,1,0.533,
0.61,0.55,1,0.549,
0.641,0.589,1,0.585,
0.634,0.589,1,0.542,
0.654,0.615,1,0.596,
0.617,0.567,1,0.541,
0.682,0.643,1,0.61,
0.612,0.556,1,0.553,
0.632,0.584,1,0.582,
0.633,0.599,1,0.568,
0.616,0.558,1,0.546,
0.647,0.605,1,0.576,
0.667,0.627,1,0.618,
0.666,0.615,1,0.609,
0.638,0.593,1,0.568,
0.647,0.599,1,0.597,
0.606,0.552,1,0.55,
0.649,0.61,1,0.587,
0.606,0.577,1,0.498,
0.682,0.639,1,0.634,
0.629,0.587,1,0.572,
0.648,0.599,1,0.598,
0.651,0.592,1,0.59,
0.627,0.579,1,0.571,
0.624,0.573,1,0.556,
0.605,0.544,1,0.537,
0.627,0.572,1,0.565,
0.625,0.571,1,0.562,
0.611,0.565,1,0.526,
0.612,0.554,1,0.545,
0.641,0.588,1,0.582,
0.661,0.625,1,0.588,
0.627,0.591,1,0.55,
0.647,0.603,1,0.602,
0.625,0.566,1,0.56,
0.657,0.611,1,0.569,
0.585,0.537,1,0.515,
0.612,0.546,1,0.544,
0.671,0.625,1,0.624,
0.651,0.612,1,0.595,
0.597,0.534,1,0.526,
0.639,0.587,1,0.549,
0.621,0.579,1,0.552,
0.644,0.595,1,0.589,
0.618,0.554,1,0.549,
0.584,0.532,1,0.505,
0.664,0.623,1,0.614,
0.61,0.545,1,0.54,
0.69,0.655,1,0.628,
0.639,0.587,1,0.557,
0.704,0.669,1,0.659,
0.654,0.613,1,0.582,
0.594,0.535,1,0.534,
0.606,0.553,1,0.546,
0.656,0.611,1,0.604,
0.678,0.655,1,0.603,
0.593,0.534,1,0.521,
0.628,0.581,1,0.554,
0.644,0.603,1,0.592,
0.617,0.571,1,0.537,
0.666,0.64,1,0.544,
0.615,0.569,1,0.544,
0.631,0.575,1,0.575,
0.695,0.659,1,0.647,
0.607,0.559,1,0.538,
0.618,0.577,1,0.532,
0.609,0.553,1,0.541,
0.629,0.586,1,0.564,
0.649,0.611,1,0.583,
0.642,0.59,1,0.589,
0.639,0.59,1,0.574,
0.693,0.661,1,0.631,
0.638,0.588,1,0.558,
0.596,0.537,1,0.529,
0.666,0.617,1,0.604,
0.598,0.548,1,0.525,
0.642,0.597,1,0.569,
0.628,0.586,1,0.557,
0.69,0.645,1,0.645,
0.697,0.656,1,0.65,
0.633,0.585,1,0.567,
0.713,0.686,1,0.647,
0.667,0.633,1,0.595,
0.655,0.61,1,0.592,
0.624,0.562,1,0.559,
0.635,0.595,1,0.564,
0.619,0.562,1,0.559,
0.614,0.554,1,0.546,
0.587,0.534,1,0.497,
0.631,0.573,1,0.56,
0.643,0.607,1,0.565,
0.653,0.607,1,0.603,
0.595,0.533,1,0.505,
0.642,0.585,1,0.574,
0.639,0.597,1,0.57,
0.673,0.632,1,0.62,
0.623,0.569,1,0.546,
0.638,0.587,1,0.568,
0.654,0.604,1,0.603,
0.665,0.627,1,0.588,
0.626,0.571,1,0.569,
0.614,0.56,1,0.537,
0.6,0.552,1,0.503,
0.615,0.558,1,0.554,
0.673,0.627,1,0.627,
0.668,0.632,1,0.609,
0.648,0.605,1,0.581,
0.622,0.571,1,0.567,
0.657,0.613,1,0.599,
0.688,0.647,1,0.635,
0.637,0.591,1,0.562,
0.615,0.556,1,0.545,
0.619,0.56,1,0.552,
0.611,0.554,1,0.551,
0.624,0.579,1,0.542,
0.629,0.586,1,0.559,
0.662,0.615,1,0.613,
0.613,0.549,1,0.53,
0.643,0.591,1,0.589,
0.64,0.595,1,0.574,
0.623,0.575,1,0.554,
0.603,0.541,1,0.53,
0.605,0.55,1,0.549,
0.668,0.63,1,0.615,
0.664,0.627,1,0.613,
0.63,0.579,1,0.577,
0.635,0.595,1,0.559,
0.621,0.569,1,0.568,
0.664,0.619,1,0.608,
0.654,0.599,1,0.589,
0.636,0.583,1,0.583,
0.658,0.623,1,0.58,
0.639,0.592,1,0.567,
0.664,0.623,1,0.604,
0.645,0.598,1,0.578,
0.666,0.619,1,0.614,
0.642,0.585,1,0.583,
0.674,0.627,1,0.627,
0.652,0.616,1,0.593,
0.629,0.575,1,0.571,
0.629,0.577,1,0.576,
0.633,0.578,1,0.568,
0.603,0.55,1,0.541,
0.641,0.595,1,0.593,
0.647,0.601,1,0.586,
0.667,0.621,1,0.62,
0.635,0.576,1,0.573,
0.632,0.588,1,0.583,
0.659,0.612,1,0.603,
0.599,0.536,1,0.529,
0.63,0.587,1,0.559,
0.719,0.683,1,0.676,
0.611,0.546,1,0.541,
0.623,0.573,1,0.564,
0.691,0.647,1,0.645,
0.603,0.546,1,0.543,
0.621,0.566,1,0.551,
0.628,0.575,1,0.561,
0.627,0.579,1,0.56,
0.637,0.587,1,0.578,
0.641,0.589,1,0.588,
0.625,0.579,1,0.555,
0.72,0.689,1,0.664,
0.613,0.56,1,0.559,
0.644,0.594,1,0.592,
0.603,0.535,1,0.529,
0.656,0.613,1,0.588,
0.627,0.569,1,0.564,
0.643,0.585,1,0.583,
0.643,0.6,1,0.593,
0.627,0.567,1,0.557,
0.625,0.569,1,0.568,
0.662,0.617,1,0.606,
0.627,0.577,1,0.563,
0.613,0.556,1,0.549,
0.638,0.591,1,0.566,
0.619,0.591,1,0.536,
0.648,0.603,1,0.597,
0.632,0.585,1,0.554,
0.628,0.581,1,0.565,
0.619,0.562,1,0.562,
0.634,0.569,1,0.566,
0.666,0.621,1,0.619,
0.633,0.591,1,0.57,
0.633,0.593,1,0.563,
0.621,0.572,1,0.561,
0.645,0.595,1,0.586,
0.689,0.654,1,0.62,
0.635,0.585,1,0.569,
0.662,0.614,1,0.606,
0.65,0.605,1,0.595,
0.597,0.54,1,0.532,
0.639,0.591,1,0.584,
0.726,0.692,1,0.675,
0.628,0.571,1,0.567,
0.624,0.571,1,0.558,
0.637,0.595,1,0.554,
0.648,0.609,1,0.584,
0.607,0.545,1,0.542,
0.663,0.625,1,0.6,
0.63,0.585,1,0.58,
0.624,0.569,1,0.556,
0.632,0.579,1,0.561,
0.642,0.589,1,0.586,
0.687,0.64,1,0.639,
0.647,0.598,1,0.587,
0.638,0.609,1,0.553,
0.643,0.595,1,0.594,
0.642,0.594,1,0.593,
0.659,0.611,1,0.61,
0.631,0.579,1,0.557,
0.652,0.607,1,0.607,
0.627,0.586,1,0.544,
0.609,0.543,1,0.536,
0.637,0.598,1,0.57,
0.635,0.589,1,0.582,
0.666,0.628,1,0.601,
0.631,0.581,1,0.545,
0.647,0.606,1,0.59,
0.634,0.587,1,0.567,
0.653,0.605,1,0.603,
0.633,0.585,1,0.58,
0.597,0.55,1,0.496,
0.668,0.615,1,0.611,
0.645,0.593,1,0.582,
0.629,0.581,1,0.576,
0.626,0.582,1,0.57,
0.664,0.623,1,0.595,
0.65,0.6,1,0.588,
0.624,0.577,1,0.55,
0.637,0.581,1,0.577,
0.628,0.569,1,0.56,
0.662,0.619,1,0.608,
0.675,0.633,1,0.618,
0.64,0.589,1,0.582,
0.638,0.601,1,0.563,
0.625,0.574,1,0.556,
0.622,0.573,1,0.561,
0.648,0.593,1,0.571,
0.638,0.593,1,0.575,
0.637,0.591,1,0.557,
0.676,0.639,1,0.619,
0.649,0.6,1,0.598,
0.67,0.623,1,0.616,
0.61,0.558,1,0.52,
0.635,0.591,1,0.574,
0.676,0.63,1,0.624,
0.681,0.639,1,0.636,
0.596,0.539,1,0.522,
0.665,0.619,1,0.592,
0.718,0.668,1,0.666,
0.62,0.562,1,0.561,
0.642,0.593,1,0.58,
0.672,0.625,1,0.623,
0.679,0.636,1,0.629,
0.627,0.577,1,0.575,
0.609,0.565,1,0.542,
0.614,0.546,1,0.536,
0.683,0.639,1,0.636,
0.629,0.577,1,0.573,
0.649,0.595,1,0.592,
0.629,0.585,1,0.579,
0.652,0.619,1,0.58,
0.647,0.607,1,0.565,
0.646,0.605,1,0.577,
0.634,0.575,1,0.564,
0.699,0.661,1,0.649,
0.662,0.608,1,0.601,
0.678,0.642,1,0.624,
0.601,0.538,1,0.533,
0.649,0.609,1,0.58,
0.678,0.629,1,0.624,
0.61,0.558,1,0.548,
0.637,0.589,1,0.552,
0.592,0.534,1,0.516,
0.626,0.573,1,0.562,
0.596,0.546,1,0.526,
0.615,0.577,1,0.538,
0.661,0.615,1,0.615,
0.606,0.569,1,0.519,
0.634,0.592,1,0.575,
0.638,0.609,1,0.576,
0.591,0.529,1,0.519,
0.609,0.567,1,0.509,
0.673,0.623,1,0.619,
0.621,0.576,1,0.552,
0.61,0.548,1,0.545,
0.604,0.542,1,0.528,
0.604,0.54,1,0.529,
0.667,0.625,1,0.615,
0.678,0.635,1,0.627,
0.591,0.531,1,0.526,
0.626,0.577,1,0.576,
0.631,0.591,1,0.568,
0.633,0.571,1,0.568,
0.651,0.61,1,0.588,
0.648,0.611,1,0.581,
0.617,0.571,1,0.526,
0.657,0.619,1,0.575,
0.681,0.629,1,0.628,
0.625,0.571,1,0.567,
0.638,0.593,1,0.576,
0.675,0.639,1,0.618,
0.627,0.569,1,0.565,
0.578,0.532,1,0.484,
0.623,0.574,1,0.541,
0.645,0.607,1,0.586,
0.643,0.593,1,0.579,
0.638,0.589,1,0.577,
0.616,0.555,1,0.55,
0.615,0.561,1,0.54,
0.635,0.581,1,0.578,
0.704,0.659,1,0.657,
0.624,0.565,1,0.561,
0.599,0.538,1,0.519,
0.669,0.621,1,0.621,
0.65,0.598,1,0.596,
0.575,0.504,1,0.498,
0.604,0.542,1,0.524,
0.645,0.604,1,0.583,
0.616,0.565,1,0.563,
0.648,0.604,1,0.578,
0.697,0.656,1,0.65,
0.607,0.546,1,0.535,
0.618,0.571,1,0.528,
0.653,0.599,1,0.589,
0.545,0.502,1,0.443,
0.54,0.476,1,0.47,
0.611,0.56,1,0.556,
0.584,0.527,1,0.527,
0.567,0.506,1,0.503,
0.515,0.43,1,0.426,
0.514,0.433,1,0.432,
0.512,0.434,1,0.433,
0.503,0.424,1,0.422,
0.527,0.455,1,0.45,
0.522,0.45,1,0.441,
0.569,0.524,1,0.479,
0.531,0.447,1,0.442,
0.507,0.423,1,0.423,
0.582,0.526,1,0.525,
0.525,0.465,1,0.434,
0.579,0.52,1,0.489,
0.526,0.467,1,0.428,
0.572,0.501,1,0.497,
0.517,0.437,1,0.436,
0.541,0.48,1,0.44,
0.514,0.438,1,0.433,
0.497,0.414,1,0.413,
0.515,0.448,1,0.424,
0.54,0.475,1,0.465,
0.522,0.445,1,0.432,
0.528,0.456,1,0.453,
0.552,0.495,1,0.47,
0.563,0.485,1,0.482,
0.52,0.441,1,0.437,
0.531,0.452,1,0.434,
0.592,0.537,1,0.537,
0.518,0.436,1,0.432,
0.609,0.55,1,0.54,
0.526,0.449,1,0.441,
0.503,0.423,1,0.422,
0.522,0.454,1,0.431,
0.549,0.49,1,0.462,
0.507,0.427,1,0.425,
0.549,0.459,1,0.435,
0.511,0.43,1,0.424,
0.587,0.548,1,0.5,
0.568,0.502,1,0.498,
0.516,0.428,1,0.422,
0.557,0.49,1,0.486,
0.533,0.452,1,0.447,
0.53,0.474,1,0.425,
0.515,0.435,1,0.433,
0.521,0.442,1,0.435,
0.514,0.442,1,0.44,
0.61,0.558,1,0.557,
0.534,0.468,1,0.448,
0.571,0.51,1,0.506,
0.584,0.523,1,0.518,
0.523,0.442,1,0.437,
0.519,0.441,1,0.438,
0.495,0.423,1,0.422,
0.504,0.423,1,0.422,
0.558,0.514,1,0.473,
0.525,0.449,1,0.441,
0.51,0.432,1,0.431,
0.515,0.427,1,0.42,
0.526,0.442,1,0.439,
0.574,0.522,1,0.494,
0.531,0.455,1,0.446,
0.517,0.44,1,0.438,
0.525,0.448,1,0.442,
0.57,0.512,1,0.489,
0.556,0.506,1,0.459,
0.599,0.552,1,0.516,
0.547,0.486,1,0.455,
0.526,0.456,1,0.455,
0.515,0.452,1,0.418,
0.533,0.461,1,0.459,
0.531,0.447,1,0.441,
0.523,0.458,1,0.431,
0.509,0.428,1,0.426,
0.595,0.547,1,0.477,
0.507,0.432,1,0.431,
0.572,0.512,1,0.512,
0.518,0.426,1,0.422,
0.579,0.514,1,0.491,
0.53,0.45,1,0.44,
0.522,0.45,1,0.442,
0.536,0.456,1,0.444,
0.526,0.455,1,0.453,
0.512,0.433,1,0.43,
0.505,0.426,1,0.426,
0.516,0.435,1,0.433,
0.556,0.5,1,0.45,
0.52,0.444,1,0.441,
0.515,0.44,1,0.432,
0.588,0.538,1,0.479,
0.522,0.448,1,0.441,
0.534,0.471,1,0.453,
0.522,0.438,1,0.432,
0.582,0.512,1,0.509,
0.517,0.44,1,0.437,
0.666,0.632,1,0.582,
0.534,0.468,1,0.466,
0.589,0.535,1,0.511,
0.503,0.422,1,0.421,
0.532,0.458,1,0.456,
0.512,0.433,1,0.431,
0.507,0.427,1,0.426,
0.545,0.467,1,0.459,
0.612,0.55,1,0.539,
0.507,0.43,1,0.428,
0.526,0.442,1,0.432,
0.581,0.52,1,0.519,
0.545,0.48,1,0.44,
0.515,0.434,1,0.433,
0.579,0.522,1,0.514,
0.554,0.481,1,0.452,
0.554,0.489,1,0.488,
0.531,0.452,1,0.449,
0.58,0.521,1,0.513,
0.506,0.43,1,0.428,
0.545,0.474,1,0.462,
0.532,0.449,1,0.443,
0.555,0.502,1,0.466,
0.509,0.428,1,0.427,
0.568,0.512,1,0.49,
0.534,0.448,1,0.438,
0.514,0.435,1,0.433,
0.538,0.482,1,0.441,
0.52,0.442,1,0.44,
0.521,0.455,1,0.445,
0.506,0.428,1,0.427,
0.54,0.47,1,0.467,
0.532,0.48,1,0.425,
0.524,0.445,1,0.443,
0.532,0.454,1,0.431,
0.509,0.426,1,0.419,
0.579,0.53,1,0.489,
0.541,0.464,1,0.449,
0.51,0.434,1,0.433,
0.589,0.522,1,0.519,
0.549,0.487,1,0.462,
0.516,0.432,1,0.428,
0.512,0.434,1,0.432,
0.535,0.468,1,0.466,
0.514,0.443,1,0.442,
0.516,0.452,1,0.432,
0.538,0.49,1,0.435,
0.634,0.594,1,0.542,
0.534,0.462,1,0.459,
0.524,0.439,1,0.436,
0.517,0.431,1,0.429,
0.55,0.482,1,0.453,
0.566,0.508,1,0.473,
0.532,0.47,1,0.445,
0.531,0.456,1,0.453,
0.521,0.449,1,0.445,
0.554,0.493,1,0.491,
0.531,0.46,1,0.45,
0.511,0.431,1,0.43,
0.613,0.565,1,0.563,
0.528,0.443,1,0.43,
0.53,0.465,1,0.437,
0.544,0.469,1,0.455,
0.548,0.465,1,0.459,
0.537,0.452,1,0.434,
0.557,0.492,1,0.451,
0.579,0.518,1,0.515,
0.511,0.429,1,0.428,
0.511,0.436,1,0.432,
0.549,0.479,1,0.471,
0.527,0.451,1,0.449,
0.511,0.435,1,0.434,
0.508,0.429,1,0.429,
0.546,0.478,1,0.476,
0.509,0.436,1,0.433,
0.523,0.444,1,0.434,
0.585,0.52,1,0.518,
0.55,0.514,1,0.447,
0.51,0.433,1,0.431,
0.546,0.483,1,0.47,
0.51,0.43,1,0.429,
0.537,0.452,1,0.435,
0.579,0.522,1,0.521,
0.516,0.434,1,0.417,
0.528,0.431,1,0.425,
0.521,0.435,1,0.432,
0.54,0.46,1,0.457,
0.514,0.432,1,0.43,
0.56,0.499,1,0.474,
0.525,0.443,1,0.436,
0.592,0.528,1,0.526,
0.559,0.492,1,0.491,
0.523,0.441,1,0.437,
0.571,0.526,1,0.472,
0.519,0.466,1,0.418,
0.523,0.445,1,0.431,
0.527,0.441,1,0.436,
0.519,0.44,1,0.434,
0.582,0.539,1,0.511,
0.528,0.456,1,0.439,
0.509,0.43,1,0.429,
0.523,0.433,1,0.43,
0.578,0.514,1,0.512,
0.543,0.485,1,0.429,
0.538,0.487,1,0.435,
0.579,0.514,1,0.513,
0.541,0.475,1,0.444,
0.57,0.512,1,0.509,
0.6,0.544,1,0.543,
0.525,0.452,1,0.426,
0.535,0.453,1,0.443,
0.502,0.423,1,0.421,
0.546,0.472,1,0.467,
0.507,0.431,1,0.425,
0.555,0.512,1,0.461,
0.56,0.51,1,0.443,
0.549,0.478,1,0.475,
0.532,0.468,1,0.441,
0.503,0.421,1,0.419,
0.522,0.444,1,0.426,
0.582,0.519,1,0.508,
0.604,0.548,1,0.537,
0.525,0.449,1,0.447,
0.529,0.458,1,0.456,
0.61,0.559,1,0.53,
0.549,0.487,1,0.462,
0.664,0.62,1,0.618,
0.53,0.451,1,0.446,
0.53,0.46,1,0.459,
0.516,0.432,1,0.43,
0.526,0.452,1,0.443,
0.574,0.513,1,0.5,
0.549,0.508,1,0.449,
0.535,0.46,1,0.45,
0.555,0.493,1,0.475,
0.516,0.445,1,0.442,
0.513,0.442,1,0.44,
0.534,0.466,1,0.46,
0.539,0.456,1,0.45,
0.508,0.426,1,0.425,
0.519,0.445,1,0.439,
0.602,0.544,1,0.535,
0.531,0.462,1,0.438,
0.544,0.468,1,0.466,
0.524,0.451,1,0.45,
0.554,0.48,1,0.457,
0.622,0.574,1,0.563,
0.506,0.431,1,0.422,
0.577,0.521,1,0.505,
0.503,0.42,1,0.419,
0.556,0.492,1,0.453,
0.586,0.519,1,0.5,
0.513,0.434,1,0.428,
0.574,0.527,1,0.473,
0.538,0.47,1,0.469,
0.57,0.513,1,0.475,
0.515,0.438,1,0.437,
0.535,0.458,1,0.439,
0.533,0.462,1,0.457,
0.502,0.42,1,0.418,
0.537,0.467,1,0.456,
0.53,0.466,1,0.437,
0.529,0.457,1,0.455,
0.516,0.442,1,0.441,
0.524,0.449,1,0.441,
0.518,0.443,1,0.441,
0.529,0.463,1,0.434,
0.559,0.504,1,0.452,
0.584,0.52,1,0.518,
0.539,0.466,1,0.46,
0.526,0.449,1,0.446,
0.518,0.436,1,0.434,
0.51,0.425,1,0.424,
0.524,0.444,1,0.438,
0.586,0.53,1,0.507,
0.517,0.432,1,0.43,
0.539,0.485,1,0.439,
0.572,0.513,1,0.487,
0.524,0.441,1,0.432,
0.525,0.458,1,0.428,
0.534,0.461,1,0.441,
0.58,0.53,1,0.506,
0.573,0.506,1,0.502,
0.532,0.468,1,0.447,
0.524,0.447,1,0.433,
0.525,0.443,1,0.44,
0.53,0.461,1,0.458,
0.52,0.44,1,0.438,
0.543,0.484,1,0.45,
0.528,0.465,1,0.457,
0.521,0.444,1,0.442,
0.557,0.502,1,0.471,
0.544,0.466,1,0.441,
0.536,0.475,1,0.458,
0.506,0.425,1,0.424,
0.643,0.597,1,0.594,
0.521,0.444,1,0.441,
0.51,0.424,1,0.422,
0.516,0.444,1,0.443,
0.586,0.566,1,0.46,
0.621,0.579,1,0.562,
0.518,0.445,1,0.437,
0.52,0.431,1,0.427,
0.578,0.512,1,0.454,
0.526,0.441,1,0.432,
0.519,0.444,1,0.442,
0.599,0.552,1,0.487,
0.659,0.613,1,0.612,
0.528,0.453,1,0.445,
0.605,0.569,1,0.51,
0.526,0.44,1,0.431,
0.517,0.439,1,0.43,
0.56,0.489,1,0.489,
0.512,0.434,1,0.433,
0.523,0.445,1,0.442,
0.493,0.414,1,0.413,
0.521,0.442,1,0.434,
0.521,0.445,1,0.437,
0.506,0.428,1,0.418,
0.583,0.54,1,0.476,
0.554,0.48,1,0.466,
0.536,0.455,1,0.448,
0.612,0.554,1,0.546,
0.552,0.512,1,0.433,
0.622,0.577,1,0.521,
0.51,0.431,1,0.431,
0.601,0.544,1,0.519,
0.517,0.432,1,0.431,
0.558,0.494,1,0.488,
0.525,0.464,1,0.454,
0.531,0.449,1,0.446,
0.589,0.534,1,0.487,
0.563,0.516,1,0.464,
0.607,0.565,1,0.523,
0.597,0.542,1,0.533,
0.518,0.444,1,0.443,
0.557,0.509,1,0.453,
0.53,0.452,1,0.448,
0.519,0.447,1,0.444,
0.511,0.44,1,0.436,
0.617,0.564,1,0.547,
0.52,0.439,1,0.438,
0.558,0.488,1,0.481,
0.507,0.429,1,0.428,
0.538,0.46,1,0.449,
0.526,0.455,1,0.434,
0.527,0.468,1,0.438,
0.615,0.562,1,0.56,
0.521,0.446,1,0.44,
0.54,0.48,1,0.424,
0.566,0.502,1,0.496,
0.539,0.469,1,0.466,
0.526,0.444,1,0.443,
0.499,0.42,1,0.42,
0.517,0.445,1,0.439,
0.506,0.426,1,0.426,
0.51,0.434,1,0.432,
0.596,0.552,1,0.496,
0.503,0.423,1,0.423,
0.515,0.434,1,0.433,
0.511,0.432,1,0.43,
0.533,0.453,1,0.443,
0.506,0.431,1,0.43,
0.552,0.485,1,0.481,
0.57,0.516,1,0.455,
0.515,0.432,1,0.43,
0.517,0.433,1,0.427,
0.551,0.481,1,0.478,
0.554,0.508,1,0.469,
0.641,0.593,1,0.585,
0.596,0.545,1,0.534,
0.6,0.554,1,0.541,
0.509,0.433,1,0.429,
0.61,0.569,1,0.536,
0.56,0.506,1,0.487,
0.569,0.514,1,0.478,
0.587,0.547,1,0.499,
0.599,0.542,1,0.531,
0.549,0.471,1,0.469,
0.518,0.441,1,0.44,
0.52,0.442,1,0.434,
0.514,0.44,1,0.434,
0.527,0.452,1,0.447,
0.508,0.435,1,0.434,
0.582,0.514,1,0.513,
0.522,0.442,1,0.435,
0.6,0.549,1,0.524,
0.654,0.613,1,0.6,
0.648,0.599,1,0.597,
0.635,0.603,1,0.557,
0.63,0.576,1,0.57,
0.642,0.605,1,0.587,
0.642,0.601,1,0.563,
0.621,0.568,1,0.541,
0.631,0.582,1,0.574,
0.633,0.585,1,0.583,
0.667,0.621,1,0.614,
0.631,0.565,1,0.554,
0.618,0.569,1,0.569,
0.642,0.601,1,0.575,
0.616,0.562,1,0.544,
0.626,0.572,1,0.546,
0.66,0.609,1,0.609,
0.61,0.56,1,0.556,
0.621,0.571,1,0.55,
0.636,0.583,1,0.577,
0.608,0.569,1,0.512,
0.619,0.57,1,0.501,
0.625,0.569,1,0.562,
0.625,0.573,1,0.57,
0.608,0.546,1,0.537,
0.629,0.572,1,0.561,
0.625,0.579,1,0.573,
0.595,0.533,1,0.524,
0.627,0.581,1,0.556,
0.713,0.673,1,0.667,
0.631,0.581,1,0.578,
0.644,0.594,1,0.594,
0.541,0.496,1,0.442,
0.516,0.444,1,0.439,
0.62,0.576,1,0.553,
0.507,0.429,1,0.428,
0.546,0.482,1,0.478,
0.535,0.47,1,0.442,
0.52,0.429,1,0.428,
0.614,0.572,1,0.539,
0.532,0.469,1,0.451,
0.516,0.443,1,0.435,
0.514,0.431,1,0.428,
0.573,0.512,1,0.512,
0.551,0.498,1,0.446,
0.546,0.481,1,0.455,
0.523,0.442,1,0.436,
0.562,0.487,1,0.48,
0.623,0.576,1,0.545,
0.638,0.595,1,0.557,
0.634,0.589,1,0.573,
0.658,0.613,1,0.604,
0.703,0.667,1,0.653,
0.595,0.533,1,0.519,
0.627,0.581,1,0.576,
0.637,0.595,1,0.556,
0.637,0.581,1,0.571,
0.617,0.573,1,0.512,
0.642,0.602,1,0.554,
0.626,0.578,1,0.575,
0.629,0.597,1,0.547,
0.663,0.621,1,0.618,
0.638,0.59,1,0.581,
0.661,0.637,1,0.586,
0.524,0.452,1,0.445,
0.52,0.448,1,0.437,
0.498,0.413,1,0.413,
0.507,0.432,1,0.426,
0.51,0.429,1,0.428,
0.578,0.52,1,0.512,
0.541,0.475,1,0.469,
0.525,0.45,1,0.447,
0.514,0.438,1,0.437,
0.539,0.468,1,0.445,
0.572,0.505,1,0.498,
0.544,0.483,1,0.453,
0.543,0.476,1,0.457,
0.582,0.521,1,0.517,
0.518,0.429,1,0.426,
0.512,0.432,1,0.43,




Further Data analysis of all test cases 
avg med max min 
AVGs,0.75,0.754,0.808,0.669,
MEDs,0.728,0.732,0.796,0.618,
MAXs,1,1,1,1,
MINs,0.659,0.664,0.748,0.531,


AVGs,0.598,0.613,0.726,0.493,
MEDs,0.541,0.56,0.692,0.413,
MAXs,1,1,1,1,
MINs,0.526,0.541,0.676,0.413,



