

Data analysis for each instance 
AVG,MED,MAX,MIN
0.738,0.7,1,0.636,
0.729,0.702,1,0.626,
0.732,0.754,1,0.576,
0.718,0.704,1,0.558,
0.736,0.709,1,0.64,
0.726,0.702,1,0.538,
0.694,0.669,1,0.565,
0.782,0.77,1,0.678,
0.703,0.671,1,0.59,
0.724,0.696,1,0.631,
0.746,0.731,1,0.638,
0.706,0.667,1,0.621,
0.741,0.718,1,0.64,
0.745,0.739,1,0.619,
0.754,0.721,1,0.658,
0.726,0.72,1,0.611,
0.739,0.736,1,0.62,
0.735,0.724,1,0.584,
0.711,0.679,1,0.583,
0.738,0.718,1,0.641,
0.744,0.716,1,0.69,
0.712,0.683,1,0.59,
0.729,0.708,1,0.619,
0.726,0.714,1,0.639,
0.743,0.704,1,0.651,
0.75,0.724,1,0.684,
0.712,0.685,1,0.605,
0.733,0.708,1,0.608,
0.747,0.73,1,0.647,
0.731,0.706,1,0.559,
0.762,0.746,1,0.682,
0.736,0.726,1,0.633,
0.707,0.677,1,0.589,
0.737,0.724,1,0.653,
0.741,0.719,1,0.655,
0.683,0.657,1,0.578,
0.704,0.695,1,0.552,
0.721,0.697,1,0.625,
0.719,0.692,1,0.617,
0.714,0.677,1,0.587,
0.741,0.715,1,0.62,
0.764,0.748,1,0.621,
0.694,0.674,1,0.586,
0.711,0.701,1,0.606,
0.762,0.744,1,0.676,
0.765,0.753,1,0.656,
0.724,0.712,1,0.627,
0.706,0.695,1,0.592,
0.719,0.693,1,0.627,
0.701,0.669,1,0.597,
0.735,0.721,1,0.553,
0.733,0.721,1,0.583,
0.716,0.691,1,0.608,
0.747,0.726,1,0.668,
0.756,0.739,1,0.645,
0.721,0.704,1,0.612,
0.711,0.688,1,0.601,
0.746,0.728,1,0.614,
0.755,0.744,1,0.542,
0.735,0.71,1,0.63,
0.722,0.701,1,0.606,
0.724,0.706,1,0.629,
0.771,0.758,1,0.658,
0.733,0.701,1,0.635,
0.735,0.71,1,0.661,
0.737,0.718,1,0.655,
0.734,0.705,1,0.633,
0.743,0.731,1,0.58,
0.733,0.718,1,0.646,
0.731,0.724,1,0.625,
0.756,0.734,1,0.64,
0.727,0.706,1,0.631,
0.689,0.672,1,0.546,
0.688,0.671,1,0.586,
0.721,0.693,1,0.596,
0.725,0.696,1,0.634,
0.711,0.686,1,0.588,
0.724,0.691,1,0.573,
0.746,0.726,1,0.634,
0.687,0.669,1,0.548,
0.718,0.695,1,0.624,
0.705,0.69,1,0.549,
0.772,0.753,1,0.67,
0.741,0.734,1,0.633,
0.709,0.689,1,0.613,
0.742,0.714,1,0.652,
0.714,0.691,1,0.575,
0.716,0.685,1,0.587,
0.75,0.733,1,0.625,
0.742,0.716,1,0.66,
0.751,0.732,1,0.67,
0.744,0.713,1,0.663,
0.739,0.721,1,0.628,
0.728,0.682,1,0.632,
0.723,0.698,1,0.571,
0.74,0.728,1,0.573,
0.759,0.744,1,0.617,
0.779,0.781,1,0.633,
0.726,0.696,1,0.604,
0.737,0.716,1,0.624,
0.75,0.722,1,0.649,
0.751,0.749,1,0.63,
0.743,0.728,1,0.643,
0.727,0.706,1,0.617,
0.741,0.706,1,0.636,
0.748,0.716,1,0.669,
0.716,0.691,1,0.58,
0.716,0.674,1,0.626,
0.696,0.675,1,0.609,
0.758,0.733,1,0.624,
0.756,0.74,1,0.673,
0.754,0.737,1,0.631,
0.755,0.748,1,0.623,
0.732,0.694,1,0.66,
0.725,0.696,1,0.632,
0.729,0.691,1,0.649,
0.744,0.742,1,0.599,
0.711,0.683,1,0.628,
0.733,0.738,1,0.594,
0.711,0.692,1,0.604,
0.728,0.699,1,0.62,
0.708,0.696,1,0.56,
0.736,0.726,1,0.615,
0.707,0.691,1,0.586,
0.729,0.698,1,0.619,
0.717,0.69,1,0.601,
0.71,0.707,1,0.564,
0.72,0.684,1,0.609,
0.738,0.698,1,0.641,
0.751,0.736,1,0.652,
0.711,0.686,1,0.55,
0.747,0.72,1,0.666,
0.748,0.726,1,0.617,
0.734,0.704,1,0.651,
0.74,0.724,1,0.632,
0.715,0.665,1,0.652,
0.701,0.663,1,0.613,
0.758,0.766,1,0.65,
0.719,0.691,1,0.644,
0.71,0.702,1,0.563,
0.762,0.736,1,0.612,
0.712,0.675,1,0.646,
0.712,0.681,1,0.622,
0.693,0.656,1,0.617,
0.74,0.72,1,0.678,
0.736,0.718,1,0.577,
0.684,0.646,1,0.546,
0.728,0.702,1,0.641,
0.728,0.696,1,0.662,
0.713,0.681,1,0.616,
0.716,0.701,1,0.596,
0.703,0.691,1,0.577,
0.742,0.712,1,0.659,
0.72,0.671,1,0.602,
0.744,0.708,1,0.674,
0.726,0.706,1,0.62,
0.751,0.725,1,0.676,
0.742,0.723,1,0.681,
0.733,0.738,1,0.599,
0.753,0.74,1,0.621,
0.752,0.724,1,0.677,
0.695,0.673,1,0.548,
0.756,0.742,1,0.696,
0.711,0.683,1,0.61,
0.718,0.69,1,0.616,
0.74,0.701,1,0.667,
0.751,0.734,1,0.653,
0.759,0.754,1,0.631,
0.73,0.705,1,0.64,
0.713,0.677,1,0.609,
0.754,0.728,1,0.671,
0.7,0.685,1,0.575,
0.723,0.708,1,0.615,
0.711,0.692,1,0.594,
0.731,0.709,1,0.595,
0.737,0.708,1,0.634,
0.701,0.668,1,0.592,
0.753,0.717,1,0.641,
0.731,0.708,1,0.608,
0.749,0.734,1,0.583,
0.719,0.693,1,0.65,
0.723,0.69,1,0.633,
0.725,0.74,1,0.559,
0.734,0.726,1,0.639,
0.728,0.724,1,0.559,
0.735,0.72,1,0.613,
0.738,0.724,1,0.624,
0.735,0.696,1,0.648,
0.755,0.75,1,0.562,
0.697,0.667,1,0.618,
0.753,0.725,1,0.667,
0.719,0.714,1,0.56,
0.737,0.726,1,0.64,
0.724,0.698,1,0.638,
0.708,0.674,1,0.609,
0.764,0.74,1,0.673,
0.737,0.725,1,0.622,
0.713,0.693,1,0.576,
0.705,0.671,1,0.602,
0.722,0.734,1,0.564,
0.735,0.705,1,0.638,
0.746,0.728,1,0.653,
0.708,0.676,1,0.577,
0.74,0.716,1,0.63,
0.749,0.744,1,0.621,
0.755,0.756,1,0.631,
0.76,0.738,1,0.69,
0.717,0.692,1,0.642,
0.761,0.752,1,0.611,
0.707,0.671,1,0.548,
0.712,0.676,1,0.62,
0.694,0.649,1,0.554,
0.751,0.727,1,0.694,
0.755,0.741,1,0.647,
0.73,0.719,1,0.603,
0.729,0.704,1,0.653,
0.718,0.685,1,0.626,
0.712,0.696,1,0.544,
0.751,0.731,1,0.643,
0.699,0.671,1,0.598,
0.73,0.712,1,0.584,
0.782,0.764,1,0.703,
0.734,0.714,1,0.634,
0.742,0.738,1,0.659,
0.724,0.712,1,0.599,
0.745,0.732,1,0.609,
0.704,0.665,1,0.621,
0.749,0.711,1,0.646,
0.734,0.706,1,0.634,
0.716,0.703,1,0.581,
0.742,0.738,1,0.602,
0.755,0.742,1,0.638,
0.708,0.707,1,0.555,
0.733,0.731,1,0.592,
0.706,0.668,1,0.653,
0.758,0.749,1,0.641,
0.719,0.697,1,0.608,
0.69,0.675,1,0.586,
0.729,0.688,1,0.658,
0.73,0.701,1,0.618,
0.762,0.754,1,0.67,
0.713,0.686,1,0.622,
0.723,0.683,1,0.606,
0.729,0.699,1,0.58,
0.755,0.745,1,0.647,
0.72,0.709,1,0.598,
0.727,0.714,1,0.569,
0.74,0.756,1,0.567,
0.718,0.707,1,0.637,
0.75,0.724,1,0.663,
0.721,0.694,1,0.596,
0.742,0.726,1,0.636,
0.738,0.72,1,0.577,
0.755,0.73,1,0.679,
0.735,0.708,1,0.649,
0.725,0.712,1,0.609,
0.718,0.692,1,0.631,
0.712,0.682,1,0.62,
0.738,0.722,1,0.625,
0.739,0.712,1,0.632,
0.752,0.75,1,0.604,
0.733,0.696,1,0.591,
0.685,0.671,1,0.582,
0.753,0.742,1,0.613,
0.784,0.766,1,0.72,
0.719,0.694,1,0.568,
0.729,0.702,1,0.651,
0.753,0.734,1,0.667,
0.705,0.678,1,0.603,
0.714,0.696,1,0.606,
0.716,0.708,1,0.617,
0.732,0.708,1,0.626,
0.761,0.756,1,0.564,
0.765,0.75,1,0.664,
0.723,0.692,1,0.649,
0.742,0.73,1,0.665,
0.705,0.68,1,0.574,
0.721,0.675,1,0.606,
0.724,0.697,1,0.635,
0.726,0.711,1,0.622,
0.744,0.749,1,0.619,
0.717,0.679,1,0.617,
0.733,0.7,1,0.597,
0.728,0.716,1,0.599,
0.705,0.68,1,0.603,
0.724,0.692,1,0.654,
0.763,0.75,1,0.66,
0.747,0.745,1,0.595,
0.71,0.67,1,0.585,
0.775,0.769,1,0.68,
0.733,0.72,1,0.648,
0.744,0.72,1,0.67,
0.717,0.718,1,0.554,
0.727,0.722,1,0.608,
0.729,0.704,1,0.66,
0.742,0.723,1,0.61,
0.72,0.728,1,0.573,
0.739,0.716,1,0.629,
0.718,0.702,1,0.608,
0.737,0.716,1,0.632,
0.74,0.732,1,0.598,
0.716,0.689,1,0.618,
0.717,0.699,1,0.599,
0.688,0.671,1,0.56,
0.76,0.741,1,0.674,
0.752,0.75,1,0.651,
0.771,0.762,1,0.67,
0.75,0.742,1,0.664,
0.694,0.654,1,0.605,
0.736,0.738,1,0.565,
0.721,0.698,1,0.638,
0.739,0.724,1,0.615,
0.73,0.7,1,0.664,
0.726,0.732,1,0.564,
0.747,0.722,1,0.665,
0.734,0.721,1,0.62,
0.724,0.698,1,0.646,
0.758,0.752,1,0.653,
0.761,0.732,1,0.687,
0.71,0.696,1,0.585,
0.762,0.732,1,0.697,
0.734,0.708,1,0.627,
0.725,0.689,1,0.65,
0.709,0.693,1,0.631,
0.733,0.694,1,0.633,
0.757,0.721,1,0.663,
0.755,0.733,1,0.644,
0.749,0.726,1,0.659,
0.731,0.703,1,0.639,
0.713,0.72,1,0.541,
0.72,0.712,1,0.605,
0.737,0.717,1,0.601,
0.709,0.667,1,0.644,
0.75,0.718,1,0.642,
0.752,0.734,1,0.668,
0.742,0.73,1,0.622,
0.703,0.685,1,0.545,
0.718,0.702,0.999,0.594,
0.74,0.74,1,0.611,
0.735,0.71,1,0.654,
0.697,0.652,1,0.542,
0.674,0.635,1,0.554,
0.743,0.716,1,0.652,
0.762,0.759,1,0.653,
0.743,0.732,1,0.65,
0.726,0.71,1,0.548,
0.721,0.694,1,0.637,
0.753,0.742,1,0.607,
0.72,0.708,1,0.623,
0.742,0.715,1,0.642,
0.732,0.697,1,0.652,
0.736,0.71,1,0.627,
0.746,0.726,1,0.662,
0.751,0.735,1,0.632,
0.716,0.692,1,0.594,
0.73,0.744,1,0.543,
0.741,0.72,1,0.655,
0.77,0.75,1,0.711,
0.743,0.706,1,0.672,
0.748,0.718,1,0.68,
0.745,0.736,1,0.649,
0.757,0.749,1,0.593,
0.754,0.749,1,0.604,
0.716,0.705,1,0.561,
0.72,0.702,1,0.61,
0.735,0.731,1,0.567,
0.74,0.72,1,0.636,
0.737,0.72,1,0.671,
0.739,0.717,1,0.624,
0.707,0.7,1,0.593,
0.75,0.734,1,0.631,
0.738,0.724,1,0.652,
0.731,0.73,1,0.623,
0.714,0.694,1,0.609,
0.734,0.724,1,0.615,
0.734,0.713,1,0.622,
0.757,0.724,1,0.706,
0.725,0.706,1,0.603,
0.761,0.745,1,0.642,
0.748,0.76,1,0.63,
0.721,0.697,1,0.618,
0.674,0.651,1,0.534,
0.708,0.657,1,0.608,
0.74,0.728,1,0.626,
0.735,0.702,1,0.663,
0.708,0.68,1,0.596,
0.747,0.73,1,0.656,
0.742,0.71,1,0.629,
0.752,0.74,1,0.642,
0.726,0.709,1,0.609,
0.729,0.72,1,0.589,
0.728,0.721,1,0.621,
0.739,0.708,1,0.647,
0.751,0.728,1,0.664,
0.715,0.696,1,0.595,
0.736,0.72,1,0.63,
0.746,0.733,1,0.61,
0.708,0.68,1,0.62,
0.743,0.734,1,0.637,
0.732,0.71,1,0.647,
0.714,0.694,1,0.585,
0.712,0.68,1,0.627,
0.736,0.711,1,0.639,
0.73,0.725,1,0.624,
0.756,0.751,1,0.653,
0.721,0.691,1,0.638,
0.694,0.661,0.991,0.591,
0.749,0.746,1,0.643,
0.739,0.722,1,0.66,
0.738,0.734,1,0.579,
0.734,0.707,1,0.599,
0.736,0.72,1,0.645,
0.747,0.728,1,0.649,
0.717,0.7,1,0.547,
0.719,0.683,1,0.652,
0.716,0.724,1,0.586,
0.777,0.76,1,0.651,
0.689,0.661,1,0.576,
0.711,0.681,1,0.594,
0.742,0.715,1,0.658,
0.734,0.713,1,0.562,
0.744,0.734,1,0.633,
0.747,0.716,1,0.679,
0.719,0.683,1,0.608,
0.728,0.698,1,0.654,
0.7,0.695,1,0.551,
0.718,0.704,1,0.623,
0.747,0.718,1,0.673,
0.742,0.712,1,0.662,
0.749,0.734,1,0.655,
0.729,0.722,1,0.593,
0.77,0.762,1,0.675,
0.739,0.72,1,0.63,
0.704,0.694,1,0.556,
0.735,0.726,1,0.551,
0.737,0.712,1,0.649,
0.72,0.68,1,0.621,
0.743,0.724,1,0.647,
0.737,0.724,1,0.568,
0.681,0.657,1,0.554,
0.707,0.665,1,0.582,
0.727,0.713,1,0.605,
0.744,0.729,1,0.653,
0.746,0.73,1,0.617,
0.706,0.685,1,0.537,
0.743,0.731,1,0.624,
0.736,0.721,1,0.666,
0.742,0.734,1,0.637,
0.735,0.732,1,0.581,
0.705,0.671,1,0.593,
0.739,0.71,1,0.663,
0.735,0.71,1,0.659,
0.698,0.662,1,0.609,
0.74,0.712,1,0.63,
0.706,0.671,1,0.626,
0.718,0.681,1,0.599,
0.754,0.748,1,0.628,
0.694,0.667,1,0.54,
0.758,0.752,1,0.619,
0.741,0.722,1,0.568,
0.746,0.744,1,0.574,
0.7,0.686,1,0.61,
0.74,0.718,1,0.616,
0.767,0.754,1,0.666,
0.726,0.709,1,0.55,
0.747,0.732,1,0.65,
0.745,0.725,1,0.613,
0.718,0.701,1,0.597,
0.752,0.733,1,0.636,
0.751,0.722,1,0.68,
0.718,0.697,1,0.575,
0.733,0.688,1,0.645,
0.731,0.7,1,0.607,
0.732,0.72,1,0.569,
0.727,0.712,1,0.621,
0.749,0.716,1,0.666,
0.739,0.711,1,0.626,
0.76,0.752,1,0.665,
0.729,0.714,1,0.628,
0.753,0.728,1,0.684,
0.714,0.688,1,0.615,
0.753,0.746,1,0.639,
0.73,0.704,1,0.641,
0.746,0.718,1,0.658,
0.703,0.663,1,0.613,
0.721,0.699,1,0.586,
0.717,0.677,1,0.63,
0.714,0.697,1,0.628,
0.765,0.746,1,0.654,
0.732,0.71,1,0.648,
0.723,0.702,1,0.571,
0.75,0.714,1,0.666,
0.734,0.716,1,0.607,
0.737,0.728,1,0.624,
0.76,0.741,1,0.652,
0.749,0.757,1,0.612,
0.753,0.748,1,0.639,
0.709,0.69,1,0.597,
0.733,0.706,1,0.639,
0.781,0.77,1,0.67,
0.682,0.657,1,0.536,
0.715,0.692,1,0.59,
0.743,0.724,1,0.615,
0.718,0.703,1,0.609,
0.751,0.726,1,0.64,
0.728,0.702,1,0.64,
0.709,0.681,1,0.602,
0.726,0.709,1,0.575,
0.709,0.706,1,0.561,
0.76,0.752,1,0.639,
0.752,0.754,1,0.617,
0.728,0.696,1,0.649,
0.749,0.724,1,0.657,
0.72,0.703,1,0.593,
0.741,0.722,1,0.641,
0.715,0.706,1,0.556,
0.728,0.698,1,0.647,
0.691,0.678,1,0.546,
0.722,0.689,1,0.608,
0.742,0.734,1,0.654,
0.753,0.726,1,0.647,
0.702,0.68,1,0.59,
0.75,0.73,1,0.626,
0.725,0.712,1,0.634,
0.732,0.703,1,0.589,
0.76,0.728,1,0.679,
0.75,0.744,1,0.631,
0.739,0.725,1,0.598,
0.775,0.766,1,0.662,
0.715,0.714,1,0.586,
0.709,0.712,1,0.596,
0.72,0.682,1,0.651,
0.739,0.732,1,0.622,
0.744,0.722,1,0.64,
0.72,0.688,1,0.621,
0.738,0.7,1,0.625,
0.697,0.667,1,0.602,
0.655,0.619,1,0.548,
0.692,0.655,1,0.594,
0.652,0.621,1,0.519,
0.702,0.683,0.981,0.549,
0.67,0.62,1,0.583,
0.716,0.693,1,0.623,
0.705,0.688,1,0.574,
0.713,0.69,1,0.607,
0.706,0.677,1,0.587,
0.703,0.673,1,0.624,
0.69,0.651,1,0.61,
0.671,0.65,1,0.563,
0.677,0.653,1,0.564,
0.704,0.669,1,0.582,
0.683,0.685,1,0.561,
0.704,0.677,1,0.604,
0.709,0.683,1,0.602,
0.701,0.688,1,0.604,
0.717,0.698,1,0.632,
0.693,0.671,1,0.588,
0.726,0.7,1,0.643,
0.703,0.679,1,0.587,
0.677,0.643,1,0.541,
0.697,0.659,1,0.609,
0.696,0.667,1,0.549,
0.703,0.678,1,0.581,
0.696,0.685,1,0.586,
0.681,0.673,1,0.545,
0.683,0.666,1,0.568,
0.694,0.631,1,0.544,
0.721,0.691,1,0.612,
0.664,0.641,1,0.548,
0.689,0.663,1,0.587,
0.696,0.673,1,0.554,
0.686,0.664,1,0.556,
0.708,0.686,1,0.585,
0.682,0.645,1,0.591,
0.707,0.689,1,0.591,
0.708,0.663,1,0.615,
0.696,0.679,1,0.575,
0.687,0.671,1,0.524,
0.688,0.666,1,0.589,
0.673,0.637,0.988,0.557,
0.685,0.656,1,0.565,
0.715,0.694,1,0.618,
0.693,0.663,1,0.597,
0.698,0.669,1,0.594,
0.712,0.679,1,0.621,
0.709,0.673,1,0.658,
0.691,0.636,1,0.593,
0.706,0.668,1,0.597,
0.696,0.661,1,0.602,
0.726,0.693,1,0.582,
0.675,0.677,1,0.524,
0.693,0.655,1,0.532,
0.695,0.675,1,0.576,
0.67,0.646,1,0.563,
0.703,0.689,1,0.563,
0.72,0.704,1,0.597,
0.73,0.708,1,0.619,
0.688,0.651,1,0.594,
0.717,0.707,1,0.582,
0.704,0.695,1,0.549,
0.704,0.694,1,0.587,
0.673,0.637,1,0.588,
0.634,0.589,1,0.554,
0.716,0.683,1,0.609,
0.698,0.679,1,0.554,
0.689,0.676,1,0.57,
0.67,0.659,1,0.516,
0.704,0.671,1,0.6,
0.638,0.607,1,0.518,
0.694,0.683,1,0.515,
0.704,0.675,1,0.624,
0.678,0.635,1,0.605,
0.701,0.682,1,0.586,
0.737,0.716,1,0.604,
0.71,0.672,1,0.639,
0.742,0.711,1,0.645,
0.7,0.696,1,0.548,
0.695,0.67,1,0.575,
0.698,0.658,1,0.524,
0.673,0.633,1,0.571,
0.706,0.661,1,0.608,
0.682,0.676,1,0.545,
0.675,0.643,1,0.572,
0.72,0.683,1,0.631,
0.704,0.651,1,0.603,
0.69,0.69,0.991,0.556,
0.725,0.71,1,0.635,
0.728,0.72,1,0.593,
0.682,0.629,1,0.55,
0.695,0.68,1,0.557,
0.694,0.68,1,0.536,
0.708,0.7,1,0.578,
0.706,0.727,1,0.549,
0.67,0.639,1,0.528,
0.693,0.653,1,0.57,
0.689,0.648,1,0.56,
0.705,0.663,1,0.595,
0.685,0.667,1,0.583,
0.7,0.668,1,0.603,
0.698,0.675,1,0.612,
0.669,0.633,1,0.566,
0.7,0.665,1,0.573,
0.703,0.66,1,0.609,
0.657,0.631,1,0.517,
0.682,0.671,1,0.559,
0.668,0.641,1,0.535,
0.704,0.677,1,0.574,
0.708,0.704,1,0.591,
0.697,0.659,1,0.596,
0.703,0.679,1,0.561,
0.684,0.645,1,0.589,
0.694,0.663,1,0.602,
0.676,0.668,1,0.532,
0.677,0.637,1,0.604,
0.679,0.627,1,0.537,
0.706,0.679,1,0.602,
0.71,0.681,1,0.608,
0.668,0.643,1,0.549,
0.709,0.689,1,0.579,
0.72,0.694,1,0.64,
0.694,0.669,1,0.578,
0.685,0.647,1,0.571,
0.722,0.692,1,0.631,
0.704,0.696,1,0.577,
0.685,0.643,1,0.589,
0.665,0.651,1,0.551,
0.682,0.631,1,0.59,
0.701,0.675,1,0.583,
0.709,0.698,1,0.581,
0.677,0.662,1,0.544,
0.671,0.645,1,0.57,
0.68,0.642,1,0.599,
0.7,0.66,1,0.611,
0.704,0.685,1,0.583,
0.701,0.655,1,0.619,
0.695,0.655,1,0.614,
0.697,0.679,1,0.581,
0.68,0.677,1,0.564,
0.694,0.653,0.959,0.604,
0.684,0.677,1,0.571,
0.679,0.663,1,0.571,
0.69,0.672,1,0.541,
0.677,0.632,1,0.592,
0.695,0.653,1,0.588,
0.678,0.649,1,0.582,
0.699,0.651,1,0.588,
0.712,0.689,1,0.573,
0.698,0.662,1,0.627,
0.678,0.646,1,0.572,
0.694,0.661,1,0.604,
0.669,0.649,1,0.55,
0.681,0.648,1,0.578,
0.685,0.665,1,0.606,
0.712,0.693,1,0.595,
0.697,0.661,1,0.59,
0.685,0.673,1,0.564,
0.642,0.611,1,0.518,
0.7,0.694,1,0.54,
0.67,0.639,1,0.538,
0.724,0.707,1,0.632,
0.689,0.67,1,0.592,
0.715,0.714,1,0.611,
0.685,0.665,1,0.581,
0.704,0.661,1,0.614,
0.706,0.679,1,0.638,
0.689,0.677,1,0.531,
0.683,0.669,1,0.538,
0.706,0.688,1,0.574,
0.691,0.671,1,0.611,
0.684,0.645,1,0.595,
0.663,0.627,1,0.562,
0.706,0.688,1,0.521,
0.66,0.633,1,0.528,
0.686,0.641,1,0.583,
0.7,0.708,0.971,0.553,
0.708,0.663,1,0.634,
0.683,0.659,1,0.56,
0.719,0.682,1,0.614,
0.692,0.661,1,0.597,
0.678,0.659,1,0.547,
0.681,0.652,1,0.544,
0.71,0.683,1,0.62,
0.707,0.671,1,0.62,
0.685,0.679,1,0.553,
0.716,0.695,1,0.635,
0.651,0.625,1,0.524,
0.715,0.685,1,0.619,
0.69,0.637,1,0.57,
0.697,0.661,1,0.6,
0.675,0.659,1,0.535,
0.709,0.685,1,0.608,
0.659,0.613,1,0.549,
0.689,0.647,1,0.581,
0.697,0.676,0.999,0.556,
0.698,0.655,1,0.561,
0.687,0.674,1,0.543,
0.701,0.7,1,0.541,
0.709,0.679,1,0.599,
0.701,0.686,1,0.565,
0.694,0.667,1,0.581,
0.691,0.653,1,0.617,
0.701,0.681,1,0.585,
0.696,0.679,1,0.545,
0.725,0.7,1,0.575,
0.698,0.659,1,0.618,
0.679,0.648,1,0.591,
0.699,0.682,1,0.605,
0.691,0.648,1,0.611,
0.712,0.684,1,0.596,
0.709,0.685,1,0.594,
0.693,0.665,1,0.586,
0.71,0.667,1,0.622,
0.688,0.671,1,0.55,
0.708,0.67,1,0.622,
0.723,0.696,1,0.641,
0.658,0.611,0.974,0.535,
0.701,0.701,1,0.566,
0.687,0.659,1,0.601,
0.714,0.722,1,0.568,
0.683,0.655,1,0.519,
0.678,0.657,1,0.549,
0.68,0.653,1,0.57,
0.71,0.673,1,0.635,
0.71,0.688,1,0.628,
0.7,0.669,1,0.61,
0.7,0.685,1,0.584,
0.73,0.697,1,0.617,
0.725,0.715,1,0.624,
0.701,0.682,1,0.572,
0.693,0.669,1,0.607,
0.695,0.688,1,0.538,
0.717,0.701,1,0.628,
0.726,0.689,1,0.602,
0.7,0.665,1,0.628,
0.708,0.682,1,0.585,
0.693,0.65,1,0.579,
0.701,0.681,1,0.555,
0.698,0.657,1,0.566,
0.699,0.68,1,0.579,
0.656,0.62,1,0.539,
0.713,0.684,1,0.617,
0.71,0.681,1,0.616,
0.69,0.655,1,0.541,
0.69,0.667,0.972,0.597,
0.717,0.721,1,0.572,
0.685,0.653,1,0.57,
0.712,0.698,1,0.586,
0.706,0.692,0.991,0.587,
0.724,0.718,1,0.604,
0.717,0.686,1,0.569,
0.723,0.712,1,0.624,
0.697,0.671,1,0.556,
0.715,0.679,1,0.641,
0.708,0.675,1,0.65,
0.656,0.594,1,0.542,
0.709,0.703,1,0.54,
0.7,0.671,1,0.633,
0.693,0.66,1,0.554,
0.712,0.687,1,0.64,
0.69,0.676,1,0.544,
0.697,0.651,1,0.554,
0.682,0.641,1,0.592,
0.728,0.708,1,0.619,
0.647,0.629,1,0.554,
0.659,0.607,1,0.529,
0.662,0.623,1,0.584,
0.701,0.665,1,0.588,
0.689,0.667,1,0.585,
0.71,0.684,1,0.628,
0.706,0.656,1,0.604,
0.66,0.615,0.993,0.588,
0.703,0.705,1,0.516,
0.729,0.704,1,0.643,
0.66,0.631,1,0.539,
0.688,0.662,1,0.616,
0.733,0.728,1,0.624,
0.684,0.669,1,0.558,
0.699,0.684,1,0.581,
0.697,0.688,1,0.541,
0.682,0.647,1,0.555,
0.666,0.65,1,0.51,
0.659,0.629,1,0.524,
0.692,0.639,1,0.596,
0.7,0.673,1,0.594,
0.68,0.647,1,0.588,
0.678,0.649,1,0.579,
0.705,0.681,1,0.565,
0.697,0.662,1,0.604,
0.698,0.674,0.997,0.589,
0.632,0.587,1,0.519,
0.693,0.675,1,0.55,
0.7,0.667,1,0.595,
0.707,0.686,1,0.606,
0.751,0.724,1,0.637,
0.731,0.703,1,0.638,
0.68,0.644,1,0.568,
0.67,0.663,1,0.526,
0.7,0.674,1,0.609,
0.703,0.669,1,0.597,
0.695,0.653,1,0.591,
0.677,0.665,1,0.553,
0.695,0.667,1,0.575,
0.669,0.653,1,0.522,
0.69,0.664,1,0.601,
0.688,0.675,1,0.511,
0.68,0.65,1,0.534,
0.678,0.647,1,0.585,
0.695,0.668,1,0.61,
0.697,0.665,1,0.63,
0.675,0.653,1,0.545,
0.706,0.681,1,0.599,
0.667,0.605,1,0.53,
0.704,0.682,1,0.613,
0.671,0.623,1,0.587,
0.703,0.675,1,0.561,
0.669,0.665,0.951,0.568,
0.702,0.682,1,0.579,
0.701,0.665,1,0.602,
0.744,0.722,1,0.6,
0.708,0.707,1,0.564,
0.697,0.661,1,0.564,
0.679,0.657,1,0.577,
0.685,0.656,1,0.573,
0.681,0.631,1,0.517,
0.64,0.622,1,0.518,
0.699,0.665,1,0.598,
0.733,0.692,1,0.67,
0.684,0.638,1,0.578,
0.679,0.663,1,0.574,
0.671,0.625,1,0.58,
0.721,0.704,1,0.617,
0.687,0.657,1,0.547,
0.682,0.662,1,0.572,
0.702,0.671,1,0.604,
0.706,0.665,1,0.601,
0.706,0.688,1,0.551,
0.691,0.638,1,0.604,
0.676,0.637,1,0.579,
0.71,0.699,1,0.59,
0.688,0.659,1,0.544,
0.685,0.653,1,0.584,
0.731,0.711,1,0.639,
0.696,0.657,1,0.598,
0.692,0.662,1,0.584,
0.744,0.72,1,0.591,
0.643,0.612,1,0.522,
0.707,0.686,1,0.633,
0.682,0.649,1,0.54,
0.695,0.669,1,0.582,
0.712,0.694,1,0.61,
0.716,0.684,1,0.605,
0.68,0.664,1,0.517,
0.678,0.65,1,0.538,
0.716,0.691,1,0.605,
0.693,0.665,1,0.586,
0.671,0.629,1,0.59,
0.703,0.671,1,0.597,
0.667,0.617,1,0.578,
0.721,0.681,1,0.637,
0.725,0.694,1,0.603,
0.716,0.706,1,0.579,
0.696,0.669,1,0.556,
0.702,0.667,1,0.601,
0.695,0.659,1,0.621,
0.725,0.71,1,0.579,
0.704,0.69,1,0.571,
0.702,0.676,1,0.621,
0.704,0.657,1,0.603,
0.717,0.707,1,0.597,
0.696,0.655,1,0.603,
0.706,0.676,1,0.56,
0.704,0.68,1,0.578,
0.71,0.673,1,0.63,
0.687,0.653,1,0.556,
0.683,0.649,1,0.556,
0.67,0.627,1,0.581,
0.693,0.666,1,0.605,
0.699,0.677,1,0.612,
0.691,0.671,1,0.566,
0.674,0.647,1,0.55,
0.763,0.738,1,0.678,
0.732,0.712,1,0.626,
0.722,0.7,1,0.636,
0.707,0.671,1,0.626,
0.685,0.646,1,0.552,
0.71,0.694,1,0.589,
0.72,0.694,1,0.602,
0.752,0.753,1,0.582,
0.739,0.71,1,0.637,
0.738,0.716,1,0.648,
0.744,0.718,1,0.664,
0.733,0.714,1,0.581,
0.684,0.661,1,0.538,
0.702,0.678,1,0.611,
0.722,0.697,1,0.61,
0.733,0.707,1,0.675,
0.725,0.714,1,0.605,
0.708,0.668,1,0.605,
0.701,0.681,1,0.597,
0.711,0.702,1,0.604,
0.744,0.724,1,0.636,
0.751,0.726,1,0.687,
0.731,0.702,1,0.651,
0.742,0.718,1,0.652,
0.717,0.7,1,0.599,
0.762,0.738,1,0.691,
0.733,0.703,1,0.62,
0.751,0.732,1,0.667,
0.743,0.721,1,0.668,
0.733,0.728,1,0.562,
0.717,0.7,1,0.605,
0.743,0.734,1,0.634,
0.704,0.663,1,0.576,
0.695,0.663,1,0.615,
0.719,0.714,1,0.605,
0.7,0.671,1,0.603,
0.7,0.669,1,0.568,
0.657,0.597,1,0.518,
0.685,0.652,1,0.557,
0.68,0.66,1,0.553,
0.675,0.645,1,0.555,
0.683,0.645,1,0.576,
0.689,0.665,1,0.602,
0.687,0.66,1,0.583,
0.678,0.653,1,0.543,
0.69,0.635,1,0.613,
0.693,0.655,1,0.618,
0.678,0.633,1,0.585,
0.742,0.693,1,0.632,
0.765,0.746,1,0.705,
0.722,0.716,1,0.603,
0.776,0.764,1,0.671,
0.747,0.729,1,0.653,
0.691,0.674,1,0.554,
0.709,0.685,1,0.543,
0.713,0.694,1,0.596,
0.722,0.7,1,0.585,
0.746,0.724,1,0.662,
0.733,0.722,1,0.616,
0.757,0.726,1,0.698,
0.709,0.669,1,0.603,
0.737,0.706,1,0.629,
0.711,0.657,1,0.633,
0.7,0.656,1,0.612,
0.681,0.655,1,0.572,
0.685,0.658,1,0.538,
0.694,0.661,1,0.603,
0.707,0.671,1,0.614,
0.689,0.651,1,0.601,
0.697,0.647,1,0.591,
0.703,0.669,1,0.589,
0.712,0.674,1,0.597,
0.642,0.589,1,0.527,
0.702,0.699,1,0.57,
0.713,0.691,1,0.554,
0.69,0.66,1,0.584,
0.684,0.662,1,0.548,
0.69,0.656,1,0.58,
0.713,0.677,1,0.609,
0.702,0.679,1,0.558,


0.542,0.48,1,0.479,
0.585,0.522,1,0.516,
0.577,0.512,1,0.508,
0.579,0.519,1,0.515,
0.563,0.51,1,0.498,
0.557,0.502,1,0.494,
0.577,0.522,1,0.52,
0.585,0.523,1,0.517,
0.572,0.518,1,0.493,
0.624,0.556,1,0.55,
0.601,0.534,1,0.52,
0.554,0.495,1,0.491,
0.57,0.518,1,0.473,
0.562,0.497,1,0.489,
0.585,0.52,1,0.517,
0.568,0.522,1,0.48,
0.569,0.516,1,0.481,
0.58,0.526,1,0.497,
0.57,0.516,1,0.477,
0.572,0.51,1,0.494,
0.571,0.512,1,0.502,
0.573,0.514,1,0.507,
0.583,0.51,1,0.507,
0.574,0.518,1,0.511,
0.57,0.518,1,0.5,
0.582,0.509,1,0.495,
0.609,0.544,1,0.53,
0.553,0.492,1,0.48,
0.588,0.534,1,0.514,
0.594,0.524,1,0.519,
0.58,0.504,1,0.501,
0.579,0.524,1,0.51,
0.573,0.509,1,0.503,
0.551,0.486,1,0.459,
0.563,0.506,1,0.492,
0.546,0.477,1,0.476,
0.572,0.509,1,0.503,
0.561,0.5,1,0.458,
0.589,0.531,1,0.529,
0.587,0.526,1,0.523,
0.568,0.51,1,0.485,
0.574,0.52,1,0.518,
0.572,0.512,1,0.505,
0.563,0.506,1,0.482,
0.576,0.507,1,0.497,
0.584,0.525,1,0.52,
0.577,0.517,1,0.508,
0.537,0.481,1,0.455,
0.558,0.5,1,0.488,
0.584,0.522,1,0.509,
0.574,0.524,1,0.483,
0.567,0.5,1,0.499,
0.573,0.519,1,0.511,
0.566,0.5,1,0.486,
0.586,0.526,1,0.516,
0.576,0.522,1,0.52,
0.557,0.502,1,0.475,
0.57,0.507,1,0.501,
0.579,0.523,1,0.502,
0.573,0.514,1,0.494,
0.582,0.536,1,0.494,
0.545,0.476,1,0.443,
0.558,0.488,1,0.466,
0.558,0.495,1,0.461,
0.573,0.517,1,0.507,
0.575,0.52,1,0.515,
0.576,0.52,1,0.507,
0.595,0.537,1,0.536,
0.559,0.506,1,0.504,
0.553,0.506,1,0.484,
0.554,0.504,1,0.478,
0.57,0.512,1,0.5,
0.582,0.521,1,0.517,
0.581,0.522,1,0.507,
0.583,0.503,1,0.493,
0.62,0.556,1,0.531,
0.565,0.5,1,0.494,
0.554,0.506,1,0.464,
0.566,0.51,1,0.492,
0.555,0.497,1,0.494,
0.557,0.498,0.992,0.489,
0.53,0.462,1,0.46,
0.554,0.478,1,0.474,
0.561,0.508,1,0.474,
0.586,0.524,1,0.522,
0.591,0.526,1,0.524,
0.579,0.52,1,0.518,
0.58,0.524,1,0.52,
0.565,0.508,1,0.507,
0.549,0.49,1,0.483,
0.55,0.485,1,0.469,
0.586,0.528,1,0.519,
0.585,0.527,1,0.526,
0.585,0.522,1,0.51,
0.544,0.482,1,0.467,
0.598,0.536,1,0.532,
0.556,0.502,1,0.448,
0.572,0.512,1,0.503,
0.559,0.499,1,0.47,
0.58,0.522,1,0.512,
0.576,0.513,1,0.506,
0.563,0.504,0.999,0.501,
0.569,0.508,1,0.489,
0.523,0.45,1,0.447,
0.532,0.462,1,0.442,
0.564,0.506,1,0.483,
0.581,0.52,1,0.51,
0.569,0.505,1,0.497,
0.522,0.453,1,0.44,
0.564,0.508,1,0.487,
0.557,0.494,1,0.493,
0.546,0.471,1,0.464,
0.574,0.513,1,0.484,
0.579,0.525,1,0.498,
0.552,0.49,1,0.477,
0.586,0.519,1,0.502,
0.56,0.502,1,0.476,
0.551,0.499,1,0.461,
0.579,0.52,1,0.517,
0.583,0.522,1,0.517,
0.537,0.472,1,0.452,
0.57,0.52,1,0.496,
0.568,0.518,1,0.492,
0.576,0.52,1,0.507,
0.562,0.506,1,0.482,
0.546,0.475,1,0.455,
0.596,0.542,1,0.534,
0.552,0.489,1,0.483,
0.559,0.496,1,0.491,
0.587,0.532,1,0.517,
0.566,0.513,1,0.513,
0.574,0.516,1,0.499,
0.573,0.518,1,0.488,
0.562,0.491,1,0.489,
0.574,0.522,1,0.495,
0.58,0.522,1,0.52,
0.554,0.5,1,0.493,
0.592,0.538,1,0.511,
0.567,0.512,1,0.485,
0.594,0.534,1,0.53,
0.565,0.504,1,0.498,
0.571,0.513,1,0.504,
0.574,0.523,1,0.499,
0.591,0.535,1,0.524,
0.572,0.518,1,0.503,
0.555,0.498,1,0.491,
0.577,0.519,1,0.514,
0.578,0.518,1,0.516,
0.564,0.516,1,0.478,
0.565,0.505,1,0.482,
0.617,0.555,1,0.54,
0.559,0.497,1,0.492,
0.56,0.494,1,0.476,
0.573,0.505,1,0.501,
0.553,0.493,1,0.483,
0.573,0.504,1,0.499,
0.572,0.518,1,0.478,
0.562,0.502,1,0.481,
0.59,0.53,1,0.528,
0.57,0.504,1,0.503,
0.564,0.512,1,0.468,
0.582,0.535,1,0.503,
0.558,0.489,1,0.474,
0.562,0.502,1,0.5,
0.591,0.529,1,0.517,
0.592,0.536,1,0.527,
0.581,0.506,1,0.492,
0.566,0.492,1,0.482,
0.545,0.48,1,0.466,
0.559,0.502,1,0.495,
0.547,0.492,1,0.468,
0.537,0.474,0.959,0.447,
0.564,0.5,1,0.49,
0.546,0.49,1,0.483,
0.59,0.528,1,0.522,
0.577,0.52,1,0.517,
0.549,0.484,1,0.48,
0.545,0.481,1,0.456,
0.574,0.519,1,0.514,
0.556,0.488,1,0.475,
0.566,0.51,1,0.504,
0.55,0.486,1,0.485,
0.547,0.49,1,0.479,
0.564,0.508,1,0.488,
0.522,0.459,1,0.435,
0.585,0.526,1,0.509,
0.573,0.52,1,0.487,
0.625,0.556,1,0.55,
0.586,0.519,1,0.517,
0.572,0.506,1,0.498,
0.579,0.524,1,0.513,
0.572,0.516,1,0.516,
0.567,0.497,1,0.486,
0.575,0.516,1,0.515,
0.537,0.476,1,0.452,
0.57,0.517,1,0.51,
0.583,0.522,1,0.509,
0.629,0.56,1,0.558,
0.556,0.504,1,0.483,
0.572,0.504,1,0.489,
0.565,0.51,1,0.479,
0.557,0.493,1,0.47,
0.559,0.506,1,0.486,
0.6,0.536,1,0.519,
0.578,0.524,1,0.504,
0.575,0.518,1,0.516,
0.602,0.545,1,0.526,
0.563,0.504,1,0.475,
0.582,0.52,1,0.51,
0.566,0.51,1,0.484,
0.568,0.524,1,0.498,
0.584,0.526,1,0.526,
0.576,0.518,1,0.517,
0.581,0.523,1,0.519,
0.566,0.511,1,0.487,
0.597,0.538,1,0.525,
0.571,0.518,1,0.487,
0.583,0.524,1,0.522,
0.57,0.516,1,0.513,
0.563,0.518,1,0.484,
0.578,0.518,1,0.514,
0.603,0.534,1,0.525,
0.563,0.503,1,0.5,
0.586,0.523,1,0.523,
0.578,0.517,1,0.509,
0.569,0.504,1,0.49,
0.584,0.524,1,0.521,
0.573,0.515,1,0.514,
0.58,0.524,1,0.519,
0.57,0.51,1,0.482,
0.586,0.52,1,0.517,
0.58,0.514,1,0.506,
0.575,0.512,1,0.502,
0.563,0.505,1,0.481,
0.585,0.53,1,0.525,
0.583,0.526,1,0.496,
0.586,0.526,1,0.516,
0.565,0.514,0.969,0.489,
0.586,0.526,1,0.512,
0.573,0.527,1,0.501,
0.599,0.536,1,0.529,
0.593,0.544,1,0.526,
0.574,0.519,1,0.518,
0.57,0.509,1,0.504,
0.559,0.494,1,0.478,
0.584,0.52,1,0.497,
0.571,0.512,1,0.492,
0.562,0.497,1,0.478,
0.571,0.496,1,0.495,
0.546,0.478,1,0.475,
0.524,0.458,1,0.446,
0.58,0.526,1,0.511,
0.581,0.524,1,0.522,
0.567,0.504,1,0.497,
0.565,0.504,1,0.496,
0.558,0.49,1,0.487,
0.581,0.522,1,0.517,
0.599,0.539,1,0.527,
0.585,0.534,1,0.503,
0.575,0.515,1,0.493,
0.541,0.48,1,0.474,
0.576,0.51,1,0.508,
0.565,0.501,1,0.487,
0.624,0.575,1,0.564,
0.577,0.526,1,0.496,
0.566,0.504,1,0.494,
0.527,0.45,1,0.439,
0.561,0.508,1,0.486,
0.567,0.508,1,0.505,
0.522,0.454,1,0.448,
0.562,0.507,1,0.486,
0.568,0.508,1,0.496,
0.577,0.508,1,0.502,
0.583,0.518,1,0.514,
0.559,0.503,1,0.477,
0.57,0.51,1,0.497,
0.566,0.494,1,0.485,
0.577,0.508,1,0.508,
0.58,0.521,1,0.518,
0.579,0.532,1,0.515,
0.576,0.52,1,0.509,
0.585,0.53,1,0.524,
0.602,0.542,1,0.535,
0.544,0.484,1,0.48,
0.589,0.521,1,0.517,
0.53,0.465,1,0.453,
0.592,0.528,1,0.527,
0.557,0.497,1,0.496,
0.559,0.506,1,0.497,
0.581,0.52,1,0.499,
0.569,0.506,1,0.491,
0.597,0.532,1,0.512,
0.562,0.518,1,0.461,
0.585,0.522,1,0.513,
0.564,0.505,1,0.481,
0.583,0.524,1,0.521,
0.615,0.548,1,0.542,
0.579,0.524,1,0.517,
0.564,0.502,1,0.492,
0.546,0.479,1,0.464,
0.552,0.492,1,0.48,
0.581,0.52,1,0.51,
0.574,0.522,1,0.504,
0.58,0.525,1,0.491,
0.56,0.494,1,0.493,
0.592,0.532,1,0.52,
0.583,0.524,1,0.522,
0.577,0.512,1,0.486,
0.583,0.53,1,0.521,
0.586,0.528,1,0.51,
0.539,0.48,1,0.449,
0.579,0.521,1,0.494,
0.574,0.528,1,0.49,
0.585,0.526,1,0.524,
0.592,0.536,1,0.515,
0.574,0.513,1,0.51,
0.561,0.504,1,0.467,
0.571,0.522,1,0.514,
0.574,0.514,1,0.51,
0.576,0.509,1,0.474,
0.566,0.508,1,0.496,
0.59,0.53,1,0.521,
0.582,0.522,1,0.52,
0.56,0.497,1,0.476,
0.585,0.526,1,0.508,
0.556,0.502,1,0.478,
0.581,0.518,1,0.516,
0.582,0.529,1,0.497,
0.571,0.526,1,0.484,
0.554,0.49,1,0.472,
0.559,0.489,1,0.483,
0.555,0.499,1,0.469,
0.566,0.508,1,0.487,
0.574,0.506,1,0.505,
0.567,0.504,1,0.502,
0.57,0.522,1,0.511,
0.58,0.522,1,0.509,
0.585,0.532,1,0.512,
0.583,0.524,1,0.518,
0.592,0.53,1,0.515,
0.579,0.522,1,0.488,
0.586,0.528,1,0.527,
0.58,0.522,1,0.515,
0.581,0.523,1,0.52,
0.574,0.527,1,0.503,
0.579,0.518,1,0.517,
0.574,0.523,1,0.495,
0.576,0.522,1,0.502,
0.538,0.478,1,0.477,
0.56,0.504,1,0.492,
0.573,0.493,1,0.482,
0.604,0.539,1,0.534,
0.627,0.568,1,0.566,
0.569,0.512,1,0.488,
0.594,0.528,1,0.525,
0.588,0.527,1,0.526,
0.576,0.514,1,0.503,
0.562,0.495,1,0.49,
0.596,0.544,1,0.536,
0.563,0.506,1,0.485,
0.558,0.487,1,0.482,
0.585,0.524,1,0.507,
0.592,0.529,1,0.514,
0.562,0.502,1,0.482,
0.567,0.518,1,0.505,
0.571,0.499,1,0.492,
0.565,0.501,1,0.489,
0.569,0.502,1,0.485,
0.581,0.519,1,0.516,
0.557,0.498,1,0.484,
0.575,0.508,1,0.506,
0.543,0.478,1,0.45,
0.578,0.506,1,0.501,
0.546,0.49,1,0.49,
0.578,0.518,1,0.513,
0.542,0.486,1,0.447,
0.573,0.51,1,0.503,
0.567,0.522,1,0.481,
0.57,0.499,1,0.495,
0.555,0.494,1,0.492,
0.56,0.486,1,0.481,
0.527,0.471,0.941,0.45,
0.589,0.522,1,0.517,
0.589,0.532,1,0.526,
0.577,0.524,1,0.493,
0.58,0.52,1,0.504,
0.552,0.487,1,0.477,
0.579,0.521,1,0.516,
0.571,0.518,1,0.493,
0.522,0.449,1,0.429,
0.573,0.519,1,0.518,
0.58,0.51,1,0.505,
0.608,0.559,1,0.521,
0.535,0.469,1,0.452,
0.585,0.522,1,0.514,
0.562,0.513,1,0.486,
0.561,0.512,1,0.481,
0.62,0.554,1,0.543,
0.593,0.534,1,0.525,
0.595,0.518,1,0.516,
0.575,0.52,1,0.518,
0.579,0.526,1,0.517,
0.571,0.518,1,0.51,
0.58,0.52,1,0.509,
0.567,0.506,1,0.502,
0.547,0.498,1,0.455,
0.56,0.508,1,0.487,
0.57,0.504,1,0.503,
0.581,0.524,1,0.514,
0.573,0.525,1,0.517,
0.572,0.517,1,0.511,
0.591,0.533,1,0.527,
0.566,0.52,1,0.488,
0.588,0.539,1,0.504,
0.565,0.508,1,0.497,
0.547,0.485,1,0.479,
0.582,0.522,1,0.516,
0.57,0.512,1,0.499,
0.581,0.534,1,0.507,
0.574,0.519,1,0.518,
0.59,0.522,1,0.489,
0.575,0.52,1,0.518,
0.575,0.518,1,0.508,
0.641,0.588,1,0.534,
0.57,0.51,1,0.477,
0.57,0.51,1,0.508,
0.56,0.504,1,0.501,
0.531,0.454,1,0.452,
0.58,0.522,1,0.516,
0.559,0.494,1,0.461,
0.573,0.503,1,0.501,
0.562,0.504,1,0.5,
0.543,0.482,1,0.439,
0.577,0.516,1,0.515,
0.547,0.481,1,0.479,
0.561,0.493,1,0.486,
0.553,0.489,1,0.485,
0.564,0.506,1,0.49,
0.554,0.503,1,0.499,
0.621,0.556,1,0.541,
0.571,0.52,1,0.501,
0.579,0.523,1,0.521,
0.567,0.515,1,0.512,
0.637,0.578,1,0.548,
0.572,0.51,1,0.504,
0.578,0.528,1,0.497,
0.578,0.522,1,0.513,
0.582,0.527,1,0.526,
0.621,0.552,1,0.539,
0.584,0.526,1,0.512,
0.585,0.532,1,0.487,
0.601,0.536,1,0.534,
0.564,0.506,1,0.497,
0.54,0.484,1,0.448,
0.59,0.53,1,0.493,
0.572,0.514,1,0.51,
0.617,0.542,1,0.521,
0.577,0.521,1,0.518,
0.561,0.502,1,0.495,
0.576,0.508,1,0.481,
0.567,0.498,1,0.498,
0.567,0.499,1,0.489,
0.561,0.503,1,0.498,
0.57,0.51,1,0.503,
0.561,0.506,1,0.49,
0.581,0.515,1,0.513,
0.551,0.504,1,0.461,
0.556,0.509,1,0.465,
0.576,0.507,1,0.498,
0.543,0.471,1,0.468,
0.563,0.502,1,0.493,
0.564,0.518,1,0.499,
0.567,0.51,1,0.506,
0.569,0.508,1,0.486,
0.59,0.534,1,0.532,
0.568,0.506,1,0.494,
0.556,0.496,1,0.478,
0.577,0.518,1,0.509,
0.575,0.509,1,0.501,
0.584,0.519,1,0.514,
0.587,0.528,1,0.527,
0.602,0.52,1,0.509,
0.553,0.496,1,0.494,
0.546,0.483,1,0.482,
0.57,0.504,1,0.496,
0.573,0.51,1,0.504,
0.577,0.51,1,0.508,
0.528,0.465,1,0.456,
0.554,0.495,1,0.487,
0.538,0.49,1,0.439,
0.571,0.52,1,0.494,
0.538,0.467,1,0.464,
0.545,0.486,1,0.472,
0.579,0.53,1,0.503,
0.554,0.491,1,0.489,
0.564,0.504,1,0.503,
0.552,0.482,1,0.467,
0.542,0.486,1,0.436,
0.546,0.471,1,0.468,
0.551,0.49,1,0.471,
0.622,0.556,1,0.544,
0.574,0.514,1,0.51,
0.579,0.522,1,0.519,
0.561,0.52,1,0.5,
0.589,0.53,1,0.528,
0.575,0.521,1,0.501,
0.585,0.526,1,0.498,
0.556,0.493,1,0.493,
0.577,0.522,1,0.519,
0.56,0.491,1,0.475,
0.576,0.503,1,0.492,
0.578,0.523,1,0.512,
0.571,0.513,1,0.506,
0.581,0.524,1,0.521,
0.591,0.534,1,0.523,
0.56,0.504,0.994,0.469,
0.548,0.481,1,0.476,
0.563,0.509,1,0.483,
0.592,0.53,1,0.522,
0.558,0.502,1,0.478,
0.57,0.509,1,0.487,
0.575,0.522,1,0.519,
0.573,0.506,1,0.504,
0.566,0.499,1,0.484,
0.59,0.542,1,0.506,
0.608,0.544,1,0.538,
0.585,0.52,1,0.5,
0.56,0.508,1,0.497,
0.564,0.516,1,0.477,
0.567,0.516,1,0.489,
0.572,0.518,1,0.517,
0.536,0.478,0.991,0.471,
0.594,0.522,1,0.504,
0.533,0.461,1,0.455,
0.554,0.5,1,0.46,
0.564,0.504,1,0.487,
0.461,0.39,0.964,0.356,
0.516,0.461,1,0.414,
0.53,0.475,1,0.47,
0.535,0.475,1,0.474,
0.501,0.425,1,0.418,
0.511,0.461,1,0.405,
0.535,0.486,1,0.421,
0.545,0.482,1,0.475,
0.534,0.463,1,0.437,
0.494,0.433,1,0.388,
0.491,0.419,1,0.4,
0.516,0.465,1,0.418,
0.489,0.403,1,0.398,
0.498,0.434,1,0.406,
0.532,0.47,1,0.464,
0.497,0.43,1,0.427,
0.53,0.469,1,0.445,
0.474,0.403,1,0.362,
0.503,0.431,1,0.409,
0.498,0.428,1,0.414,
0.54,0.47,1,0.459,
0.505,0.454,1,0.398,
0.48,0.405,1,0.367,
0.509,0.439,1,0.436,
0.49,0.428,1,0.384,
0.472,0.392,1,0.375,
0.516,0.449,1,0.423,
0.493,0.427,1,0.402,
0.545,0.485,1,0.483,
0.507,0.461,1,0.381,
0.486,0.414,1,0.385,
0.552,0.501,1,0.48,
0.52,0.463,1,0.44,
0.537,0.475,1,0.464,
0.526,0.467,1,0.442,
0.51,0.443,1,0.439,
0.498,0.431,1,0.403,
0.502,0.439,1,0.408,
0.514,0.453,1,0.402,
0.553,0.508,1,0.437,
0.489,0.432,1,0.375,
0.556,0.5,1,0.5,
0.501,0.438,1,0.401,
0.484,0.402,1,0.391,
0.505,0.435,1,0.417,
0.519,0.444,1,0.433,
0.519,0.445,1,0.442,
0.5,0.44,1,0.401,
0.483,0.414,1,0.388,
0.517,0.44,1,0.433,
0.523,0.462,1,0.461,
0.538,0.475,1,0.466,
0.541,0.481,1,0.469,
0.537,0.476,1,0.476,
0.542,0.48,1,0.468,
0.509,0.441,1,0.429,
0.549,0.489,1,0.472,
0.475,0.414,1,0.358,
0.555,0.501,1,0.476,
0.54,0.477,1,0.477,
0.491,0.412,1,0.39,
0.5,0.424,1,0.414,
0.547,0.49,1,0.47,
0.503,0.436,1,0.419,
0.534,0.481,1,0.462,
0.52,0.455,1,0.426,
0.48,0.405,1,0.396,
0.518,0.465,1,0.424,
0.506,0.456,1,0.387,
0.501,0.439,1,0.402,
0.488,0.418,1,0.393,
0.506,0.453,1,0.414,
0.495,0.433,1,0.415,
0.472,0.399,1,0.373,
0.529,0.466,1,0.459,
0.484,0.407,1,0.387,
0.519,0.458,1,0.447,
0.495,0.43,1,0.405,
0.503,0.438,1,0.409,
0.523,0.475,1,0.452,
0.543,0.481,1,0.477,
0.521,0.455,1,0.438,
0.52,0.46,1,0.429,
0.495,0.435,1,0.395,
0.487,0.422,1,0.403,
0.509,0.442,1,0.436,
0.491,0.433,0.981,0.378,
0.481,0.41,1,0.387,
0.533,0.467,1,0.464,
0.51,0.444,1,0.417,
0.524,0.464,1,0.439,
0.492,0.416,1,0.413,
0.559,0.502,1,0.491,
0.521,0.463,1,0.437,
0.494,0.422,1,0.396,
0.509,0.439,1,0.42,
0.52,0.466,1,0.413,
0.471,0.397,1,0.376,
0.549,0.488,1,0.482,
0.533,0.477,1,0.47,
0.516,0.46,1,0.434,
0.494,0.427,1,0.406,
0.584,0.526,1,0.521,
0.566,0.507,1,0.497,
0.481,0.399,1,0.395,
0.475,0.421,1,0.355,
0.528,0.469,1,0.454,
0.477,0.415,1,0.356,
0.468,0.384,1,0.367,
0.473,0.397,1,0.39,
0.491,0.403,1,0.4,
0.525,0.462,1,0.45,
0.542,0.487,1,0.478,
0.52,0.472,1,0.413,
0.512,0.443,1,0.44,
0.516,0.463,1,0.438,
0.532,0.47,1,0.468,
0.483,0.393,1,0.381,
0.526,0.467,1,0.435,
0.523,0.468,1,0.435,
0.524,0.47,1,0.44,
0.511,0.452,0.977,0.418,
0.525,0.471,1,0.428,
0.589,0.527,1,0.523,
0.51,0.45,1,0.41,
0.481,0.413,1,0.388,
0.476,0.407,1,0.363,
0.483,0.409,1,0.379,
0.486,0.424,1,0.362,
0.501,0.447,1,0.403,
0.549,0.499,1,0.43,
0.554,0.497,1,0.464,
0.504,0.466,1,0.375,
0.54,0.477,1,0.468,
0.534,0.47,1,0.462,
0.5,0.434,1,0.41,
0.483,0.406,1,0.39,
0.537,0.486,1,0.467,
0.512,0.441,1,0.435,
0.504,0.426,1,0.395,
0.542,0.489,1,0.462,
0.498,0.428,1,0.398,
0.45,0.359,1,0.35,
0.486,0.409,1,0.396,
0.499,0.439,1,0.406,
0.49,0.423,1,0.41,
0.518,0.466,1,0.426,
0.529,0.476,1,0.425,
0.502,0.461,1,0.379,
0.513,0.44,1,0.436,
0.52,0.463,1,0.429,
0.499,0.434,1,0.401,
0.554,0.498,1,0.497,
0.541,0.478,1,0.472,
0.49,0.421,1,0.403,
0.525,0.465,1,0.405,
0.501,0.433,1,0.412,
0.559,0.503,1,0.501,
0.529,0.473,1,0.457,
0.539,0.48,1,0.46,
0.532,0.461,1,0.459,
0.545,0.483,1,0.438,
0.512,0.446,1,0.434,
0.58,0.524,1,0.515,
0.479,0.401,1,0.376,
0.532,0.466,1,0.457,
0.488,0.408,1,0.403,
0.503,0.429,1,0.415,
0.518,0.467,1,0.432,
0.512,0.458,1,0.427,
0.494,0.43,1,0.408,
0.542,0.498,1,0.462,
0.498,0.426,1,0.422,
0.516,0.449,1,0.446,
0.557,0.499,1,0.498,
0.503,0.45,1,0.401,
0.516,0.46,1,0.43,
0.496,0.454,1,0.372,
0.485,0.406,1,0.379,
0.535,0.48,1,0.448,
0.524,0.466,1,0.434,
0.522,0.467,1,0.439,
0.48,0.408,1,0.366,
0.513,0.458,1,0.42,
0.555,0.502,1,0.484,
0.494,0.448,1,0.371,
0.523,0.459,1,0.42,
0.502,0.443,1,0.413,
0.556,0.503,1,0.492,
0.496,0.443,1,0.384,
0.541,0.488,1,0.452,
0.556,0.491,1,0.49,
0.514,0.442,1,0.424,
0.539,0.487,1,0.446,
0.563,0.515,1,0.473,
0.531,0.481,1,0.451,
0.479,0.401,1,0.389,
0.506,0.438,1,0.408,
0.552,0.495,1,0.483,
0.501,0.442,1,0.415,
0.532,0.476,1,0.455,
0.562,0.508,1,0.487,
0.484,0.404,1,0.393,
0.574,0.524,1,0.484,
0.51,0.45,1,0.377,
0.466,0.4,1,0.371,
0.54,0.482,1,0.469,
0.507,0.451,1,0.402,
0.526,0.456,1,0.441,
0.478,0.402,1,0.363,
0.494,0.428,1,0.386,
0.562,0.504,1,0.504,
0.518,0.472,1,0.415,
0.508,0.451,1,0.427,
0.505,0.432,1,0.424,
0.518,0.452,1,0.441,
0.512,0.445,1,0.429,
0.523,0.455,1,0.441,
0.536,0.478,1,0.459,
0.532,0.473,1,0.473,
0.509,0.432,1,0.424,
0.468,0.382,1,0.371,
0.532,0.471,1,0.471,
0.504,0.436,1,0.426,
0.532,0.477,1,0.446,
0.534,0.471,1,0.44,
0.507,0.445,1,0.426,
0.48,0.403,1,0.395,
0.488,0.412,1,0.389,
0.535,0.477,1,0.439,
0.566,0.51,1,0.503,
0.537,0.475,1,0.441,
0.503,0.43,1,0.427,
0.521,0.461,1,0.441,
0.498,0.429,1,0.41,
0.527,0.453,1,0.435,
0.511,0.448,1,0.427,
0.498,0.436,1,0.409,
0.504,0.449,1,0.396,
0.511,0.455,1,0.429,
0.51,0.445,1,0.431,
0.506,0.433,1,0.43,
0.543,0.481,1,0.477,
0.493,0.434,1,0.384,
0.559,0.506,1,0.494,
0.509,0.451,1,0.425,
0.504,0.431,1,0.422,
0.471,0.4,1,0.37,
0.498,0.447,1,0.395,
0.519,0.449,1,0.446,
0.536,0.481,1,0.47,
0.544,0.497,1,0.457,
0.553,0.488,1,0.482,
0.479,0.397,1,0.377,
0.514,0.457,1,0.408,
0.498,0.44,1,0.368,
0.518,0.458,1,0.41,
0.472,0.396,1,0.392,
0.503,0.434,1,0.421,
0.51,0.445,1,0.431,
0.531,0.477,1,0.444,
0.473,0.404,1,0.376,
0.477,0.4,1,0.364,
0.483,0.409,1,0.401,
0.504,0.449,1,0.401,
0.535,0.477,1,0.476,
0.517,0.452,1,0.45,
0.571,0.516,1,0.495,
0.499,0.431,1,0.411,
0.497,0.426,1,0.386,
0.483,0.409,1,0.391,
0.486,0.418,1,0.383,
0.509,0.439,1,0.437,
0.481,0.411,1,0.374,
0.473,0.41,1,0.355,
0.511,0.441,1,0.433,
0.531,0.479,1,0.427,
0.545,0.486,1,0.45,
0.519,0.467,1,0.404,
0.53,0.468,1,0.436,
0.544,0.494,1,0.47,
0.508,0.444,1,0.419,
0.532,0.482,1,0.465,
0.495,0.413,1,0.403,
0.509,0.456,0.997,0.422,
0.519,0.452,1,0.441,
0.556,0.503,1,0.475,
0.522,0.461,1,0.458,
0.486,0.424,1,0.403,
0.557,0.491,1,0.478,
0.528,0.465,1,0.443,
0.521,0.464,1,0.417,
0.513,0.451,1,0.416,
0.504,0.441,0.987,0.431,
0.504,0.432,1,0.411,
0.5,0.425,1,0.41,
0.563,0.506,1,0.477,
0.563,0.512,1,0.485,
0.571,0.517,1,0.51,
0.509,0.455,1,0.388,
0.487,0.411,1,0.391,
0.501,0.432,1,0.41,
0.539,0.477,1,0.456,
0.473,0.393,1,0.37,
0.55,0.48,1,0.471,
0.564,0.515,1,0.471,
0.488,0.413,1,0.389,
0.548,0.496,1,0.477,
0.528,0.465,1,0.442,
0.484,0.41,1,0.399,
0.573,0.517,1,0.514,
0.507,0.444,1,0.405,
0.491,0.426,1,0.386,
0.488,0.423,1,0.398,
0.536,0.462,1,0.444,
0.576,0.525,1,0.512,
0.497,0.454,1,0.376,
0.571,0.514,1,0.509,
0.502,0.449,1,0.409,
0.473,0.406,1,0.38,
0.493,0.423,1,0.391,
0.586,0.526,1,0.521,
0.566,0.508,1,0.506,
0.523,0.457,1,0.457,
0.505,0.44,1,0.408,
0.49,0.416,1,0.405,
0.509,0.453,1,0.422,
0.481,0.402,1,0.383,
0.521,0.46,1,0.443,
0.508,0.457,1,0.42,
0.541,0.489,1,0.446,
0.56,0.506,1,0.502,
0.53,0.466,1,0.463,
0.498,0.428,1,0.401,
0.498,0.425,1,0.407,
0.48,0.407,1,0.366,
0.499,0.443,1,0.402,
0.517,0.45,1,0.446,
0.503,0.445,1,0.4,
0.493,0.425,1,0.387,
0.549,0.506,1,0.476,
0.487,0.416,1,0.381,
0.529,0.479,1,0.403,
0.547,0.475,1,0.474,
0.552,0.499,1,0.48,
0.547,0.485,1,0.476,
0.482,0.41,1,0.383,
0.516,0.456,1,0.434,
0.497,0.428,1,0.426,
0.492,0.429,1,0.408,
0.519,0.451,1,0.44,
0.51,0.45,1,0.426,
0.502,0.451,1,0.405,
0.472,0.402,1,0.355,
0.544,0.483,1,0.456,
0.494,0.429,1,0.379,
0.497,0.439,0.977,0.409,
0.511,0.455,1,0.425,
0.498,0.425,1,0.403,
0.546,0.5,1,0.453,
0.529,0.475,1,0.445,
0.506,0.435,1,0.421,
0.524,0.471,1,0.448,
0.525,0.467,1,0.436,
0.478,0.408,1,0.365,
0.49,0.453,1,0.357,
0.526,0.465,1,0.451,
0.526,0.455,1,0.448,
0.521,0.456,1,0.454,
0.51,0.454,1,0.426,
0.526,0.466,1,0.45,
0.526,0.463,1,0.441,
0.507,0.431,1,0.426,
0.5,0.423,1,0.411,
0.502,0.429,1,0.427,
0.528,0.467,1,0.446,
0.555,0.492,1,0.483,
0.5,0.446,1,0.397,
0.488,0.419,1,0.383,
0.492,0.424,1,0.402,
0.495,0.416,1,0.413,
0.483,0.423,1,0.373,
0.559,0.501,1,0.495,
0.548,0.493,1,0.484,
0.568,0.507,1,0.483,
0.536,0.473,1,0.466,
0.565,0.514,1,0.461,
0.564,0.512,1,0.467,
0.577,0.514,1,0.514,
0.561,0.516,1,0.485,
0.593,0.534,1,0.523,
0.567,0.51,1,0.504,
0.557,0.486,1,0.475,
0.579,0.524,1,0.506,
0.569,0.512,1,0.491,
0.583,0.522,1,0.512,
0.568,0.522,1,0.483,
0.594,0.532,1,0.527,
0.578,0.526,1,0.513,
0.573,0.508,1,0.484,
0.595,0.524,1,0.518,
0.533,0.474,1,0.467,
0.566,0.503,1,0.499,
0.538,0.475,1,0.455,
0.582,0.52,1,0.501,
0.587,0.531,1,0.501,
0.559,0.488,1,0.486,
0.575,0.519,1,0.503,
0.539,0.49,0.968,0.47,
0.583,0.524,1,0.523,
0.544,0.486,1,0.484,
0.568,0.51,1,0.495,
0.57,0.518,1,0.502,
0.59,0.528,1,0.518,
0.571,0.502,1,0.485,
0.566,0.505,1,0.498,
0.488,0.409,1,0.401,
0.455,0.37,1,0.349,
0.533,0.464,1,0.443,
0.491,0.412,1,0.409,
0.519,0.461,1,0.441,
0.512,0.457,1,0.396,
0.492,0.424,1,0.381,
0.537,0.464,1,0.461,
0.58,0.527,1,0.503,
0.506,0.445,1,0.391,
0.489,0.419,1,0.393,
0.546,0.482,1,0.471,
0.54,0.47,1,0.466,
0.512,0.459,1,0.402,
0.486,0.422,1,0.38,
0.493,0.432,1,0.396,
0.589,0.527,1,0.521,
0.539,0.466,1,0.464,
0.581,0.529,1,0.521,
0.583,0.521,1,0.504,
0.59,0.527,1,0.518,
0.56,0.501,1,0.497,
0.552,0.495,1,0.482,
0.559,0.497,1,0.491,
0.583,0.528,1,0.521,
0.586,0.528,1,0.497,
0.579,0.523,1,0.487,
0.571,0.526,1,0.506,
0.561,0.5,1,0.493,
0.574,0.522,1,0.475,
0.572,0.518,1,0.515,
0.577,0.522,1,0.52,
0.504,0.437,1,0.416,
0.533,0.472,1,0.463,
0.529,0.474,1,0.448,
0.498,0.441,1,0.395,
0.496,0.438,1,0.384,
0.502,0.427,1,0.422,
0.515,0.428,1,0.42,
0.517,0.462,1,0.424,
0.521,0.464,1,0.425,
0.496,0.431,1,0.392,
0.492,0.432,1,0.386,
0.525,0.472,1,0.429,
0.496,0.433,1,0.4,
0.537,0.48,1,0.464,
0.545,0.485,1,0.457,
0.464,0.37,1,0.359,




Further Data analysis of all test cases 
avg med max min 
AVGs,0.716,0.716,0.784,0.632,
MEDs,0.693,0.694,0.781,0.587,
MAXs,1,1,1,0.951,
MINs,0.604,0.605,0.72,0.51,


AVGs,0.548,0.558,0.641,0.45,
MEDs,0.487,0.499,0.588,0.359,
MAXs,1,1,1,0.941,
MINs,0.468,0.481,0.566,0.349,



