0.16,0.16,0.155,0.159,0.155,0.159,0.155,0.159,0.155,0.159,0.155,0.159,0.155,0.159,0.155,0.159,0.155,0.159,0.155,0.159,0.155,0.159,0.155,0.159,0.155,0.159,0.155,0.159,0.155,0.159,0.155,0.159,0.155,0.159,0.155,0.159,0.155,0.159,0.155,0.159,0.155,0.159,0.155,0.159,0.155,0.159,0.155,0.159,0.155,0.159,0.155,0.159,0.155,0.159,0.155,0.159,0.155,0.159,0.155,0.159,0.155,0.159,0.155,0.159,0.155,0.159,0.155,0.159,0.155,0.159,0.155,0.159,0.155,0.159,0.155,0.159,0.155,0.159,0.155,0.159,0.155,0.159,0.155,0.159,0.155,0.159,0.155,0.159,0.155,0.159,0.155,0.159,0.155,0.159,0.155,0.159,0.155,0.159,0.155,0.159,
0.083,0.081,0.149,0.149,0.149,0.149,0.149,0.149,0.149,0.149,0.149,0.149,0.149,0.149,0.149,0.149,0.149,0.149,0.149,0.149,0.149,0.149,0.149,0.149,0.149,0.149,0.149,0.149,0.149,0.149,0.149,0.149,0.149,0.149,0.149,0.149,0.149,0.149,0.149,0.149,0.149,0.149,0.149,0.149,0.149,0.149,0.149,0.149,0.149,0.149,0.149,0.149,0.149,0.149,0.149,0.149,0.149,0.149,0.149,0.149,0.149,0.149,0.149,0.149,0.149,0.149,0.149,0.149,0.149,0.149,0.149,0.149,0.149,0.149,0.149,0.149,0.149,0.149,0.149,0.149,0.149,0.149,0.149,0.149,0.149,0.149,0.149,0.149,0.149,0.149,0.149,0.149,0.149,0.149,0.149,0.149,0.149,0.149,0.149,0.149,
0.008,0.008,-0.01,0.011,-0.011,0.009,-0.002,0.009,-0.002,0.009,-0.002,0.009,-0.002,0.009,-0.002,0.009,-0.002,0.009,-0.002,0.009,-0.002,0.009,-0.002,0.009,-0.002,0.009,-0.002,0.009,-0.002,0.009,-0.002,0.009,-0.002,0.009,-0.002,0.009,-0.002,0.009,-0.002,0.009,-0.002,0.009,-0.002,0.009,-0.002,0.009,-0.002,0.009,-0.002,0.009,-0.002,0.009,-0.002,0.009,-0.002,0.009,-0.002,0.009,-0.002,0.009,-0.002,0.009,-0.002,0.009,-0.002,0.009,-0.002,0.009,-0.002,0.009,-0.002,0.009,-0.002,0.009,-0.002,0.009,-0.002,0.009,-0.002,0.009,-0.002,0.009,-0.002,0.009,-0.002,0.009,-0.002,0.009,-0.002,0.009,-0.002,0.009,-0.002,0.009,-0.002,0.009,-0.002,0.009,-0.002,0.009,
0.275,0.296,0.268,0.267,0.269,0.267,0.269,0.267,0.269,0.267,0.269,0.267,0.269,0.267,0.269,0.267,0.269,0.267,0.269,0.267,0.269,0.267,0.269,0.267,0.269,0.267,0.269,0.267,0.269,0.267,0.269,0.267,0.269,0.267,0.269,0.267,0.269,0.267,0.269,0.267,0.269,0.267,0.269,0.267,0.269,0.267,0.269,0.267,0.269,0.267,0.269,0.267,0.269,0.267,0.269,0.267,0.269,0.267,0.269,0.267,0.269,0.267,0.269,0.267,0.269,0.267,0.269,0.267,0.269,0.267,0.269,0.267,0.269,0.267,0.269,0.267,0.269,0.267,0.269,0.267,0.269,0.267,0.269,0.267,0.269,0.267,0.269,0.267,0.269,0.267,0.269,0.267,0.269,0.267,0.269,0.267,0.269,0.267,0.269,0.267,
-0.009,-0.009,-0.011,-0.011,-0.012,-0.009,-0.012,-0.009,-0.012,-0.009,-0.012,-0.009,-0.012,-0.009,-0.012,-0.009,-0.012,-0.009,-0.012,-0.009,-0.012,-0.009,-0.012,-0.009,-0.012,-0.009,-0.012,-0.009,-0.012,-0.009,-0.012,-0.009,-0.012,-0.009,-0.012,-0.009,-0.012,-0.009,-0.012,-0.009,-0.012,-0.009,-0.012,-0.009,-0.012,-0.009,-0.012,-0.009,-0.012,-0.009,-0.012,-0.009,-0.012,-0.009,-0.012,-0.009,-0.012,-0.009,-0.012,-0.009,-0.012,-0.009,-0.012,-0.009,-0.012,-0.009,-0.012,-0.009,-0.012,-0.009,-0.012,-0.009,-0.012,-0.009,-0.012,-0.009,-0.012,-0.009,-0.012,-0.009,-0.012,-0.009,-0.012,-0.009,-0.012,-0.009,-0.012,-0.009,-0.012,-0.009,-0.012,-0.009,-0.012,-0.009,-0.012,-0.009,-0.012,-0.009,-0.012,-0.009,

0.0,0.0,0.0,0.0,0.0,0.0,0.0,0.0,0.0,0.0,0.0,0.0,0.0,0.0,0.0,0.0,0.0,0.0,0.0,0.0,0.0,0.0,0.0,0.0,0.0,0.0,0.0,0.0,0.0,0.0,0.0,0.0,0.0,0.0,0.0,0.0,0.0,0.0,0.0,0.0,0.0,0.0,0.0,0.0,0.0,0.0,0.0,0.0,0.0,0.0,0.0,0.0,0.0,0.0,0.0,0.0,0.0,0.0,0.0,0.0,0.0,0.0,0.0,0.0,0.0,0.0,0.0,0.0,0.0,0.0,0.0,0.0,0.0,0.0,0.0,0.0,0.0,0.0,0.0,0.0,0.0,0.0,0.0,0.0,0.0,0.0,0.0,0.0,0.0,0.0,0.0,0.0,0.0,0.0,0.0,0.0,0.0,0.0,0.0,0.0,
0.0,0.0,0.0,0.0,0.0,0.0,0.0,0.0,0.0,0.0,0.0,0.0,0.0,0.0,0.0,0.0,0.0,0.0,0.0,0.0,0.0,0.0,0.0,0.0,0.0,0.0,0.0,0.0,0.0,0.0,0.0,0.0,0.0,0.0,0.0,0.0,0.0,0.0,0.0,0.0,0.0,0.0,0.0,0.0,0.0,0.0,0.0,0.0,0.0,0.0,0.0,0.0,0.0,0.0,0.0,0.0,0.0,0.0,0.0,0.0,0.0,0.0,0.0,0.0,0.0,0.0,0.0,0.0,0.0,0.0,0.0,0.0,0.0,0.0,0.0,0.0,0.0,0.0,0.0,0.0,0.0,0.0,0.0,0.0,0.0,0.0,0.0,0.0,0.0,0.0,0.0,0.0,0.0,0.0,0.0,0.0,0.0,0.0,0.0,0.0,
0.0,0.0,0.0,0.0,0.0,0.0,0.0,0.0,0.0,0.0,0.0,0.0,0.0,0.0,0.0,0.0,0.0,0.0,0.0,0.0,0.0,0.0,0.0,0.0,0.0,0.0,0.0,0.0,0.0,0.0,0.0,0.0,0.0,0.0,0.0,0.0,0.0,0.0,0.0,0.0,0.0,0.0,0.0,0.0,0.0,0.0,0.0,0.0,0.0,0.0,0.0,0.0,0.0,0.0,0.0,0.0,0.0,0.0,0.0,0.0,0.0,0.0,0.0,0.0,0.0,0.0,0.0,0.0,0.0,0.0,0.0,0.0,0.0,0.0,0.0,0.0,0.0,0.0,0.0,0.0,0.0,0.0,0.0,0.0,0.0,0.0,0.0,0.0,0.0,0.0,0.0,0.0,0.0,0.0,0.0,0.0,0.0,0.0,0.0,0.0,
0.0,0.0,0.0,0.0,0.0,0.0,0.0,0.0,0.0,0.0,0.0,0.0,0.0,0.0,0.0,0.0,0.0,0.0,0.0,0.0,0.0,0.0,0.0,0.0,0.0,0.0,0.0,0.0,0.0,0.0,0.0,0.0,0.0,0.0,0.0,0.0,0.0,0.0,0.0,0.0,0.0,0.0,0.0,0.0,0.0,0.0,0.0,0.0,0.0,0.0,0.0,0.0,0.0,0.0,0.0,0.0,0.0,0.0,0.0,0.0,0.0,0.0,0.0,0.0,0.0,0.0,0.0,0.0,0.0,0.0,0.0,0.0,0.0,0.0,0.0,0.0,0.0,0.0,0.0,0.0,0.0,0.0,0.0,0.0,0.0,0.0,0.0,0.0,0.0,0.0,0.0,0.0,0.0,0.0,0.0,0.0,0.0,0.0,0.0,0.0,
0.0,0.0,0.0,0.0,0.0,0.0,0.0,0.0,0.0,0.0,0.0,0.0,0.0,0.0,0.0,0.0,0.0,0.0,0.0,0.0,0.0,0.0,0.0,0.0,0.0,0.0,0.0,0.0,0.0,0.0,0.0,0.0,0.0,0.0,0.0,0.0,0.0,0.0,0.0,0.0,0.0,0.0,0.0,0.0,0.0,0.0,0.0,0.0,0.0,0.0,0.0,0.0,0.0,0.0,0.0,0.0,0.0,0.0,0.0,0.0,0.0,0.0,0.0,0.0,0.0,0.0,0.0,0.0,0.0,0.0,0.0,0.0,0.0,0.0,0.0,0.0,0.0,0.0,0.0,0.0,0.0,0.0,0.0,0.0,0.0,0.0,0.0,0.0,0.0,0.0,0.0,0.0,0.0,0.0,0.0,0.0,0.0,0.0,0.0,0.0,

0.0,0.0,0.0,0.0,0.0,0.0,0.0,0.0,0.0,0.0,0.0,0.0,0.0,0.0,0.0,0.0,0.0,0.0,0.0,0.0,0.0,0.0,0.0,0.0,0.0,0.0,0.0,0.0,0.0,0.0,0.0,0.0,0.0,0.0,0.0,0.0,0.0,0.0,0.0,0.0,0.0,0.0,0.0,0.0,0.0,0.0,0.0,0.0,0.0,0.0,0.0,0.0,0.0,0.0,0.0,0.0,0.0,0.0,0.0,0.0,0.0,0.0,0.0,0.0,0.0,0.0,0.0,0.0,0.0,0.0,0.0,0.0,0.0,0.0,0.0,0.0,0.0,0.0,0.0,0.0,0.0,0.0,0.0,0.0,0.0,0.0,0.0,0.0,0.0,0.0,0.0,0.0,0.0,0.0,0.0,0.0,0.0,0.0,0.0,0.0,
0.0,0.0,0.0,0.0,0.0,0.0,0.0,0.0,0.0,0.0,0.0,0.0,0.0,0.0,0.0,0.0,0.0,0.0,0.0,0.0,0.0,0.0,0.0,0.0,0.0,0.0,0.0,0.0,0.0,0.0,0.0,0.0,0.0,0.0,0.0,0.0,0.0,0.0,0.0,0.0,0.0,0.0,0.0,0.0,0.0,0.0,0.0,0.0,0.0,0.0,0.0,0.0,0.0,0.0,0.0,0.0,0.0,0.0,0.0,0.0,0.0,0.0,0.0,0.0,0.0,0.0,0.0,0.0,0.0,0.0,0.0,0.0,0.0,0.0,0.0,0.0,0.0,0.0,0.0,0.0,0.0,0.0,0.0,0.0,0.0,0.0,0.0,0.0,0.0,0.0,0.0,0.0,0.0,0.0,0.0,0.0,0.0,0.0,0.0,0.0,
0.0,0.0,0.0,0.0,0.0,0.0,0.0,0.0,0.0,0.0,0.0,0.0,0.0,0.0,0.0,0.0,0.0,0.0,0.0,0.0,0.0,0.0,0.0,0.0,0.0,0.0,0.0,0.0,0.0,0.0,0.0,0.0,0.0,0.0,0.0,0.0,0.0,0.0,0.0,0.0,0.0,0.0,0.0,0.0,0.0,0.0,0.0,0.0,0.0,0.0,0.0,0.0,0.0,0.0,0.0,0.0,0.0,0.0,0.0,0.0,0.0,0.0,0.0,0.0,0.0,0.0,0.0,0.0,0.0,0.0,0.0,0.0,0.0,0.0,0.0,0.0,0.0,0.0,0.0,0.0,0.0,0.0,0.0,0.0,0.0,0.0,0.0,0.0,0.0,0.0,0.0,0.0,0.0,0.0,0.0,0.0,0.0,0.0,0.0,0.0,
0.0,0.0,0.0,0.0,0.0,0.0,0.0,0.0,0.0,0.0,0.0,0.0,0.0,0.0,0.0,0.0,0.0,0.0,0.0,0.0,0.0,0.0,0.0,0.0,0.0,0.0,0.0,0.0,0.0,0.0,0.0,0.0,0.0,0.0,0.0,0.0,0.0,0.0,0.0,0.0,0.0,0.0,0.0,0.0,0.0,0.0,0.0,0.0,0.0,0.0,0.0,0.0,0.0,0.0,0.0,0.0,0.0,0.0,0.0,0.0,0.0,0.0,0.0,0.0,0.0,0.0,0.0,0.0,0.0,0.0,0.0,0.0,0.0,0.0,0.0,0.0,0.0,0.0,0.0,0.0,0.0,0.0,0.0,0.0,0.0,0.0,0.0,0.0,0.0,0.0,0.0,0.0,0.0,0.0,0.0,0.0,0.0,0.0,0.0,0.0,
0.0,0.0,0.0,0.0,0.0,0.0,0.0,0.0,0.0,0.0,0.0,0.0,0.0,0.0,0.0,0.0,0.0,0.0,0.0,0.0,0.0,0.0,0.0,0.0,0.0,0.0,0.0,0.0,0.0,0.0,0.0,0.0,0.0,0.0,0.0,0.0,0.0,0.0,0.0,0.0,0.0,0.0,0.0,0.0,0.0,0.0,0.0,0.0,0.0,0.0,0.0,0.0,0.0,0.0,0.0,0.0,0.0,0.0,0.0,0.0,0.0,0.0,0.0,0.0,0.0,0.0,0.0,0.0,0.0,0.0,0.0,0.0,0.0,0.0,0.0,0.0,0.0,0.0,0.0,0.0,0.0,0.0,0.0,0.0,0.0,0.0,0.0,0.0,0.0,0.0,0.0,0.0,0.0,0.0,0.0,0.0,0.0,0.0,0.0,0.0,


