

Data analysis for each instance 
AVG,MED,MAX,MIN
1,0.621,0.575,0.536,0.539,0.544,0.543,0.531,0.534,0.522,
1,0.624,0.565,0.541,0.562,0.518,0.563,0.509,0.542,0.533,
1,0.573,0.518,0.537,0.512,0.51,0.497,0.532,0.52,0.515,
1,0.682,0.619,0.58,0.581,0.588,0.613,0.597,0.59,0.579,
1,0.66,0.631,0.566,0.576,0.563,0.532,0.562,0.566,0.563,
1,0.643,0.57,0.575,0.5,0.541,0.555,0.574,0.559,0.566,
1,0.666,0.629,0.602,0.599,0.592,0.55,0.55,0.611,0.593,
1,0.571,0.477,0.46,0.433,0.404,0.396,0.479,0.476,0.458,
1,0.679,0.563,0.587,0.608,0.573,0.586,0.579,0.612,0.575,
1,0.648,0.604,0.6,0.587,0.56,0.592,0.561,0.565,0.579,
1,0.645,0.593,0.583,0.577,0.577,0.566,0.561,0.601,0.591,
1,0.677,0.602,0.61,0.575,0.535,0.57,0.559,0.561,0.538,
1,0.623,0.563,0.594,0.542,0.557,0.551,0.532,0.541,0.566,
1,0.643,0.573,0.593,0.566,0.567,0.544,0.57,0.544,0.55,
1,0.675,0.595,0.582,0.558,0.564,0.564,0.558,0.559,0.544,
1,0.578,0.579,0.537,0.543,0.522,0.52,0.537,0.514,0.525,
1,0.63,0.6,0.552,0.541,0.575,0.546,0.541,0.52,0.517,
1,0.684,0.635,0.603,0.611,0.612,0.586,0.618,0.608,0.625,
1,0.636,0.594,0.575,0.576,0.57,0.565,0.576,0.553,0.577,
1,0.639,0.59,0.568,0.53,0.569,0.57,0.558,0.58,0.568,
1,0.559,0.5,0.477,0.486,0.488,0.478,0.55,0.461,0.486,
1,0.639,0.532,0.539,0.556,0.546,0.535,0.554,0.549,0.532,
1,0.619,0.553,0.542,0.518,0.537,0.56,0.578,0.536,0.558,
1,0.591,0.508,0.448,0.435,0.463,0.461,0.506,0.487,0.451,
1,0.642,0.615,0.602,0.566,0.559,0.57,0.553,0.556,0.573,
1,0.686,0.607,0.565,0.552,0.547,0.542,0.556,0.592,0.537,
1,0.663,0.591,0.557,0.566,0.562,0.589,0.569,0.578,0.566,
1,0.62,0.576,0.551,0.538,0.565,0.548,0.519,0.519,0.516,
1,0.672,0.564,0.532,0.533,0.549,0.54,0.517,0.553,0.556,
1,0.626,0.604,0.577,0.577,0.527,0.589,0.576,0.584,0.575,
1,0.679,0.603,0.56,0.536,0.556,0.585,0.592,0.585,0.59,
1,0.657,0.623,0.598,0.58,0.57,0.6,0.572,0.585,0.537,
1,0.675,0.585,0.578,0.58,0.576,0.579,0.577,0.545,0.569,
1,0.63,0.571,0.57,0.576,0.541,0.566,0.56,0.557,0.549,
1,0.607,0.545,0.537,0.524,0.531,0.54,0.551,0.53,0.534,
1,0.637,0.595,0.586,0.554,0.543,0.555,0.56,0.567,0.539,
1,0.654,0.615,0.578,0.555,0.565,0.556,0.569,0.551,0.582,
1,0.618,0.553,0.531,0.519,0.527,0.533,0.553,0.55,0.541,
1,0.686,0.603,0.588,0.574,0.575,0.586,0.602,0.576,0.579,
1,0.6,0.546,0.554,0.521,0.548,0.524,0.552,0.549,0.547,
1,0.654,0.581,0.576,0.567,0.538,0.581,0.566,0.597,0.558,
1,0.658,0.594,0.555,0.549,0.607,0.555,0.601,0.6,0.552,
1,0.634,0.584,0.581,0.589,0.559,0.578,0.57,0.554,0.588,
1,0.59,0.526,0.55,0.518,0.53,0.51,0.499,0.501,0.524,
1,0.548,0.443,0.469,0.498,0.49,0.443,0.476,0.434,0.43,
1,0.683,0.561,0.579,0.562,0.576,0.56,0.582,0.578,0.575,
1,0.506,0.446,0.413,0.447,0.413,0.463,0.433,0.406,0.414,
1,0.672,0.604,0.599,0.587,0.62,0.567,0.594,0.585,0.567,
1,0.66,0.595,0.575,0.55,0.565,0.585,0.561,0.538,0.535,
1,0.624,0.556,0.541,0.529,0.498,0.517,0.534,0.492,0.53,
1,0.648,0.576,0.588,0.567,0.555,0.55,0.554,0.568,0.554,
1,0.633,0.575,0.581,0.522,0.518,0.564,0.559,0.569,0.547,
1,0.696,0.611,0.632,0.605,0.597,0.615,0.605,0.611,0.619,
1,0.635,0.585,0.572,0.561,0.544,0.56,0.553,0.57,0.561,
1,0.649,0.585,0.551,0.499,0.511,0.518,0.538,0.559,0.533,
1,0.633,0.619,0.579,0.567,0.573,0.57,0.56,0.551,0.541,
1,0.648,0.584,0.525,0.593,0.559,0.543,0.566,0.548,0.545,
1,0.674,0.569,0.572,0.611,0.581,0.585,0.58,0.567,0.595,
1,0.643,0.61,0.585,0.555,0.561,0.547,0.543,0.582,0.599,
1,0.633,0.608,0.548,0.573,0.561,0.573,0.579,0.564,0.563,
1,0.662,0.627,0.579,0.568,0.583,0.586,0.575,0.56,0.577,
1,0.506,0.514,0.484,0.505,0.487,0.463,0.482,0.517,0.519,
1,0.637,0.573,0.546,0.555,0.532,0.53,0.511,0.499,0.536,
1,0.609,0.57,0.513,0.541,0.527,0.527,0.537,0.497,0.477,
1,0.58,0.556,0.499,0.463,0.469,0.487,0.474,0.478,0.474,
1,0.605,0.562,0.552,0.528,0.515,0.506,0.51,0.538,0.54,
1,0.671,0.629,0.609,0.586,0.577,0.576,0.584,0.569,0.594,
1,0.596,0.599,0.55,0.545,0.532,0.542,0.538,0.528,0.549,
1,0.622,0.56,0.525,0.497,0.499,0.484,0.496,0.469,0.508,
1,0.653,0.622,0.591,0.556,0.553,0.598,0.571,0.526,0.586,
1,0.616,0.56,0.557,0.539,0.539,0.548,0.545,0.514,0.525,
1,0.679,0.616,0.577,0.567,0.568,0.527,0.573,0.549,0.548,
1,0.655,0.594,0.572,0.553,0.578,0.538,0.548,0.568,0.55,
1,0.56,0.499,0.47,0.463,0.459,0.449,0.454,0.445,0.483,
1,0.633,0.61,0.565,0.587,0.538,0.562,0.537,0.528,0.535,
1,0.588,0.543,0.526,0.556,0.506,0.521,0.471,0.44,0.478,
1,0.637,0.566,0.54,0.519,0.572,0.523,0.529,0.563,0.554,
1,0.606,0.548,0.522,0.54,0.526,0.537,0.549,0.528,0.525,
1,0.67,0.579,0.549,0.561,0.546,0.549,0.55,0.557,0.549,
1,0.682,0.587,0.574,0.547,0.526,0.568,0.523,0.534,0.541,
1,0.546,0.525,0.496,0.506,0.516,0.509,0.5,0.482,0.497,
1,0.683,0.627,0.579,0.597,0.59,0.585,0.558,0.592,0.579,
1,0.656,0.594,0.555,0.589,0.605,0.587,0.558,0.581,0.557,
1,0.646,0.616,0.566,0.566,0.553,0.582,0.562,0.563,0.568,
1,0.64,0.561,0.566,0.528,0.522,0.47,0.492,0.483,0.588,
1,0.636,0.581,0.535,0.563,0.568,0.554,0.538,0.539,0.554,
1,0.638,0.555,0.545,0.532,0.53,0.514,0.521,0.526,0.514,
1,0.661,0.574,0.6,0.577,0.548,0.532,0.545,0.571,0.539,
1,0.591,0.564,0.575,0.539,0.513,0.518,0.537,0.537,0.539,
1,0.651,0.517,0.481,0.573,0.546,0.559,0.532,0.525,0.483,
1,0.662,0.636,0.587,0.61,0.593,0.57,0.598,0.592,0.584,
1,0.676,0.6,0.598,0.608,0.576,0.574,0.563,0.623,0.584,
1,0.652,0.602,0.593,0.584,0.596,0.562,0.561,0.542,0.571,
1,0.69,0.605,0.614,0.586,0.59,0.586,0.616,0.602,0.561,
1,0.676,0.587,0.543,0.515,0.512,0.57,0.56,0.551,0.554,
1,0.622,0.591,0.524,0.559,0.567,0.566,0.532,0.534,0.563,
1,0.617,0.575,0.566,0.55,0.523,0.588,0.547,0.561,0.53,
1,0.674,0.615,0.573,0.582,0.561,0.555,0.578,0.6,0.579,
1,0.602,0.569,0.497,0.491,0.528,0.509,0.491,0.499,0.517,
1,0.651,0.601,0.564,0.582,0.597,0.607,0.61,0.598,0.606,
1,0.653,0.567,0.58,0.573,0.541,0.586,0.564,0.561,0.529,
1,0.656,0.592,0.572,0.569,0.562,0.539,0.563,0.517,0.534,
1,0.655,0.591,0.608,0.581,0.56,0.582,0.584,0.563,0.574,
1,0.656,0.606,0.593,0.582,0.576,0.585,0.569,0.564,0.612,
1,0.638,0.605,0.559,0.533,0.504,0.482,0.488,0.536,0.506,
1,0.546,0.501,0.486,0.471,0.427,0.435,0.476,0.454,0.474,
1,0.683,0.61,0.608,0.566,0.581,0.585,0.574,0.581,0.561,
1,0.708,0.62,0.6,0.588,0.582,0.586,0.582,0.598,0.591,
1,0.663,0.594,0.581,0.56,0.603,0.589,0.587,0.592,0.589,
1,0.584,0.519,0.526,0.531,0.537,0.511,0.496,0.509,0.53,
1,0.656,0.623,0.578,0.545,0.535,0.547,0.539,0.551,0.533,
1,0.643,0.582,0.571,0.571,0.529,0.523,0.502,0.529,0.552,
1,0.689,0.588,0.574,0.597,0.554,0.549,0.574,0.574,0.602,
1,0.697,0.559,0.6,0.577,0.548,0.579,0.571,0.57,0.555,
1,0.667,0.602,0.603,0.587,0.578,0.573,0.606,0.571,0.573,
1,0.643,0.559,0.589,0.541,0.527,0.54,0.545,0.525,0.525,
1,0.648,0.561,0.538,0.534,0.574,0.569,0.542,0.542,0.572,
1,0.688,0.587,0.611,0.605,0.613,0.591,0.603,0.567,0.597,
1,0.611,0.564,0.535,0.529,0.568,0.565,0.532,0.559,0.536,
1,0.675,0.597,0.558,0.582,0.553,0.57,0.51,0.568,0.553,
1,0.669,0.615,0.594,0.596,0.591,0.591,0.596,0.582,0.594,
1,0.6,0.545,0.543,0.519,0.525,0.516,0.539,0.486,0.515,
1,0.674,0.601,0.591,0.593,0.615,0.601,0.592,0.598,0.59,
1,0.646,0.625,0.542,0.554,0.553,0.556,0.564,0.577,0.542,
1,0.651,0.598,0.539,0.534,0.498,0.522,0.527,0.556,0.554,
1,0.674,0.595,0.587,0.561,0.587,0.53,0.567,0.563,0.566,
1,0.488,0.433,0.529,0.441,0.472,0.478,0.461,0.465,0.446,
1,0.657,0.595,0.577,0.56,0.59,0.535,0.545,0.564,0.542,
1,0.529,0.478,0.505,0.456,0.44,0.468,0.451,0.437,0.498,
1,0.645,0.608,0.609,0.566,0.57,0.548,0.587,0.562,0.554,
1,0.651,0.586,0.602,0.557,0.597,0.556,0.568,0.565,0.555,
1,0.686,0.595,0.607,0.584,0.609,0.592,0.613,0.596,0.601,
1,0.641,0.581,0.569,0.589,0.564,0.593,0.545,0.556,0.592,
1,0.663,0.605,0.527,0.579,0.543,0.573,0.539,0.578,0.52,
1,0.655,0.631,0.553,0.558,0.576,0.603,0.571,0.569,0.551,
1,0.676,0.575,0.584,0.57,0.592,0.557,0.588,0.577,0.579,
1,0.637,0.586,0.59,0.547,0.566,0.545,0.535,0.547,0.539,
1,0.673,0.577,0.61,0.564,0.579,0.55,0.558,0.573,0.572,
1,0.668,0.602,0.605,0.562,0.608,0.582,0.563,0.574,0.592,
1,0.675,0.602,0.573,0.58,0.57,0.563,0.56,0.57,0.551,
1,0.691,0.627,0.561,0.567,0.579,0.591,0.608,0.59,0.6,
1,0.629,0.584,0.565,0.563,0.561,0.569,0.577,0.561,0.549,
1,0.662,0.6,0.596,0.586,0.57,0.581,0.547,0.547,0.528,
1,0.616,0.584,0.559,0.572,0.554,0.569,0.574,0.564,0.566,
1,0.638,0.59,0.618,0.577,0.608,0.592,0.614,0.609,0.584,
1,0.664,0.611,0.61,0.597,0.58,0.574,0.594,0.592,0.571,
1,0.668,0.611,0.587,0.577,0.551,0.571,0.57,0.599,0.573,
1,0.661,0.596,0.609,0.584,0.535,0.577,0.58,0.587,0.606,
1,0.581,0.505,0.531,0.498,0.496,0.513,0.526,0.51,0.506,
1,0.676,0.617,0.581,0.573,0.571,0.562,0.572,0.601,0.597,
1,0.48,0.418,0.414,0.392,0.394,0.399,0.411,0.397,0.416,
1,0.673,0.622,0.606,0.583,0.553,0.562,0.569,0.56,0.548,
1,0.685,0.613,0.618,0.581,0.604,0.623,0.573,0.618,0.579,
1,0.665,0.578,0.578,0.558,0.552,0.58,0.552,0.538,0.559,
1,0.66,0.608,0.571,0.533,0.582,0.581,0.573,0.51,0.579,
1,0.665,0.613,0.56,0.608,0.582,0.603,0.596,0.581,0.576,
1,0.679,0.626,0.603,0.595,0.608,0.586,0.602,0.583,0.611,
1,0.537,0.528,0.498,0.476,0.496,0.481,0.484,0.501,0.495,
1,0.626,0.551,0.515,0.552,0.563,0.576,0.535,0.563,0.56,
1,0.637,0.557,0.546,0.536,0.566,0.517,0.522,0.541,0.531,
1,0.666,0.606,0.6,0.592,0.577,0.616,0.611,0.583,0.584,
1,0.651,0.608,0.556,0.57,0.558,0.57,0.514,0.559,0.493,
1,0.665,0.603,0.576,0.622,0.601,0.589,0.604,0.609,0.571,
1,0.563,0.54,0.526,0.5,0.545,0.532,0.547,0.519,0.517,
1,0.679,0.605,0.574,0.583,0.588,0.581,0.573,0.584,0.565,
1,0.646,0.629,0.599,0.578,0.587,0.587,0.597,0.582,0.559,
1,0.673,0.612,0.604,0.567,0.594,0.61,0.57,0.594,0.612,
1,0.664,0.603,0.597,0.581,0.577,0.568,0.584,0.56,0.571,
1,0.673,0.594,0.613,0.604,0.578,0.579,0.579,0.602,0.58,
1,0.625,0.556,0.558,0.534,0.529,0.55,0.545,0.538,0.542,
1,0.662,0.602,0.627,0.587,0.576,0.596,0.589,0.577,0.551,
1,0.634,0.579,0.559,0.539,0.512,0.586,0.544,0.538,0.538,
1,0.598,0.539,0.492,0.477,0.534,0.548,0.529,0.511,0.512,
1,0.696,0.607,0.601,0.583,0.615,0.594,0.582,0.577,0.582,
1,0.546,0.515,0.482,0.45,0.418,0.459,0.456,0.453,0.462,
1,0.594,0.542,0.456,0.453,0.461,0.483,0.53,0.467,0.493,
1,0.589,0.562,0.569,0.553,0.596,0.564,0.575,0.553,0.556,
1,0.666,0.628,0.586,0.57,0.56,0.573,0.548,0.585,0.568,
1,0.613,0.545,0.592,0.559,0.564,0.575,0.56,0.555,0.563,
1,0.637,0.584,0.544,0.576,0.555,0.569,0.534,0.536,0.546,
1,0.681,0.586,0.612,0.568,0.604,0.589,0.581,0.58,0.61,
1,0.627,0.564,0.533,0.542,0.562,0.563,0.549,0.555,0.542,
1,0.653,0.582,0.509,0.511,0.536,0.599,0.571,0.508,0.561,
1,0.66,0.595,0.562,0.567,0.589,0.55,0.565,0.559,0.547,
1,0.65,0.558,0.577,0.606,0.579,0.603,0.576,0.581,0.593,
1,0.59,0.552,0.489,0.515,0.493,0.544,0.53,0.493,0.48,
1,0.676,0.606,0.566,0.56,0.616,0.576,0.57,0.559,0.583,
1,0.676,0.604,0.562,0.583,0.568,0.576,0.557,0.562,0.564,
1,0.687,0.579,0.563,0.577,0.582,0.575,0.586,0.566,0.539,
1,0.478,0.38,0.44,0.361,0.353,0.352,0.352,0.352,0.352,
1,0.643,0.59,0.548,0.549,0.516,0.565,0.562,0.555,0.557,
1,0.647,0.592,0.579,0.563,0.577,0.543,0.554,0.568,0.568,
1,0.588,0.523,0.506,0.516,0.502,0.501,0.489,0.519,0.506,
1,0.622,0.598,0.542,0.491,0.461,0.497,0.462,0.473,0.46,
1,0.625,0.614,0.554,0.569,0.517,0.569,0.551,0.558,0.554,
1,0.604,0.562,0.546,0.543,0.552,0.538,0.517,0.531,0.533,
1,0.628,0.568,0.515,0.526,0.495,0.555,0.506,0.556,0.541,
1,0.659,0.623,0.581,0.573,0.549,0.56,0.593,0.594,0.564,
1,0.68,0.611,0.554,0.562,0.558,0.571,0.579,0.556,0.52,
1,0.63,0.56,0.563,0.587,0.563,0.556,0.517,0.514,0.546,
1,0.614,0.576,0.53,0.523,0.552,0.534,0.521,0.511,0.531,
1,0.641,0.615,0.539,0.568,0.546,0.53,0.539,0.531,0.535,
1,0.655,0.605,0.592,0.579,0.564,0.551,0.54,0.573,0.58,
1,0.639,0.576,0.59,0.582,0.581,0.562,0.57,0.56,0.575,
1,0.664,0.624,0.601,0.578,0.578,0.592,0.576,0.573,0.558,
1,0.622,0.609,0.547,0.54,0.565,0.551,0.541,0.539,0.51,
1,0.634,0.541,0.482,0.476,0.482,0.491,0.459,0.477,0.513,
1,0.606,0.555,0.526,0.532,0.499,0.556,0.56,0.546,0.544,
1,0.583,0.526,0.503,0.487,0.504,0.495,0.498,0.535,0.511,
1,0.617,0.594,0.55,0.574,0.557,0.571,0.547,0.571,0.605,
1,0.676,0.614,0.604,0.595,0.622,0.603,0.604,0.596,0.583,
1,0.663,0.632,0.592,0.628,0.595,0.578,0.595,0.593,0.592,
1,0.627,0.554,0.549,0.543,0.569,0.529,0.547,0.532,0.527,
1,0.683,0.614,0.574,0.588,0.575,0.582,0.577,0.61,0.581,
1,0.616,0.592,0.535,0.542,0.511,0.54,0.532,0.531,0.521,
1,0.433,0.36,0.353,0.353,0.353,0.353,0.353,0.353,0.353,
1,0.671,0.596,0.617,0.569,0.54,0.595,0.585,0.598,0.576,
1,0.656,0.595,0.547,0.536,0.504,0.52,0.523,0.537,0.537,
1,0.645,0.603,0.558,0.536,0.555,0.551,0.551,0.529,0.534,
1,0.655,0.608,0.561,0.577,0.556,0.557,0.587,0.57,0.531,
1,0.696,0.611,0.617,0.568,0.605,0.586,0.602,0.572,0.565,
1,0.644,0.642,0.57,0.547,0.578,0.554,0.595,0.591,0.57,
1,0.553,0.507,0.483,0.503,0.491,0.494,0.518,0.488,0.518,
1,0.65,0.58,0.581,0.565,0.583,0.556,0.555,0.57,0.556,
1,0.65,0.593,0.583,0.586,0.579,0.589,0.592,0.569,0.579,
1,0.66,0.583,0.582,0.57,0.552,0.574,0.579,0.586,0.559,
1,0.624,0.576,0.596,0.574,0.562,0.558,0.557,0.574,0.539,
1,0.592,0.544,0.528,0.544,0.578,0.526,0.543,0.539,0.561,
1,0.635,0.603,0.574,0.554,0.561,0.56,0.547,0.574,0.586,
1,0.663,0.612,0.605,0.607,0.587,0.613,0.591,0.602,0.622,
1,0.657,0.61,0.563,0.558,0.581,0.564,0.567,0.567,0.568,
1,0.655,0.626,0.602,0.595,0.551,0.585,0.581,0.575,0.6,
1,0.655,0.604,0.598,0.577,0.539,0.57,0.555,0.57,0.548,
1,0.66,0.607,0.581,0.567,0.578,0.542,0.538,0.569,0.562,
1,0.627,0.576,0.537,0.553,0.545,0.579,0.543,0.568,0.555,
1,0.604,0.578,0.57,0.583,0.581,0.561,0.579,0.601,0.574,
1,0.656,0.644,0.557,0.575,0.559,0.527,0.548,0.574,0.561,
1,0.659,0.596,0.567,0.578,0.566,0.559,0.571,0.575,0.589,
1,0.651,0.599,0.552,0.55,0.544,0.54,0.554,0.54,0.539,
1,0.54,0.456,0.431,0.403,0.407,0.422,0.414,0.415,0.413,
1,0.623,0.602,0.561,0.559,0.541,0.538,0.549,0.583,0.544,
1,0.616,0.527,0.581,0.574,0.546,0.527,0.524,0.587,0.573,
1,0.635,0.605,0.528,0.544,0.546,0.55,0.535,0.521,0.568,
1,0.579,0.552,0.52,0.543,0.507,0.486,0.498,0.547,0.526,
1,0.64,0.608,0.559,0.59,0.523,0.474,0.531,0.524,0.54,
1,0.661,0.612,0.594,0.57,0.591,0.592,0.598,0.6,0.581,
1,0.678,0.562,0.57,0.53,0.53,0.543,0.582,0.55,0.549,
1,0.644,0.596,0.554,0.545,0.531,0.545,0.553,0.563,0.566,
1,0.65,0.587,0.593,0.555,0.55,0.544,0.551,0.569,0.591,
1,0.691,0.619,0.578,0.616,0.615,0.611,0.597,0.572,0.601,
1,0.669,0.616,0.585,0.592,0.596,0.568,0.581,0.567,0.544,
1,0.546,0.489,0.446,0.438,0.418,0.438,0.428,0.426,0.483,
1,0.63,0.53,0.509,0.533,0.51,0.506,0.481,0.494,0.501,
1,0.645,0.58,0.565,0.552,0.552,0.583,0.549,0.568,0.566,
1,0.438,0.382,0.389,0.403,0.432,0.402,0.39,0.362,0.382,
1,0.656,0.587,0.546,0.504,0.536,0.548,0.534,0.524,0.518,
1,0.57,0.436,0.501,0.479,0.489,0.426,0.461,0.43,0.458,
1,0.629,0.59,0.521,0.548,0.501,0.545,0.554,0.512,0.527,
1,0.671,0.57,0.541,0.563,0.592,0.559,0.57,0.511,0.523,
1,0.661,0.616,0.624,0.584,0.586,0.599,0.605,0.593,0.6,
1,0.591,0.567,0.522,0.531,0.509,0.518,0.507,0.5,0.488,
1,0.631,0.526,0.564,0.506,0.511,0.563,0.569,0.497,0.529,
1,0.659,0.591,0.568,0.553,0.57,0.574,0.573,0.574,0.571,
1,0.597,0.575,0.539,0.548,0.557,0.579,0.552,0.58,0.542,
1,0.653,0.636,0.598,0.571,0.585,0.587,0.591,0.564,0.59,
1,0.64,0.582,0.552,0.505,0.541,0.543,0.527,0.522,0.515,
1,0.665,0.638,0.578,0.589,0.582,0.589,0.582,0.578,0.571,
1,0.632,0.593,0.534,0.53,0.529,0.555,0.536,0.534,0.553,
1,0.583,0.541,0.576,0.522,0.502,0.544,0.537,0.546,0.522,
1,0.625,0.53,0.53,0.543,0.507,0.504,0.495,0.497,0.489,
1,0.535,0.45,0.412,0.395,0.393,0.403,0.398,0.39,0.416,
1,0.569,0.529,0.52,0.514,0.476,0.493,0.503,0.536,0.524,
1,0.59,0.578,0.533,0.539,0.489,0.526,0.517,0.529,0.496,
1,0.634,0.602,0.573,0.561,0.549,0.539,0.505,0.541,0.512,
1,0.609,0.595,0.542,0.545,0.538,0.53,0.518,0.534,0.554,
1,0.598,0.552,0.525,0.542,0.526,0.549,0.526,0.515,0.539,
1,0.523,0.466,0.48,0.501,0.453,0.439,0.45,0.442,0.507,
1,0.587,0.58,0.518,0.529,0.562,0.527,0.523,0.516,0.549,
1,0.6,0.51,0.464,0.517,0.459,0.505,0.436,0.429,0.457,
1,0.526,0.451,0.451,0.466,0.477,0.492,0.457,0.432,0.476,
1,0.618,0.578,0.561,0.549,0.532,0.547,0.55,0.521,0.493,
1,0.63,0.561,0.54,0.518,0.489,0.529,0.534,0.542,0.529,
1,0.599,0.547,0.532,0.498,0.52,0.514,0.535,0.496,0.512,
1,0.648,0.585,0.533,0.523,0.546,0.543,0.537,0.55,0.522,
1,0.578,0.504,0.539,0.513,0.514,0.508,0.515,0.498,0.501,
1,0.586,0.544,0.536,0.526,0.531,0.488,0.516,0.488,0.522,
1,0.59,0.556,0.53,0.507,0.517,0.483,0.515,0.527,0.488,
1,0.587,0.503,0.55,0.49,0.526,0.507,0.501,0.512,0.543,
1,0.61,0.524,0.525,0.503,0.51,0.497,0.499,0.534,0.453,
1,0.574,0.534,0.444,0.497,0.5,0.541,0.494,0.5,0.503,
1,0.523,0.529,0.486,0.518,0.503,0.504,0.482,0.457,0.485,
1,0.542,0.52,0.506,0.501,0.507,0.462,0.459,0.455,0.534,
1,0.61,0.546,0.536,0.508,0.493,0.522,0.496,0.521,0.49,
1,0.553,0.526,0.525,0.486,0.522,0.49,0.494,0.473,0.489,
1,0.559,0.525,0.58,0.546,0.52,0.52,0.528,0.547,0.542,
1,0.627,0.528,0.529,0.54,0.522,0.524,0.527,0.518,0.511,
1,0.497,0.536,0.487,0.479,0.49,0.5,0.509,0.471,0.457,
1,0.611,0.529,0.535,0.471,0.553,0.508,0.5,0.528,0.521,
1,0.594,0.537,0.532,0.525,0.504,0.537,0.547,0.535,0.536,
1,0.566,0.507,0.517,0.448,0.513,0.46,0.519,0.475,0.489,
1,0.558,0.504,0.528,0.506,0.465,0.449,0.503,0.493,0.471,
1,0.589,0.522,0.485,0.5,0.485,0.509,0.539,0.516,0.517,
1,0.623,0.514,0.502,0.491,0.494,0.513,0.489,0.505,0.492,
1,0.469,0.435,0.4,0.37,0.39,0.452,0.394,0.408,0.373,
1,0.605,0.534,0.501,0.494,0.491,0.513,0.505,0.509,0.49,
1,0.653,0.578,0.532,0.552,0.515,0.533,0.526,0.534,0.549,
1,0.593,0.552,0.521,0.547,0.527,0.518,0.495,0.493,0.511,
1,0.622,0.59,0.52,0.511,0.536,0.511,0.519,0.525,0.531,
1,0.56,0.533,0.536,0.507,0.513,0.493,0.492,0.489,0.497,
1,0.609,0.575,0.559,0.533,0.579,0.551,0.557,0.52,0.541,
1,0.586,0.502,0.506,0.473,0.454,0.497,0.447,0.452,0.463,
1,0.616,0.568,0.537,0.503,0.485,0.499,0.489,0.53,0.54,
1,0.619,0.548,0.526,0.545,0.492,0.495,0.477,0.53,0.518,
1,0.583,0.519,0.49,0.496,0.508,0.488,0.507,0.492,0.496,
1,0.597,0.486,0.522,0.522,0.476,0.504,0.508,0.523,0.492,
1,0.491,0.453,0.455,0.547,0.477,0.505,0.51,0.5,0.5,
1,0.529,0.551,0.505,0.478,0.467,0.5,0.473,0.472,0.466,
1,0.556,0.496,0.503,0.497,0.486,0.49,0.494,0.505,0.508,
1,0.618,0.517,0.509,0.512,0.537,0.528,0.503,0.523,0.492,
1,0.498,0.4,0.408,0.364,0.357,0.363,0.351,0.348,0.354,
1,0.593,0.575,0.531,0.53,0.525,0.547,0.547,0.526,0.525,
1,0.548,0.461,0.431,0.421,0.435,0.408,0.462,0.428,0.401,
1,0.554,0.502,0.492,0.482,0.476,0.478,0.475,0.465,0.482,
1,0.557,0.533,0.526,0.505,0.52,0.503,0.512,0.502,0.484,
1,0.583,0.505,0.496,0.512,0.509,0.523,0.511,0.464,0.517,
1,0.554,0.533,0.501,0.484,0.48,0.534,0.502,0.526,0.482,
1,0.577,0.501,0.465,0.465,0.455,0.468,0.468,0.459,0.483,
1,0.535,0.558,0.493,0.502,0.467,0.488,0.501,0.519,0.515,
1,0.551,0.517,0.503,0.475,0.483,0.458,0.476,0.451,0.456,
1,0.504,0.457,0.423,0.402,0.392,0.406,0.435,0.41,0.439,
1,0.593,0.573,0.546,0.521,0.523,0.518,0.545,0.501,0.546,
1,0.55,0.537,0.491,0.502,0.506,0.494,0.492,0.491,0.486,
1,0.611,0.548,0.525,0.515,0.529,0.562,0.508,0.547,0.541,
1,0.592,0.589,0.537,0.565,0.54,0.536,0.506,0.532,0.536,
1,0.609,0.583,0.563,0.537,0.527,0.522,0.519,0.533,0.545,
1,0.501,0.52,0.491,0.446,0.488,0.438,0.468,0.444,0.456,
1,0.516,0.447,0.484,0.475,0.457,0.46,0.447,0.491,0.49,
1,0.512,0.512,0.491,0.495,0.497,0.499,0.468,0.467,0.484,
1,0.629,0.56,0.553,0.536,0.526,0.539,0.541,0.554,0.529,
1,0.547,0.488,0.479,0.453,0.493,0.437,0.439,0.43,0.433,
1,0.428,0.363,0.367,0.364,0.373,0.356,0.346,0.351,0.358,
1,0.58,0.559,0.54,0.513,0.516,0.521,0.51,0.499,0.499,
1,0.569,0.521,0.495,0.478,0.46,0.422,0.45,0.443,0.479,
1,0.572,0.447,0.438,0.433,0.426,0.441,0.422,0.441,0.404,
1,0.608,0.55,0.51,0.52,0.499,0.492,0.507,0.498,0.517,
1,0.439,0.451,0.405,0.388,0.394,0.413,0.42,0.415,0.41,
1,0.62,0.572,0.538,0.522,0.546,0.518,0.515,0.516,0.556,
1,0.602,0.579,0.524,0.538,0.513,0.518,0.501,0.527,0.501,
1,0.574,0.522,0.541,0.493,0.522,0.491,0.497,0.519,0.515,
1,0.592,0.591,0.548,0.532,0.524,0.546,0.55,0.548,0.525,
1,0.633,0.538,0.54,0.501,0.508,0.534,0.495,0.49,0.499,
1,0.608,0.586,0.536,0.547,0.562,0.531,0.525,0.545,0.545,
1,0.529,0.471,0.459,0.42,0.48,0.502,0.481,0.482,0.436,
1,0.594,0.595,0.541,0.532,0.555,0.506,0.518,0.539,0.516,
1,0.622,0.531,0.548,0.544,0.509,0.52,0.533,0.525,0.494,
1,0.587,0.58,0.516,0.522,0.521,0.532,0.557,0.535,0.5,
1,0.569,0.54,0.488,0.504,0.506,0.513,0.506,0.499,0.52,
1,0.631,0.567,0.574,0.565,0.516,0.515,0.547,0.535,0.557,
1,0.459,0.431,0.381,0.404,0.427,0.431,0.407,0.411,0.386,
1,0.626,0.57,0.576,0.565,0.555,0.545,0.543,0.549,0.553,
1,0.579,0.514,0.551,0.521,0.49,0.515,0.516,0.501,0.536,
1,0.619,0.557,0.536,0.521,0.523,0.502,0.523,0.531,0.528,
1,0.569,0.595,0.54,0.552,0.52,0.559,0.502,0.55,0.521,
1,0.607,0.589,0.555,0.499,0.524,0.543,0.547,0.554,0.53,
1,0.575,0.543,0.482,0.496,0.491,0.465,0.467,0.469,0.489,
1,0.602,0.531,0.533,0.475,0.495,0.501,0.52,0.512,0.504,
1,0.529,0.493,0.496,0.479,0.456,0.462,0.434,0.501,0.487,
1,0.651,0.56,0.535,0.547,0.543,0.538,0.537,0.549,0.54,
1,0.585,0.544,0.529,0.505,0.491,0.472,0.492,0.485,0.495,
1,0.455,0.419,0.39,0.416,0.399,0.385,0.406,0.415,0.446,
1,0.61,0.579,0.561,0.522,0.523,0.511,0.531,0.532,0.504,
1,0.62,0.523,0.532,0.494,0.531,0.523,0.531,0.515,0.502,
1,0.629,0.568,0.563,0.536,0.526,0.525,0.509,0.548,0.541,
1,0.596,0.568,0.542,0.551,0.535,0.543,0.553,0.516,0.527,
1,0.563,0.544,0.513,0.498,0.535,0.523,0.53,0.495,0.544,
1,0.544,0.439,0.422,0.412,0.429,0.454,0.427,0.407,0.394,
1,0.559,0.501,0.499,0.486,0.508,0.503,0.505,0.503,0.498,
1,0.579,0.584,0.534,0.501,0.506,0.517,0.513,0.521,0.502,
1,0.616,0.564,0.544,0.545,0.528,0.524,0.504,0.529,0.485,
1,0.591,0.519,0.521,0.527,0.513,0.5,0.461,0.535,0.48,
1,0.561,0.495,0.477,0.45,0.433,0.487,0.474,0.43,0.477,
1,0.556,0.518,0.48,0.442,0.468,0.436,0.419,0.46,0.45,
1,0.54,0.481,0.52,0.529,0.527,0.491,0.519,0.5,0.491,
1,0.553,0.515,0.487,0.492,0.514,0.487,0.473,0.472,0.498,
1,0.551,0.512,0.503,0.491,0.485,0.481,0.473,0.476,0.463,
1,0.616,0.555,0.514,0.51,0.498,0.511,0.481,0.568,0.546,
1,0.58,0.556,0.502,0.548,0.517,0.532,0.493,0.49,0.509,
1,0.612,0.554,0.55,0.55,0.521,0.519,0.508,0.536,0.554,
1,0.629,0.612,0.557,0.542,0.547,0.554,0.548,0.533,0.52,
1,0.505,0.42,0.417,0.462,0.422,0.434,0.392,0.444,0.418,
1,0.411,0.35,0.345,0.345,0.345,0.345,0.345,0.345,0.345,
1,0.552,0.452,0.445,0.416,0.479,0.455,0.493,0.46,0.462,
1,0.6,0.525,0.547,0.524,0.491,0.534,0.546,0.518,0.541,
1,0.469,0.395,0.389,0.39,0.38,0.368,0.383,0.368,0.512,
1,0.611,0.565,0.508,0.503,0.484,0.504,0.509,0.492,0.489,
1,0.61,0.577,0.531,0.55,0.515,0.528,0.532,0.522,0.546,
1,0.615,0.568,0.549,0.535,0.545,0.537,0.522,0.523,0.534,
1,0.553,0.51,0.511,0.5,0.537,0.544,0.518,0.491,0.505,
1,0.629,0.55,0.53,0.531,0.491,0.476,0.516,0.496,0.494,
1,0.576,0.531,0.481,0.506,0.517,0.483,0.486,0.489,0.497,
1,0.643,0.57,0.544,0.535,0.523,0.542,0.527,0.548,0.548,
1,0.567,0.465,0.466,0.469,0.429,0.442,0.459,0.463,0.452,
1,0.598,0.517,0.537,0.505,0.532,0.514,0.522,0.502,0.52,
1,0.606,0.552,0.542,0.516,0.537,0.529,0.515,0.52,0.534,
1,0.46,0.387,0.383,0.388,0.379,0.383,0.41,0.367,0.351,
1,0.57,0.53,0.527,0.505,0.524,0.526,0.532,0.513,0.504,
1,0.575,0.531,0.488,0.527,0.462,0.51,0.451,0.494,0.465,
1,0.566,0.545,0.518,0.486,0.514,0.464,0.468,0.508,0.479,
1,0.597,0.588,0.551,0.532,0.507,0.512,0.522,0.521,0.563,
1,0.561,0.497,0.515,0.482,0.484,0.475,0.466,0.471,0.493,
1,0.572,0.496,0.473,0.479,0.439,0.452,0.455,0.472,0.45,
1,0.62,0.567,0.556,0.553,0.537,0.531,0.512,0.534,0.526,
1,0.644,0.564,0.559,0.55,0.533,0.547,0.531,0.541,0.535,
1,0.57,0.518,0.502,0.448,0.505,0.491,0.466,0.502,0.509,
1,0.539,0.614,0.508,0.504,0.523,0.501,0.517,0.515,0.507,
1,0.545,0.54,0.524,0.505,0.484,0.515,0.489,0.51,0.481,
1,0.607,0.48,0.482,0.497,0.456,0.505,0.517,0.471,0.464,
1,0.586,0.539,0.502,0.501,0.482,0.484,0.494,0.515,0.509,
1,0.606,0.599,0.568,0.561,0.56,0.538,0.561,0.535,0.538,
1,0.589,0.554,0.542,0.536,0.525,0.518,0.502,0.519,0.502,
1,0.62,0.606,0.565,0.54,0.547,0.537,0.546,0.539,0.515,
1,0.59,0.535,0.493,0.492,0.49,0.453,0.504,0.492,0.454,
1,0.558,0.553,0.525,0.511,0.509,0.484,0.494,0.503,0.508,
1,0.627,0.551,0.52,0.53,0.546,0.521,0.514,0.54,0.518,
1,0.598,0.576,0.542,0.538,0.529,0.551,0.523,0.542,0.523,
1,0.558,0.529,0.51,0.508,0.486,0.506,0.499,0.443,0.523,
1,0.609,0.604,0.549,0.548,0.536,0.527,0.532,0.525,0.517,
1,0.603,0.561,0.532,0.5,0.459,0.504,0.496,0.505,0.516,
1,0.481,0.381,0.353,0.38,0.36,0.357,0.367,0.358,0.368,
1,0.582,0.558,0.513,0.545,0.529,0.546,0.525,0.506,0.512,
1,0.639,0.549,0.554,0.545,0.513,0.494,0.48,0.546,0.488,
1,0.575,0.466,0.527,0.469,0.474,0.475,0.472,0.479,0.462,
1,0.594,0.536,0.535,0.471,0.531,0.473,0.518,0.497,0.51,
1,0.567,0.555,0.514,0.52,0.492,0.481,0.494,0.49,0.482,
1,0.527,0.497,0.503,0.47,0.441,0.447,0.41,0.507,0.464,
1,0.542,0.543,0.479,0.465,0.514,0.505,0.489,0.472,0.478,
1,0.555,0.495,0.458,0.446,0.429,0.51,0.494,0.466,0.469,
1,0.601,0.498,0.497,0.489,0.483,0.531,0.499,0.53,0.492,
1,0.554,0.477,0.476,0.49,0.42,0.45,0.463,0.43,0.438,
1,0.599,0.535,0.495,0.483,0.496,0.486,0.491,0.497,0.492,
1,0.564,0.537,0.478,0.459,0.505,0.484,0.497,0.511,0.469,
1,0.592,0.565,0.546,0.525,0.521,0.509,0.535,0.5,0.517,
1,0.541,0.49,0.503,0.489,0.45,0.429,0.486,0.473,0.466,
1,0.605,0.547,0.538,0.516,0.514,0.525,0.528,0.541,0.526,
1,0.566,0.516,0.513,0.503,0.486,0.506,0.498,0.477,0.488,
1,0.545,0.484,0.459,0.506,0.48,0.477,0.484,0.494,0.473,
1,0.611,0.557,0.536,0.531,0.53,0.548,0.555,0.53,0.558,
1,0.552,0.497,0.448,0.467,0.448,0.52,0.468,0.475,0.501,
1,0.504,0.534,0.52,0.483,0.447,0.52,0.512,0.52,0.49,
1,0.589,0.498,0.463,0.44,0.46,0.497,0.454,0.467,0.478,
1,0.623,0.586,0.547,0.541,0.523,0.544,0.542,0.548,0.519,
1,0.545,0.507,0.518,0.512,0.46,0.487,0.476,0.515,0.492,
1,0.592,0.523,0.499,0.48,0.444,0.5,0.458,0.421,0.448,
1,0.609,0.567,0.533,0.518,0.512,0.491,0.515,0.533,0.529,
1,0.544,0.489,0.473,0.468,0.441,0.502,0.461,0.459,0.46,
1,0.537,0.464,0.436,0.426,0.4,0.435,0.466,0.429,0.412,
1,0.599,0.489,0.514,0.464,0.502,0.472,0.433,0.497,0.527,
1,0.548,0.517,0.534,0.506,0.499,0.48,0.491,0.496,0.492,
1,0.596,0.546,0.536,0.576,0.547,0.554,0.555,0.535,0.532,
1,0.608,0.546,0.528,0.518,0.5,0.539,0.515,0.5,0.506,
1,0.683,0.611,0.613,0.613,0.606,0.585,0.589,0.608,0.583,
1,0.584,0.508,0.506,0.521,0.508,0.526,0.506,0.5,0.471,
1,0.489,0.458,0.444,0.442,0.432,0.414,0.415,0.408,0.46,
1,0.655,0.576,0.575,0.556,0.561,0.546,0.562,0.573,0.55,
1,0.598,0.529,0.527,0.538,0.541,0.485,0.494,0.514,0.52,
1,0.664,0.61,0.576,0.577,0.582,0.619,0.598,0.572,0.58,
1,0.665,0.595,0.577,0.612,0.577,0.593,0.582,0.572,0.579,
1,0.627,0.581,0.528,0.552,0.523,0.543,0.553,0.553,0.539,
1,0.651,0.594,0.604,0.575,0.533,0.522,0.589,0.549,0.578,
1,0.63,0.566,0.56,0.548,0.527,0.535,0.531,0.548,0.547,
1,0.623,0.528,0.552,0.541,0.539,0.515,0.526,0.514,0.539,
1,0.529,0.475,0.452,0.485,0.494,0.467,0.457,0.503,0.513,
1,0.635,0.59,0.536,0.565,0.556,0.561,0.534,0.557,0.54,
1,0.654,0.565,0.566,0.548,0.585,0.536,0.579,0.558,0.563,
1,0.663,0.622,0.597,0.58,0.589,0.597,0.581,0.562,0.576,
1,0.701,0.595,0.609,0.601,0.586,0.597,0.601,0.584,0.583,
1,0.575,0.508,0.501,0.503,0.501,0.502,0.536,0.478,0.494,
1,0.661,0.596,0.622,0.609,0.618,0.594,0.597,0.6,0.604,
1,0.574,0.467,0.447,0.514,0.462,0.469,0.468,0.438,0.471,
1,0.582,0.511,0.505,0.502,0.476,0.492,0.518,0.514,0.481,
1,0.571,0.558,0.505,0.479,0.504,0.519,0.514,0.525,0.528,
1,0.599,0.58,0.498,0.514,0.525,0.503,0.508,0.535,0.494,
1,0.561,0.522,0.544,0.488,0.5,0.502,0.49,0.496,0.487,
1,0.622,0.562,0.559,0.536,0.559,0.532,0.503,0.525,0.514,
1,0.627,0.543,0.528,0.529,0.534,0.511,0.526,0.55,0.523,
1,0.625,0.601,0.576,0.563,0.536,0.533,0.553,0.55,0.553,
1,0.638,0.57,0.546,0.555,0.522,0.524,0.527,0.558,0.522,
1,0.643,0.61,0.622,0.569,0.585,0.581,0.573,0.56,0.589,
1,0.664,0.595,0.561,0.576,0.562,0.582,0.579,0.564,0.561,
1,0.68,0.608,0.566,0.589,0.585,0.576,0.578,0.584,0.558,
1,0.616,0.529,0.493,0.492,0.499,0.492,0.499,0.492,0.534,
1,0.678,0.605,0.593,0.588,0.59,0.587,0.564,0.591,0.601,
1,0.549,0.501,0.509,0.49,0.475,0.46,0.438,0.444,0.416,
1,0.609,0.514,0.479,0.487,0.508,0.533,0.509,0.489,0.5,
1,0.641,0.558,0.574,0.521,0.523,0.514,0.467,0.497,0.533,
1,0.487,0.419,0.412,0.404,0.423,0.379,0.36,0.371,0.357,
1,0.614,0.626,0.569,0.57,0.545,0.548,0.514,0.544,0.557,
1,0.57,0.52,0.514,0.48,0.464,0.468,0.488,0.503,0.48,
1,0.628,0.563,0.537,0.546,0.528,0.542,0.53,0.513,0.526,
1,0.581,0.527,0.51,0.525,0.513,0.488,0.478,0.541,0.481,


1,0.668,0.614,0.505,0.552,0.538,0.538,0.547,0.532,0.55,
1,0.617,0.557,0.537,0.517,0.531,0.583,0.547,0.558,0.555,
1,0.573,0.516,0.519,0.484,0.525,0.517,0.501,0.518,0.493,
1,0.668,0.595,0.589,0.588,0.601,0.598,0.565,0.584,0.566,
1,0.633,0.623,0.612,0.584,0.605,0.595,0.598,0.587,0.582,
1,0.666,0.544,0.574,0.541,0.545,0.56,0.55,0.555,0.525,
1,0.676,0.612,0.588,0.597,0.564,0.559,0.566,0.547,0.612,
1,0.571,0.477,0.46,0.433,0.404,0.396,0.479,0.476,0.458,
1,0.674,0.587,0.608,0.576,0.569,0.565,0.599,0.576,0.573,
1,0.653,0.597,0.586,0.589,0.588,0.575,0.595,0.589,0.561,
1,0.69,0.601,0.564,0.604,0.59,0.588,0.588,0.606,0.596,
1,0.651,0.625,0.568,0.537,0.572,0.583,0.559,0.532,0.567,
1,0.623,0.563,0.594,0.542,0.557,0.551,0.532,0.541,0.566,
1,0.677,0.578,0.584,0.528,0.569,0.543,0.547,0.57,0.555,
1,0.666,0.594,0.544,0.587,0.567,0.565,0.582,0.562,0.565,
1,0.578,0.579,0.542,0.532,0.55,0.563,0.53,0.526,0.502,
1,0.63,0.6,0.557,0.559,0.548,0.548,0.564,0.558,0.539,
1,0.663,0.648,0.606,0.595,0.607,0.595,0.582,0.594,0.596,
1,0.629,0.59,0.562,0.576,0.558,0.552,0.562,0.568,0.547,
1,0.639,0.59,0.571,0.548,0.549,0.554,0.533,0.556,0.535,
1,0.559,0.5,0.477,0.476,0.519,0.497,0.505,0.503,0.503,
1,0.651,0.568,0.54,0.537,0.551,0.553,0.532,0.547,0.53,
1,0.619,0.553,0.553,0.518,0.579,0.555,0.537,0.513,0.535,
1,0.559,0.461,0.497,0.471,0.451,0.458,0.438,0.443,0.426,
1,0.625,0.6,0.554,0.548,0.574,0.559,0.576,0.567,0.56,
1,0.692,0.586,0.56,0.564,0.578,0.553,0.568,0.548,0.574,
1,0.657,0.617,0.568,0.585,0.562,0.577,0.589,0.549,0.548,
1,0.627,0.56,0.534,0.522,0.543,0.524,0.546,0.525,0.528,
1,0.657,0.596,0.565,0.556,0.55,0.54,0.54,0.52,0.528,
1,0.649,0.589,0.574,0.56,0.545,0.56,0.573,0.572,0.553,
1,0.657,0.612,0.559,0.567,0.579,0.572,0.567,0.565,0.577,
1,0.668,0.604,0.587,0.584,0.569,0.569,0.548,0.53,0.607,
1,0.665,0.579,0.593,0.564,0.572,0.575,0.568,0.573,0.58,
1,0.63,0.571,0.565,0.574,0.551,0.565,0.545,0.544,0.58,
1,0.611,0.548,0.485,0.534,0.536,0.54,0.529,0.562,0.558,
1,0.637,0.595,0.586,0.554,0.543,0.555,0.542,0.52,0.588,
1,0.654,0.607,0.553,0.571,0.567,0.557,0.578,0.538,0.571,
1,0.616,0.556,0.503,0.517,0.566,0.523,0.535,0.522,0.54,
1,0.673,0.572,0.586,0.577,0.581,0.579,0.589,0.612,0.602,
1,0.598,0.569,0.571,0.542,0.566,0.527,0.557,0.506,0.558,
1,0.654,0.581,0.576,0.567,0.538,0.581,0.566,0.583,0.546,
1,0.623,0.602,0.589,0.58,0.535,0.571,0.563,0.543,0.547,
1,0.634,0.61,0.597,0.573,0.554,0.561,0.614,0.584,0.568,
1,0.581,0.542,0.566,0.572,0.531,0.518,0.526,0.515,0.484,
1,0.548,0.445,0.452,0.44,0.44,0.462,0.486,0.465,0.48,
1,0.651,0.577,0.574,0.576,0.569,0.553,0.581,0.588,0.589,
1,0.509,0.451,0.448,0.43,0.44,0.406,0.394,0.408,0.442,
1,0.672,0.604,0.599,0.585,0.591,0.577,0.592,0.573,0.577,
1,0.639,0.59,0.562,0.557,0.56,0.561,0.563,0.574,0.582,
1,0.613,0.553,0.559,0.524,0.535,0.533,0.525,0.488,0.53,
1,0.648,0.576,0.588,0.567,0.555,0.55,0.569,0.561,0.559,
1,0.61,0.585,0.561,0.506,0.536,0.554,0.589,0.536,0.543,
1,0.705,0.632,0.609,0.616,0.624,0.619,0.596,0.61,0.607,
1,0.636,0.562,0.584,0.561,0.552,0.548,0.542,0.545,0.544,
1,0.654,0.546,0.543,0.537,0.517,0.531,0.544,0.528,0.554,
1,0.633,0.609,0.553,0.579,0.554,0.545,0.585,0.541,0.538,
1,0.648,0.584,0.54,0.568,0.572,0.524,0.529,0.564,0.554,
1,0.658,0.59,0.554,0.585,0.528,0.557,0.58,0.559,0.58,
1,0.643,0.61,0.585,0.555,0.561,0.548,0.545,0.534,0.579,
1,0.628,0.611,0.562,0.569,0.543,0.527,0.525,0.57,0.55,
1,0.649,0.633,0.583,0.568,0.593,0.582,0.577,0.578,0.576,
1,0.501,0.473,0.495,0.453,0.461,0.455,0.429,0.506,0.487,
1,0.624,0.568,0.571,0.552,0.522,0.532,0.496,0.505,0.506,
1,0.609,0.57,0.513,0.541,0.527,0.512,0.52,0.523,0.528,
1,0.577,0.534,0.486,0.5,0.509,0.474,0.462,0.461,0.495,
1,0.613,0.574,0.544,0.556,0.527,0.551,0.531,0.541,0.543,
1,0.694,0.616,0.596,0.587,0.588,0.576,0.592,0.618,0.582,
1,0.596,0.599,0.55,0.545,0.534,0.571,0.541,0.562,0.555,
1,0.609,0.556,0.547,0.478,0.494,0.484,0.531,0.55,0.492,
1,0.69,0.605,0.576,0.588,0.575,0.505,0.559,0.578,0.584,
1,0.639,0.575,0.534,0.499,0.539,0.532,0.559,0.498,0.562,
1,0.656,0.611,0.595,0.566,0.572,0.59,0.604,0.582,0.585,
1,0.664,0.618,0.579,0.554,0.554,0.561,0.56,0.542,0.557,
1,0.551,0.5,0.477,0.451,0.448,0.471,0.458,0.494,0.469,
1,0.649,0.595,0.563,0.562,0.539,0.563,0.529,0.544,0.545,
1,0.588,0.545,0.511,0.54,0.534,0.493,0.46,0.493,0.487,
1,0.637,0.566,0.54,0.519,0.572,0.523,0.529,0.563,0.554,
1,0.603,0.568,0.534,0.55,0.532,0.555,0.526,0.532,0.546,
1,0.64,0.575,0.547,0.566,0.543,0.531,0.509,0.524,0.541,
1,0.715,0.608,0.578,0.578,0.57,0.536,0.526,0.529,0.531,
1,0.552,0.523,0.506,0.515,0.488,0.494,0.495,0.499,0.473,
1,0.667,0.61,0.625,0.611,0.584,0.578,0.597,0.593,0.595,
1,0.656,0.594,0.555,0.587,0.61,0.574,0.587,0.584,0.543,
1,0.646,0.616,0.566,0.566,0.553,0.582,0.569,0.59,0.559,
1,0.605,0.528,0.529,0.551,0.511,0.52,0.532,0.536,0.521,
1,0.638,0.547,0.523,0.517,0.541,0.556,0.574,0.554,0.528,
1,0.623,0.541,0.547,0.529,0.536,0.524,0.555,0.534,0.526,
1,0.657,0.566,0.545,0.545,0.57,0.56,0.543,0.522,0.546,
1,0.613,0.575,0.512,0.51,0.549,0.523,0.508,0.54,0.551,
1,0.647,0.603,0.57,0.561,0.526,0.552,0.524,0.568,0.527,
1,0.663,0.606,0.613,0.573,0.611,0.566,0.621,0.597,0.598,
1,0.671,0.604,0.581,0.566,0.612,0.575,0.584,0.574,0.586,
1,0.652,0.602,0.593,0.584,0.588,0.608,0.572,0.582,0.595,
1,0.676,0.629,0.614,0.597,0.577,0.593,0.581,0.585,0.595,
1,0.667,0.565,0.538,0.525,0.548,0.543,0.598,0.557,0.568,
1,0.612,0.586,0.544,0.553,0.578,0.545,0.535,0.545,0.541,
1,0.617,0.575,0.566,0.552,0.564,0.546,0.551,0.558,0.553,
1,0.663,0.612,0.567,0.599,0.553,0.563,0.573,0.58,0.559,
1,0.594,0.508,0.523,0.53,0.519,0.499,0.495,0.508,0.518,
1,0.669,0.596,0.604,0.588,0.617,0.599,0.568,0.607,0.583,
1,0.659,0.576,0.557,0.521,0.557,0.552,0.566,0.567,0.554,
1,0.66,0.577,0.542,0.561,0.548,0.55,0.527,0.528,0.555,
1,0.676,0.618,0.584,0.547,0.548,0.57,0.593,0.547,0.57,
1,0.666,0.612,0.595,0.601,0.582,0.593,0.571,0.598,0.579,
1,0.634,0.608,0.547,0.531,0.499,0.489,0.503,0.54,0.526,
1,0.575,0.489,0.484,0.459,0.506,0.491,0.479,0.475,0.479,
1,0.685,0.619,0.593,0.563,0.551,0.557,0.567,0.586,0.555,
1,0.657,0.613,0.617,0.576,0.595,0.591,0.582,0.624,0.61,
1,0.651,0.561,0.568,0.57,0.581,0.556,0.617,0.592,0.593,
1,0.596,0.52,0.529,0.521,0.555,0.503,0.519,0.478,0.532,
1,0.655,0.59,0.591,0.557,0.558,0.582,0.554,0.598,0.572,
1,0.659,0.547,0.566,0.524,0.561,0.547,0.546,0.551,0.55,
1,0.675,0.618,0.586,0.587,0.558,0.581,0.582,0.551,0.575,
1,0.667,0.597,0.585,0.561,0.556,0.59,0.562,0.578,0.562,
1,0.671,0.626,0.593,0.589,0.609,0.586,0.588,0.576,0.557,
1,0.643,0.559,0.589,0.541,0.527,0.54,0.537,0.522,0.546,
1,0.622,0.62,0.568,0.567,0.558,0.538,0.53,0.559,0.583,
1,0.672,0.608,0.608,0.617,0.593,0.585,0.6,0.598,0.58,
1,0.611,0.565,0.548,0.567,0.529,0.574,0.579,0.557,0.546,
1,0.667,0.588,0.574,0.56,0.542,0.574,0.56,0.554,0.544,
1,0.679,0.617,0.603,0.584,0.572,0.581,0.567,0.592,0.587,
1,0.6,0.545,0.543,0.519,0.52,0.549,0.523,0.521,0.507,
1,0.672,0.6,0.58,0.573,0.592,0.593,0.586,0.618,0.601,
1,0.646,0.55,0.56,0.548,0.566,0.555,0.523,0.521,0.559,
1,0.669,0.605,0.552,0.522,0.474,0.466,0.51,0.502,0.562,
1,0.667,0.589,0.582,0.57,0.571,0.575,0.55,0.61,0.592,
1,0.488,0.433,0.529,0.441,0.472,0.478,0.461,0.466,0.454,
1,0.667,0.614,0.57,0.556,0.552,0.566,0.582,0.561,0.556,
1,0.529,0.478,0.482,0.472,0.491,0.463,0.442,0.467,0.48,
1,0.674,0.622,0.583,0.578,0.57,0.581,0.59,0.575,0.586,
1,0.651,0.586,0.602,0.566,0.575,0.563,0.579,0.595,0.57,
1,0.68,0.605,0.581,0.598,0.593,0.597,0.586,0.599,0.578,
1,0.647,0.609,0.574,0.577,0.584,0.582,0.577,0.568,0.561,
1,0.665,0.577,0.551,0.559,0.513,0.557,0.55,0.525,0.557,
1,0.68,0.591,0.559,0.561,0.55,0.509,0.557,0.559,0.552,
1,0.667,0.571,0.56,0.579,0.593,0.572,0.579,0.567,0.559,
1,0.642,0.603,0.573,0.556,0.569,0.563,0.571,0.548,0.564,
1,0.648,0.542,0.608,0.581,0.563,0.59,0.552,0.599,0.564,
1,0.658,0.59,0.59,0.585,0.584,0.588,0.561,0.562,0.586,
1,0.687,0.589,0.552,0.584,0.597,0.573,0.584,0.596,0.578,
1,0.669,0.619,0.583,0.608,0.579,0.563,0.57,0.563,0.591,
1,0.648,0.563,0.594,0.585,0.568,0.595,0.548,0.579,0.542,
1,0.637,0.623,0.597,0.554,0.59,0.596,0.605,0.575,0.596,
1,0.671,0.591,0.582,0.536,0.568,0.574,0.554,0.575,0.543,
1,0.638,0.59,0.618,0.577,0.617,0.602,0.599,0.591,0.587,
1,0.682,0.595,0.62,0.604,0.583,0.61,0.575,0.616,0.593,
1,0.685,0.608,0.589,0.587,0.569,0.585,0.574,0.563,0.577,
1,0.666,0.603,0.601,0.6,0.545,0.575,0.581,0.58,0.593,
1,0.581,0.504,0.503,0.537,0.486,0.489,0.51,0.518,0.489,
1,0.673,0.58,0.598,0.592,0.592,0.587,0.604,0.609,0.555,
1,0.48,0.418,0.414,0.392,0.394,0.399,0.411,0.397,0.416,
1,0.663,0.608,0.578,0.579,0.573,0.583,0.583,0.588,0.585,
1,0.661,0.618,0.598,0.581,0.607,0.598,0.582,0.593,0.584,
1,0.659,0.583,0.547,0.542,0.546,0.537,0.538,0.567,0.555,
1,0.616,0.555,0.559,0.556,0.54,0.571,0.565,0.561,0.52,
1,0.678,0.594,0.59,0.586,0.587,0.578,0.565,0.575,0.604,
1,0.689,0.609,0.585,0.61,0.618,0.601,0.58,0.596,0.615,
1,0.537,0.527,0.518,0.484,0.528,0.501,0.501,0.478,0.492,
1,0.648,0.569,0.529,0.52,0.555,0.565,0.538,0.509,0.614,
1,0.643,0.551,0.562,0.51,0.492,0.562,0.517,0.559,0.549,
1,0.661,0.632,0.607,0.593,0.604,0.587,0.588,0.58,0.589,
1,0.642,0.588,0.575,0.567,0.577,0.551,0.539,0.558,0.533,
1,0.675,0.6,0.602,0.599,0.595,0.581,0.593,0.608,0.581,
1,0.56,0.516,0.536,0.535,0.525,0.548,0.521,0.548,0.506,
1,0.692,0.595,0.587,0.613,0.579,0.593,0.584,0.586,0.615,
1,0.655,0.623,0.576,0.566,0.584,0.579,0.575,0.593,0.568,
1,0.673,0.633,0.608,0.6,0.594,0.602,0.582,0.614,0.587,
1,0.663,0.6,0.577,0.579,0.572,0.591,0.57,0.58,0.582,
1,0.677,0.624,0.613,0.581,0.564,0.612,0.564,0.596,0.6,
1,0.625,0.556,0.558,0.534,0.529,0.55,0.548,0.531,0.529,
1,0.67,0.591,0.574,0.557,0.582,0.583,0.583,0.58,0.552,
1,0.635,0.58,0.548,0.537,0.556,0.561,0.533,0.572,0.523,
1,0.603,0.562,0.523,0.529,0.525,0.53,0.52,0.484,0.495,
1,0.679,0.612,0.592,0.593,0.595,0.573,0.592,0.561,0.607,
1,0.546,0.515,0.482,0.45,0.424,0.406,0.388,0.409,0.388,
1,0.594,0.536,0.499,0.5,0.527,0.472,0.49,0.459,0.516,
1,0.589,0.557,0.549,0.566,0.546,0.538,0.542,0.571,0.542,
1,0.658,0.613,0.555,0.573,0.585,0.58,0.562,0.56,0.556,
1,0.613,0.535,0.541,0.507,0.571,0.554,0.589,0.555,0.567,
1,0.622,0.548,0.559,0.558,0.544,0.538,0.526,0.553,0.528,
1,0.655,0.591,0.573,0.587,0.588,0.568,0.526,0.596,0.584,
1,0.627,0.564,0.54,0.554,0.527,0.504,0.547,0.536,0.533,
1,0.648,0.581,0.512,0.547,0.541,0.574,0.578,0.591,0.551,
1,0.653,0.607,0.544,0.569,0.562,0.564,0.552,0.558,0.551,
1,0.638,0.601,0.588,0.593,0.554,0.548,0.546,0.578,0.569,
1,0.591,0.572,0.512,0.509,0.462,0.507,0.508,0.503,0.499,
1,0.714,0.592,0.595,0.56,0.546,0.585,0.581,0.562,0.568,
1,0.641,0.532,0.55,0.548,0.569,0.571,0.564,0.569,0.602,
1,0.671,0.571,0.562,0.564,0.58,0.577,0.572,0.548,0.555,
1,0.478,0.38,0.41,0.351,0.347,0.347,0.347,0.347,0.347,
1,0.636,0.581,0.591,0.578,0.56,0.543,0.554,0.561,0.532,
1,0.658,0.598,0.574,0.556,0.54,0.554,0.569,0.566,0.547,
1,0.581,0.517,0.531,0.51,0.506,0.537,0.494,0.495,0.5,
1,0.622,0.598,0.542,0.491,0.461,0.497,0.462,0.473,0.46,
1,0.647,0.588,0.575,0.558,0.547,0.567,0.582,0.561,0.577,
1,0.602,0.564,0.552,0.545,0.535,0.517,0.557,0.531,0.533,
1,0.624,0.552,0.5,0.525,0.524,0.556,0.534,0.525,0.566,
1,0.672,0.57,0.551,0.603,0.575,0.555,0.57,0.587,0.591,
1,0.655,0.591,0.555,0.576,0.554,0.554,0.566,0.573,0.541,
1,0.633,0.58,0.549,0.556,0.555,0.542,0.512,0.53,0.53,
1,0.643,0.58,0.536,0.533,0.535,0.52,0.541,0.54,0.538,
1,0.628,0.601,0.57,0.55,0.576,0.575,0.556,0.513,0.537,
1,0.636,0.615,0.581,0.584,0.581,0.593,0.57,0.587,0.559,
1,0.66,0.604,0.547,0.575,0.588,0.547,0.564,0.541,0.547,
1,0.67,0.61,0.596,0.59,0.567,0.566,0.57,0.547,0.589,
1,0.635,0.541,0.554,0.554,0.574,0.55,0.539,0.559,0.552,
1,0.637,0.557,0.505,0.487,0.504,0.496,0.515,0.528,0.512,
1,0.607,0.574,0.573,0.573,0.526,0.542,0.563,0.559,0.578,
1,0.583,0.526,0.503,0.487,0.504,0.495,0.504,0.514,0.51,
1,0.639,0.577,0.565,0.545,0.598,0.554,0.565,0.551,0.565,
1,0.677,0.592,0.634,0.608,0.583,0.588,0.591,0.603,0.589,
1,0.625,0.627,0.585,0.611,0.576,0.603,0.609,0.599,0.617,
1,0.622,0.566,0.547,0.522,0.573,0.533,0.528,0.575,0.565,
1,0.669,0.609,0.6,0.581,0.588,0.577,0.587,0.585,0.589,
1,0.645,0.574,0.57,0.521,0.533,0.567,0.528,0.542,0.561,
1,0.432,0.36,0.354,0.354,0.354,0.354,0.354,0.354,0.354,
1,0.678,0.615,0.61,0.598,0.556,0.576,0.581,0.563,0.539,
1,0.628,0.572,0.514,0.508,0.512,0.52,0.518,0.519,0.528,
1,0.645,0.603,0.558,0.536,0.555,0.551,0.551,0.529,0.557,
1,0.667,0.602,0.58,0.568,0.564,0.591,0.566,0.569,0.584,
1,0.648,0.588,0.588,0.61,0.576,0.571,0.581,0.582,0.601,
1,0.66,0.617,0.566,0.593,0.554,0.591,0.593,0.572,0.579,
1,0.553,0.504,0.487,0.493,0.506,0.492,0.488,0.514,0.509,
1,0.65,0.573,0.575,0.551,0.557,0.559,0.566,0.558,0.56,
1,0.675,0.59,0.586,0.592,0.6,0.58,0.592,0.571,0.596,
1,0.671,0.539,0.568,0.578,0.599,0.568,0.548,0.555,0.552,
1,0.674,0.552,0.535,0.593,0.568,0.554,0.549,0.585,0.563,
1,0.607,0.537,0.55,0.518,0.55,0.544,0.556,0.529,0.559,
1,0.635,0.58,0.599,0.566,0.559,0.569,0.58,0.56,0.571,
1,0.65,0.624,0.639,0.628,0.602,0.611,0.628,0.59,0.624,
1,0.633,0.584,0.585,0.572,0.576,0.568,0.55,0.532,0.577,
1,0.667,0.568,0.575,0.58,0.571,0.56,0.584,0.589,0.576,
1,0.655,0.581,0.58,0.566,0.55,0.534,0.55,0.577,0.565,
1,0.638,0.607,0.586,0.555,0.573,0.556,0.537,0.571,0.568,
1,0.627,0.576,0.541,0.533,0.558,0.556,0.544,0.535,0.525,
1,0.65,0.592,0.548,0.573,0.587,0.571,0.559,0.585,0.594,
1,0.661,0.592,0.587,0.574,0.557,0.553,0.569,0.558,0.555,
1,0.659,0.596,0.558,0.577,0.583,0.566,0.56,0.569,0.554,
1,0.65,0.568,0.589,0.552,0.547,0.541,0.579,0.539,0.582,
1,0.539,0.456,0.43,0.404,0.408,0.423,0.398,0.447,0.437,
1,0.652,0.583,0.554,0.56,0.551,0.543,0.532,0.549,0.549,
1,0.616,0.529,0.585,0.55,0.563,0.576,0.552,0.526,0.537,
1,0.634,0.575,0.577,0.517,0.557,0.534,0.513,0.523,0.533,
1,0.579,0.552,0.522,0.492,0.521,0.517,0.495,0.519,0.493,
1,0.645,0.591,0.562,0.575,0.565,0.513,0.52,0.514,0.563,
1,0.652,0.623,0.59,0.577,0.605,0.588,0.573,0.603,0.585,
1,0.66,0.592,0.553,0.545,0.561,0.562,0.573,0.548,0.543,
1,0.649,0.568,0.564,0.571,0.565,0.559,0.525,0.543,0.512,
1,0.663,0.574,0.596,0.574,0.54,0.584,0.552,0.59,0.592,
1,0.677,0.619,0.595,0.585,0.623,0.589,0.606,0.562,0.615,
1,0.65,0.551,0.581,0.564,0.536,0.586,0.586,0.567,0.54,
1,0.545,0.478,0.466,0.459,0.45,0.453,0.438,0.441,0.433,
1,0.631,0.522,0.505,0.503,0.469,0.466,0.497,0.504,0.476,
1,0.647,0.602,0.561,0.549,0.556,0.562,0.573,0.583,0.563,
1,0.434,0.386,0.4,0.406,0.431,0.413,0.384,0.38,0.375,
1,0.653,0.581,0.536,0.539,0.53,0.531,0.526,0.521,0.557,
1,0.57,0.436,0.501,0.478,0.452,0.438,0.481,0.445,0.476,
1,0.629,0.59,0.526,0.593,0.577,0.541,0.527,0.534,0.556,
1,0.671,0.589,0.546,0.531,0.537,0.504,0.565,0.571,0.54,
1,0.685,0.579,0.626,0.588,0.574,0.617,0.582,0.604,0.593,
1,0.605,0.533,0.539,0.549,0.491,0.495,0.495,0.461,0.551,
1,0.631,0.526,0.564,0.506,0.511,0.563,0.569,0.497,0.529,
1,0.659,0.591,0.568,0.553,0.569,0.562,0.567,0.566,0.582,
1,0.597,0.575,0.531,0.532,0.59,0.58,0.552,0.527,0.583,
1,0.677,0.633,0.598,0.607,0.581,0.572,0.576,0.595,0.576,
1,0.64,0.582,0.552,0.505,0.528,0.555,0.57,0.547,0.559,
1,0.666,0.607,0.557,0.582,0.599,0.57,0.599,0.563,0.601,
1,0.622,0.565,0.524,0.535,0.538,0.559,0.567,0.528,0.516,
1,0.584,0.537,0.541,0.536,0.55,0.547,0.551,0.522,0.528,
1,0.621,0.547,0.531,0.524,0.523,0.523,0.516,0.521,0.485,
1,0.535,0.45,0.412,0.395,0.393,0.403,0.398,0.39,0.416,
1,0.561,0.567,0.512,0.502,0.513,0.491,0.525,0.523,0.51,
1,0.59,0.578,0.56,0.503,0.518,0.534,0.527,0.52,0.512,
1,0.639,0.601,0.557,0.55,0.54,0.584,0.529,0.545,0.553,
1,0.609,0.593,0.535,0.528,0.536,0.526,0.559,0.524,0.521,
1,0.598,0.552,0.525,0.542,0.526,0.549,0.526,0.515,0.53,
1,0.523,0.466,0.48,0.501,0.453,0.439,0.45,0.442,0.507,
1,0.582,0.525,0.536,0.501,0.519,0.527,0.506,0.525,0.508,
1,0.6,0.502,0.462,0.515,0.449,0.493,0.457,0.442,0.512,
1,0.526,0.451,0.451,0.466,0.468,0.482,0.465,0.45,0.468,
1,0.618,0.579,0.55,0.56,0.506,0.552,0.53,0.531,0.528,
1,0.63,0.561,0.54,0.518,0.489,0.529,0.534,0.542,0.529,
1,0.599,0.547,0.532,0.498,0.52,0.514,0.536,0.496,0.503,
1,0.648,0.565,0.534,0.563,0.501,0.52,0.549,0.536,0.544,
1,0.583,0.559,0.525,0.541,0.493,0.507,0.508,0.502,0.526,
1,0.586,0.544,0.536,0.526,0.531,0.488,0.516,0.488,0.512,
1,0.59,0.489,0.499,0.481,0.521,0.521,0.495,0.517,0.515,
1,0.587,0.503,0.55,0.49,0.526,0.507,0.501,0.512,0.543,
1,0.611,0.51,0.512,0.505,0.514,0.514,0.512,0.49,0.506,
1,0.574,0.527,0.516,0.508,0.465,0.532,0.493,0.504,0.526,
1,0.523,0.529,0.486,0.518,0.503,0.504,0.482,0.457,0.485,
1,0.542,0.516,0.501,0.489,0.506,0.5,0.492,0.486,0.501,
1,0.59,0.515,0.528,0.499,0.464,0.515,0.543,0.536,0.51,
1,0.553,0.526,0.513,0.509,0.494,0.489,0.516,0.48,0.463,
1,0.559,0.524,0.556,0.53,0.523,0.538,0.5,0.541,0.503,
1,0.627,0.528,0.555,0.526,0.524,0.505,0.526,0.526,0.505,
1,0.497,0.536,0.487,0.493,0.496,0.486,0.476,0.475,0.468,
1,0.611,0.533,0.538,0.511,0.513,0.542,0.517,0.526,0.523,
1,0.594,0.537,0.532,0.524,0.51,0.491,0.511,0.498,0.549,
1,0.566,0.507,0.516,0.489,0.454,0.478,0.518,0.482,0.472,
1,0.558,0.504,0.532,0.489,0.493,0.519,0.48,0.486,0.499,
1,0.592,0.518,0.517,0.526,0.536,0.505,0.53,0.513,0.516,
1,0.623,0.514,0.492,0.49,0.502,0.517,0.506,0.476,0.506,
1,0.469,0.453,0.394,0.41,0.42,0.427,0.43,0.411,0.385,
1,0.605,0.547,0.473,0.5,0.495,0.503,0.491,0.489,0.48,
1,0.627,0.591,0.557,0.528,0.54,0.546,0.527,0.512,0.544,
1,0.593,0.571,0.499,0.517,0.477,0.51,0.532,0.517,0.52,
1,0.622,0.603,0.537,0.536,0.522,0.526,0.514,0.52,0.525,
1,0.559,0.529,0.491,0.529,0.517,0.533,0.473,0.513,0.487,
1,0.609,0.577,0.548,0.549,0.549,0.558,0.542,0.56,0.564,
1,0.586,0.502,0.506,0.473,0.454,0.497,0.447,0.452,0.463,
1,0.616,0.578,0.534,0.547,0.515,0.514,0.51,0.519,0.536,
1,0.619,0.551,0.511,0.5,0.52,0.528,0.507,0.527,0.537,
1,0.583,0.519,0.49,0.49,0.52,0.496,0.505,0.491,0.531,
1,0.597,0.486,0.523,0.499,0.495,0.5,0.444,0.5,0.525,
1,0.491,0.453,0.455,0.547,0.477,0.507,0.501,0.522,0.49,
1,0.528,0.522,0.502,0.451,0.473,0.453,0.411,0.446,0.512,
1,0.556,0.496,0.503,0.497,0.486,0.49,0.494,0.505,0.508,
1,0.621,0.555,0.543,0.545,0.509,0.537,0.505,0.487,0.489,
1,0.498,0.388,0.389,0.352,0.364,0.356,0.355,0.355,0.355,
1,0.622,0.547,0.558,0.525,0.547,0.539,0.535,0.532,0.501,
1,0.537,0.483,0.434,0.428,0.453,0.461,0.431,0.414,0.448,
1,0.554,0.505,0.492,0.494,0.476,0.456,0.467,0.467,0.465,
1,0.557,0.533,0.524,0.486,0.529,0.498,0.492,0.505,0.505,
1,0.583,0.504,0.514,0.49,0.464,0.469,0.463,0.48,0.474,
1,0.546,0.511,0.49,0.471,0.488,0.47,0.536,0.476,0.469,
1,0.577,0.501,0.465,0.465,0.455,0.468,0.468,0.459,0.483,
1,0.535,0.558,0.493,0.493,0.479,0.484,0.441,0.42,0.456,
1,0.548,0.504,0.503,0.469,0.461,0.468,0.488,0.471,0.471,
1,0.504,0.457,0.423,0.402,0.389,0.408,0.429,0.419,0.396,
1,0.591,0.598,0.527,0.494,0.533,0.528,0.538,0.509,0.535,
1,0.55,0.537,0.487,0.461,0.49,0.444,0.491,0.471,0.49,
1,0.611,0.542,0.551,0.533,0.529,0.507,0.537,0.54,0.509,
1,0.592,0.589,0.531,0.518,0.524,0.532,0.526,0.538,0.535,
1,0.61,0.574,0.571,0.526,0.528,0.536,0.523,0.524,0.538,
1,0.501,0.52,0.476,0.431,0.427,0.483,0.441,0.465,0.434,
1,0.516,0.451,0.466,0.47,0.479,0.48,0.466,0.472,0.534,
1,0.512,0.516,0.49,0.473,0.478,0.469,0.474,0.469,0.489,
1,0.629,0.577,0.549,0.514,0.491,0.543,0.547,0.531,0.542,
1,0.534,0.482,0.485,0.451,0.435,0.439,0.451,0.408,0.441,
1,0.428,0.363,0.348,0.35,0.369,0.356,0.345,0.351,0.379,
1,0.58,0.556,0.52,0.504,0.508,0.519,0.507,0.513,0.494,
1,0.57,0.491,0.512,0.481,0.453,0.434,0.435,0.458,0.487,
1,0.572,0.447,0.438,0.433,0.426,0.441,0.422,0.441,0.404,
1,0.608,0.517,0.502,0.522,0.513,0.493,0.501,0.488,0.518,
1,0.439,0.466,0.408,0.367,0.344,0.342,0.342,0.342,0.342,
1,0.62,0.572,0.538,0.509,0.538,0.51,0.541,0.524,0.533,
1,0.602,0.579,0.524,0.538,0.513,0.52,0.511,0.499,0.546,
1,0.574,0.522,0.541,0.493,0.522,0.491,0.482,0.508,0.505,
1,0.592,0.581,0.526,0.548,0.511,0.539,0.544,0.529,0.559,
1,0.633,0.538,0.54,0.505,0.502,0.488,0.514,0.508,0.507,
1,0.608,0.586,0.536,0.547,0.562,0.531,0.525,0.545,0.545,
1,0.527,0.468,0.448,0.44,0.461,0.458,0.452,0.459,0.474,
1,0.594,0.595,0.541,0.54,0.547,0.533,0.555,0.54,0.551,
1,0.622,0.521,0.545,0.533,0.533,0.521,0.517,0.54,0.547,
1,0.587,0.543,0.487,0.558,0.522,0.518,0.509,0.513,0.517,
1,0.569,0.54,0.489,0.502,0.5,0.486,0.479,0.507,0.48,
1,0.631,0.548,0.549,0.533,0.532,0.537,0.552,0.558,0.532,
1,0.459,0.433,0.391,0.38,0.371,0.374,0.405,0.388,0.408,
1,0.626,0.57,0.571,0.57,0.555,0.564,0.546,0.551,0.55,
1,0.579,0.529,0.494,0.525,0.517,0.52,0.529,0.493,0.511,
1,0.616,0.549,0.539,0.525,0.503,0.533,0.53,0.516,0.546,
1,0.57,0.578,0.538,0.531,0.532,0.541,0.514,0.482,0.529,
1,0.604,0.597,0.553,0.555,0.524,0.545,0.546,0.549,0.554,
1,0.575,0.543,0.482,0.496,0.491,0.453,0.494,0.471,0.486,
1,0.615,0.531,0.527,0.502,0.542,0.501,0.505,0.5,0.523,
1,0.529,0.493,0.496,0.479,0.456,0.462,0.434,0.504,0.464,
1,0.651,0.56,0.535,0.558,0.525,0.502,0.488,0.544,0.537,
1,0.582,0.54,0.516,0.5,0.51,0.475,0.473,0.48,0.478,
1,0.455,0.419,0.39,0.416,0.399,0.385,0.39,0.427,0.413,
1,0.565,0.544,0.534,0.517,0.515,0.542,0.527,0.526,0.521,
1,0.62,0.523,0.532,0.494,0.531,0.53,0.509,0.521,0.521,
1,0.629,0.568,0.563,0.536,0.525,0.504,0.52,0.519,0.546,
1,0.588,0.595,0.538,0.527,0.528,0.486,0.508,0.546,0.545,
1,0.563,0.544,0.513,0.498,0.535,0.523,0.53,0.493,0.518,
1,0.544,0.439,0.422,0.412,0.429,0.454,0.427,0.407,0.409,
1,0.559,0.501,0.499,0.486,0.518,0.477,0.458,0.487,0.475,
1,0.579,0.584,0.494,0.508,0.506,0.488,0.537,0.492,0.512,
1,0.616,0.574,0.554,0.54,0.559,0.547,0.53,0.527,0.504,
1,0.591,0.519,0.521,0.527,0.513,0.5,0.461,0.516,0.508,
1,0.561,0.495,0.477,0.45,0.433,0.487,0.474,0.43,0.477,
1,0.556,0.518,0.479,0.456,0.427,0.452,0.441,0.474,0.433,
1,0.54,0.481,0.506,0.511,0.516,0.498,0.504,0.5,0.515,
1,0.553,0.518,0.506,0.48,0.501,0.501,0.494,0.498,0.461,
1,0.551,0.512,0.503,0.491,0.476,0.47,0.473,0.464,0.462,
1,0.632,0.588,0.536,0.531,0.539,0.53,0.543,0.517,0.495,
1,0.58,0.556,0.502,0.543,0.537,0.498,0.504,0.531,0.502,
1,0.612,0.554,0.55,0.55,0.527,0.522,0.518,0.52,0.525,
1,0.629,0.612,0.557,0.542,0.558,0.532,0.563,0.544,0.548,
1,0.505,0.42,0.417,0.462,0.422,0.434,0.392,0.444,0.418,
1,0.411,0.35,0.345,0.345,0.345,0.345,0.345,0.345,0.345,
1,0.552,0.452,0.445,0.416,0.479,0.455,0.493,0.46,0.462,
1,0.597,0.518,0.524,0.521,0.537,0.551,0.526,0.488,0.541,
1,0.469,0.395,0.389,0.39,0.38,0.368,0.383,0.368,0.486,
1,0.611,0.565,0.508,0.503,0.477,0.508,0.498,0.483,0.497,
1,0.657,0.591,0.541,0.527,0.533,0.523,0.506,0.515,0.535,
1,0.615,0.574,0.535,0.546,0.513,0.545,0.534,0.538,0.519,
1,0.549,0.571,0.515,0.503,0.501,0.479,0.508,0.507,0.506,
1,0.629,0.55,0.53,0.531,0.491,0.476,0.516,0.496,0.494,
1,0.552,0.543,0.502,0.481,0.5,0.497,0.526,0.495,0.503,
1,0.643,0.563,0.525,0.535,0.531,0.536,0.508,0.541,0.519,
1,0.567,0.465,0.466,0.469,0.429,0.442,0.461,0.442,0.487,
1,0.598,0.517,0.537,0.504,0.523,0.524,0.527,0.521,0.498,
1,0.614,0.562,0.531,0.52,0.543,0.547,0.535,0.518,0.533,
1,0.454,0.38,0.366,0.376,0.37,0.379,0.423,0.408,0.398,
1,0.596,0.538,0.513,0.495,0.495,0.513,0.509,0.521,0.525,
1,0.575,0.531,0.488,0.527,0.462,0.51,0.451,0.494,0.465,
1,0.566,0.545,0.518,0.486,0.514,0.464,0.468,0.508,0.479,
1,0.597,0.584,0.536,0.521,0.52,0.529,0.519,0.514,0.523,
1,0.561,0.497,0.465,0.452,0.491,0.492,0.436,0.448,0.468,
1,0.568,0.506,0.467,0.456,0.472,0.46,0.465,0.477,0.495,
1,0.622,0.582,0.555,0.539,0.559,0.546,0.544,0.551,0.523,
1,0.646,0.567,0.537,0.518,0.532,0.529,0.536,0.519,0.559,
1,0.571,0.518,0.499,0.494,0.48,0.515,0.501,0.48,0.469,
1,0.539,0.614,0.511,0.512,0.528,0.497,0.489,0.469,0.493,
1,0.545,0.54,0.524,0.505,0.484,0.501,0.507,0.497,0.499,
1,0.595,0.501,0.495,0.489,0.501,0.477,0.458,0.489,0.452,
1,0.586,0.539,0.502,0.491,0.494,0.471,0.484,0.498,0.482,
1,0.606,0.599,0.568,0.561,0.555,0.559,0.555,0.528,0.53,
1,0.589,0.554,0.542,0.536,0.524,0.496,0.524,0.523,0.516,
1,0.62,0.606,0.537,0.527,0.545,0.519,0.522,0.521,0.51,
1,0.59,0.535,0.493,0.492,0.49,0.453,0.519,0.478,0.469,
1,0.554,0.493,0.477,0.474,0.51,0.492,0.485,0.481,0.539,
1,0.627,0.551,0.52,0.53,0.546,0.521,0.514,0.54,0.518,
1,0.598,0.584,0.53,0.53,0.52,0.526,0.508,0.544,0.531,
1,0.558,0.529,0.51,0.508,0.486,0.506,0.499,0.488,0.453,
1,0.609,0.604,0.521,0.516,0.539,0.545,0.565,0.543,0.52,
1,0.603,0.561,0.532,0.5,0.459,0.504,0.496,0.505,0.516,
1,0.473,0.405,0.406,0.39,0.402,0.4,0.369,0.362,0.364,
1,0.582,0.558,0.513,0.545,0.529,0.546,0.525,0.506,0.512,
1,0.639,0.549,0.546,0.525,0.521,0.482,0.483,0.472,0.461,
1,0.543,0.474,0.484,0.456,0.441,0.485,0.457,0.451,0.462,
1,0.594,0.536,0.535,0.474,0.487,0.472,0.492,0.475,0.497,
1,0.565,0.567,0.539,0.524,0.513,0.513,0.5,0.497,0.474,
1,0.527,0.5,0.493,0.453,0.47,0.457,0.407,0.428,0.458,
1,0.542,0.536,0.47,0.497,0.484,0.486,0.489,0.483,0.509,
1,0.555,0.495,0.458,0.448,0.429,0.525,0.472,0.481,0.458,
1,0.601,0.498,0.497,0.489,0.483,0.533,0.506,0.518,0.502,
1,0.554,0.47,0.43,0.408,0.423,0.443,0.382,0.446,0.417,
1,0.599,0.544,0.523,0.491,0.494,0.509,0.494,0.475,0.492,
1,0.553,0.519,0.498,0.5,0.479,0.467,0.518,0.486,0.492,
1,0.591,0.509,0.536,0.504,0.565,0.522,0.524,0.517,0.515,
1,0.54,0.503,0.476,0.515,0.468,0.46,0.481,0.457,0.481,
1,0.61,0.563,0.542,0.542,0.518,0.523,0.535,0.531,0.508,
1,0.566,0.516,0.513,0.503,0.47,0.501,0.487,0.506,0.485,
1,0.545,0.485,0.486,0.453,0.482,0.48,0.512,0.464,0.494,
1,0.611,0.557,0.536,0.531,0.529,0.565,0.549,0.541,0.522,
1,0.545,0.494,0.473,0.524,0.475,0.488,0.483,0.471,0.463,
1,0.504,0.534,0.52,0.483,0.464,0.45,0.421,0.53,0.551,
1,0.589,0.498,0.463,0.44,0.46,0.497,0.454,0.467,0.478,
1,0.63,0.571,0.532,0.555,0.542,0.532,0.532,0.536,0.557,
1,0.545,0.502,0.511,0.47,0.487,0.484,0.491,0.485,0.509,
1,0.592,0.523,0.499,0.48,0.444,0.5,0.458,0.421,0.448,
1,0.609,0.567,0.533,0.518,0.512,0.491,0.515,0.525,0.531,
1,0.548,0.493,0.481,0.466,0.44,0.551,0.485,0.484,0.481,
1,0.531,0.444,0.414,0.433,0.44,0.432,0.421,0.41,0.458,
1,0.599,0.489,0.511,0.464,0.501,0.486,0.493,0.415,0.485,
1,0.566,0.552,0.495,0.486,0.48,0.484,0.511,0.522,0.493,
1,0.596,0.546,0.533,0.551,0.519,0.529,0.533,0.553,0.535,
1,0.608,0.546,0.528,0.518,0.5,0.533,0.522,0.5,0.495,
1,0.669,0.621,0.613,0.592,0.626,0.602,0.603,0.619,0.6,
1,0.583,0.52,0.501,0.531,0.513,0.491,0.504,0.507,0.495,
1,0.489,0.467,0.438,0.433,0.412,0.452,0.415,0.403,0.438,
1,0.655,0.576,0.533,0.557,0.577,0.568,0.523,0.55,0.549,
1,0.624,0.55,0.509,0.493,0.493,0.511,0.497,0.499,0.464,
1,0.665,0.602,0.612,0.604,0.591,0.606,0.611,0.601,0.598,
1,0.659,0.621,0.604,0.559,0.578,0.571,0.577,0.548,0.579,
1,0.627,0.581,0.53,0.538,0.541,0.562,0.525,0.548,0.546,
1,0.644,0.59,0.594,0.599,0.588,0.556,0.572,0.593,0.546,
1,0.63,0.58,0.572,0.556,0.518,0.542,0.527,0.571,0.552,
1,0.621,0.558,0.545,0.556,0.508,0.509,0.552,0.535,0.479,
1,0.527,0.485,0.43,0.451,0.479,0.485,0.454,0.451,0.509,
1,0.663,0.574,0.558,0.578,0.552,0.556,0.584,0.558,0.532,
1,0.645,0.577,0.57,0.588,0.569,0.538,0.555,0.56,0.549,
1,0.659,0.598,0.595,0.56,0.595,0.597,0.58,0.559,0.591,
1,0.701,0.595,0.596,0.586,0.577,0.584,0.597,0.604,0.601,
1,0.575,0.508,0.501,0.495,0.519,0.503,0.513,0.508,0.474,
1,0.69,0.631,0.61,0.609,0.608,0.58,0.598,0.604,0.586,
1,0.574,0.467,0.453,0.474,0.447,0.488,0.474,0.52,0.466,
1,0.582,0.511,0.505,0.502,0.476,0.492,0.518,0.514,0.478,
1,0.571,0.556,0.502,0.541,0.536,0.506,0.514,0.502,0.516,
1,0.598,0.579,0.527,0.52,0.524,0.517,0.504,0.519,0.528,
1,0.561,0.522,0.541,0.484,0.529,0.483,0.476,0.505,0.509,
1,0.622,0.578,0.547,0.529,0.52,0.536,0.531,0.533,0.521,
1,0.628,0.522,0.524,0.509,0.522,0.538,0.558,0.519,0.51,
1,0.616,0.614,0.562,0.53,0.581,0.568,0.52,0.553,0.52,
1,0.644,0.572,0.549,0.554,0.554,0.549,0.491,0.518,0.536,
1,0.651,0.602,0.586,0.577,0.582,0.573,0.587,0.564,0.552,
1,0.662,0.614,0.575,0.563,0.547,0.56,0.557,0.576,0.589,
1,0.683,0.593,0.593,0.579,0.576,0.582,0.583,0.577,0.584,
1,0.606,0.543,0.513,0.532,0.504,0.5,0.498,0.548,0.493,
1,0.694,0.613,0.584,0.588,0.619,0.582,0.578,0.597,0.581,
1,0.549,0.509,0.469,0.449,0.465,0.418,0.44,0.411,0.411,
1,0.609,0.512,0.506,0.498,0.48,0.478,0.492,0.539,0.5,
1,0.641,0.576,0.539,0.544,0.51,0.535,0.531,0.541,0.521,
1,0.487,0.419,0.412,0.404,0.423,0.379,0.36,0.371,0.357,
1,0.613,0.611,0.579,0.565,0.54,0.525,0.536,0.569,0.54,
1,0.57,0.52,0.514,0.48,0.464,0.498,0.511,0.467,0.477,
1,0.628,0.563,0.536,0.57,0.52,0.533,0.534,0.516,0.506,
1,0.585,0.526,0.544,0.507,0.496,0.506,0.527,0.52,0.521,


1,0.62,0.575,0.549,0.521,0.581,0.543,0.54,0.559,0.574,
1,0.612,0.544,0.531,0.566,0.549,0.506,0.556,0.525,0.516,
1,0.601,0.548,0.528,0.539,0.541,0.525,0.5,0.561,0.535,
1,0.668,0.593,0.587,0.589,0.584,0.596,0.589,0.581,0.592,
1,0.682,0.616,0.609,0.561,0.595,0.574,0.578,0.57,0.569,
1,0.64,0.599,0.558,0.539,0.542,0.497,0.558,0.501,0.555,
1,0.677,0.621,0.578,0.574,0.595,0.608,0.583,0.564,0.598,
1,0.547,0.476,0.454,0.43,0.449,0.416,0.417,0.409,0.419,
1,0.67,0.602,0.602,0.546,0.581,0.593,0.582,0.605,0.584,
1,0.65,0.623,0.569,0.568,0.548,0.558,0.557,0.553,0.571,
1,0.68,0.619,0.572,0.605,0.591,0.585,0.593,0.553,0.593,
1,0.663,0.583,0.577,0.54,0.556,0.562,0.539,0.57,0.534,
1,0.634,0.571,0.54,0.541,0.585,0.575,0.55,0.534,0.546,
1,0.651,0.574,0.588,0.535,0.558,0.554,0.557,0.575,0.555,
1,0.636,0.629,0.571,0.566,0.542,0.561,0.577,0.551,0.542,
1,0.631,0.572,0.565,0.54,0.525,0.535,0.509,0.519,0.538,
1,0.644,0.55,0.58,0.557,0.553,0.525,0.541,0.558,0.546,
1,0.684,0.643,0.589,0.611,0.605,0.606,0.571,0.614,0.611,
1,0.629,0.6,0.571,0.562,0.58,0.564,0.569,0.551,0.546,
1,0.621,0.529,0.573,0.567,0.57,0.568,0.583,0.555,0.58,
1,0.537,0.512,0.507,0.462,0.488,0.514,0.523,0.489,0.467,
1,0.589,0.541,0.532,0.552,0.551,0.522,0.541,0.55,0.545,
1,0.674,0.6,0.587,0.577,0.558,0.588,0.548,0.561,0.577,
1,0.559,0.531,0.493,0.443,0.461,0.45,0.472,0.466,0.423,
1,0.601,0.613,0.562,0.587,0.571,0.544,0.564,0.56,0.587,
1,0.67,0.591,0.544,0.577,0.563,0.558,0.564,0.552,0.503,
1,0.673,0.603,0.573,0.58,0.571,0.577,0.57,0.585,0.565,
1,0.603,0.555,0.546,0.541,0.553,0.551,0.565,0.557,0.551,
1,0.67,0.594,0.541,0.554,0.549,0.547,0.533,0.574,0.517,
1,0.647,0.629,0.575,0.545,0.555,0.538,0.567,0.555,0.547,
1,0.663,0.562,0.571,0.596,0.58,0.587,0.595,0.594,0.566,
1,0.672,0.596,0.555,0.614,0.545,0.597,0.576,0.581,0.585,
1,0.674,0.61,0.563,0.573,0.555,0.565,0.553,0.567,0.565,
1,0.613,0.547,0.59,0.584,0.511,0.522,0.582,0.561,0.558,
1,0.63,0.547,0.592,0.565,0.533,0.525,0.532,0.517,0.532,
1,0.66,0.603,0.577,0.557,0.533,0.55,0.535,0.54,0.533,
1,0.689,0.613,0.567,0.572,0.592,0.57,0.577,0.579,0.56,
1,0.63,0.549,0.517,0.545,0.525,0.548,0.578,0.538,0.542,
1,0.662,0.595,0.6,0.595,0.596,0.586,0.575,0.586,0.586,
1,0.62,0.564,0.528,0.526,0.549,0.537,0.503,0.552,0.556,
1,0.689,0.609,0.549,0.54,0.552,0.544,0.548,0.571,0.609,
1,0.689,0.629,0.582,0.576,0.556,0.568,0.59,0.562,0.564,
1,0.654,0.568,0.605,0.578,0.54,0.575,0.58,0.564,0.597,
1,0.576,0.55,0.52,0.534,0.531,0.523,0.514,0.508,0.512,
1,0.498,0.524,0.483,0.48,0.423,0.464,0.44,0.446,0.478,
1,0.678,0.578,0.585,0.576,0.556,0.559,0.569,0.61,0.572,
1,0.516,0.448,0.44,0.412,0.429,0.458,0.434,0.44,0.433,
1,0.694,0.599,0.571,0.604,0.61,0.583,0.587,0.584,0.568,
1,0.644,0.584,0.527,0.516,0.588,0.548,0.543,0.536,0.571,
1,0.636,0.58,0.52,0.537,0.512,0.523,0.527,0.502,0.507,
1,0.643,0.574,0.579,0.584,0.581,0.568,0.563,0.586,0.539,
1,0.636,0.525,0.569,0.51,0.527,0.557,0.54,0.552,0.552,
1,0.692,0.629,0.634,0.625,0.621,0.623,0.616,0.61,0.616,
1,0.607,0.608,0.572,0.573,0.552,0.542,0.592,0.58,0.542,
1,0.577,0.533,0.56,0.535,0.551,0.518,0.537,0.552,0.529,
1,0.616,0.601,0.567,0.542,0.545,0.532,0.56,0.559,0.564,
1,0.637,0.583,0.554,0.581,0.542,0.548,0.549,0.54,0.569,
1,0.678,0.61,0.573,0.59,0.596,0.592,0.582,0.608,0.602,
1,0.643,0.602,0.592,0.576,0.57,0.594,0.567,0.588,0.555,
1,0.638,0.56,0.598,0.605,0.569,0.588,0.576,0.571,0.593,
1,0.653,0.556,0.583,0.61,0.58,0.583,0.59,0.568,0.584,
1,0.541,0.531,0.481,0.476,0.485,0.474,0.466,0.462,0.488,
1,0.661,0.594,0.586,0.561,0.549,0.567,0.511,0.529,0.557,
1,0.649,0.551,0.552,0.536,0.52,0.538,0.506,0.55,0.536,
1,0.565,0.529,0.457,0.464,0.53,0.47,0.485,0.487,0.473,
1,0.643,0.58,0.549,0.537,0.539,0.533,0.556,0.538,0.547,
1,0.675,0.598,0.616,0.6,0.594,0.563,0.579,0.58,0.608,
1,0.63,0.596,0.533,0.546,0.538,0.516,0.515,0.554,0.537,
1,0.58,0.513,0.503,0.504,0.509,0.485,0.452,0.481,0.524,
1,0.651,0.584,0.583,0.575,0.572,0.579,0.576,0.557,0.57,
1,0.63,0.529,0.564,0.541,0.528,0.531,0.547,0.54,0.558,
1,0.659,0.613,0.569,0.612,0.564,0.559,0.551,0.55,0.561,
1,0.66,0.615,0.555,0.533,0.574,0.563,0.554,0.573,0.567,
1,0.531,0.497,0.501,0.496,0.459,0.476,0.47,0.5,0.44,
1,0.654,0.582,0.575,0.555,0.555,0.555,0.57,0.565,0.558,
1,0.523,0.579,0.513,0.505,0.507,0.495,0.484,0.547,0.543,
1,0.596,0.592,0.564,0.577,0.578,0.556,0.558,0.555,0.552,
1,0.627,0.594,0.557,0.556,0.528,0.554,0.519,0.532,0.515,
1,0.661,0.608,0.577,0.563,0.571,0.545,0.587,0.564,0.564,
1,0.637,0.545,0.586,0.561,0.551,0.535,0.553,0.503,0.511,
1,0.568,0.507,0.493,0.486,0.514,0.478,0.494,0.496,0.506,
1,0.674,0.632,0.606,0.584,0.601,0.583,0.595,0.61,0.612,
1,0.642,0.606,0.554,0.601,0.582,0.559,0.574,0.575,0.559,
1,0.635,0.605,0.579,0.566,0.586,0.565,0.586,0.539,0.558,
1,0.587,0.515,0.544,0.517,0.487,0.511,0.512,0.489,0.489,
1,0.636,0.573,0.565,0.536,0.544,0.57,0.551,0.581,0.527,
1,0.632,0.592,0.544,0.56,0.526,0.537,0.547,0.522,0.506,
1,0.657,0.574,0.559,0.561,0.534,0.538,0.538,0.551,0.56,
1,0.631,0.585,0.575,0.555,0.551,0.559,0.526,0.515,0.526,
1,0.653,0.612,0.547,0.559,0.546,0.55,0.557,0.549,0.562,
1,0.691,0.576,0.616,0.583,0.592,0.578,0.592,0.579,0.589,
1,0.689,0.618,0.605,0.536,0.593,0.575,0.599,0.563,0.59,
1,0.629,0.602,0.58,0.581,0.565,0.58,0.606,0.569,0.562,
1,0.68,0.605,0.603,0.567,0.579,0.602,0.591,0.586,0.616,
1,0.66,0.592,0.582,0.548,0.553,0.572,0.577,0.588,0.568,
1,0.657,0.566,0.553,0.554,0.528,0.535,0.577,0.552,0.558,
1,0.62,0.572,0.559,0.559,0.549,0.569,0.581,0.552,0.561,
1,0.703,0.625,0.554,0.571,0.585,0.571,0.581,0.554,0.585,
1,0.603,0.532,0.517,0.516,0.533,0.509,0.484,0.471,0.511,
1,0.656,0.619,0.616,0.608,0.599,0.59,0.583,0.598,0.591,
1,0.639,0.603,0.549,0.565,0.589,0.552,0.526,0.581,0.558,
1,0.624,0.561,0.55,0.57,0.581,0.58,0.536,0.549,0.534,
1,0.697,0.618,0.586,0.582,0.585,0.56,0.585,0.577,0.572,
1,0.664,0.599,0.603,0.601,0.603,0.598,0.556,0.599,0.593,
1,0.62,0.559,0.525,0.552,0.537,0.53,0.509,0.471,0.538,
1,0.541,0.495,0.489,0.478,0.469,0.504,0.471,0.466,0.438,
1,0.684,0.627,0.583,0.575,0.587,0.555,0.579,0.57,0.582,
1,0.672,0.606,0.59,0.605,0.603,0.584,0.603,0.587,0.6,
1,0.699,0.626,0.603,0.612,0.616,0.604,0.604,0.623,0.599,
1,0.583,0.538,0.467,0.452,0.525,0.53,0.511,0.498,0.497,
1,0.64,0.643,0.583,0.566,0.574,0.582,0.588,0.58,0.581,
1,0.673,0.594,0.572,0.559,0.545,0.535,0.515,0.556,0.563,
1,0.691,0.607,0.587,0.558,0.543,0.52,0.549,0.53,0.536,
1,0.678,0.597,0.575,0.556,0.573,0.554,0.561,0.553,0.571,
1,0.653,0.635,0.602,0.596,0.582,0.595,0.588,0.6,0.573,
1,0.626,0.589,0.583,0.535,0.543,0.549,0.579,0.534,0.566,
1,0.643,0.601,0.552,0.555,0.558,0.593,0.548,0.574,0.572,
1,0.669,0.613,0.58,0.603,0.615,0.598,0.592,0.59,0.592,
1,0.627,0.564,0.586,0.532,0.572,0.537,0.523,0.546,0.519,
1,0.654,0.613,0.537,0.558,0.552,0.557,0.557,0.579,0.557,
1,0.682,0.608,0.61,0.592,0.573,0.603,0.58,0.582,0.616,
1,0.611,0.562,0.53,0.517,0.533,0.525,0.511,0.537,0.544,
1,0.667,0.619,0.605,0.603,0.606,0.582,0.598,0.592,0.587,
1,0.642,0.605,0.547,0.509,0.517,0.54,0.523,0.525,0.544,
1,0.63,0.562,0.55,0.527,0.552,0.548,0.544,0.543,0.536,
1,0.68,0.595,0.56,0.58,0.556,0.595,0.599,0.576,0.59,
1,0.483,0.469,0.489,0.431,0.451,0.455,0.397,0.409,0.402,
1,0.693,0.586,0.594,0.573,0.558,0.593,0.563,0.561,0.563,
1,0.519,0.476,0.475,0.471,0.466,0.432,0.443,0.416,0.462,
1,0.628,0.608,0.571,0.555,0.569,0.58,0.569,0.587,0.565,
1,0.627,0.589,0.596,0.583,0.558,0.549,0.536,0.565,0.569,
1,0.65,0.603,0.578,0.607,0.572,0.603,0.586,0.6,0.601,
1,0.665,0.584,0.611,0.604,0.576,0.612,0.589,0.594,0.584,
1,0.637,0.568,0.532,0.554,0.547,0.548,0.529,0.564,0.498,
1,0.674,0.593,0.59,0.564,0.582,0.583,0.606,0.566,0.573,
1,0.674,0.559,0.584,0.553,0.588,0.548,0.542,0.581,0.571,
1,0.652,0.574,0.555,0.549,0.548,0.563,0.549,0.586,0.561,
1,0.644,0.587,0.567,0.565,0.565,0.566,0.555,0.556,0.562,
1,0.647,0.589,0.591,0.583,0.591,0.565,0.58,0.599,0.562,
1,0.665,0.583,0.576,0.565,0.581,0.567,0.563,0.582,0.587,
1,0.665,0.638,0.593,0.589,0.56,0.579,0.551,0.584,0.572,
1,0.658,0.616,0.594,0.557,0.585,0.611,0.564,0.606,0.56,
1,0.679,0.591,0.59,0.578,0.544,0.552,0.567,0.554,0.552,
1,0.631,0.578,0.555,0.548,0.568,0.553,0.565,0.584,0.567,
1,0.669,0.625,0.629,0.622,0.606,0.582,0.593,0.624,0.602,
1,0.659,0.628,0.612,0.568,0.596,0.593,0.571,0.57,0.591,
1,0.65,0.61,0.575,0.562,0.556,0.591,0.569,0.574,0.581,
1,0.688,0.635,0.589,0.59,0.593,0.579,0.584,0.565,0.536,
1,0.576,0.525,0.549,0.514,0.483,0.504,0.506,0.479,0.529,
1,0.681,0.6,0.6,0.585,0.603,0.582,0.581,0.597,0.602,
1,0.515,0.455,0.434,0.47,0.44,0.421,0.427,0.451,0.432,
1,0.702,0.582,0.603,0.588,0.589,0.594,0.595,0.592,0.579,
1,0.7,0.638,0.606,0.588,0.611,0.588,0.594,0.596,0.606,
1,0.678,0.611,0.584,0.586,0.562,0.549,0.563,0.557,0.555,
1,0.67,0.568,0.599,0.539,0.575,0.58,0.576,0.559,0.56,
1,0.669,0.583,0.608,0.618,0.596,0.581,0.57,0.581,0.603,
1,0.671,0.6,0.592,0.592,0.588,0.6,0.618,0.618,0.601,
1,0.543,0.524,0.508,0.489,0.497,0.455,0.491,0.487,0.484,
1,0.619,0.57,0.514,0.525,0.516,0.529,0.517,0.546,0.561,
1,0.569,0.555,0.572,0.576,0.528,0.531,0.523,0.533,0.506,
1,0.664,0.589,0.593,0.592,0.568,0.592,0.6,0.609,0.594,
1,0.657,0.633,0.573,0.571,0.507,0.568,0.55,0.571,0.557,
1,0.684,0.594,0.622,0.564,0.601,0.569,0.58,0.571,0.597,
1,0.557,0.539,0.565,0.528,0.52,0.528,0.487,0.523,0.544,
1,0.673,0.628,0.598,0.585,0.584,0.596,0.604,0.588,0.59,
1,0.652,0.606,0.565,0.593,0.61,0.576,0.583,0.577,0.575,
1,0.67,0.613,0.616,0.586,0.606,0.587,0.614,0.572,0.567,
1,0.697,0.596,0.601,0.595,0.583,0.571,0.57,0.596,0.574,
1,0.649,0.59,0.601,0.586,0.596,0.581,0.594,0.583,0.587,
1,0.596,0.587,0.593,0.558,0.537,0.531,0.509,0.516,0.528,
1,0.673,0.609,0.611,0.591,0.567,0.597,0.591,0.582,0.609,
1,0.623,0.549,0.534,0.5,0.566,0.554,0.534,0.535,0.549,
1,0.595,0.552,0.519,0.542,0.515,0.536,0.517,0.516,0.533,
1,0.668,0.621,0.576,0.604,0.598,0.58,0.594,0.58,0.595,
1,0.542,0.475,0.458,0.492,0.518,0.439,0.447,0.408,0.437,
1,0.549,0.551,0.524,0.472,0.489,0.487,0.518,0.53,0.57,
1,0.612,0.557,0.533,0.543,0.526,0.525,0.559,0.564,0.543,
1,0.645,0.61,0.593,0.596,0.573,0.564,0.551,0.561,0.54,
1,0.621,0.592,0.579,0.522,0.533,0.566,0.571,0.542,0.568,
1,0.619,0.564,0.593,0.562,0.533,0.536,0.556,0.547,0.531,
1,0.693,0.591,0.577,0.581,0.576,0.542,0.578,0.625,0.595,
1,0.627,0.538,0.562,0.539,0.534,0.517,0.568,0.544,0.554,
1,0.651,0.61,0.605,0.546,0.6,0.58,0.562,0.563,0.602,
1,0.663,0.601,0.548,0.579,0.549,0.565,0.582,0.57,0.545,
1,0.66,0.649,0.583,0.587,0.56,0.583,0.572,0.573,0.573,
1,0.565,0.512,0.498,0.497,0.496,0.451,0.461,0.508,0.481,
1,0.656,0.64,0.561,0.581,0.554,0.585,0.601,0.541,0.599,
1,0.657,0.618,0.574,0.571,0.602,0.565,0.585,0.574,0.566,
1,0.661,0.599,0.581,0.57,0.53,0.555,0.556,0.541,0.545,
1,0.444,0.356,0.345,0.344,0.344,0.344,0.344,0.344,0.344,
1,0.685,0.598,0.583,0.541,0.564,0.512,0.546,0.537,0.593,
1,0.649,0.597,0.556,0.56,0.562,0.59,0.574,0.563,0.556,
1,0.589,0.556,0.552,0.527,0.519,0.534,0.515,0.541,0.551,
1,0.623,0.571,0.537,0.493,0.469,0.444,0.427,0.421,0.473,
1,0.657,0.582,0.561,0.556,0.55,0.573,0.561,0.557,0.547,
1,0.658,0.587,0.569,0.558,0.54,0.553,0.589,0.577,0.548,
1,0.642,0.546,0.566,0.499,0.571,0.554,0.578,0.548,0.542,
1,0.684,0.586,0.605,0.578,0.62,0.581,0.559,0.621,0.578,
1,0.684,0.598,0.587,0.573,0.565,0.54,0.56,0.544,0.551,
1,0.656,0.537,0.54,0.56,0.523,0.489,0.476,0.507,0.541,
1,0.643,0.565,0.55,0.551,0.579,0.546,0.555,0.513,0.563,
1,0.644,0.611,0.589,0.549,0.556,0.583,0.572,0.556,0.557,
1,0.682,0.596,0.579,0.597,0.567,0.557,0.564,0.558,0.573,
1,0.688,0.628,0.623,0.554,0.553,0.538,0.547,0.574,0.58,
1,0.645,0.603,0.601,0.554,0.562,0.563,0.565,0.589,0.606,
1,0.655,0.576,0.551,0.535,0.533,0.515,0.524,0.537,0.518,
1,0.598,0.541,0.521,0.499,0.525,0.506,0.485,0.464,0.459,
1,0.619,0.569,0.55,0.582,0.542,0.54,0.551,0.551,0.523,
1,0.539,0.514,0.535,0.507,0.515,0.508,0.529,0.494,0.516,
1,0.609,0.571,0.578,0.546,0.527,0.554,0.568,0.565,0.593,
1,0.68,0.616,0.585,0.601,0.595,0.597,0.575,0.593,0.61,
1,0.68,0.614,0.614,0.6,0.6,0.597,0.589,0.58,0.602,
1,0.614,0.597,0.534,0.547,0.524,0.542,0.511,0.549,0.588,
1,0.682,0.609,0.558,0.584,0.562,0.57,0.577,0.593,0.575,
1,0.627,0.541,0.577,0.553,0.547,0.492,0.552,0.548,0.551,
1,0.451,0.364,0.352,0.352,0.352,0.352,0.352,0.352,0.352,
1,0.663,0.566,0.595,0.602,0.617,0.599,0.596,0.593,0.585,
1,0.639,0.563,0.522,0.524,0.498,0.511,0.537,0.525,0.514,
1,0.666,0.609,0.547,0.546,0.572,0.573,0.52,0.535,0.556,
1,0.678,0.627,0.6,0.567,0.577,0.586,0.56,0.571,0.618,
1,0.641,0.574,0.597,0.608,0.602,0.574,0.6,0.557,0.564,
1,0.667,0.609,0.583,0.61,0.566,0.582,0.57,0.539,0.584,
1,0.588,0.515,0.535,0.546,0.537,0.51,0.534,0.558,0.516,
1,0.643,0.613,0.557,0.588,0.572,0.543,0.567,0.554,0.606,
1,0.693,0.619,0.608,0.582,0.574,0.574,0.561,0.606,0.571,
1,0.663,0.618,0.596,0.568,0.571,0.567,0.587,0.57,0.565,
1,0.63,0.573,0.558,0.56,0.572,0.552,0.576,0.562,0.526,
1,0.637,0.585,0.558,0.557,0.566,0.55,0.56,0.577,0.547,
1,0.646,0.608,0.578,0.563,0.568,0.575,0.548,0.584,0.546,
1,0.687,0.611,0.63,0.621,0.62,0.618,0.608,0.607,0.62,
1,0.689,0.633,0.586,0.572,0.583,0.566,0.572,0.574,0.585,
1,0.681,0.614,0.579,0.587,0.612,0.562,0.574,0.565,0.563,
1,0.635,0.61,0.585,0.58,0.517,0.572,0.571,0.53,0.537,
1,0.662,0.595,0.587,0.554,0.596,0.581,0.568,0.576,0.554,
1,0.631,0.599,0.555,0.564,0.574,0.559,0.545,0.543,0.563,
1,0.662,0.552,0.565,0.559,0.549,0.566,0.571,0.564,0.549,
1,0.67,0.584,0.601,0.554,0.585,0.56,0.573,0.531,0.552,
1,0.659,0.611,0.595,0.603,0.597,0.565,0.556,0.561,0.587,
1,0.65,0.587,0.544,0.554,0.557,0.563,0.514,0.553,0.594,
1,0.582,0.461,0.436,0.452,0.388,0.371,0.367,0.369,0.365,
1,0.606,0.564,0.553,0.5,0.549,0.557,0.536,0.537,0.527,
1,0.655,0.58,0.553,0.586,0.582,0.531,0.529,0.581,0.579,
1,0.644,0.593,0.541,0.558,0.548,0.539,0.522,0.513,0.502,
1,0.569,0.547,0.514,0.544,0.522,0.503,0.523,0.509,0.495,
1,0.647,0.558,0.562,0.527,0.51,0.517,0.474,0.479,0.526,
1,0.687,0.616,0.59,0.594,0.604,0.57,0.585,0.595,0.605,
1,0.651,0.65,0.581,0.574,0.53,0.526,0.499,0.537,0.565,
1,0.654,0.571,0.533,0.552,0.545,0.512,0.533,0.552,0.553,
1,0.688,0.605,0.577,0.548,0.577,0.562,0.561,0.573,0.578,
1,0.671,0.61,0.607,0.581,0.572,0.619,0.614,0.597,0.588,
1,0.678,0.613,0.57,0.607,0.59,0.611,0.591,0.545,0.54,
1,0.495,0.484,0.448,0.427,0.502,0.48,0.457,0.495,0.442,
1,0.585,0.53,0.532,0.491,0.498,0.513,0.49,0.466,0.502,
1,0.679,0.582,0.587,0.581,0.587,0.594,0.562,0.563,0.544,
1,0.437,0.413,0.409,0.399,0.39,0.39,0.376,0.365,0.359,
1,0.644,0.58,0.525,0.544,0.552,0.547,0.537,0.528,0.56,
1,0.537,0.474,0.457,0.429,0.456,0.427,0.467,0.453,0.487,
1,0.585,0.586,0.532,0.528,0.547,0.585,0.513,0.542,0.559,
1,0.658,0.558,0.536,0.573,0.518,0.569,0.538,0.53,0.567,
1,0.674,0.614,0.601,0.593,0.586,0.593,0.577,0.574,0.588,
1,0.604,0.529,0.522,0.487,0.542,0.544,0.515,0.524,0.506,
1,0.64,0.585,0.558,0.548,0.56,0.53,0.517,0.52,0.578,
1,0.664,0.595,0.561,0.58,0.568,0.583,0.574,0.547,0.561,
1,0.63,0.6,0.546,0.559,0.571,0.578,0.57,0.561,0.575,
1,0.665,0.624,0.593,0.606,0.595,0.566,0.563,0.576,0.595,
1,0.628,0.574,0.56,0.548,0.549,0.538,0.557,0.535,0.508,
1,0.688,0.632,0.584,0.559,0.568,0.56,0.576,0.59,0.564,
1,0.629,0.581,0.554,0.551,0.543,0.546,0.528,0.513,0.512,
1,0.596,0.58,0.554,0.519,0.566,0.514,0.56,0.572,0.551,
1,0.608,0.541,0.525,0.482,0.486,0.508,0.517,0.488,0.496,
1,0.468,0.412,0.394,0.379,0.402,0.401,0.409,0.388,0.39,
1,0.62,0.54,0.539,0.546,0.518,0.535,0.528,0.511,0.514,
1,0.618,0.557,0.537,0.526,0.531,0.491,0.574,0.517,0.541,
1,0.635,0.588,0.544,0.525,0.552,0.549,0.531,0.558,0.531,
1,0.608,0.594,0.532,0.538,0.541,0.543,0.538,0.52,0.532,
1,0.614,0.561,0.532,0.557,0.541,0.526,0.522,0.51,0.541,
1,0.57,0.516,0.509,0.494,0.477,0.45,0.489,0.47,0.506,
1,0.613,0.566,0.547,0.536,0.533,0.528,0.526,0.559,0.515,
1,0.585,0.509,0.493,0.476,0.454,0.495,0.44,0.527,0.467,
1,0.512,0.481,0.431,0.501,0.46,0.462,0.43,0.454,0.418,
1,0.619,0.56,0.528,0.55,0.549,0.517,0.532,0.543,0.528,
1,0.621,0.575,0.532,0.528,0.535,0.524,0.504,0.502,0.523,
1,0.649,0.545,0.557,0.538,0.492,0.495,0.503,0.537,0.498,
1,0.623,0.584,0.535,0.547,0.55,0.531,0.555,0.551,0.562,
1,0.584,0.507,0.537,0.512,0.511,0.51,0.508,0.501,0.517,
1,0.56,0.546,0.532,0.507,0.524,0.497,0.522,0.502,0.529,
1,0.601,0.542,0.537,0.481,0.519,0.528,0.502,0.514,0.531,
1,0.591,0.538,0.487,0.537,0.511,0.515,0.53,0.497,0.507,
1,0.564,0.519,0.496,0.492,0.533,0.518,0.508,0.495,0.527,
1,0.578,0.542,0.519,0.531,0.519,0.55,0.489,0.514,0.508,
1,0.581,0.508,0.505,0.517,0.488,0.482,0.473,0.466,0.483,
1,0.532,0.485,0.515,0.503,0.479,0.515,0.478,0.468,0.477,
1,0.57,0.559,0.533,0.517,0.516,0.509,0.546,0.509,0.536,
1,0.55,0.553,0.508,0.487,0.492,0.487,0.476,0.53,0.485,
1,0.608,0.568,0.552,0.519,0.516,0.538,0.549,0.519,0.534,
1,0.611,0.534,0.508,0.544,0.539,0.515,0.504,0.521,0.51,
1,0.572,0.543,0.489,0.497,0.514,0.495,0.48,0.47,0.483,
1,0.609,0.542,0.538,0.506,0.528,0.514,0.552,0.515,0.503,
1,0.613,0.537,0.498,0.538,0.526,0.52,0.515,0.525,0.523,
1,0.584,0.517,0.517,0.487,0.475,0.476,0.46,0.503,0.522,
1,0.532,0.535,0.53,0.474,0.436,0.455,0.468,0.495,0.471,
1,0.621,0.544,0.554,0.535,0.513,0.537,0.512,0.547,0.513,
1,0.552,0.531,0.522,0.497,0.496,0.483,0.498,0.478,0.474,
1,0.506,0.447,0.378,0.38,0.357,0.353,0.349,0.349,0.349,
1,0.587,0.521,0.477,0.494,0.494,0.514,0.51,0.498,0.491,
1,0.616,0.568,0.559,0.536,0.522,0.523,0.522,0.529,0.534,
1,0.614,0.559,0.532,0.517,0.509,0.525,0.533,0.526,0.506,
1,0.623,0.611,0.536,0.523,0.539,0.516,0.542,0.51,0.545,
1,0.6,0.54,0.524,0.498,0.512,0.499,0.556,0.519,0.514,
1,0.622,0.611,0.543,0.541,0.549,0.584,0.557,0.558,0.538,
1,0.565,0.485,0.49,0.446,0.513,0.46,0.487,0.458,0.495,
1,0.573,0.593,0.496,0.523,0.505,0.502,0.51,0.527,0.51,
1,0.578,0.554,0.546,0.501,0.518,0.548,0.503,0.512,0.511,
1,0.623,0.552,0.527,0.51,0.502,0.531,0.481,0.47,0.528,
1,0.609,0.531,0.513,0.511,0.506,0.511,0.487,0.468,0.48,
1,0.543,0.45,0.539,0.463,0.51,0.5,0.478,0.462,0.473,
1,0.546,0.476,0.541,0.462,0.435,0.413,0.538,0.461,0.439,
1,0.531,0.511,0.487,0.483,0.465,0.486,0.461,0.451,0.487,
1,0.615,0.59,0.537,0.481,0.516,0.534,0.52,0.537,0.502,
1,0.51,0.384,0.398,0.426,0.36,0.346,0.343,0.343,0.343,
1,0.622,0.579,0.529,0.528,0.552,0.526,0.547,0.554,0.53,
1,0.491,0.454,0.419,0.374,0.424,0.433,0.458,0.427,0.415,
1,0.547,0.511,0.481,0.488,0.479,0.476,0.472,0.497,0.476,
1,0.569,0.532,0.512,0.544,0.512,0.489,0.524,0.5,0.516,
1,0.577,0.517,0.509,0.479,0.494,0.482,0.505,0.471,0.484,
1,0.556,0.538,0.49,0.48,0.479,0.459,0.468,0.46,0.481,
1,0.572,0.498,0.444,0.447,0.488,0.455,0.454,0.471,0.447,
1,0.519,0.549,0.535,0.555,0.538,0.504,0.486,0.475,0.498,
1,0.562,0.517,0.5,0.484,0.466,0.498,0.471,0.455,0.477,
1,0.509,0.443,0.442,0.388,0.395,0.448,0.396,0.385,0.367,
1,0.606,0.551,0.526,0.499,0.52,0.526,0.548,0.497,0.547,
1,0.577,0.53,0.531,0.508,0.498,0.503,0.486,0.502,0.502,
1,0.631,0.604,0.538,0.54,0.545,0.538,0.543,0.537,0.518,
1,0.568,0.547,0.529,0.549,0.521,0.555,0.53,0.521,0.573,
1,0.596,0.524,0.55,0.491,0.545,0.498,0.545,0.501,0.518,
1,0.519,0.491,0.458,0.461,0.432,0.449,0.43,0.472,0.45,
1,0.632,0.574,0.5,0.53,0.491,0.482,0.468,0.472,0.523,
1,0.553,0.551,0.497,0.487,0.455,0.487,0.493,0.514,0.497,
1,0.602,0.579,0.537,0.553,0.557,0.545,0.54,0.545,0.534,
1,0.548,0.491,0.458,0.429,0.44,0.439,0.505,0.448,0.479,
1,0.453,0.369,0.44,0.368,0.376,0.382,0.392,0.367,0.381,
1,0.598,0.524,0.538,0.507,0.514,0.534,0.54,0.505,0.518,
1,0.57,0.508,0.498,0.53,0.511,0.467,0.43,0.434,0.5,
1,0.547,0.529,0.456,0.458,0.432,0.414,0.493,0.484,0.439,
1,0.589,0.524,0.513,0.489,0.528,0.531,0.518,0.515,0.469,
1,0.414,0.434,0.41,0.403,0.409,0.406,0.368,0.385,0.374,
1,0.589,0.555,0.531,0.534,0.53,0.526,0.527,0.546,0.53,
1,0.603,0.53,0.552,0.5,0.523,0.51,0.523,0.51,0.509,
1,0.587,0.514,0.509,0.545,0.509,0.529,0.508,0.513,0.488,
1,0.615,0.573,0.55,0.571,0.564,0.526,0.531,0.557,0.542,
1,0.673,0.545,0.521,0.544,0.486,0.505,0.494,0.52,0.505,
1,0.591,0.598,0.564,0.541,0.509,0.554,0.562,0.525,0.548,
1,0.523,0.479,0.464,0.484,0.51,0.465,0.455,0.497,0.498,
1,0.588,0.583,0.567,0.532,0.558,0.518,0.511,0.511,0.564,
1,0.598,0.564,0.51,0.543,0.539,0.54,0.518,0.523,0.514,
1,0.603,0.567,0.519,0.513,0.507,0.473,0.515,0.535,0.516,
1,0.58,0.551,0.518,0.513,0.515,0.491,0.459,0.49,0.509,
1,0.614,0.532,0.591,0.56,0.522,0.519,0.515,0.538,0.546,
1,0.496,0.428,0.413,0.415,0.406,0.443,0.382,0.418,0.397,
1,0.62,0.596,0.554,0.569,0.562,0.562,0.559,0.547,0.53,
1,0.564,0.534,0.519,0.539,0.487,0.527,0.513,0.52,0.491,
1,0.601,0.549,0.523,0.549,0.507,0.533,0.536,0.531,0.537,
1,0.616,0.552,0.531,0.544,0.547,0.525,0.53,0.547,0.561,
1,0.612,0.538,0.563,0.52,0.5,0.498,0.558,0.53,0.525,
1,0.597,0.495,0.516,0.472,0.517,0.52,0.489,0.5,0.506,
1,0.603,0.571,0.507,0.526,0.5,0.533,0.493,0.507,0.523,
1,0.522,0.534,0.499,0.48,0.473,0.453,0.467,0.458,0.504,
1,0.617,0.536,0.55,0.526,0.537,0.526,0.51,0.518,0.502,
1,0.612,0.534,0.504,0.496,0.522,0.508,0.522,0.502,0.486,
1,0.448,0.47,0.427,0.422,0.438,0.387,0.45,0.434,0.409,
1,0.61,0.598,0.523,0.54,0.542,0.531,0.541,0.526,0.549,
1,0.627,0.547,0.577,0.539,0.521,0.515,0.518,0.472,0.548,
1,0.606,0.559,0.559,0.534,0.548,0.556,0.542,0.526,0.55,
1,0.619,0.55,0.546,0.514,0.532,0.544,0.528,0.533,0.522,
1,0.588,0.475,0.537,0.504,0.498,0.486,0.54,0.463,0.505,
1,0.579,0.472,0.445,0.461,0.439,0.473,0.441,0.451,0.443,
1,0.568,0.506,0.48,0.494,0.52,0.516,0.503,0.468,0.505,
1,0.635,0.534,0.499,0.517,0.541,0.512,0.526,0.504,0.501,
1,0.613,0.571,0.561,0.541,0.536,0.512,0.524,0.524,0.539,
1,0.565,0.472,0.505,0.536,0.493,0.47,0.501,0.545,0.443,
1,0.554,0.474,0.457,0.45,0.45,0.466,0.459,0.445,0.426,
1,0.511,0.525,0.45,0.5,0.452,0.42,0.422,0.398,0.404,
1,0.587,0.556,0.513,0.521,0.531,0.524,0.498,0.516,0.513,
1,0.527,0.525,0.498,0.465,0.502,0.533,0.485,0.48,0.472,
1,0.612,0.531,0.513,0.505,0.525,0.51,0.481,0.512,0.49,
1,0.603,0.61,0.522,0.531,0.529,0.524,0.541,0.527,0.533,
1,0.59,0.499,0.506,0.5,0.488,0.47,0.455,0.516,0.516,
1,0.62,0.565,0.562,0.555,0.531,0.545,0.529,0.518,0.523,
1,0.63,0.568,0.553,0.548,0.496,0.541,0.54,0.557,0.529,
1,0.534,0.462,0.448,0.478,0.408,0.406,0.504,0.466,0.426,
1,0.48,0.443,0.408,0.383,0.379,0.386,0.353,0.362,0.355,
1,0.498,0.498,0.449,0.433,0.42,0.452,0.421,0.459,0.469,
1,0.6,0.533,0.534,0.526,0.537,0.512,0.506,0.482,0.496,
1,0.471,0.509,0.532,0.488,0.477,0.455,0.466,0.492,0.494,
1,0.636,0.567,0.497,0.493,0.503,0.511,0.53,0.518,0.524,
1,0.634,0.573,0.553,0.538,0.524,0.538,0.526,0.537,0.54,
1,0.63,0.573,0.562,0.54,0.521,0.532,0.546,0.541,0.527,
1,0.555,0.551,0.507,0.526,0.491,0.489,0.501,0.48,0.481,
1,0.645,0.551,0.536,0.495,0.479,0.469,0.478,0.478,0.518,
1,0.556,0.508,0.511,0.531,0.498,0.504,0.49,0.508,0.479,
1,0.633,0.594,0.571,0.55,0.512,0.536,0.532,0.553,0.523,
1,0.574,0.504,0.503,0.493,0.525,0.493,0.51,0.47,0.511,
1,0.605,0.537,0.536,0.535,0.509,0.52,0.522,0.515,0.505,
1,0.612,0.56,0.536,0.539,0.551,0.527,0.517,0.524,0.543,
1,0.457,0.414,0.423,0.391,0.413,0.376,0.397,0.402,0.375,
1,0.599,0.551,0.531,0.511,0.518,0.535,0.503,0.491,0.504,
1,0.578,0.474,0.447,0.477,0.428,0.464,0.5,0.454,0.457,
1,0.605,0.549,0.507,0.507,0.541,0.519,0.525,0.491,0.532,
1,0.616,0.556,0.547,0.521,0.531,0.528,0.522,0.504,0.52,
1,0.571,0.503,0.471,0.466,0.504,0.444,0.458,0.493,0.46,
1,0.568,0.487,0.494,0.489,0.442,0.464,0.494,0.479,0.46,
1,0.651,0.552,0.541,0.553,0.538,0.557,0.539,0.545,0.536,
1,0.62,0.551,0.544,0.563,0.537,0.548,0.547,0.557,0.531,
1,0.549,0.533,0.499,0.475,0.521,0.509,0.51,0.498,0.47,
1,0.539,0.578,0.507,0.525,0.494,0.515,0.528,0.475,0.482,
1,0.564,0.54,0.522,0.517,0.485,0.5,0.488,0.495,0.478,
1,0.568,0.477,0.463,0.492,0.451,0.474,0.489,0.455,0.457,
1,0.607,0.537,0.507,0.512,0.506,0.535,0.515,0.529,0.506,
1,0.599,0.572,0.556,0.556,0.538,0.535,0.556,0.544,0.563,
1,0.62,0.567,0.546,0.505,0.512,0.552,0.526,0.524,0.532,
1,0.645,0.589,0.569,0.546,0.532,0.554,0.531,0.541,0.505,
1,0.59,0.525,0.512,0.477,0.501,0.498,0.504,0.506,0.475,
1,0.51,0.516,0.503,0.48,0.491,0.471,0.471,0.454,0.469,
1,0.649,0.584,0.539,0.543,0.534,0.517,0.531,0.519,0.548,
1,0.597,0.572,0.532,0.509,0.527,0.509,0.512,0.521,0.5,
1,0.587,0.51,0.509,0.534,0.518,0.502,0.507,0.523,0.486,
1,0.609,0.566,0.578,0.533,0.544,0.55,0.542,0.533,0.561,
1,0.579,0.518,0.498,0.5,0.529,0.489,0.508,0.478,0.529,
1,0.455,0.418,0.396,0.374,0.385,0.369,0.378,0.38,0.395,
1,0.603,0.53,0.557,0.514,0.505,0.531,0.513,0.497,0.515,
1,0.615,0.527,0.581,0.524,0.543,0.538,0.501,0.49,0.512,
1,0.593,0.54,0.466,0.498,0.46,0.479,0.473,0.46,0.455,
1,0.611,0.525,0.551,0.509,0.494,0.513,0.524,0.516,0.526,
1,0.566,0.571,0.508,0.512,0.486,0.491,0.515,0.499,0.503,
1,0.526,0.497,0.468,0.455,0.461,0.473,0.453,0.487,0.517,
1,0.59,0.524,0.511,0.49,0.509,0.478,0.464,0.462,0.474,
1,0.563,0.55,0.478,0.467,0.425,0.501,0.501,0.465,0.487,
1,0.551,0.5,0.556,0.51,0.501,0.531,0.484,0.532,0.461,
1,0.535,0.471,0.474,0.428,0.415,0.403,0.379,0.441,0.444,
1,0.584,0.531,0.49,0.517,0.514,0.497,0.497,0.505,0.503,
1,0.57,0.499,0.505,0.513,0.507,0.476,0.478,0.481,0.467,
1,0.627,0.576,0.518,0.53,0.523,0.505,0.534,0.528,0.522,
1,0.522,0.516,0.513,0.475,0.483,0.479,0.503,0.495,0.491,
1,0.637,0.575,0.582,0.55,0.533,0.552,0.53,0.551,0.535,
1,0.578,0.52,0.494,0.465,0.489,0.494,0.5,0.48,0.503,
1,0.582,0.518,0.475,0.452,0.472,0.494,0.477,0.489,0.492,
1,0.622,0.565,0.524,0.544,0.555,0.538,0.555,0.55,0.514,
1,0.562,0.532,0.512,0.498,0.462,0.488,0.487,0.478,0.463,
1,0.618,0.551,0.523,0.495,0.519,0.517,0.501,0.508,0.501,
1,0.56,0.469,0.505,0.48,0.445,0.445,0.424,0.481,0.457,
1,0.632,0.567,0.564,0.502,0.546,0.556,0.53,0.554,0.539,
1,0.553,0.51,0.515,0.479,0.511,0.5,0.473,0.512,0.493,
1,0.533,0.501,0.5,0.476,0.52,0.485,0.464,0.474,0.496,
1,0.629,0.568,0.524,0.538,0.522,0.515,0.513,0.534,0.518,
1,0.58,0.517,0.511,0.436,0.455,0.478,0.454,0.456,0.425,
1,0.493,0.488,0.428,0.402,0.476,0.435,0.392,0.378,0.45,
1,0.578,0.529,0.522,0.526,0.453,0.493,0.503,0.517,0.503,
1,0.565,0.537,0.511,0.506,0.536,0.501,0.482,0.506,0.501,
1,0.627,0.589,0.549,0.545,0.574,0.549,0.57,0.534,0.511,
1,0.598,0.564,0.525,0.506,0.513,0.511,0.535,0.514,0.53,
1,0.675,0.631,0.584,0.575,0.591,0.601,0.606,0.607,0.586,
1,0.599,0.574,0.532,0.518,0.504,0.521,0.523,0.527,0.546,
1,0.506,0.424,0.409,0.431,0.41,0.419,0.473,0.468,0.439,
1,0.63,0.573,0.587,0.577,0.561,0.55,0.562,0.551,0.555,
1,0.581,0.527,0.509,0.489,0.498,0.481,0.489,0.493,0.46,
1,0.684,0.617,0.598,0.588,0.598,0.61,0.607,0.6,0.598,
1,0.676,0.614,0.588,0.586,0.57,0.578,0.589,0.575,0.574,
1,0.618,0.559,0.526,0.566,0.544,0.575,0.533,0.547,0.567,
1,0.638,0.628,0.592,0.561,0.577,0.57,0.542,0.563,0.572,
1,0.65,0.579,0.573,0.564,0.54,0.548,0.515,0.537,0.564,
1,0.62,0.543,0.531,0.527,0.548,0.514,0.545,0.553,0.567,
1,0.583,0.495,0.499,0.441,0.503,0.518,0.499,0.462,0.473,
1,0.639,0.584,0.559,0.57,0.57,0.546,0.59,0.58,0.56,
1,0.63,0.577,0.552,0.542,0.526,0.501,0.545,0.536,0.557,
1,0.676,0.624,0.584,0.57,0.601,0.586,0.563,0.545,0.574,
1,0.669,0.606,0.583,0.6,0.581,0.592,0.574,0.571,0.598,
1,0.585,0.517,0.555,0.494,0.505,0.501,0.474,0.523,0.502,
1,0.685,0.614,0.605,0.608,0.628,0.598,0.596,0.597,0.593,
1,0.541,0.474,0.479,0.477,0.461,0.497,0.485,0.455,0.475,
1,0.595,0.558,0.522,0.512,0.509,0.485,0.521,0.466,0.473,
1,0.543,0.556,0.541,0.524,0.537,0.584,0.527,0.512,0.523,
1,0.607,0.544,0.524,0.527,0.511,0.513,0.523,0.54,0.522,
1,0.546,0.542,0.525,0.532,0.5,0.503,0.524,0.493,0.523,
1,0.64,0.574,0.532,0.579,0.549,0.545,0.558,0.544,0.545,
1,0.596,0.553,0.532,0.539,0.52,0.512,0.556,0.518,0.526,
1,0.611,0.533,0.535,0.511,0.545,0.527,0.529,0.567,0.51,
1,0.607,0.552,0.546,0.511,0.542,0.548,0.555,0.532,0.5,
1,0.675,0.625,0.587,0.584,0.593,0.601,0.595,0.577,0.583,
1,0.653,0.585,0.56,0.558,0.556,0.571,0.578,0.559,0.556,
1,0.635,0.627,0.578,0.587,0.579,0.579,0.549,0.572,0.552,
1,0.636,0.527,0.513,0.521,0.55,0.526,0.507,0.52,0.509,
1,0.678,0.612,0.58,0.59,0.567,0.588,0.58,0.573,0.578,
1,0.574,0.509,0.497,0.496,0.466,0.431,0.448,0.446,0.436,
1,0.612,0.563,0.503,0.523,0.481,0.513,0.494,0.523,0.521,
1,0.63,0.533,0.493,0.541,0.521,0.524,0.527,0.537,0.517,
1,0.489,0.371,0.399,0.384,0.352,0.38,0.412,0.37,0.371,
1,0.632,0.592,0.526,0.579,0.575,0.544,0.527,0.54,0.577,
1,0.551,0.503,0.504,0.478,0.473,0.529,0.51,0.476,0.466,
1,0.615,0.576,0.554,0.539,0.555,0.524,0.52,0.526,0.558,
1,0.581,0.538,0.494,0.496,0.536,0.526,0.484,0.505,0.531,




Further Data analysis of all test cases 
INSTANCEID avg med max min 
INSTANCE1 1, 1, 1, 1, 
INSTANCE2 0.612, 0.621, 0.708, 0.411, 
INSTANCE3 0.557, 0.567, 0.644, 0.35, 
INSTANCE4 0.538, 0.542, 0.632, 0.345, 
INSTANCE5 0.53, 0.538, 0.628, 0.345, 
INSTANCE6 0.526, 0.53, 0.622, 0.345, 
INSTANCE7 0.528, 0.534, 0.623, 0.345, 
INSTANCE8 0.526, 0.532, 0.618, 0.345, 
INSTANCE9 0.526, 0.534, 0.623, 0.345, 
INSTANCE10 0.526, 0.533, 0.625, 0.345, 


INSTANCE1 1, 1, 1, 1, 
INSTANCE2 0.612, 0.622, 0.715, 0.411, 
INSTANCE3 0.555, 0.567, 0.648, 0.35, 
INSTANCE4 0.536, 0.541, 0.639, 0.345, 
INSTANCE5 0.529, 0.535, 0.628, 0.345, 
INSTANCE6 0.527, 0.534, 0.626, 0.344, 
INSTANCE7 0.527, 0.536, 0.619, 0.342, 
INSTANCE8 0.525, 0.53, 0.628, 0.342, 
INSTANCE9 0.525, 0.53, 0.624, 0.342, 
INSTANCE10 0.527, 0.533, 0.624, 0.342, 


INSTANCE1 1, 1, 1, 1, 
INSTANCE2 0.614, 0.621, 0.703, 0.414, 
INSTANCE3 0.559, 0.567, 0.65, 0.356, 
INSTANCE4 0.541, 0.547, 0.634, 0.345, 
INSTANCE5 0.533, 0.54, 0.625, 0.344, 
INSTANCE6 0.531, 0.537, 0.628, 0.344, 
INSTANCE7 0.529, 0.535, 0.623, 0.344, 
INSTANCE8 0.528, 0.533, 0.618, 0.343, 
INSTANCE9 0.527, 0.536, 0.625, 0.343, 
INSTANCE10 0.528, 0.536, 0.62, 0.343, 



