

Data analysis for each instance 
AVG,MED,MAX,MIN
0.786,0.783,1,0.654,
0.793,0.768,0.976,0.701,
0.818,0.83,1,0.705,
0.792,0.798,1,0.697,
0.83,0.808,1,0.718,
0.807,0.804,0.948,0.639,
0.824,0.823,0.945,0.696,
0.779,0.786,1,0.626,
0.753,0.738,1,0.622,
0.83,0.883,1,0.683,
0.851,0.845,1,0.735,
0.798,0.788,0.98,0.677,
0.869,0.913,1,0.685,
0.775,0.765,0.988,0.693,
0.83,0.848,0.983,0.708,
0.738,0.774,1,0.498,
0.842,0.913,0.956,0.672,
0.845,0.869,1,0.71,
0.825,0.817,1,0.723,
0.862,0.891,1,0.697,
0.796,0.774,1,0.739,
0.815,0.819,0.996,0.722,
0.821,0.805,1,0.737,
0.785,0.766,1,0.705,
0.836,0.819,1,0.691,
0.779,0.79,1,0.616,
0.756,0.758,0.977,0.656,
0.83,0.847,0.95,0.662,
0.812,0.81,0.995,0.664,
0.812,0.817,1,0.646,
0.857,0.877,1,0.734,
0.886,0.952,1,0.718,
0.749,0.754,0.983,0.613,
0.862,0.889,1,0.743,
0.785,0.778,1,0.68,
0.736,0.734,0.963,0.607,
0.784,0.782,0.918,0.655,
0.852,0.883,1,0.665,
0.822,0.828,1,0.712,
0.828,0.821,0.985,0.676,
0.864,0.873,1,0.763,
0.761,0.78,1,0.588,
0.805,0.798,1,0.701,
0.833,0.857,1,0.678,
0.865,0.859,1,0.716,
0.824,0.889,0.975,0.608,
0.822,0.809,1,0.739,
0.857,0.921,1,0.666,
0.82,0.804,1,0.713,
0.822,0.823,1,0.713,
0.823,0.837,1,0.686,
0.76,0.776,1,0.592,
0.852,0.836,1,0.773,
0.777,0.762,1,0.66,
0.834,0.864,1,0.641,
0.853,0.876,1,0.637,
0.854,0.858,1,0.709,
0.818,0.842,1,0.664,
0.686,0.722,0.959,0.489,
0.755,0.788,1,0.532,
0.751,0.748,1,0.605,
0.779,0.776,1,0.686,
0.799,0.825,0.923,0.656,
0.833,0.829,1,0.71,
0.78,0.768,1,0.675,
0.81,0.798,1,0.675,
0.775,0.76,0.972,0.695,
0.732,0.762,0.963,0.523,
0.826,0.903,1,0.59,
0.833,0.847,1,0.714,
0.843,0.867,1,0.654,
0.824,0.81,1,0.727,
0.846,0.851,1,0.713,
0.778,0.753,0.995,0.698,
0.84,0.889,1,0.686,
0.841,0.821,1,0.76,
0.835,0.853,1,0.723,
0.854,0.943,1,0.595,
0.702,0.734,1,0.512,
0.791,0.77,1,0.732,
0.807,0.823,1,0.63,
0.696,0.724,1,0.49,
0.87,0.871,1,0.71,
0.818,0.865,1,0.658,
0.829,0.827,1,0.701,
0.75,0.714,1,0.688,
0.8,0.794,1,0.711,
0.825,0.808,1,0.728,
0.837,0.852,0.99,0.699,
0.839,0.861,1,0.715,
0.809,0.799,1,0.724,
0.72,0.728,1,0.548,
0.762,0.782,1,0.581,
0.763,0.75,1,0.648,
0.82,0.808,1,0.699,
0.766,0.75,0.969,0.681,
0.74,0.738,1,0.642,
0.73,0.767,1,0.553,
0.768,0.786,1,0.6,
0.835,0.883,0.984,0.683,
0.761,0.779,1,0.578,
0.855,0.861,1,0.725,
0.826,0.823,1,0.737,
0.729,0.744,0.991,0.54,
0.738,0.792,1,0.467,
0.759,0.775,1,0.586,
0.736,0.766,0.993,0.525,
0.841,0.825,1,0.728,
0.803,0.77,0.995,0.686,
0.844,0.855,1,0.723,
0.789,0.797,0.959,0.662,
0.808,0.798,0.991,0.727,
0.889,0.939,1,0.709,
0.701,0.715,1,0.551,
0.829,0.835,1,0.692,
0.855,0.867,1,0.697,
0.758,0.735,1,0.591,
0.782,0.774,1,0.713,
0.766,0.764,1,0.686,
0.863,0.882,1,0.704,
0.761,0.78,0.999,0.529,
0.852,0.847,1,0.722,
0.833,0.855,1,0.726,
0.842,0.877,1,0.745,
0.819,0.814,1,0.713,
0.852,0.841,1,0.723,
0.784,0.766,1,0.716,
0.823,0.825,1,0.652,
0.824,0.885,1,0.629,
0.839,0.827,1,0.72,
0.756,0.78,1,0.603,
0.679,0.687,0.959,0.474,
0.744,0.724,1,0.649,
0.689,0.693,1,0.479,
0.792,0.744,1,0.655,
0.677,0.697,0.975,0.451,
0.722,0.699,0.994,0.591,
0.694,0.677,1,0.499,
0.705,0.696,1,0.532,
0.698,0.702,1,0.586,
0.69,0.71,1,0.486,
0.71,0.707,0.984,0.5,
0.718,0.713,1,0.562,
0.707,0.726,1,0.523,
0.785,0.758,1,0.687,
0.732,0.742,0.981,0.588,
0.696,0.704,0.998,0.536,
0.685,0.722,1,0.474,
0.731,0.734,1,0.56,
0.693,0.708,1,0.498,
0.722,0.712,1,0.57,
0.718,0.726,0.992,0.549,
0.67,0.692,0.99,0.481,
0.717,0.715,1,0.525,
0.639,0.701,0.981,0.347,
0.744,0.732,1,0.637,
0.686,0.716,1,0.463,
0.701,0.739,0.986,0.491,
0.728,0.756,1,0.559,
0.698,0.692,1,0.529,
0.728,0.708,1,0.606,
0.785,0.766,1,0.683,
0.735,0.722,1,0.621,
0.747,0.736,1,0.565,
0.656,0.692,0.987,0.435,
0.753,0.75,1,0.648,
0.707,0.692,1,0.539,
0.745,0.75,1,0.601,
0.755,0.744,1,0.582,
0.736,0.732,1,0.514,
0.69,0.712,0.988,0.482,
0.729,0.722,1,0.587,
0.714,0.716,1,0.486,
0.739,0.715,1,0.619,
0.816,0.796,1,0.682,
0.695,0.716,1,0.476,
0.691,0.683,1,0.499,
0.7,0.728,1,0.51,
0.734,0.747,1,0.6,
0.765,0.745,1,0.647,
0.704,0.704,1,0.508,
0.634,0.656,0.989,0.384,
0.679,0.676,1,0.472,
0.649,0.673,0.975,0.397,
0.723,0.689,1,0.563,
0.697,0.712,0.97,0.559,
0.664,0.712,1,0.395,
0.693,0.725,1,0.496,
0.8,0.782,1,0.639,
0.786,0.766,1,0.677,
0.76,0.746,1,0.596,
0.758,0.74,1,0.647,
0.718,0.715,1,0.541,
0.75,0.734,0.995,0.67,
0.672,0.692,1,0.434,
0.742,0.697,0.997,0.61,
0.726,0.697,0.985,0.625,
0.74,0.729,0.995,0.57,
0.703,0.677,0.997,0.621,
0.723,0.712,0.992,0.593,
0.761,0.764,1,0.53,
0.743,0.708,1,0.593,
0.693,0.692,1,0.535,
0.731,0.704,1,0.605,
0.703,0.682,0.982,0.611,
0.75,0.751,0.994,0.617,
0.692,0.665,1,0.566,
0.706,0.681,0.999,0.566,
0.714,0.703,1,0.573,
0.688,0.673,1,0.541,
0.705,0.688,0.969,0.585,
0.724,0.704,1,0.577,
0.676,0.635,1,0.605,
0.693,0.674,1,0.576,
0.706,0.696,0.998,0.585,
0.729,0.71,1,0.61,
0.761,0.73,1,0.587,
0.699,0.675,1,0.606,
0.699,0.662,1,0.594,
0.713,0.688,0.963,0.62,
0.681,0.655,0.97,0.586,
0.686,0.681,0.953,0.539,
0.709,0.679,1,0.593,
0.689,0.677,1,0.493,
0.702,0.675,1,0.638,
0.767,0.768,1,0.585,
0.727,0.708,1,0.616,
0.751,0.73,0.992,0.585,
0.707,0.694,1,0.581,
0.731,0.712,1,0.621,
0.66,0.645,0.981,0.531,
0.73,0.71,1,0.618,
0.731,0.718,1,0.588,
0.726,0.716,0.999,0.59,
0.671,0.65,1,0.591,
0.716,0.702,1,0.563,
0.713,0.684,1,0.636,
0.705,0.698,1,0.551,
0.739,0.716,1,0.58,
0.694,0.681,1,0.598,
0.688,0.674,0.989,0.55,
0.749,0.744,1,0.586,
0.741,0.7,1,0.553,
0.761,0.76,1,0.585,
0.764,0.761,1,0.634,
0.762,0.754,1,0.558,
0.717,0.7,1,0.6,
0.714,0.688,1,0.624,
0.698,0.677,0.968,0.615,
0.737,0.75,1,0.59,
0.669,0.643,1,0.558,
0.707,0.683,1,0.546,
0.67,0.64,0.991,0.586,
0.677,0.648,1,0.577,
0.747,0.747,1,0.583,
0.728,0.705,1,0.604,
0.706,0.689,1,0.597,
0.718,0.673,1,0.531,
0.761,0.75,1,0.539,
0.669,0.637,0.977,0.555,
0.685,0.645,1,0.574,
0.682,0.666,1,0.508,
0.717,0.704,1,0.55,
0.646,0.627,0.934,0.503,
0.611,0.584,0.931,0.52,
0.633,0.599,1,0.513,
0.634,0.619,0.974,0.475,
0.643,0.606,1,0.511,
0.617,0.587,1,0.44,
0.672,0.654,0.984,0.499,
0.659,0.641,1,0.505,
0.646,0.637,0.994,0.545,
0.636,0.619,1,0.476,
0.641,0.607,1,0.516,
0.644,0.598,1,0.515,
0.658,0.629,1,0.525,
0.636,0.615,1,0.476,
0.661,0.625,0.93,0.538,
0.651,0.621,1,0.554,
0.666,0.628,1,0.571,
0.651,0.621,0.982,0.526,
0.707,0.677,1,0.568,
0.703,0.686,1,0.573,
0.695,0.661,1,0.571,
0.662,0.643,1,0.509,
0.641,0.611,0.966,0.511,
0.644,0.583,0.996,0.544,
0.661,0.633,1,0.528,
0.641,0.615,0.965,0.48,
0.638,0.605,0.954,0.512,
0.61,0.571,1,0.49,
0.674,0.647,1,0.505,
0.642,0.609,0.96,0.551,
0.674,0.635,1,0.578,
0.582,0.554,0.969,0.434,
0.675,0.665,0.96,0.494,
0.741,0.702,1,0.598,
0.647,0.601,0.997,0.545,
0.683,0.647,1,0.579,
0.718,0.696,1,0.564,
0.667,0.669,0.986,0.527,
0.693,0.683,1,0.573,
0.679,0.659,1,0.561,
0.671,0.629,0.993,0.569,
0.661,0.625,0.972,0.561,
0.681,0.633,1,0.55,
0.662,0.613,1,0.564,
0.689,0.685,1,0.438,
0.643,0.609,1,0.526,
0.689,0.661,0.989,0.611,
0.65,0.613,1,0.497,
0.668,0.637,1,0.493,
0.647,0.625,1,0.478,
0.625,0.618,0.994,0.476,
0.645,0.627,1,0.533,
0.706,0.712,1,0.537,
0.688,0.654,1,0.574,
0.649,0.631,0.975,0.5,
0.645,0.618,1,0.543,
0.688,0.643,1,0.562,
0.652,0.643,1,0.531,
0.685,0.658,1,0.531,
0.642,0.637,0.962,0.476,
0.677,0.663,1,0.528,
0.704,0.712,0.976,0.506,
0.686,0.693,1,0.522,
0.688,0.704,1,0.529,
0.689,0.691,1,0.536,
0.665,0.633,1,0.521,
0.692,0.68,1,0.497,
0.633,0.609,1,0.509,
0.688,0.68,1,0.558,
0.649,0.613,1,0.548,
0.685,0.679,1,0.553,
0.666,0.651,1,0.539,
0.637,0.629,0.936,0.508,
0.671,0.659,1,0.537,
0.665,0.641,0.996,0.53,
0.73,0.722,1,0.541,
0.693,0.673,1,0.568,
0.653,0.657,0.949,0.485,
0.65,0.619,1,0.503,
0.62,0.59,0.919,0.543,
0.694,0.669,1,0.543,
0.674,0.659,1,0.538,
0.695,0.677,1,0.571,
0.647,0.665,1,0.423,
0.662,0.663,1,0.474,
0.646,0.657,1,0.448,
0.629,0.595,0.922,0.445,
0.696,0.673,1,0.537,
0.698,0.69,1,0.555,
0.657,0.641,0.978,0.481,
0.656,0.651,1,0.476,
0.664,0.657,0.978,0.545,
0.742,0.725,1,0.549,
0.688,0.673,1,0.529,
0.687,0.669,1,0.486,
0.635,0.603,1,0.461,
0.678,0.674,0.96,0.513,
0.618,0.589,0.94,0.495,
0.625,0.605,1,0.501,
0.648,0.621,1,0.526,
0.668,0.647,0.995,0.513,
0.688,0.693,1,0.496,
0.701,0.694,1,0.51,
0.654,0.625,1,0.534,
0.711,0.683,1,0.556,
0.615,0.589,0.963,0.499,
0.656,0.657,1,0.488,
0.656,0.615,1,0.478,
0.647,0.616,1,0.538,
0.651,0.617,1,0.543,
0.624,0.621,0.904,0.49,
0.696,0.718,1,0.494,
0.666,0.635,1,0.481,
0.677,0.652,1,0.512,
0.674,0.649,1,0.5,
0.664,0.662,1,0.46,
0.683,0.648,1,0.548,
0.651,0.637,1,0.516,
0.664,0.655,1,0.447,
0.674,0.671,0.969,0.526,
0.718,0.72,1,0.558,
0.642,0.603,1,0.556,
0.663,0.669,1,0.467,
0.661,0.641,0.974,0.527,
0.693,0.692,0.997,0.545,
0.626,0.606,0.955,0.456,
0.688,0.7,1,0.455,
0.662,0.682,0.974,0.443,
0.628,0.621,0.982,0.46,
0.649,0.678,0.99,0.463,
0.647,0.675,0.995,0.43,
0.636,0.659,0.985,0.432,
0.657,0.688,1,0.464,
0.628,0.614,0.96,0.495,
0.654,0.645,1,0.495,
0.669,0.671,1,0.461,
0.63,0.635,0.957,0.505,
0.661,0.655,0.939,0.498,
0.647,0.718,0.955,0.402,
0.618,0.634,0.963,0.429,
0.602,0.564,0.97,0.526,
0.669,0.663,0.991,0.523,
0.689,0.716,1,0.473,
0.62,0.607,0.97,0.458,
0.612,0.587,1,0.48,
0.615,0.631,0.92,0.393,
0.63,0.602,1,0.448,
0.706,0.707,1,0.526,
0.65,0.639,1,0.478,
0.684,0.711,1,0.439,
0.655,0.657,0.978,0.471,
0.686,0.716,0.963,0.506,
0.604,0.578,0.999,0.457,
0.616,0.663,0.982,0.392,
0.677,0.649,0.996,0.529,
0.624,0.601,1,0.474,
0.593,0.591,0.88,0.417,
0.641,0.629,1,0.467,
0.618,0.604,1,0.431,
0.638,0.629,1,0.468,
0.586,0.564,0.933,0.416,
0.58,0.552,0.882,0.463,
0.67,0.686,1,0.483,
0.642,0.633,1,0.455,
0.642,0.702,0.926,0.434,
0.66,0.637,1,0.5,
0.613,0.619,0.946,0.455,
0.616,0.591,0.989,0.466,
0.627,0.611,0.995,0.48,
0.651,0.636,1,0.494,
0.655,0.661,1,0.428,
0.602,0.562,0.997,0.482,
0.633,0.613,0.996,0.518,
0.677,0.675,1,0.53,
0.668,0.671,1,0.484,
0.65,0.645,1,0.466,
0.68,0.677,0.999,0.462,
0.654,0.647,1,0.442,
0.62,0.601,1,0.442,
0.642,0.616,0.967,0.477,
0.65,0.661,0.968,0.499,
0.66,0.659,1,0.438,
0.676,0.651,0.98,0.441,
0.677,0.67,1,0.484,
0.632,0.618,0.979,0.484,
0.672,0.686,0.998,0.487,
0.591,0.577,0.939,0.421,


0.721,0.696,1,0.608,
0.77,0.714,1,0.641,
0.792,0.798,1,0.649,
0.727,0.685,1,0.603,
0.74,0.702,1,0.66,
0.789,0.824,1,0.583,
0.813,0.858,1,0.554,
0.724,0.702,1,0.596,
0.706,0.68,1,0.584,
0.781,0.843,1,0.577,
0.781,0.738,1,0.683,
0.839,0.895,1,0.599,
0.804,0.841,1,0.582,
0.749,0.708,1,0.631,
0.839,0.929,1,0.562,
0.691,0.702,1,0.468,
0.791,0.871,1,0.52,
0.788,0.794,1,0.63,
0.772,0.724,1,0.659,
0.813,0.867,1,0.664,
0.833,0.9,1,0.573,
0.793,0.839,1,0.592,
0.758,0.738,1,0.636,
0.729,0.711,1,0.64,
0.76,0.732,1,0.626,
0.736,0.708,1,0.587,
0.716,0.687,1,0.57,
0.818,0.847,1,0.579,
0.805,0.861,1,0.594,
0.807,0.849,1,0.633,
0.824,0.882,1,0.594,
0.809,0.883,1,0.617,
0.708,0.707,1,0.569,
0.827,0.865,0.995,0.64,
0.718,0.699,1,0.641,
0.718,0.694,1,0.572,
0.811,0.871,1,0.577,
0.77,0.802,1,0.571,
0.785,0.79,0.994,0.605,
0.808,0.869,1,0.585,
0.813,0.861,1,0.62,
0.718,0.71,1,0.576,
0.763,0.724,1,0.644,
0.796,0.83,0.988,0.583,
0.842,0.917,1,0.641,
0.789,0.857,1,0.58,
0.794,0.796,1,0.632,
0.806,0.916,1,0.589,
0.759,0.757,1,0.605,
0.793,0.814,1,0.624,
0.783,0.78,1,0.589,
0.729,0.72,1,0.572,
0.764,0.725,1,0.67,
0.759,0.722,1,0.643,
0.816,0.892,1,0.613,
0.807,0.843,1,0.64,
0.818,0.855,1,0.633,
0.836,0.925,1,0.567,
0.688,0.696,1,0.434,
0.706,0.716,1,0.517,
0.706,0.704,1,0.553,
0.746,0.721,1,0.612,
0.79,0.818,1,0.584,
0.816,0.84,1,0.638,
0.732,0.701,1,0.623,
0.733,0.704,1,0.653,
0.742,0.736,1,0.585,
0.669,0.656,1,0.48,
0.776,0.853,1,0.496,
0.81,0.849,1,0.602,
0.786,0.851,0.926,0.58,
0.762,0.704,1,0.626,
0.81,0.861,1,0.61,
0.728,0.693,1,0.644,
0.812,0.857,1,0.56,
0.751,0.721,1,0.601,
0.82,0.895,1,0.58,
0.794,0.852,1,0.588,
0.657,0.669,1,0.419,
0.738,0.705,1,0.628,
0.806,0.868,1,0.545,
0.673,0.681,1,0.457,
0.779,0.811,1,0.639,
0.823,0.895,1,0.599,
0.822,0.854,1,0.64,
0.831,0.877,1,0.638,
0.763,0.742,1,0.649,
0.762,0.752,1,0.629,
0.82,0.849,1,0.612,
0.834,0.854,1,0.608,
0.706,0.673,1,0.624,
0.685,0.702,1,0.508,
0.701,0.693,1,0.555,
0.735,0.707,1,0.588,
0.792,0.799,1,0.607,
0.744,0.722,1,0.596,
0.698,0.675,1,0.58,
0.695,0.702,1,0.502,
0.697,0.669,1,0.572,
0.828,0.869,1,0.56,
0.713,0.708,1,0.569,
0.797,0.819,1,0.64,
0.801,0.837,1,0.599,
0.693,0.704,1,0.51,
0.68,0.689,1,0.458,
0.703,0.704,1,0.538,
0.694,0.712,1,0.463,
0.737,0.712,0.995,0.643,
0.752,0.714,1,0.658,
0.779,0.791,1,0.577,
0.806,0.845,1,0.571,
0.759,0.714,1,0.64,
0.827,0.891,1,0.629,
0.694,0.692,1,0.502,
0.764,0.808,1,0.599,
0.814,0.915,0.962,0.584,
0.706,0.642,1,0.555,
0.823,0.893,1,0.639,
0.718,0.702,1,0.607,
0.775,0.782,1,0.634,
0.707,0.722,1,0.51,
0.766,0.714,1,0.644,
0.79,0.839,1,0.589,
0.799,0.865,1,0.604,
0.809,0.839,1,0.666,
0.777,0.726,1,0.633,
0.738,0.716,1,0.628,
0.758,0.708,1,0.654,
0.76,0.819,1,0.536,
0.76,0.716,1,0.627,
0.721,0.715,1,0.579,
0.598,0.593,1,0.357,
0.631,0.599,1,0.477,
0.62,0.613,1,0.381,
0.681,0.633,1,0.537,
0.591,0.599,1,0.327,
0.609,0.579,1,0.482,
0.606,0.597,1,0.402,
0.605,0.587,1,0.431,
0.598,0.554,1,0.394,
0.634,0.603,1,0.409,
0.607,0.609,1,0.403,
0.634,0.597,1,0.47,
0.615,0.618,1,0.383,
0.678,0.621,1,0.515,
0.632,0.596,1,0.437,
0.62,0.607,1,0.372,
0.609,0.627,1,0.375,
0.652,0.623,1,0.443,
0.608,0.605,1,0.383,
0.65,0.613,1,0.468,
0.613,0.591,1,0.443,
0.59,0.577,1,0.347,
0.615,0.597,1,0.422,
0.571,0.615,1,0.264,
0.651,0.617,1,0.489,
0.621,0.606,1,0.4,
0.618,0.601,1,0.383,
0.612,0.593,1,0.401,
0.603,0.568,1,0.445,
0.592,0.587,0.978,0.38,
0.634,0.611,1,0.495,
0.647,0.619,1,0.525,
0.622,0.609,1,0.458,
0.609,0.598,1,0.349,
0.633,0.603,1,0.449,
0.628,0.599,1,0.443,
0.636,0.611,0.998,0.412,
0.645,0.615,1,0.501,
0.637,0.627,1,0.448,
0.612,0.587,1,0.371,
0.604,0.581,1,0.4,
0.598,0.601,1,0.383,
0.606,0.569,1,0.422,
0.666,0.619,1,0.514,
0.577,0.573,0.982,0.343,
0.605,0.597,1,0.371,
0.603,0.603,1,0.352,
0.628,0.615,1,0.456,
0.643,0.617,1,0.502,
0.591,0.63,1,0.353,
0.584,0.597,1,0.323,
0.594,0.589,1,0.412,
0.581,0.614,1,0.325,
0.627,0.613,1,0.4,
0.595,0.579,1,0.386,
0.584,0.599,1,0.317,
0.59,0.582,1,0.348,
0.658,0.617,1,0.492,
0.671,0.623,1,0.544,
0.648,0.617,1,0.488,
0.637,0.581,1,0.495,
0.618,0.597,1,0.409,
0.633,0.598,1,0.462,
0.582,0.562,1,0.353,
0.662,0.688,1,0.411,
0.615,0.609,1,0.429,
0.669,0.72,1,0.436,
0.602,0.572,1,0.432,
0.632,0.63,1,0.451,
0.643,0.693,1,0.406,
0.625,0.597,1,0.414,
0.536,0.485,1,0.428,
0.625,0.607,1,0.465,
0.59,0.557,1,0.415,
0.623,0.618,1,0.413,
0.591,0.552,1,0.454,
0.616,0.616,1,0.428,
0.619,0.612,0.998,0.46,
0.578,0.536,1,0.444,
0.587,0.573,1,0.417,
0.586,0.565,1,0.428,
0.559,0.514,1,0.418,
0.589,0.567,1,0.431,
0.597,0.569,1,0.431,
0.633,0.625,1,0.447,
0.604,0.577,1,0.405,
0.593,0.569,1,0.459,
0.596,0.579,1,0.441,
0.617,0.597,1,0.421,
0.622,0.613,1,0.432,
0.591,0.573,1,0.386,
0.607,0.596,1,0.434,
0.622,0.604,1,0.441,
0.631,0.619,1,0.438,
0.615,0.579,1,0.434,
0.576,0.544,1,0.444,
0.706,0.744,1,0.406,
0.583,0.541,1,0.437,
0.608,0.615,1,0.42,
0.629,0.62,1,0.409,
0.561,0.515,1,0.428,
0.633,0.579,1,0.429,
0.623,0.631,1,0.422,
0.575,0.575,1,0.409,
0.608,0.583,1,0.419,
0.624,0.611,1,0.443,
0.61,0.589,1,0.38,
0.667,0.696,1,0.436,
0.584,0.585,1,0.431,
0.62,0.599,1,0.429,
0.607,0.544,1,0.436,
0.692,0.774,1,0.439,
0.618,0.573,1,0.425,
0.593,0.58,1,0.399,
0.653,0.686,1,0.42,
0.617,0.591,1,0.46,
0.627,0.637,1,0.445,
0.587,0.571,1,0.415,
0.613,0.585,1,0.416,
0.608,0.607,1,0.43,
0.615,0.586,1,0.422,
0.577,0.558,1,0.424,
0.606,0.585,1,0.441,
0.653,0.603,1,0.436,
0.617,0.623,1,0.46,
0.639,0.645,1,0.444,
0.617,0.582,1,0.432,
0.6,0.586,1,0.404,
0.513,0.444,1,0.363,
0.545,0.524,1,0.373,
0.558,0.536,1,0.372,
0.567,0.553,1,0.402,
0.495,0.43,1,0.35,
0.499,0.444,1,0.332,
0.506,0.426,1,0.378,
0.5,0.417,1,0.371,
0.502,0.433,1,0.336,
0.488,0.42,1,0.356,
0.496,0.423,1,0.366,
0.519,0.455,1,0.372,
0.508,0.451,1,0.358,
0.512,0.422,1,0.352,
0.508,0.423,1,0.355,
0.473,0.398,1,0.324,
0.487,0.435,1,0.356,
0.488,0.401,1,0.347,
0.532,0.494,1,0.342,
0.517,0.479,1,0.372,
0.504,0.429,1,0.373,
0.509,0.437,1,0.371,
0.537,0.51,1,0.376,
0.524,0.487,0.989,0.379,
0.54,0.5,1,0.387,
0.529,0.483,1,0.331,
0.522,0.467,1,0.343,
0.511,0.473,1,0.336,
0.523,0.455,1,0.401,
0.504,0.445,1,0.31,
0.514,0.482,1,0.351,
0.494,0.426,1,0.364,
0.5,0.43,1,0.381,
0.508,0.426,1,0.354,
0.52,0.466,1,0.392,
0.485,0.393,1,0.34,
0.54,0.528,1,0.351,
0.555,0.532,1,0.386,
0.498,0.424,1,0.348,
0.522,0.461,1,0.368,
0.553,0.526,1,0.392,
0.531,0.492,1,0.36,
0.546,0.518,1,0.386,
0.543,0.496,1,0.384,
0.542,0.484,1,0.386,
0.522,0.468,1,0.373,
0.502,0.44,1,0.361,
0.519,0.46,1,0.362,
0.515,0.47,1,0.358,
0.482,0.402,1,0.35,
0.512,0.467,1,0.356,
0.505,0.448,1,0.36,
0.528,0.512,1,0.367,
0.526,0.51,1,0.365,
0.51,0.429,1,0.338,
0.495,0.439,1,0.356,
0.529,0.495,1,0.379,
0.548,0.536,0.996,0.392,
0.514,0.452,1,0.373,
0.491,0.427,1,0.379,
0.54,0.47,1,0.405,
0.516,0.434,1,0.366,
0.582,0.579,1,0.371,
0.532,0.516,1,0.339,
0.594,0.593,0.991,0.362,
0.555,0.536,1,0.351,
0.555,0.554,1,0.347,
0.534,0.503,1,0.361,
0.563,0.568,1,0.34,
0.568,0.573,1,0.364,
0.561,0.578,1,0.34,
0.535,0.506,1,0.345,
0.569,0.56,1,0.397,
0.57,0.562,1,0.375,
0.545,0.528,1,0.364,
0.551,0.54,1,0.336,
0.555,0.55,1,0.343,
0.573,0.586,1,0.333,
0.55,0.536,1,0.351,
0.641,0.698,0.981,0.401,
0.571,0.56,1,0.372,
0.548,0.528,1,0.354,
0.553,0.523,1,0.377,
0.559,0.587,1,0.335,
0.558,0.55,1,0.36,
0.571,0.575,1,0.326,
0.509,0.475,1,0.365,
0.55,0.556,1,0.348,
0.537,0.528,1,0.327,
0.525,0.518,1,0.321,
0.552,0.525,1,0.351,
0.578,0.543,1,0.375,
0.598,0.605,1,0.356,
0.551,0.556,1,0.35,
0.553,0.556,1,0.337,
0.608,0.627,1,0.347,
0.617,0.621,1,0.374,
0.56,0.543,1,0.372,
0.585,0.585,1,0.36,
0.521,0.469,1,0.391,
0.58,0.585,1,0.341,
0.545,0.539,1,0.348,
0.53,0.52,1,0.346,
0.553,0.543,1,0.354,
0.557,0.534,1,0.367,
0.596,0.633,1,0.353,
0.584,0.6,1,0.356,
0.528,0.495,1,0.407,
0.583,0.589,1,0.389,
0.514,0.492,1,0.339,
0.55,0.544,1,0.344,
0.537,0.529,1,0.332,
0.548,0.508,1,0.407,
0.552,0.524,1,0.373,
0.537,0.54,1,0.338,
0.563,0.56,1,0.355,
0.564,0.561,1,0.371,
0.604,0.633,1,0.357,
0.572,0.572,1,0.343,
0.561,0.554,1,0.349,
0.552,0.544,1,0.397,
0.572,0.571,1,0.343,
0.553,0.564,1,0.36,
0.586,0.621,1,0.345,
0.598,0.589,1,0.371,
0.505,0.473,1,0.359,
0.535,0.528,1,0.324,
0.518,0.498,1,0.331,
0.582,0.618,1,0.359,
0.506,0.492,1,0.323,
0.506,0.456,1,0.341,
0.531,0.531,1,0.315,
0.529,0.524,1,0.319,
0.571,0.631,1,0.305,
0.56,0.587,1,0.313,
0.525,0.518,1,0.283,
0.507,0.487,1,0.321,
0.524,0.54,1,0.317,
0.556,0.589,1,0.316,
0.549,0.57,1,0.319,
0.51,0.486,1,0.326,
0.515,0.504,1,0.315,
0.541,0.569,1,0.29,
0.536,0.557,1,0.283,
0.522,0.511,1,0.328,
0.526,0.509,1,0.341,
0.527,0.514,1,0.312,
0.522,0.502,1,0.332,
0.533,0.53,1,0.328,
0.524,0.52,1,0.316,
0.539,0.531,1,0.324,
0.503,0.451,1,0.339,
0.513,0.501,1,0.319,
0.514,0.485,1,0.336,
0.54,0.54,1,0.33,
0.595,0.673,1,0.324,
0.501,0.469,1,0.346,
0.508,0.51,1,0.288,
0.515,0.481,1,0.344,
0.548,0.549,1,0.339,
0.487,0.452,1,0.293,
0.494,0.451,1,0.346,
0.514,0.526,1,0.317,
0.562,0.57,1,0.359,
0.504,0.488,1,0.322,
0.514,0.516,1,0.321,
0.532,0.533,1,0.32,
0.539,0.545,1,0.335,
0.521,0.502,1,0.306,
0.536,0.529,1,0.339,
0.515,0.51,1,0.306,
0.523,0.526,1,0.318,
0.519,0.508,1,0.342,
0.539,0.536,1,0.349,
0.538,0.558,1,0.329,
0.518,0.494,1,0.339,
0.533,0.528,1,0.33,
0.551,0.546,1,0.345,
0.538,0.53,1,0.351,
0.494,0.476,1,0.315,
0.518,0.495,1,0.339,
0.497,0.467,0.998,0.352,
0.506,0.477,1,0.35,
0.519,0.485,1,0.326,
0.501,0.491,1,0.312,
0.504,0.469,1,0.34,
0.576,0.62,1,0.328,
0.532,0.528,1,0.35,
0.493,0.476,1,0.335,
0.545,0.562,1,0.343,
0.538,0.546,1,0.329,




Further Data analysis of all test cases 
avg med max min 
AVGs,0.718,0.701,0.889,0.58,
MEDs,0.712,0.699,0.952,0.552,
MAXs,0.991,1,1,0.88,
MINs,0.568,0.554,0.773,0.347,


AVGs,0.625,0.602,0.842,0.473,
MEDs,0.615,0.589,0.929,0.393,
MAXs,0.999,1,1,0.926,
MINs,0.441,0.406,0.683,0.264,



