

Data analysis for each instance£º 
AVG,MED,MAX,MIN
0.003,0.001,0.082,-0.005,
0.004,0.001,0.06,-0.006,
0.004,0.002,0.066,-0.037,
0.005,0.003,0.073,-0.003,
0.003,0.001,0.049,-0.005,
0.005,0.002,0.1,-0,
0.008,0.001,0.187,-0.001,
0.007,0.002,0.193,-0.003,
0.006,0.002,0.097,-0.003,
0.004,0.001,0.112,-0.002,
0.005,0.002,0.053,-0.003,
0.005,0.002,0.055,-0.006,
0.005,0.002,0.069,-0.003,
0.004,0.001,0.101,-0.004,
0.005,0.002,0.068,-0.001,
0.003,0.001,0.07,-0.003,
0.007,0.001,0.121,-0.005,
0.009,0.001,0.152,-0.009,
0.002,0.001,0.048,-0.012,
0.005,0.001,0.101,-0.008,
0.005,0.001,0.078,-0.01,
0.005,0.001,0.115,-0.009,
0.009,0.003,0.17,0,
0.003,0.001,0.066,-0.014,
0.006,0.001,0.098,-0.001,
0.004,0.001,0.046,-0.007,
0.005,0.002,0.077,-0.011,
0.004,0.002,0.058,-0.003,
0.003,0.001,0.035,-0.006,
0.004,0.001,0.127,-0.005,
0.003,0.001,0.036,-0.009,
0.003,0.001,0.036,-0.006,
0.005,0.002,0.051,-0.005,
0.004,0.001,0.074,-0.008,
0.006,0.002,0.093,-0.002,
0.004,0.001,0.065,-0.009,
0.004,0.001,0.066,-0.004,
0.002,0,0.088,-0.008,
0.005,0.002,0.082,-0.006,
0.004,0.001,0.103,-0.017,
0.006,0.001,0.103,-0.005,
0.006,0.002,0.082,-0.008,
0.005,0.001,0.12,-0.005,
0.005,0.001,0.072,-0.011,
0.005,0.001,0.068,-0.004,
0.009,0.001,0.152,-0.002,
0.004,0.001,0.062,-0.011,
0.004,0.002,0.09,-0.003,
0.004,0.001,0.09,-0.003,
0.005,0.001,0.059,-0.002,
0.004,0.001,0.063,-0.009,
0.002,0.001,0.036,-0.025,
0.004,0.001,0.06,-0.003,
0.003,0.001,0.037,-0.018,
0.006,0.002,0.078,-0.002,
0.004,0.001,0.082,-0.01,
0.004,0.002,0.05,-0.008,
0.005,0.002,0.135,-0.004,
0.006,0.001,0.17,-0.005,
0.004,0.001,0.07,-0.009,
0.003,0.001,0.043,-0.011,
0.004,0.001,0.048,-0.002,
0.002,0,0.071,-0.016,
0.005,0.001,0.09,-0.004,
0.004,0.001,0.09,-0.005,
0.005,0.002,0.09,-0.008,
0.004,0.001,0.097,-0.008,
0.003,0.001,0.038,-0.004,
0.004,0.002,0.039,-0.002,
0.002,0.001,0.051,-0.045,
0.004,0,0.074,-0.005,
0.004,0.001,0.055,-0.007,
0.003,0.001,0.07,-0.014,
0.004,0.001,0.064,-0.006,
0.007,0.001,0.115,-0.005,
0.002,0.001,0.033,-0.007,
0.003,0.001,0.055,-0.005,
0.005,0.002,0.051,-0.004,
0.006,0.001,0.11,-0.005,
0.002,0.001,0.04,-0.049,
0.004,0,0.123,-0.017,
0.005,0.001,0.13,-0.007,
0.003,0.001,0.05,-0.004,
0.005,0.002,0.05,-0.002,
0.005,0.001,0.125,-0.003,
0.004,0.001,0.067,-0.007,
0.004,0.002,0.062,-0.002,
0.001,0,0.032,-0.01,
0.005,0.001,0.082,-0.005,
0.003,0.001,0.094,-0.004,
0.004,0.001,0.092,-0.008,
0.005,0.002,0.097,-0.004,
0.006,0.002,0.113,0,
0.005,0.001,0.095,-0.001,
0.004,0.001,0.034,-0.009,
0.005,0.001,0.115,-0.003,
0.006,0.001,0.148,-0.009,
0.005,0.003,0.033,-0.001,
0.003,0.001,0.072,-0.009,
0.004,0.001,0.086,-0.005,
0.004,0.001,0.11,-0.006,
0.01,0.002,0.173,-0,
0.004,0.001,0.053,-0.003,
0.004,0.002,0.056,-0.002,
0.007,0.001,0.172,-0.005,
0.005,0.001,0.104,-0.001,
0.003,0.001,0.115,-0.042,
0.006,0.001,0.125,-0.003,
0.006,0.002,0.1,-0.001,
0.007,0.001,0.141,-0.001,
0.004,0.001,0.07,-0.002,
0.005,0.001,0.127,-0.003,
0.005,0.002,0.099,-0.007,
0.003,0.001,0.097,-0.005,
0.004,0.001,0.034,-0,
0.005,0.002,0.087,-0.007,
0.005,0.002,0.06,-0.002,
0.003,0.001,0.047,-0.005,
0.003,0.001,0.072,-0.003,
0.004,0.001,0.104,-0.008,
0.003,0.001,0.054,-0.019,
0.004,0.001,0.125,-0.004,
0.005,0.001,0.098,-0.004,
0.008,0.001,0.16,-0.012,
0.005,0.001,0.067,-0.003,
0.006,0.001,0.178,-0.001,
0.005,0.002,0.116,-0.003,
0.004,0.001,0.091,-0.016,
0.004,0.002,0.072,-0.005,
0.003,0.001,0.053,-0.005,
0.003,0.001,0.079,-0.003,
0.005,0.002,0.103,-0.002,
0.005,0.001,0.114,-0.005,
0.004,0.002,0.066,-0.005,
0.003,0.001,0.121,-0.008,
0.006,0,0.178,-0.027,
0.002,0.001,0.022,-0.018,
0.005,0.002,0.104,-0.003,
0.003,0.001,0.055,-0.007,
0.003,0.001,0.039,-0.007,
0.006,0.001,0.126,-0.004,
0.005,0.001,0.115,-0.011,
0.004,0.001,0.054,-0.002,
0.006,0.001,0.117,-0,
0.004,0.001,0.085,-0.007,
0.003,0.001,0.074,-0.002,
0.003,0.001,0.044,-0.004,
0.006,0.002,0.134,0,
0.003,0.001,0.039,-0.006,
0.003,0.001,0.093,-0.019,
0.005,0.002,0.086,-0.002,
0.003,0.001,0.073,-0.007,
0.004,0.002,0.052,-0.015,
0.004,0.002,0.062,-0.007,
0.006,0.001,0.138,-0.004,
0.006,0.001,0.156,-0.001,
0.006,0.001,0.142,-0.005,
0.003,0.001,0.114,-0.008,
0.003,0.001,0.064,-0.004,
0.002,0,0.043,-0.004,
0.004,0.001,0.102,-0.012,
0.003,0.001,0.069,-0.014,
0.004,0.001,0.044,-0.002,
0.003,0.001,0.053,-0.009,
0.003,0.001,0.034,-0.017,
0.005,0.002,0.047,-0.003,
0.004,0.001,0.133,-0.01,
0.006,0.001,0.112,-0.002,
0.001,0.001,0.054,-0.011,
0.004,0.001,0.095,-0.006,
0.005,0.002,0.079,-0.025,
0.005,0.002,0.102,-0.004,
0.006,0.002,0.091,-0.034,
0.005,0.002,0.069,-0.009,
0.004,0.001,0.05,-0.004,
0.003,0.001,0.076,-0.019,
0.005,0.001,0.11,-0.004,
0.007,0.001,0.089,-0.006,
0.004,0.001,0.074,-0.009,
0.005,0.002,0.057,-0.003,
0.005,0.002,0.095,-0.003,
0.002,0,0.063,-0.026,
0.006,0.002,0.114,-0.004,
0.003,0.001,0.025,-0.004,
0.003,0.001,0.05,-0.005,
0.005,0.001,0.105,-0.003,
0.003,0.002,0.056,-0.026,
0.005,0.002,0.102,-0.005,
0.004,0.002,0.036,-0.003,
0.003,0.001,0.102,-0.026,
0.005,0.001,0.129,-0.003,
0.004,0.001,0.05,-0.01,
0.005,0.001,0.108,-0.001,
0.004,0.001,0.043,-0.003,
0.006,0.002,0.088,-0.006,
0.003,0.001,0.091,-0.013,
0.004,0.001,0.062,-0.009,
0.004,0.001,0.058,-0.009,
0.004,0.001,0.031,-0.003,
0.004,0.002,0.087,-0.002,
0.005,0.001,0.107,-0.008,
0.005,0.001,0.107,-0.012,
0.005,0.001,0.127,-0.006,
0.004,0.001,0.091,-0.002,
0.004,0.001,0.1,-0.006,
0.004,0.001,0.087,-0.007,
0.004,0.001,0.123,-0.006,
0.003,0.001,0.037,-0.002,
0.005,0.002,0.081,-0.009,
0.006,0.002,0.133,-0.007,
0.005,0.001,0.083,-0.003,
0.006,0.001,0.099,-0.023,
0.005,0.001,0.092,-0.001,
0.005,0.002,0.036,-0.001,
0.005,0.001,0.085,-0.005,
0.003,0.001,0.07,-0.01,
0.006,0.001,0.083,-0.003,
0.003,0.001,0.048,-0.002,
0.004,0.002,0.103,-0.007,
0.006,0.001,0.086,-0.003,
0.003,0.001,0.073,-0.012,
0.003,0.001,0.108,-0.004,
0.004,0.001,0.049,-0.004,
0.004,0.001,0.134,-0.009,
0.005,0.002,0.102,-0.003,
0.004,0.001,0.094,-0.006,
0.003,0.001,0.026,-0.001,
0.003,0.001,0.099,-0.007,
0.003,0.001,0.051,-0.009,
0.003,0.001,0.093,-0.007,
0.003,0.001,0.038,-0.007,
0.005,0.001,0.141,-0.003,
0.003,0.001,0.084,-0.012,
0.004,0.002,0.11,-0.01,
0.006,0.001,0.118,-0.002,
0.003,0.002,0.03,-0.002,
0.003,0.001,0.05,-0.001,
0.004,0.001,0.08,-0.007,
0.003,0.001,0.061,-0.007,
0.005,0.001,0.069,-0.003,
0.002,0.001,0.062,-0.019,
0.002,0.001,0.075,-0.009,
0.003,0.001,0.069,-0.04,
0.005,0.002,0.134,-0.002,
0.004,0.002,0.051,-0.003,
0.003,0.001,0.046,-0.003,
0.004,0,0.063,-0.015,
0.005,0.002,0.035,-0.009,
0.004,0.001,0.071,-0.006,
0.004,0.001,0.084,-0.003,
0.005,0.001,0.124,-0.009,
0.004,0.001,0.079,-0.003,
0.005,0.001,0.14,-0.006,
0.005,0.002,0.093,-0.009,
0.004,0.001,0.058,-0.005,
0.005,0.001,0.117,-0.006,
0.005,0.001,0.088,-0.003,
0.005,0.001,0.092,-0.002,
0.005,0.002,0.069,-0.003,
0.004,0.001,0.088,-0.003,
0.005,0.002,0.117,-0.001,
0.006,0.002,0.103,-0.003,
0.004,0.002,0.047,-0.033,
0.006,0.002,0.149,-0.004,
0.005,0.001,0.126,-0.011,
0.005,0.001,0.111,-0.004,
0.004,0.002,0.055,-0.025,
0.005,0.002,0.078,-0.008,
0.003,0.001,0.035,-0.006,
0.003,0,0.067,-0.011,
0.005,0.001,0.081,-0.023,
0.006,0.002,0.088,-0.008,
0.004,0.001,0.033,-0.014,
0.004,0.002,0.042,-0.002,
0.005,0.001,0.079,-0.009,
0.003,0.001,0.05,-0.009,
0.005,0.002,0.086,-0.004,
0.006,0.001,0.133,-0.009,
0.003,0.001,0.047,-0.003,
0.004,0.001,0.097,-0.007,
0.005,0.001,0.096,-0.006,
0.003,0.001,0.058,-0.007,
0.003,0.001,0.033,-0.009,
0.004,0.001,0.08,-0.012,
0.004,0.002,0.049,-0.016,
0.003,0.001,0.042,-0.019,
0.003,0.001,0.073,-0.002,
0.003,0.001,0.061,-0.012,
0.004,0.001,0.06,-0.01,
0.004,0.001,0.071,-0.003,
0.005,0.001,0.131,-0.003,
0.004,0.002,0.07,-0.016,
0.003,0,0.124,-0.003,
0.005,0.002,0.067,-0.005,
0.006,0.001,0.085,-0.009,
0.003,0.001,0.054,-0.005,
0.005,0.001,0.123,-0.006,
0.005,0.001,0.114,-0.005,
0.005,0.002,0.086,-0.001,
0.003,0.001,0.054,-0.004,
0.004,0.001,0.115,-0.004,
0.004,0.001,0.089,-0.006,
0.006,0.001,0.143,-0.008,
0.007,0.002,0.176,-0.007,
0.004,0.001,0.076,-0.006,
0.003,0.001,0.036,-0.046,
0.004,0.001,0.092,-0.009,
0.003,0.001,0.063,-0.013,
0.004,0.001,0.159,-0.028,
0.003,0,0.118,-0.007,
0.003,0.001,0.11,-0.008,
0.003,0.001,0.04,-0.009,
0.005,0.001,0.101,-0.001,
0.006,0.002,0.071,-0.002,
0.005,0.002,0.086,-0.001,
0.006,0.002,0.09,-0.002,
0.004,0.001,0.112,-0.004,
0.003,0.001,0.079,-0.022,
0.006,0.002,0.129,-0.015,
0.003,0.001,0.037,-0.005,
0.002,0.001,0.041,-0.05,
0.007,0.003,0.088,-0.003,
0.004,0.001,0.046,-0.002,
0.004,0.001,0.053,-0.008,
0.008,0.001,0.131,-0.002,
0.005,0.001,0.118,-0.039,
0.004,0.001,0.116,-0.007,
0.004,0.001,0.085,-0.011,
0.004,0.002,0.032,-0.001,
0.003,0.001,0.089,-0.007,
0.004,0.001,0.107,-0.004,
0.006,0.001,0.137,-0,
0.008,0.002,0.135,-0.001,
0.006,0.001,0.126,-0.009,
0.003,0.001,0.083,-0.004,
0.004,0.001,0.1,-0.021,
0.002,0.001,0.051,-0.029,
0.005,0.002,0.069,-0.004,
0.004,0.002,0.047,-0.007,
0.004,0.002,0.048,-0.028,
0.006,0.002,0.081,-0.004,
0.004,0.001,0.09,-0.006,
0.006,0.001,0.111,-0.003,
0.005,0.002,0.108,-0.009,
0.007,0.002,0.169,-0.009,
0.004,0.001,0.071,-0.008,
0.005,0.001,0.118,-0.014,
0.006,0.002,0.066,-0.003,
0.006,0.001,0.121,-0.001,
0.005,0.002,0.065,-0.008,
0.004,0.002,0.074,-0.001,
0.004,0.001,0.119,-0.006,
0.003,0.001,0.058,-0.004,
0.006,0.001,0.136,-0.007,
0.004,0.001,0.066,-0.002,
0.005,0.001,0.088,-0.001,
0.005,0.002,0.083,-0.002,
0.005,0.002,0.073,-0.001,
0.003,0,0.101,-0.013,
0.005,0.001,0.068,-0.009,
0.004,0.001,0.084,-0.01,
0.007,0.001,0.111,-0.005,
0.004,0.001,0.083,-0.004,
0.005,0.002,0.094,-0.006,
0.005,0.002,0.074,-0.001,
0.001,0.001,0.03,-0.086,
0.007,0.001,0.161,-0.002,
0.004,0.001,0.048,-0.004,
0.006,0.001,0.185,-0.026,
0.004,0.002,0.075,-0.007,
0.004,0.001,0.058,-0.003,
0.002,0.001,0.056,-0.01,
0.004,0.001,0.082,-0.007,
0.004,0.001,0.095,-0.009,
0.005,0.002,0.061,-0.002,
0.003,0,0.047,-0.008,
0.005,0.002,0.093,-0.001,
0.006,0.001,0.151,-0.002,
0.003,0.001,0.06,-0.023,
0.005,0.001,0.107,-0.003,
0.005,0.002,0.091,-0.003,
0.005,0.001,0.074,-0.011,
0.004,0.001,0.101,-0.012,
0.004,0.001,0.102,-0.006,
0.006,0.001,0.107,-0.002,
0.004,0.002,0.067,-0.025,
0.004,0.001,0.072,-0.005,
0.006,0.002,0.079,-0.002,
0.006,0.001,0.148,-0.006,
0.002,0.001,0.045,-0.006,
0.002,0.001,0.043,-0.011,
0.005,0.002,0.081,-0.006,
0.006,0.001,0.123,-0.022,
0.005,0.001,0.143,-0.006,
0.007,0.002,0.117,-0.002,
0.006,0.001,0.1,-0.003,
0.005,0.001,0.075,-0.003,
0.002,0,0.052,-0.006,
0.004,0.001,0.112,-0.009,
0.003,0.001,0.071,-0.005,
0.003,0.001,0.097,-0.028,
0.005,0.002,0.077,-0.002,
0.004,0.001,0.096,-0.006,
0.005,0.002,0.074,-0.012,
0.003,0.001,0.032,-0.004,
0.005,0.001,0.065,-0.005,
0.007,0.002,0.095,-0.002,
0.006,0.002,0.122,-0.001,
0.003,0.001,0.056,-0.008,
0.005,0.001,0.081,-0.003,
0.003,0.001,0.049,-0.021,
0.005,0.002,0.076,-0.002,
0.004,0.002,0.07,-0.005,
0.003,0.001,0.064,-0.011,
0.004,0.001,0.059,-0.035,
0.005,0.002,0.071,-0.003,
0.006,0.002,0.058,-0.006,
0.006,0.002,0.094,-0.004,
0.005,0.001,0.097,-0.007,
0.005,0.001,0.105,-0.011,
0.004,0.001,0.065,-0.007,
0.01,0.002,0.201,-0.005,
0.004,0.001,0.069,-0.018,
0.005,0.002,0.058,-0.003,
0.005,0.001,0.05,-0.001,
0.004,0.002,0.029,-0.003,
0.003,0.001,0.072,-0.007,
0.003,0.001,0.133,-0.002,
0.003,0,0.113,-0.009,
0.005,0.002,0.133,-0.003,
0.004,0.001,0.086,-0.002,
0.003,0.001,0.052,-0.019,
0.004,0.001,0.093,-0.012,
0.004,0.001,0.106,-0.003,
0.007,0.002,0.103,-0.03,
0.005,0.001,0.069,-0.014,
0.006,0.001,0.06,-0.005,
0.004,0.001,0.079,-0.003,
0.006,0.002,0.083,-0.003,
0.006,0.001,0.127,-0.003,
0.005,0.001,0.114,-0.001,
0.004,0.001,0.1,-0.003,
0.005,0.001,0.154,-0.004,
0.005,0.002,0.086,-0.001,
0.004,0.001,0.066,-0.01,
0.005,0.001,0.097,-0.007,
0.003,0.001,0.056,-0.018,
0.005,0.001,0.082,-0.004,
0.005,0.002,0.103,-0.036,
0.003,0.001,0.065,-0.004,
0.004,0.001,0.048,-0.008,
0.004,0.002,0.058,-0.01,
0.003,0.002,0.047,-0.008,
0.006,0.002,0.078,-0.004,
0.004,0.001,0.152,-0.004,
0.003,0.001,0.032,-0.054,
0.002,0,0.051,-0.007,
0.004,0.001,0.099,-0.001,
0.004,0.001,0.059,-0.007,
0.004,0.002,0.04,-0.007,
0.005,0.002,0.047,-0.001,
0.005,0.001,0.105,-0.005,
0.004,0.001,0.06,-0.013,
0.006,0.002,0.154,-0.011,
0.004,0.001,0.122,-0.007,
0.003,0,0.071,-0.002,
0.003,0.001,0.052,-0.022,
0.003,0.001,0.06,-0.009,
0.003,0.002,0.06,-0.007,
0.004,0.001,0.054,-0.012,
0.003,0.001,0.062,-0.007,
0.005,0.001,0.126,-0.007,
0.006,0.003,0.12,-0.006,
0.004,0.001,0.075,-0.003,
0.003,0.002,0.029,-0.007,
0.004,0.001,0.069,-0.008,
0.005,0.001,0.114,-0.004,
0.004,0.001,0.067,-0.006,
0.005,0.001,0.072,-0.005,
0.003,0.001,0.084,-0.011,
0.006,0.001,0.158,-0.003,
0.005,0.002,0.12,-0.004,
0.004,0.001,0.103,-0.004,
0.005,0.002,0.092,-0.002,
0.005,0.002,0.073,-0.004,
0.008,0.002,0.127,-0.004,
0.002,0.001,0.045,-0.007,
0.005,0.001,0.117,-0.004,
0.009,0.001,0.183,-0.001,
0.005,0.001,0.055,-0.002,
0.005,0.002,0.078,-0.002,
0.004,0.001,0.097,-0.002,
0.006,0.002,0.082,-0.004,
0.003,0.001,0.043,-0.002,
0.005,0.001,0.067,-0.009,
0.004,0.001,0.109,-0.005,
0.003,0.002,0.051,-0.043,
0.004,0.001,0.109,-0.013,
0.003,0.001,0.107,-0.006,
0.005,0.001,0.067,-0.017,
0.005,0.002,0.084,-0.003,
0.007,0.001,0.104,-0.003,
0.004,0.001,0.063,-0.004,
0.004,0.001,0.095,-0.008,
0.003,0,0.053,-0.014,
0.005,0.002,0.065,-0.002,
0.004,0.001,0.052,-0.003,
0.008,0.002,0.104,-0.001,
0.003,0.001,0.046,-0.004,
0.004,0.001,0.069,-0.006,
0.004,0.002,0.076,-0.002,
0.003,0.001,0.053,-0.005,
0.005,0.002,0.076,-0.004,
0.004,0.001,0.111,-0.014,
0.006,0.001,0.126,-0.005,
0.007,0.002,0.076,-0.003,
0.005,0.002,0.047,-0.012,
0.004,0.001,0.054,-0.009,
0.006,0.001,0.113,-0.013,
0.006,0.001,0.172,-0.001,
0.003,0.001,0.037,-0.012,
0.003,0.001,0.08,-0.005,
0.004,0.001,0.122,-0.006,
0.004,0.001,0.053,-0.007,
0.008,0,0.147,-0.005,
0.005,0.002,0.049,-0.013,
0.006,0.002,0.059,-0.003,
0.004,0.001,0.138,-0.007,
0.004,0.001,0.087,-0.014,
0.005,0.001,0.127,-0.002,
0.004,0.001,0.064,-0.012,
0.004,0.002,0.08,-0.005,
0.005,0.001,0.148,-0.005,
0.002,0.001,0.053,-0.004,
0.008,0.002,0.132,-0.048,
0.007,0.002,0.102,-0.003,
0.005,0.001,0.098,-0.007,
0.007,0.002,0.121,-0.001,
0.007,0.002,0.118,-0.002,
0.004,0.001,0.104,-0.006,
0.004,0.001,0.063,-0.003,
0.005,0.001,0.103,-0.007,
0.004,0,0.088,-0.024,
0.003,0.001,0.048,-0.006,
0.005,0.001,0.078,-0.005,
0.005,0.001,0.071,-0.012,
0.004,0.001,0.09,-0.003,
0.003,0.001,0.064,-0.011,
0.001,0,0.038,-0.01,
0.004,0.001,0.101,-0.011,
0.005,0.002,0.059,-0.004,
0.004,0.002,0.084,-0.007,
0.003,0.001,0.129,-0.023,
0.005,0.001,0.063,-0.016,
0.004,0.001,0.071,-0.005,
0.006,0.002,0.094,-0.003,
0.004,0.001,0.066,-0.003,
0.004,0.001,0.087,-0.009,
0.006,0.002,0.077,-0.007,
0.005,0.002,0.068,-0.003,
0.004,0.001,0.078,-0.004,
0.003,0.001,0.049,-0.013,
0.004,0.001,0.056,-0.004,
0.006,0.001,0.117,-0.014,
0.004,0.001,0.133,-0.003,
0.005,0.002,0.089,-0.017,
0.005,0.002,0.097,-0.003,
0.006,0.002,0.117,-0.014,
0.007,0.002,0.117,-0.013,
0.004,0.001,0.061,-0.002,
0.005,0.002,0.105,-0.004,
0.006,0.001,0.096,-0.004,
0.006,0.002,0.088,-0,
0.002,0.001,0.028,-0.006,
0.003,0,0.09,-0.011,
0.003,0.001,0.062,-0.015,
0.004,0.001,0.064,-0.01,
0.004,0.001,0.044,-0.006,
0.004,0,0.081,-0.014,
0.005,0.002,0.078,-0.003,
0.005,0.002,0.072,-0.002,
0.004,0.001,0.088,-0.008,
0.005,0.001,0.113,-0.001,
0.005,0.001,0.119,-0.002,
0.003,0.001,0.079,-0.044,
0.005,0.002,0.075,-0.001,
0.006,0.002,0.143,-0.004,
0.004,0.002,0.047,-0.047,
0.005,0.001,0.075,-0.007,
0.003,0.001,0.027,-0.005,
0.004,0.002,0.036,-0.008,
0.004,0.001,0.066,-0.021,
0.003,0.001,0.097,-0.002,
0.004,0.002,0.033,-0,
0.004,0.002,0.078,-0.006,
0.005,0.002,0.082,-0.007,
0.004,0.001,0.068,-0.005,
0.003,0.001,0.079,-0.005,
0.006,0.001,0.101,-0.005,
0.004,0.001,0.096,-0.013,
0.004,0.001,0.086,-0.007,
0.004,0.002,0.073,-0.004,
0.005,0.001,0.081,-0.004,
0.005,0.002,0.042,-0.007,
0.003,0.001,0.038,-0.005,
0.003,0.002,0.051,-0.011,
0.007,0.002,0.181,-0.005,
0.002,0,0.052,-0.082,
0.006,0.002,0.14,-0.001,
0.006,0.001,0.145,-0.006,
0.004,0.001,0.104,-0.012,
0.004,0.001,0.09,-0.004,
0.004,0.001,0.096,-0.005,
0.004,0.001,0.088,-0.005,
0.004,0.001,0.066,-0.004,
0.005,0.002,0.106,-0.011,
0.004,0.001,0.089,-0.004,
0.006,0.001,0.114,-0.007,
0.005,0.001,0.09,-0.002,
0.002,0.001,0.04,-0.005,
0.004,0.002,0.085,0,
0.004,0.001,0.106,-0.004,
0.005,0.002,0.058,-0.001,
0.005,0.002,0.1,-0.007,
0.005,0.001,0.08,-0.011,
0.005,0.002,0.09,-0.001,
0.005,0.002,0.083,-0.005,
0.006,0.001,0.107,-0.001,
0.004,0.001,0.065,-0.01,
0.004,0.001,0.118,-0.002,
0.003,0.001,0.051,-0.008,
0.003,0.002,0.027,-0.006,
0.005,0.001,0.084,-0.003,
0.007,0.002,0.107,-0.007,
0.004,0.001,0.068,-0.006,
0.005,0.001,0.109,-0.004,
0.004,0.001,0.09,-0.002,
0.005,0.002,0.104,-0.006,
0.003,0.001,0.078,-0.035,
0.004,0.001,0.078,-0.01,
0.004,0.002,0.063,-0.003,
0.003,0.001,0.081,-0.006,
0.006,0.002,0.063,-0.002,
0.004,0.002,0.051,-0.011,
0.003,0,0.043,-0.01,
0.004,0.001,0.048,-0.032,
0.005,0.002,0.066,-0.003,
0.005,0.001,0.129,-0.003,
0.002,0.001,0.043,-0.009,
0.005,0.002,0.099,-0,
0.003,0,0.105,-0.004,
0.004,0.001,0.085,-0.012,
0.004,0.001,0.1,-0.006,
0.004,0.001,0.117,-0.004,
0.006,0.002,0.093,-0.003,
0.004,0.001,0.061,-0.011,
0.004,0.001,0.114,-0.029,
0.004,0.002,0.052,-0.004,
0.004,0.001,0.055,-0.01,
0.006,0.002,0.117,-0.004,
0.004,0.002,0.098,-0.022,
0.003,0.001,0.072,-0.03,
0.005,0.001,0.083,-0.006,
0.004,0.002,0.026,-0.016,
0.004,0,0.077,-0.003,
0.007,0.003,0.081,-0.008,
0.004,0.002,0.071,-0.008,
0.002,0.001,0.067,-0.011,
0.003,0.001,0.057,-0.005,
0.004,0.001,0.071,0,
0.004,0.002,0.051,-0.003,
0.004,0.001,0.098,-0.011,
0.004,0.001,0.07,-0.005,
0.003,0.001,0.066,-0.008,
0.005,0.001,0.066,-0,
0.005,0.002,0.082,-0.005,
0.004,0.001,0.057,-0.002,
0.003,0.001,0.07,-0.01,
0.005,0.001,0.085,-0.012,
0.007,0.002,0.136,-0.003,
0.004,0.002,0.061,-0.004,
0.004,0.002,0.048,-0.002,
0.006,0.001,0.137,-0.004,
0.003,0.001,0.031,-0.023,
0.007,0.002,0.097,-0.002,
0.005,0.001,0.131,-0.003,
0.004,0.001,0.07,-0.004,
0.004,0.001,0.098,-0.018,
0.003,0.001,0.089,-0.005,
0.009,0.003,0.122,-0.002,
0.003,0.001,0.083,-0.006,
0.005,0.002,0.063,-0.005,
0.005,0.002,0.05,-0.003,
0.006,0.002,0.105,-0.009,
0.006,0.001,0.114,-0.002,
0.005,0.001,0.119,-0.003,
0.005,0.002,0.072,-0.008,
0.004,0.001,0.1,-0.009,
0.004,0.002,0.059,-0.021,
0.005,0.002,0.06,-0.002,
0.006,0.001,0.169,-0.005,
0.004,0.001,0.033,-0.015,
0.004,0.001,0.066,-0.004,
0.005,0.002,0.116,-0.006,
0.003,0.001,0.087,-0.013,
0.005,0.001,0.111,-0.003,
0.004,0.002,0.081,-0.003,
0.005,0.002,0.12,-0.004,
0.004,0.002,0.064,-0.006,
0.005,0.002,0.069,-0.006,
0.007,0.001,0.137,-0.004,
0.005,0.002,0.063,-0.008,
0.004,0.001,0.08,-0.006,
0.004,0.001,0.076,-0.002,
0.003,0.001,0.091,-0.008,
0.005,0.001,0.088,-0.008,
0.004,0.001,0.091,-0.009,
0.004,0.002,0.041,-0.004,
0.005,0.001,0.082,-0.001,
0.003,0.001,0.045,-0.024,
0.009,0.002,0.12,-0,
0.003,0.001,0.112,-0.021,
0.005,0.001,0.082,-0.004,
0.006,0.001,0.085,-0.002,
0.002,0.001,0.043,-0.003,
0.005,0.002,0.087,-0.015,
0.003,0.001,0.025,-0.044,
0.003,0.001,0.083,-0.008,
0.003,0.001,0.089,-0.003,
0.005,0,0.11,-0.002,
0.004,0.001,0.057,-0.004,
0.002,0.001,0.05,-0.01,
0.004,0.001,0.082,-0.008,
0.004,0.001,0.063,-0.008,
0.005,0.002,0.06,-0.006,
0.004,0.002,0.07,-0.007,
0.006,0.002,0.079,-0.001,
0.003,0,0.076,-0.007,
0.003,0.001,0.031,-0.013,
0.006,0.001,0.119,-0,
0.003,0.001,0.048,-0.005,
0.008,0.001,0.214,-0.025,
0.002,0.001,0.044,-0.029,
0.005,0.001,0.089,-0.002,
0.004,0.001,0.06,-0.008,
0.004,0.001,0.14,-0.004,
0.004,0.001,0.071,-0.003,
0.005,0.001,0.177,-0.024,
0.004,0.001,0.065,-0.011,
0.003,0.001,0.077,-0.007,
0.004,0.002,0.04,-0.005,
0.004,0.001,0.082,-0.005,
0.005,0.002,0.062,-0.008,
0.004,0.001,0.113,-0.006,
0.003,0.001,0.043,-0.004,
0.005,0.002,0.057,-0.003,
0.004,0.001,0.056,-0.008,
0.004,0.002,0.054,-0.011,
0.006,0.002,0.082,-0.003,
0.005,0.001,0.073,-0.002,
0.003,0.001,0.06,-0.052,
0.003,0.001,0.039,-0.004,
0.004,0.001,0.057,-0.002,
0.006,0.002,0.151,-0.003,
0.004,0.001,0.055,-0.004,
0.004,0.001,0.084,-0.007,
0.004,0.001,0.076,-0.006,
0.003,0.001,0.103,-0.005,
0.005,0.002,0.076,-0.006,
0.004,0.001,0.121,-0.017,
0.004,0.002,0.103,-0.002,
0.004,0.001,0.081,-0.003,
0.005,0.002,0.067,-0.005,
0.003,0.001,0.046,-0.022,
0.006,0.002,0.078,-0.002,
0.003,0.001,0.087,-0.007,
0.003,0.001,0.035,-0.006,
0.004,0.001,0.093,-0.003,
0.004,0.001,0.045,-0.006,
0.003,0.002,0.053,-0.004,
0.005,0.002,0.069,-0.011,
0.005,0.002,0.086,-0.005,
0.004,0.001,0.067,-0.009,
0.005,0.001,0.094,-0.006,
0.004,0.001,0.153,-0.038,
0.006,0.002,0.107,-0.001,
0.004,0.002,0.072,-0.008,
0.004,0.001,0.063,-0.003,
0.003,0.001,0.045,-0.011,
0.003,0.001,0.076,-0.007,
0.004,0.001,0.093,-0.007,
0.004,0.002,0.067,-0.002,
0.004,0.001,0.103,-0.018,
0.003,0.001,0.094,-0.008,
0.005,0.002,0.114,-0.003,
0.005,0.001,0.07,-0.004,
0.007,0.001,0.161,-0.001,
0.005,0.002,0.065,-0.002,
0.004,0.001,0.097,-0.004,
0.004,0.001,0.082,-0.007,
0.004,0.001,0.072,-0.007,
0.005,0.002,0.092,-0.01,
0.005,0.002,0.052,-0.006,
0.004,0.002,0.064,-0.007,
0.002,0.001,0.041,-0.008,
0.005,0.001,0.074,-0.003,
0.003,0.001,0.059,-0.006,
0.006,0.001,0.063,-0.003,
0.004,0.001,0.106,-0.002,
0.005,0.002,0.061,-0.003,
0.006,0.002,0.146,-0.006,
0.005,0.002,0.078,-0.004,
0.003,0.001,0.042,-0.003,
0.002,0.001,0.051,-0.022,
0.006,0.001,0.069,-0.002,
0.006,0.002,0.113,-0.009,
0.006,0.001,0.154,-0.005,
0.006,0.001,0.1,-0.01,
0.004,0.001,0.139,-0.007,
0.004,0.002,0.056,-0.004,
0.002,0,0.08,-0.007,
0.004,0,0.094,-0.006,
0.005,0.002,0.117,-0.009,
0.004,0.001,0.141,-0.003,
0.005,0.002,0.091,-0.003,
0.006,0.001,0.106,-0.003,
0.005,0.002,0.053,-0.002,
0.002,0.001,0.03,-0.004,
0.007,0.003,0.113,-0.002,
0.004,0.002,0.087,-0.008,
0.003,0.001,0.037,-0.007,
0.004,0.002,0.051,-0.006,
0.006,0.002,0.079,-0.001,
0.005,0.001,0.073,-0.005,
0.006,0.002,0.094,-0.004,
0.004,0.001,0.068,-0.002,
0.004,0.002,0.046,-0.003,
0.007,0.002,0.146,-0.002,
0.002,0,0.043,-0.009,
0.005,0.001,0.061,-0.007,
0.007,0.002,0.176,-0.005,
0.008,0.003,0.137,-0.015,
0.004,0.002,0.108,-0.006,
0.004,0.001,0.078,-0.012,
0.005,0.002,0.093,-0.006,
0.004,0.001,0.127,-0.011,
0.003,0.001,0.074,-0.07,
0.004,0.002,0.061,-0.012,
0.003,0.001,0.055,-0.007,
0.003,0.002,0.031,-0.002,
0.004,0.001,0.122,-0.009,
0.004,0.001,0.066,-0.006,
0.007,0.001,0.092,-0.001,
0.002,0.001,0.036,-0.054,
0.006,0.002,0.146,-0.005,
0.006,0.001,0.112,-0.006,
0.004,0.001,0.116,-0.003,
0.006,0.003,0.044,-0.002,
0.004,0.001,0.064,-0.005,
0.006,0.001,0.107,-0.003,
0.004,0.001,0.053,-0.003,
0.007,0.001,0.137,-0.001,
0.005,0.002,0.064,-0.003,
0.005,0.002,0.084,-0.007,
0.005,0.002,0.068,-0.004,
0.004,0.001,0.088,-0.004,
0.006,0.002,0.099,-0.004,
0.004,0.001,0.082,-0.006,
0.005,0.001,0.099,-0.003,
0.005,0.002,0.096,-0.001,
0.003,0.001,0.073,-0.035,
0.006,0.001,0.116,-0.006,
0.005,0.001,0.104,-0.007,
0.004,0.002,0.106,-0.009,
0.005,0.002,0.131,-0.019,
0.005,0.003,0.04,-0.008,
0.005,0.002,0.072,-0.002,
0.005,0.001,0.086,-0.012,
0.005,0.002,0.074,-0.002,
0.006,0.001,0.137,-0.002,
0.004,0.001,0.113,-0.005,
0.005,0.001,0.1,-0.001,
0.003,0.002,0.049,-0.013,
0.006,0.002,0.099,-0.002,
0.004,0.001,0.078,-0.005,
0.004,0.001,0.094,-0.005,
0.006,0.001,0.133,-0.039,
0.004,0.001,0.077,-0.003,
0.004,0.001,0.055,-0.002,
0.004,0.001,0.087,-0.004,
0.006,0.001,0.12,-0.01,
0.004,0.001,0.091,-0.01,
0.004,0.002,0.071,-0.003,
0.003,0.001,0.058,-0.005,
0.003,0.001,0.064,-0.011,
0.006,0.002,0.078,-0.017,
0.006,0.002,0.126,-0.007,
0.005,0.002,0.096,-0.005,
0.004,0.001,0.119,-0.005,
0.004,0.001,0.131,-0.003,
0.003,0.001,0.08,-0.012,
0.004,0.001,0.088,-0.008,
0.004,0.002,0.057,-0.01,
0.003,0.001,0.111,-0.023,
0.005,0.001,0.146,-0.025,
0.004,0.001,0.049,-0.001,
0.004,0.002,0.043,-0.002,
0.004,0.001,0.132,-0.01,
0.003,0.001,0.06,-0.01,
0.004,0.002,0.1,-0.004,
0.005,0.002,0.063,-0.002,
0.006,0.002,0.129,-0.005,
0.007,0.002,0.072,-0.005,
0.002,0,0.058,-0.009,
0.005,0.001,0.149,-0.014,
0.004,0.001,0.08,-0.002,
0.004,0.001,0.052,-0.006,
0.006,0.002,0.06,-0.003,
0.002,0.001,0.056,-0.007,
0.004,0.001,0.069,-0.025,
0.003,0.001,0.041,-0.006,
0.004,0.001,0.058,-0.004,
0.003,0.001,0.071,-0.003,
0.005,0.002,0.099,-0.006,
0.004,0.001,0.036,-0.009,
0.002,0.001,0.075,-0.011,
0.005,0.001,0.101,-0.006,
0.005,0.001,0.103,-0.009,
0.005,0.001,0.143,-0.009,
0.003,0.002,0.034,-0,
0.004,0.002,0.076,-0.004,
0.006,0.002,0.089,-0.001,
0.005,0.002,0.055,-0.004,
0.006,0.002,0.092,-0.004,
0.003,0.001,0.1,-0.007,
0.004,0.001,0.074,-0.013,
0.004,0.001,0.054,-0.011,
0.004,0,0.133,-0.016,
0.004,0.001,0.099,-0.008,
0.004,0.001,0.058,-0.008,
0.003,0.001,0.085,-0.007,
0.003,0.001,0.089,-0.005,
0.006,0.002,0.104,-0.004,
0.005,0.002,0.07,-0.013,
0.006,0.002,0.154,-0.008,
0.004,0.001,0.066,-0.004,
0.004,0.002,0.096,-0,
0.006,0.001,0.07,-0.011,
0.003,0,0.079,-0.016,
0.007,0.002,0.129,-0.001,
0.005,0.001,0.109,-0.003,
0.007,0.002,0.129,-0.003,
0.008,0.001,0.153,-0.014,
0.009,0.002,0.161,-0.003,
0.004,0.001,0.054,-0.002,
0.004,0.001,0.053,-0.005,
0.005,0.001,0.122,-0.004,
0.008,0.001,0.119,-0.002,
0.003,0.002,0.071,-0.029,
0.003,0.001,0.072,-0.005,
0.005,0.002,0.077,-0.003,
0.004,0.001,0.073,-0.009,
0.004,0.001,0.027,-0.009,
0.005,0.001,0.15,-0.015,
0.005,0.001,0.118,-0.001,
0.004,0.002,0.033,-0.017,
0.003,0.001,0.093,-0.01,
0.004,0.001,0.09,-0.007,
0.004,0.001,0.073,-0.008,
0.004,0.002,0.042,-0.003,
0.006,0,0.119,-0.004,
0.004,0.001,0.05,-0.019,
0.006,0.001,0.114,-0.002,
0.005,0.001,0.103,-0.007,
0.004,0.002,0.063,-0.008,
0.008,0.003,0.114,-0.002,
0.005,0.001,0.07,-0.005,
0.004,0.001,0.101,-0.004,
0.007,0.002,0.123,-0.004,
0.006,0.002,0.072,-0.006,
0.005,0.002,0.038,-0.008,
0.003,0.001,0.072,-0.02,
0.008,0.002,0.115,-0,
0.005,0.001,0.105,-0.001,
0.004,0.001,0.081,-0.012,
0.004,0.001,0.078,-0.01,
0.005,0.001,0.133,-0.005,
0.005,0.002,0.089,-0.013,
0.004,0.001,0.057,-0.014,
0.004,0.001,0.042,-0.003,
0.004,0.001,0.136,-0.007,
0.005,0.001,0.111,-0.002,
0.003,0,0.057,-0.004,
0.003,0.001,0.062,-0.005,
0.004,0.002,0.058,-0.003,
0.003,0.001,0.072,-0.008,
0.005,0.002,0.106,-0.005,
0.002,0,0.057,-0.008,
0.005,0.002,0.049,-0.003,
0.003,0.001,0.053,-0.003,




Further Data analysis of all test cases£º 
avg med max min 
AVGs,0.004,0.004,0.01,0.001,
MEDs,0.001,0.001,0.003,0,
MAXs,0.084,0.081,0.214,0.022,
MINs,-0.008,-0.005,0,-0.086,

