190809,48000,3.975
190205,48000,3.962
189287,48000,3.943
188694,48000,3.931
187768,48000,3.912
187176,48000,3.899
182983,48000,3.812
181460,48000,3.78
180857,48000,3.768
179948,48000,3.749
179338,48000,3.736
178417,48000,3.717
177821,48000,3.704
175157,48000,3.649
173629,48000,3.617
173036,48000,3.605
172689,48000,3.598
172119,48000,3.585
171513,48000,3.573
170593,48000,3.554
170229,48000,3.546
169993,48000,3.541
168855,48000,3.517
168484,48000,3.51
166385,48000,3.466
164283,48000,3.422
163925,48000,3.415
163690,48000,3.41
162768,48000,3.391
162168,48000,3.378
161252,48000,3.359
160659,48000,3.347
157057,48000,3.272
156697,48000,3.264
155543,48000,3.24
154937,48000,3.228
154022,48000,3.208
153421,48000,3.196
152501,48000,3.177
151907,48000,3.164
147707,48000,3.077
147110,48000,3.065
146190,48000,3.045
145592,48000,3.033
144670,48000,3.014
144073,48000,3.001
143749,48000,2.995
143492,36000,3.985
143357,36000,3.982
142557,48000,2.97
141935,36000,3.942
141642,36000,3.934
141525,48000,2.948
140624,36000,3.906
139801,36000,3.883
139510,36000,3.875
139484,36000,3.874
139069,48000,2.897
139067,36000,3.863
138616,36000,3.85
138371,36000,3.843
138358,48000,2.882
138345,36000,3.843
137933,36000,3.831
137762,48000,2.87
137475,36000,3.818
136847,48000,2.851
136608,48000,2.846
136337,36000,3.787
136246,48000,2.838
135327,48000,2.819
134752,36000,3.743
134728,48000,2.807
134142,48000,2.794
133643,36000,3.712
133614,36000,3.711
132761,48000,2.766
132505,36000,3.68
132474,36000,3.679
132058,36000,3.668
131608,36000,3.655
131368,36000,3.649
131334,36000,3.648
130918,36000,3.636
130459,36000,3.624
130296,48000,2.714
129333,36000,3.592
129012,48000,2.688
128416,48000,2.675
127836,48000,2.663
127741,36000,3.548
127732,48000,2.661
127491,48000,2.656
126899,48000,2.643
126631,36000,3.517
126606,36000,3.516
126180,36000,3.505
125984,48000,2.624
125498,36000,3.486
125459,36000,3.485
125378,48000,2.612
125053,36000,3.473
124598,36000,3.461
123912,36000,3.442
123455,36000,3.429
122317,36000,3.397
121189,48000,2.525
121148,36000,3.365
120733,36000,3.353
120273,48000,2.505
120075,36000,3.335
119669,48000,2.493
119624,36000,3.323
119306,36000,3.314
119168,36000,3.31
118934,36000,3.303
118904,36000,3.303
118751,48000,2.474
118494,36000,3.291
118152,48000,2.461
118032,36000,3.278
117344,36000,3.259
116635,48000,2.43
116423,36000,3.234
115314,36000,3.203
114573,36000,3.182
114203,48000,2.379
114202,36000,3.172
114171,36000,3.171
113064,36000,3.14
113030,36000,3.139
112733,36000,3.131
112612,36000,3.128
112442,48000,2.342
112163,36000,3.115
111927,36000,3.109
111891,36000,3.108
111847,48000,2.33
111744,48000,2.328
111483,36000,3.096
111023,36000,3.084
110928,48000,2.311
110323,48000,2.298
109888,36000,3.052
109412,48000,2.279
109281,48000,2.277
109119,48000,2.273
108804,48000,2.267
108302,36000,3.008
107191,36000,2.977
107159,36000,2.976
106826,48000,2.225
106739,36000,2.965
106058,36000,2.946
106021,36000,2.945
105605,36000,2.933
105152,36000,2.921
104917,36000,2.914
104616,48000,2.179
104468,36000,2.901
104016,36000,2.889
103092,48000,2.148
102494,48000,2.135
101578,48000,2.116
101293,36000,2.813
101196,36000,2.811
101116,48000,2.106
100973,48000,2.103
100181,36000,2.783
100156,36000,2.782
100065,48000,2.084
99732,36000,2.77
99460,48000,2.072
99044,36000,2.751
99009,36000,2.75
98815,36000,2.744
98591,36000,2.738
98143,36000,2.726
97910,36000,2.719
97007,36000,2.694
96963,36000,2.693
95728,24000,3.988
95595,36000,2.655
95260,48000,1.984
95120,36000,2.642
94969,24000,3.957
94902,48000,1.977
94276,36000,2.619
94080,36000,2.613
93746,48000,1.953
93457,24000,3.893
93181,36000,2.588
93151,48000,1.94
93145,36000,2.587
92724,36000,2.575
92695,24000,3.862
92279,36000,2.563
92232,36000,2.562
92220,48000,1.921
92037,36000,2.556
91997,36000,2.555
91933,24000,3.83
91631,48000,1.909
91585,36000,2.544
91056,24000,3.794
90298,24000,3.762
90110,48000,1.877
89539,24000,3.73
88865,36000,2.468
88783,24000,3.699
88022,24000,3.667
87748,36000,2.437
87722,36000,2.436
87303,36000,2.425
87265,24000,3.635
86611,36000,2.406
86580,36000,2.405
86384,24000,3.599
86167,36000,2.393
85921,48000,1.79
85711,36000,2.381
85626,24000,3.567
85515,36000,2.375
85468,36000,2.374
85318,48000,1.777
85032,36000,2.361
84865,24000,3.536
84574,36000,2.349
84404,48000,1.758
84103,24000,3.504
83805,48000,1.746
83352,24000,3.472
83167,36000,2.31
82877,48000,1.726
82849,24000,3.452
82587,24000,3.441
82463,24000,3.436
81849,36000,2.273
81716,24000,3.404
81632,24000,3.401
81229,36000,2.256
80955,24000,3.372
80736,36000,2.242
80707,36000,2.242
80391,24000,3.349
80292,36000,2.23
80187,24000,3.341
79846,36000,2.218
79736,24000,3.322
79608,36000,2.211
79568,36000,2.21
79152,36000,2.198
78965,24000,3.29
78701,36000,2.186
78693,48000,1.639
78095,24000,3.253
77560,36000,2.154
77340,24000,3.222
77172,48000,1.608
76692,24000,3.195
76575,48000,1.595
75977,36000,2.11
75823,24000,3.159
75652,48000,1.576
75062,24000,3.127
75053,48000,1.563
74840,36000,2.078
74298,24000,3.095
74137,48000,1.544
73738,36000,2.048
73702,36000,2.047
73534,48000,1.532
73423,24000,3.059
73285,36000,2.035
73021,36000,2.028
72837,36000,2.023
72664,24000,3.027
72591,36000,2.016
72563,36000,2.015
72138,36000,2.004
71901,24000,2.996
71743,36000,1.993
71692,36000,1.991
71665,18000,3.981
71175,36000,1.977
71151,24000,2.964
71013,18000,3.944
71007,36000,1.972
70435,18000,3.913
70391,24000,2.932
69896,36000,1.941
69869,18000,3.881
69627,24000,2.901
69509,24000,2.896
69347,48000,1.444
69300,18000,3.849
69197,24000,2.883
68967,36000,1.915
68752,24000,2.864
68747,48000,1.432
68730,18000,3.818
68700,18000,3.816
68158,18000,3.786
68075,18000,3.781
67985,24000,2.832
67969,24000,2.831
67859,36000,1.885
67827,48000,1.413
67826,36000,1.884
67500,18000,3.749
67233,48000,1.4
67228,24000,2.801
66943,18000,3.718
66736,24000,2.78
66724,36000,1.853
66692,36000,1.852
66473,24000,2.769
66359,18000,3.686
66305,48000,1.381
66273,36000,1.841
65822,36000,1.828
65792,18000,3.655
65719,24000,2.738
65709,48000,1.369
65583,36000,1.821
65551,36000,1.821
65497,24000,2.729
65429,18000,3.634
65223,18000,3.623
65130,36000,1.809
64834,24000,2.701
64684,36000,1.796
64567,18000,3.586
64515,18000,3.583
64187,48000,1.337
64077,24000,2.669
64007,16000,4
63992,18000,3.555
63588,18000,3.532
63511,16000,3.968
62917,16000,3.932
62850,18000,3.491
62661,18000,3.481
62554,24000,2.606
62415,16000,3.9
62403,36000,1.733
62283,18000,3.46
61984,16000,3.873
61909,16000,3.868
61799,24000,2.574
61725,18000,3.428
61404,16000,3.837
61291,36000,1.702
61270,36000,1.702
61081,16000,3.817
61059,18000,3.392
61046,24000,2.543
60888,16000,3.805
60846,36000,1.69
60494,18000,3.36
60461,24000,2.519
60400,36000,1.677
60392,16000,3.773
60163,36000,1.671
60127,36000,1.67
60007,18000,3.333
59998,48000,1.25
59801,16000,3.737
59705,36000,1.658
59700,24000,2.487
59578,18000,3.309
59394,48000,1.237
59297,16000,3.705
59262,36000,1.646
59109,36000,1.642
59021,18000,3.278
58945,24000,2.455
58791,16000,3.674
58688,24000,2.445
58575,36000,1.627
58476,48000,1.218
58352,18000,3.241
58285,16000,3.642
58183,24000,2.424
58119,36000,1.614
57883,48000,1.206
57788,18000,3.209
57785,16000,3.61
57430,24000,2.392
57276,16000,3.579
57261,36000,1.59
57214,18000,3.178
57194,16000,3.574
56956,48000,1.186
56687,16000,3.542
56666,24000,2.361
56639,18000,3.146
56546,24000,2.356
56533,36000,1.57
56357,48000,1.174
56180,16000,3.511
56072,18000,3.114
55791,24000,2.324
55674,16000,3.479
55508,18000,3.083
55428,36000,1.539
55422,36000,1.539
55399,36000,1.538
55166,16000,3.447
55031,24000,2.292
54902,16000,3.431
54849,18000,3.046
54841,48000,1.142
54661,16000,3.416
54386,36000,1.51
54311,24000,2.262
54290,36000,1.508
54267,24000,2.261
54264,18000,3.015
54263,36000,1.507
54258,18000,3.014
54083,16000,3.379
54075,16000,3.379
53841,36000,1.495
53800,18000,2.988
53705,18000,2.983
53566,16000,3.348
53508,24000,2.229
53399,36000,1.483
53343,18000,2.963
53266,16000,3.328
53151,36000,1.476
53134,18000,2.951
53120,36000,1.475
53072,24000,2.211
52798,16000,3.299
52759,16000,3.297
52753,24000,2.197
52700,36000,1.464
52566,18000,2.92
52537,36000,1.459
52414,18000,2.911
52251,16000,3.265
52250,36000,1.451
52008,18000,2.888
51977,16000,3.248
51870,24000,2.161
51836,24000,2.16
51750,16000,3.233
51339,18000,2.852
51164,16000,3.197
51159,16000,3.197
51118,24000,2.129
50768,18000,2.82
50689,36000,1.408
50665,16000,3.165
50650,48000,1.055
50199,18000,2.788
50151,16000,3.134
50049,48000,1.043
49646,16000,3.102
49633,18000,2.757
49598,24000,2.066
49528,36000,1.375
49414,36000,1.372
49138,16000,3.07
49134,48000,1.023
49058,18000,2.725
48836,24000,2.034
48632,16000,3.039
48550,16000,3.034
48536,48000,1.011
48497,18000,2.693
48422,36000,1.345
48387,36000,1.344
48229,18000,2.679
48081,24000,2.003
48043,16000,3.002
48012,12000,4
47862,12000,3.987
47838,18000,2.657
47615,48000,0.992
47559,36000,1.321
47540,16000,2.971
47479,12000,3.956
47395,12000,3.948
47305,18000,2.627
47280,36000,1.313
47271,18000,2.625
47249,36000,1.312
47200,24000,1.966
47044,12000,3.919
47035,16000,2.939
47016,48000,0.979
46827,36000,1.3
46699,18000,2.594
46659,12000,3.888
46527,16000,2.907
46445,24000,1.935
46386,36000,1.288
46257,24000,1.927
46124,18000,2.562
46024,16000,2.876
45908,12000,3.824
45799,24000,1.908
45692,36000,1.269
45555,18000,2.53
45521,12000,3.793
45433,16000,2.839
45240,36000,1.256
45141,12000,3.761
45117,18000,2.506
45024,24000,1.876
44949,18000,2.496
44928,16000,2.807
44920,24000,1.871
44709,12000,3.724
44676,36000,1.241
44554,18000,2.475
44328,12000,3.693
44160,24000,1.84
44007,12000,3.666
43946,12000,3.661
43920,16000,2.744
43799,24000,1.824
43572,12000,3.63
43420,48000,0.904
43414,16000,2.713
43412,18000,2.411
43401,24000,1.808
43184,12000,3.598
42906,16000,2.681
42841,18000,2.38
42829,48000,0.892
42805,12000,3.566
42530,24000,1.771
42518,36000,1.181
42367,12000,3.53
42320,16000,2.644
42274,18000,2.348
41988,12000,3.498
41900,48000,0.873
41813,16000,2.613
41765,24000,1.74
41618,18000,2.312
41608,12000,3.466
41407,36000,1.15
41387,16000,2.586
41374,36000,1.149
41313,24000,1.721
41307,48000,0.86
41234,12000,3.435
41050,18000,2.28
40960,36000,1.137
40854,12000,3.403
40807,16000,2.549
40552,24000,1.689
40485,18000,2.248
40471,12000,3.372
40383,48000,0.841
40267,36000,1.118
40239,36000,1.117
39999,16000,2.499
39912,16000,2.494
39911,18000,2.217
39818,36000,1.106
39798,24000,1.657
39784,48000,0.829
39425,12000,3.284
39403,16000,2.462
39375,36000,1.093
39336,18000,2.185
39041,12000,3.253
38912,24000,1.621
38899,16000,2.43
38771,18000,2.153
38684,18000,2.148
38681,36000,1.074
38664,12000,3.221
38392,16000,2.399
38269,48000,0.797
38233,36000,1.062
38226,12000,3.184
38162,24000,1.589
38112,18000,2.117
37890,16000,2.367
37846,12000,3.153
37548,18000,2.085
37394,24000,1.558
37388,16000,2.336
37092,12000,3.09
37063,18000,2.058
36976,18000,2.054
36819,36000,1.022
36796,16000,2.299
36712,12000,3.058
36632,24000,1.526
36407,18000,2.022
36321,12000,3.026
36287,16000,2.267
36139,18000,2.007
35890,12000,2.99
35871,24000,1.494
35834,18000,1.99
35782,16000,2.236
35732,48000,0.744
35512,36000,0.986
35509,12000,2.958
35276,16000,2.204
35219,18000,1.956
35174,18000,1.954
35126,12000,2.926
35121,24000,1.463
34774,16000,2.173
34749,12000,2.895
34606,18000,1.922
34400,36000,0.955
34371,12000,2.863
34366,36000,0.954
34272,16000,2.141
34236,24000,1.426
34077,48000,0.71
33988,12000,2.832
33951,36000,0.943
33942,12000,2.827
33708,36000,0.936
33685,16000,2.104
33553,12000,2.795
33490,24000,1.395
33474,48000,0.697
33470,18000,1.859
33253,36000,0.924
33176,16000,2.073
33171,12000,2.763
32901,18000,1.827
32812,36000,0.911
32797,12000,2.732
32729,24000,1.363
32666,16000,2.041
32559,48000,0.678
32417,12000,2.7
32336,18000,1.796
32162,16000,2.009
32039,12000,2.668
31964,24000,1.331
31960,48000,0.666
31676,18000,1.759
31659,16000,1.978
31593,12000,2.632
31372,24000,1.306
31218,12000,2.6
31204,24000,1.3
31152,16000,1.946
31037,48000,0.646
30764,18000,1.708
30576,16000,1.91
30450,12000,2.537
30439,48000,0.634
30439,24000,1.268
30230,12000,2.518
30195,18000,1.677
30129,24000,1.255
30084,36000,0.835
30060,16000,1.878
29845,12000,2.486
29614,18000,1.645
29564,24000,1.231
29548,16000,1.846
29410,12000,2.45
29057,16000,1.815
29051,18000,1.613
29033,12000,2.418
28979,36000,0.805
28962,18000,1.608
28940,36000,0.804
28915,36000,0.803
28806,24000,1.2
28645,12000,2.386
28549,16000,1.783
28531,36000,0.792
28393,18000,1.577
28270,12000,2.355
28047,24000,1.168
28035,16000,1.751
27965,16000,1.747
27892,12000,2.323
27840,36000,0.773
27824,18000,1.545
27803,36000,0.772
27724,48000,0.577
27648,16000,1.727
27502,12000,2.291
27456,12000,2.287
27386,36000,0.76
27292,24000,1.137
27256,18000,1.513
27230,16000,1.701
27132,16000,1.696
27070,12000,2.255
27064,36000,0.752
26940,36000,0.748
26694,12000,2.223
26684,18000,1.482
26647,16000,1.664
26528,24000,1.105
26480,48000,0.551
26372,12000,2.196
26313,12000,2.192
26244,36000,0.729
26195,36000,0.727
26133,16000,1.632
26113,18000,1.45
25930,12000,2.16
25801,36000,0.716
25769,24000,1.073
25758,12000,2.145
25653,24000,1.068
25628,16000,1.601
25551,12000,2.128
25462,18000,1.414
25146,12000,2.094
25113,12000,2.092
25043,16000,1.564
24896,24000,1.037
24885,18000,1.382
24740,12000,2.06
24726,48000,0.515
24659,36000,0.685
24532,16000,1.533
24529,12000,2.043
24136,24000,1.005
24128,48000,0.502
24023,16000,1.501
23977,12000,1.997
23756,18000,1.319
23601,12000,1.965
23526,16000,1.469
23375,24000,0.973
23221,12000,1.934
23207,48000,0.483
23180,18000,1.287
23074,36000,0.641
23012,16000,1.438
22776,12000,1.897
22621,48000,0.471
22615,24000,0.942
22612,18000,1.256
22508,16000,1.406
22398,12000,1.865
22161,24000,0.923
22074,12000,1.839
21962,36000,0.61
21957,18000,1.219
21929,36000,0.609
21924,16000,1.37
21691,48000,0.452
21636,12000,1.802
21517,36000,0.597
21418,16000,1.338
21381,18000,1.187
21273,24000,0.886
21260,12000,1.771
21095,48000,0.439
20910,18000,1.161
20910,16000,1.306
20879,12000,1.739
20825,36000,0.578
20798,36000,0.577
20588,12000,1.715
20525,24000,0.854
20412,16000,1.275
20381,36000,0.566
20249,18000,1.124
20216,12000,1.683
19937,36000,0.553
19911,16000,1.243
19832,12000,1.652
19761,24000,0.823
19671,18000,1.092
19452,12000,1.62
19390,16000,1.211
19319,16000,1.206
19108,18000,1.061
19075,12000,1.588
19000,24000,0.791
18921,12000,1.576
18809,16000,1.175
18793,36000,0.522
18635,12000,1.552
18633,12000,1.551
18455,18000,1.024
18306,16000,1.143
18305,12000,1.525
18255,12000,1.52
18238,24000,0.76
17877,18000,0.993
17801,16000,1.112
17691,12000,1.473
17498,12000,1.457
17479,24000,0.728
17307,18000,0.961
17293,16000,1.08
17124,12000,1.425
16906,48000,0.352
16791,16000,1.048
16741,12000,1.394
16605,24000,0.691
16541,48000,0.344
16393,18000,0.91
16297,12000,1.357
16197,16000,1.012
16060,36000,0.446
15925,12000,1.325
15854,24000,0.66
15741,18000,0.874
15694,16000,0.98
15594,12000,1.299
15534,12000,1.294
15383,48000,0.32
15188,16000,0.948
15172,18000,0.842
15161,12000,1.262
15090,24000,0.628
14960,36000,0.415
14921,36000,0.414
14878,16000,0.929
14786,48000,0.308
14777,12000,1.231
14513,36000,0.403
14400,12000,1.199
14377,16000,0.898
14335,24000,0.596
14284,12000,1.189
14055,36000,0.39
14032,18000,0.779
13957,12000,1.162
13871,16000,0.866
13865,48000,0.289
13817,36000,0.383
13789,36000,0.383
13789,16000,0.861
13667,12000,1.138
13658,16000,0.853
13586,12000,1.131
13564,24000,0.565
13456,18000,0.747
13371,36000,0.371
13290,16000,0.83
13267,48000,0.276
13207,12000,1.099
13199,16000,0.824
12919,36000,0.359
12895,18000,0.715
12820,12000,1.067
12808,24000,0.533
12781,16000,0.798
12690,24000,0.528
12442,12000,1.036
12379,16000,0.773
12343,48000,0.257
12269,16000,0.766
12237,36000,0.339
12230,18000,0.679
12227,36000,0.339
12064,12000,1.004
12001,12000,0.999
11931,24000,0.497
11787,36000,0.327
11767,16000,0.735
11746,48000,0.244
11662,18000,0.647
11619,12000,0.968
11561,16000,0.722
11478,12000,0.955
11259,16000,0.703
11186,18000,0.621
11168,24000,0.465
11092,18000,0.616
11020,12000,0.917
10859,12000,0.904
10681,16000,0.666
10640,12000,0.885
10529,18000,0.584
10502,36000,0.292
10415,24000,0.433
10256,12000,0.854
10193,36000,0.283
10169,16000,0.635
9952,18000,0.552
9816,12000,0.817
9657,24000,0.402
9435,12000,0.785
9386,18000,0.521
9153,16000,0.572
9109,48000,0.19
9094,36000,0.252
9092,16000,0.568
9054,36000,0.251
9052,12000,0.754
8894,24000,0.37
8733,18000,0.484
8677,12000,0.722
8651,16000,0.54
8298,12000,0.691
8153,18000,0.453
8144,16000,0.508
8013,24000,0.334
7951,36000,0.22
7920,12000,0.659
7915,36000,0.22
7587,18000,0.421
7557,16000,0.472
7551,48000,0.157
7497,36000,0.208
7478,12000,0.622
7462,12000,0.62
7261,24000,0.302
7102,12000,0.591
7058,16000,0.44
7054,36000,0.195
7015,18000,0.389
6951,48000,0.145
6849,12000,0.569
6807,36000,0.189
6778,36000,0.188
6721,12000,0.559
6632,48000,0.138
6496,24000,0.27
6449,18000,0.358
6357,36000,0.176
6341,12000,0.527
6224,36000,0.173
6041,16000,0.377
6037,48000,0.126
5959,12000,0.496
5906,36000,0.164
5885,18000,0.326
5791,18000,0.321
5741,24000,0.239
5587,12000,0.464
5534,16000,0.345
5527,12000,0.459
5377,16000,0.335
5222,18000,0.289
5138,12000,0.428
5112,48000,0.106
5027,16000,0.314
4988,24000,0.207
4767,12000,0.396
4656,18000,0.258
4555,16000,0.284
4515,48000,0.094
4443,16000,0.277
4387,12000,0.364
4221,24000,0.175
4169,48000,0.087
4081,18000,0.226
4000,12000,0.333
3941,16000,0.245
3632,36000,0.101
3620,12000,0.301
3513,18000,0.195
3433,16000,0.214
3267,16000,0.204
3185,12000,0.265
2950,18000,0.163
2925,16000,0.182
2882,24000,0.12
2804,12000,0.233
2755,18000,0.152
2523,36000,0.07
2514,18000,0.139
2492,36000,0.069
2423,16000,0.15
2126,24000,0.088
2082,36000,0.057
2049,12000,0.17
2041,16000,0.126
1945,18000,0.107
1829,18000,0.101
1707,48000,0.035
1669,12000,0.138
1528,16000,0.095
1434,12000,0.119
1386,36000,0.038
1375,12000,0.114
1372,18000,0.076
1369,24000,0.056
1360,36000,0.037
996,12000,0.082
937,36000,0.026
804,18000,0.044
625,12000,0.051
616,12000,0.051
603,24000,0.025
513,16000,0.031
489,36000,0.013
248,36000,0.007
243,12000,0.019
230,18000,0.012

