

Data analysis for each instance 
AVG,MED,MAX,MIN
0.419,0.413,1,0.413,
0.437,0.431,1,0.431,
0.591,0.586,1,0.586,
0.457,0.451,1,0.451,
0.438,0.431,1,0.431,
0.423,0.416,1,0.416,
0.497,0.49,1,0.49,
0.436,0.429,1,0.429,
0.522,0.517,1,0.517,
0.526,0.521,1,0.521,
0.511,0.506,1,0.506,
0.541,0.536,1,0.536,
0.529,0.524,1,0.524,
0.499,0.494,1,0.494,
0.448,0.442,1,0.442,
0.527,0.521,1,0.521,
0.503,0.498,1,0.488,
0.517,0.512,1,0.512,
0.468,0.462,1,0.462,
0.533,0.528,1,0.528,
0.485,0.479,1,0.479,
0.493,0.487,1,0.487,
0.451,0.444,1,0.444,
0.513,0.508,1,0.508,
0.467,0.46,1,0.46,
0.477,0.471,1,0.47,
0.471,0.465,1,0.462,
0.419,0.413,1,0.413,
0.532,0.527,1,0.527,
0.508,0.503,1,0.502,
0.522,0.517,1,0.517,
0.507,0.502,1,0.502,
0.458,0.452,1,0.452,
0.499,0.493,1,0.493,
0.452,0.446,1,0.446,
0.466,0.46,1,0.46,
0.455,0.449,1,0.449,
0.511,0.506,1,0.506,
0.444,0.438,1,0.438,
0.363,0.356,1,0.356,
0.525,0.52,1,0.52,
0.586,0.582,1,0.582,
0.451,0.445,1,0.445,
0.436,0.43,1,0.43,
0.52,0.515,1,0.515,
0.502,0.496,1,0.496,
0.519,0.514,1,0.514,
0.586,0.582,1,0.582,
0.478,0.472,1,0.472,
0.426,0.42,1,0.42,
0.48,0.474,1,0.474,
0.418,0.41,1,0.409,
0.433,0.426,1,0.426,
0.457,0.451,1,0.451,
0.466,0.459,1,0.459,
0.508,0.503,1,0.503,
0.504,0.499,1,0.499,
0.458,0.452,1,0.452,
0.511,0.506,1,0.506,
0.467,0.461,1,0.461,
0.525,0.519,1,0.519,
0.435,0.429,1,0.41,
0.508,0.503,1,0.497,
0.43,0.423,1,0.423,
0.496,0.49,1,0.49,
0.451,0.445,1,0.445,
0.491,0.486,1,0.486,
0.489,0.483,1,0.483,
0.497,0.492,1,0.492,
0.538,0.533,1,0.533,
0.505,0.5,1,0.5,
0.48,0.474,1,0.474,
0.523,0.517,1,0.517,
0.444,0.437,1,0.437,
0.475,0.47,1,0.47,
0.528,0.523,1,0.523,
0.464,0.458,1,0.458,
0.438,0.432,1,0.432,
0.466,0.459,1,0.459,
0.544,0.539,1,0.539,
0.473,0.466,1,0.466,
0.448,0.442,1,0.442,
0.477,0.471,1,0.471,
0.489,0.484,1,0.484,
0.38,0.372,1,0.372,
0.471,0.465,1,0.465,
0.525,0.52,1,0.52,
0.516,0.511,1,0.511,
0.452,0.446,1,0.445,
0.478,0.472,1,0.472,
0.495,0.49,1,0.49,
0.386,0.378,1,0.378,
0.528,0.522,1,0.522,
0.479,0.474,1,0.454,
0.464,0.459,1,0.459,
0.482,0.476,1,0.476,
0.5,0.495,1,0.479,
0.491,0.486,1,0.486,
0.492,0.486,1,0.486,
0.508,0.503,1,0.503,
0.492,0.486,1,0.486,
0.469,0.463,1,0.463,
0.553,0.548,1,0.548,
0.446,0.443,1,0.435,
0.526,0.521,1,0.521,
0.434,0.428,1,0.426,
0.436,0.431,1,0.429,
0.51,0.505,1,0.505,
0.507,0.502,1,0.502,
0.438,0.432,1,0.418,
0.544,0.539,1,0.539,
0.496,0.49,1,0.49,
0.437,0.429,1,0.429,
0.416,0.41,1,0.41,
0.465,0.458,1,0.458,
0.503,0.497,1,0.497,
0.501,0.495,1,0.495,
0.457,0.45,1,0.444,
0.454,0.448,1,0.448,
0.507,0.501,1,0.501,
0.42,0.414,1,0.414,
0.58,0.576,1,0.576,
0.545,0.539,1,0.539,
0.499,0.494,1,0.494,
0.491,0.486,1,0.486,
0.468,0.462,1,0.462,
0.472,0.466,1,0.466,
0.435,0.428,1,0.428,
0.466,0.46,1,0.46,
0.481,0.475,1,0.475,
0.534,0.529,1,0.529,
0.419,0.412,1,0.412,
0.459,0.453,1,0.453,
0.476,0.47,1,0.47,
0.458,0.451,1,0.448,
0.451,0.444,1,0.444,
0.421,0.415,1,0.415,
0.51,0.504,1,0.504,
0.479,0.473,1,0.473,
0.498,0.492,1,0.492,
0.558,0.553,1,0.553,
0.484,0.478,1,0.478,
0.542,0.536,1,0.536,
0.493,0.487,1,0.487,
0.458,0.452,1,0.452,
0.547,0.542,1,0.542,
0.463,0.457,1,0.457,
0.486,0.486,1,0.475,
0.524,0.518,1,0.518,
0.52,0.515,1,0.515,
0.44,0.434,1,0.434,
0.444,0.438,1,0.438,
0.525,0.52,1,0.52,
0.474,0.468,1,0.468,
0.446,0.439,1,0.439,
0.478,0.473,1,0.473,
0.512,0.507,1,0.507,
0.479,0.472,1,0.472,
0.507,0.502,1,0.502,
0.507,0.502,1,0.502,
0.502,0.496,1,0.496,
0.471,0.465,1,0.465,
0.501,0.496,1,0.496,
0.502,0.497,1,0.495,
0.494,0.489,1,0.489,
0.498,0.493,1,0.493,
0.437,0.43,1,0.429,
0.467,0.461,1,0.461,
0.497,0.491,1,0.491,
0.446,0.44,1,0.44,
0.439,0.433,1,0.433,
0.436,0.429,1,0.429,
0.47,0.464,1,0.464,
0.583,0.578,1,0.578,
0.512,0.507,1,0.503,
0.476,0.47,1,0.47,
0.537,0.532,1,0.532,
0.486,0.48,1,0.48,
0.444,0.437,1,0.437,
0.472,0.466,1,0.466,
0.456,0.45,1,0.45,
0.483,0.478,1,0.478,
0.452,0.446,1,0.446,
0.415,0.408,1,0.408,
0.479,0.473,1,0.473,
0.459,0.454,1,0.449,
0.435,0.428,1,0.428,
0.455,0.449,1,0.449,
0.481,0.476,1,0.476,
0.5,0.495,1,0.495,
0.437,0.431,1,0.431,
0.444,0.438,1,0.438,
0.404,0.397,1,0.396,
0.485,0.479,1,0.479,
0.423,0.416,1,0.416,
0.419,0.413,1,0.413,
0.503,0.496,1,0.496,
0.438,0.431,1,0.431,
0.439,0.432,1,0.432,
0.519,0.514,1,0.514,
0.477,0.471,1,0.471,
0.523,0.518,1,0.518,
0.532,0.527,1,0.527,
0.532,0.527,1,0.513,
0.48,0.474,1,0.474,
0.45,0.444,1,0.444,
0.47,0.463,1,0.463,
0.425,0.419,1,0.419,
0.457,0.45,1,0.45,
0.524,0.519,1,0.519,
0.457,0.451,1,0.451,
0.436,0.429,1,0.429,
0.517,0.512,1,0.512,
0.519,0.513,1,0.513,
0.504,0.498,1,0.498,
0.383,0.373,1,0.373,
0.433,0.427,1,0.425,
0.588,0.583,1,0.583,
0.569,0.564,1,0.564,
0.514,0.509,1,0.509,
0.467,0.461,1,0.461,
0.54,0.535,1,0.535,
0.522,0.516,1,0.516,
0.441,0.434,1,0.434,
0.394,0.386,1,0.386,
0.472,0.466,1,0.466,
0.428,0.419,1,0.419,
0.533,0.528,1,0.528,
0.517,0.511,1,0.511,
0.459,0.453,1,0.453,
0.517,0.512,1,0.512,
0.518,0.513,1,0.513,
0.382,0.374,1,0.374,
0.481,0.475,1,0.475,
0.489,0.484,1,0.484,
0.437,0.43,1,0.43,
0.554,0.549,1,0.549,
0.467,0.461,1,0.461,
0.469,0.462,1,0.462,
0.51,0.504,1,0.504,
0.468,0.462,1,0.462,
0.515,0.509,1,0.509,
0.526,0.521,1,0.521,
0.453,0.447,1,0.447,
0.48,0.474,1,0.474,
0.54,0.535,1,0.535,
0.465,0.46,1,0.46,
0.469,0.462,1,0.462,
0.517,0.512,1,0.512,
0.434,0.428,1,0.408,
0.508,0.502,1,0.502,
0.414,0.408,1,0.408,
0.405,0.398,1,0.398,
0.453,0.447,1,0.447,
0.473,0.467,1,0.467,
0.475,0.469,1,0.469,
0.51,0.505,1,0.505,
0.447,0.44,1,0.44,
0.465,0.459,1,0.459,
0.467,0.461,1,0.461,
0.594,0.59,1,0.59,
0.524,0.519,1,0.519,
0.433,0.427,1,0.427,
0.506,0.501,1,0.501,
0.481,0.475,1,0.475,
0.454,0.447,1,0.447,
0.464,0.458,1,0.458,
0.495,0.489,1,0.489,
0.426,0.42,1,0.42,
0.518,0.513,1,0.513,
0.519,0.514,1,0.514,
0.443,0.436,1,0.435,
0.473,0.467,1,0.467,
0.537,0.532,1,0.532,
0.548,0.543,1,0.543,
0.492,0.487,1,0.487,
0.483,0.476,1,0.476,
0.503,0.497,1,0.497,
0.382,0.375,1,0.375,
0.399,0.392,1,0.392,
0.505,0.5,1,0.5,
0.465,0.458,1,0.458,
0.539,0.534,1,0.534,
0.48,0.474,1,0.474,
0.485,0.479,1,0.479,
0.475,0.47,1,0.47,
0.5,0.495,1,0.495,
0.474,0.468,1,0.468,
0.491,0.486,1,0.486,
0.491,0.486,1,0.486,
0.432,0.425,1,0.423,
0.402,0.394,1,0.394,
0.43,0.424,1,0.424,
0.46,0.454,1,0.454,
0.44,0.434,1,0.434,
0.434,0.427,1,0.427,
0.461,0.455,1,0.455,
0.558,0.553,1,0.553,
0.437,0.431,1,0.431,
0.469,0.463,1,0.463,
0.47,0.464,1,0.464,
0.464,0.457,1,0.457,
0.519,0.513,1,0.513,
0.534,0.528,1,0.528,
0.466,0.46,1,0.46,
0.438,0.432,1,0.432,
0.411,0.404,1,0.402,
0.428,0.422,1,0.422,
0.511,0.505,1,0.505,
0.501,0.496,1,0.496,
0.511,0.506,1,0.506,
0.533,0.528,1,0.528,
0.497,0.492,1,0.492,
0.481,0.475,1,0.475,
0.562,0.557,1,0.557,
0.45,0.443,1,0.443,
0.416,0.408,1,0.408,
0.503,0.498,1,0.498,
0.504,0.498,1,0.498,
0.445,0.439,1,0.438,
0.446,0.44,1,0.44,
0.476,0.47,1,0.47,
0.505,0.5,1,0.5,
0.498,0.493,1,0.493,
0.481,0.476,1,0.476,
0.504,0.499,1,0.499,
0.481,0.475,1,0.475,
0.458,0.452,1,0.452,
0.495,0.49,1,0.49,
0.401,0.394,1,0.393,
0.437,0.431,1,0.431,
0.503,0.498,1,0.498,
0.467,0.461,1,0.461,
0.492,0.486,1,0.486,
0.506,0.501,1,0.501,
0.471,0.465,1,0.465,
0.465,0.459,1,0.459,
0.539,0.534,1,0.534,
0.468,0.462,1,0.462,
0.454,0.448,1,0.448,
0.494,0.488,1,0.488,
0.543,0.538,1,0.538,
0.405,0.398,1,0.398,
0.494,0.488,1,0.488,
0.488,0.483,1,0.483,
0.478,0.472,1,0.472,
0.474,0.468,1,0.468,
0.41,0.403,1,0.403,
0.437,0.431,1,0.431,
0.57,0.565,1,0.565,
0.5,0.495,1,0.495,
0.41,0.403,1,0.403,
0.489,0.483,1,0.483,
0.527,0.522,1,0.522,
0.437,0.431,1,0.431,
0.482,0.477,1,0.477,
0.449,0.443,1,0.443,
0.445,0.438,1,0.433,
0.482,0.477,1,0.477,
0.534,0.529,1,0.529,
0.455,0.449,1,0.449,
0.435,0.428,1,0.428,
0.442,0.436,1,0.436,
0.51,0.504,1,0.504,
0.49,0.484,1,0.484,
0.475,0.469,1,0.469,
0.457,0.451,1,0.451,
0.501,0.496,1,0.496,
0.55,0.545,1,0.545,
0.438,0.431,1,0.431,
0.456,0.45,1,0.45,
0.467,0.461,1,0.461,
0.481,0.475,1,0.475,
0.515,0.509,1,0.509,
0.52,0.515,1,0.515,
0.508,0.502,1,0.502,
0.438,0.43,1,0.43,
0.468,0.463,1,0.463,
0.448,0.442,1,0.442,
0.486,0.48,1,0.48,
0.531,0.526,1,0.526,
0.525,0.519,1,0.519,
0.529,0.524,1,0.524,
0.472,0.466,1,0.466,
0.433,0.427,1,0.411,
0.529,0.524,1,0.524,
0.387,0.379,1,0.379,
0.504,0.499,1,0.498,
0.507,0.502,1,0.502,
0.534,0.529,1,0.529,
0.457,0.451,1,0.451,
0.493,0.488,1,0.488,
0.463,0.457,1,0.457,
0.483,0.477,1,0.477,
0.541,0.536,1,0.536,
0.456,0.45,1,0.45,
0.479,0.473,1,0.473,
0.423,0.416,1,0.416,
0.416,0.409,1,0.409,
0.409,0.401,1,0.401,
0.504,0.498,1,0.498,
0.436,0.43,1,0.43,
0.44,0.434,1,0.43,
0.438,0.431,1,0.431,
0.428,0.422,1,0.422,
0.466,0.46,1,0.46,
0.407,0.4,1,0.4,
0.468,0.462,1,0.46,
0.396,0.39,1,0.39,
0.492,0.486,1,0.486,
0.599,0.595,1,0.595,
0.562,0.557,1,0.557,
0.566,0.561,1,0.561,
0.451,0.445,1,0.445,
0.482,0.476,1,0.476,
0.469,0.464,1,0.464,
0.498,0.493,1,0.493,
0.48,0.475,1,0.475,
0.482,0.476,1,0.476,
0.482,0.476,1,0.476,
0.439,0.433,1,0.433,
0.537,0.532,1,0.532,
0.523,0.518,1,0.518,
0.461,0.455,1,0.455,
0.461,0.455,1,0.455,
0.419,0.413,1,0.413,
0.459,0.453,1,0.453,
0.452,0.446,1,0.446,
0.475,0.47,1,0.47,
0.524,0.519,1,0.519,
0.52,0.515,1,0.508,
0.455,0.449,1,0.449,
0.441,0.435,1,0.435,
0.507,0.502,1,0.502,
0.487,0.481,1,0.481,
0.43,0.424,1,0.424,
0.448,0.442,1,0.442,
0.426,0.419,1,0.417,
0.469,0.463,1,0.463,
0.425,0.417,1,0.417,
0.422,0.415,1,0.415,
0.376,0.368,1,0.368,
0.422,0.415,1,0.415,
0.435,0.429,1,0.429,
0.524,0.519,1,0.519,
0.467,0.461,1,0.461,
0.487,0.481,1,0.481,
0.445,0.439,1,0.439,
0.463,0.457,1,0.457,
0.52,0.515,1,0.515,
0.474,0.468,1,0.468,
0.503,0.498,1,0.498,
0.45,0.444,1,0.444,
0.527,0.522,1,0.522,
0.381,0.373,1,0.373,
0.513,0.508,1,0.508,
0.441,0.435,1,0.435,
0.487,0.482,1,0.482,
0.427,0.421,1,0.421,
0.511,0.506,1,0.506,
0.43,0.422,1,0.422,
0.514,0.509,1,0.509,
0.449,0.442,1,0.442,
0.517,0.511,1,0.511,
0.581,0.576,1,0.576,
0.547,0.542,1,0.542,
0.438,0.434,1,0.427,
0.414,0.407,1,0.407,
0.465,0.459,1,0.459,
0.51,0.505,1,0.499,
0.51,0.504,1,0.504,
0.492,0.487,1,0.487,
0.435,0.429,1,0.429,
0.436,0.429,1,0.429,
0.514,0.509,1,0.509,
0.454,0.447,1,0.447,
0.484,0.479,1,0.479,
0.551,0.546,1,0.546,
0.463,0.458,1,0.458,
0.448,0.441,1,0.441,
0.501,0.496,1,0.496,
0.445,0.438,1,0.438,
0.446,0.44,1,0.44,
0.459,0.453,1,0.453,
0.488,0.483,1,0.483,
0.427,0.42,1,0.42,
0.444,0.436,1,0.436,
0.464,0.458,1,0.457,
0.504,0.498,1,0.498,
0.443,0.437,1,0.437,
0.5,0.494,1,0.494,
0.506,0.501,1,0.501,
0.414,0.407,1,0.407,
0.468,0.462,1,0.462,
0.467,0.461,1,0.461,
0.496,0.49,1,0.49,
0.442,0.436,1,0.436,
0.516,0.511,1,0.511,
0.513,0.508,1,0.508,
0.477,0.471,1,0.471,


0.473,0.466,1,0.424,
0.465,0.456,1,0.436,
0.62,0.613,1,0.587,
0.505,0.496,1,0.465,
0.474,0.466,1,0.439,
0.451,0.444,1,0.417,
0.537,0.529,1,0.498,
0.477,0.47,1,0.432,
0.551,0.544,1,0.52,
0.564,0.556,1,0.523,
0.542,0.534,1,0.508,
0.571,0.563,1,0.536,
0.566,0.559,1,0.528,
0.525,0.518,1,0.497,
0.487,0.48,1,0.452,
0.555,0.548,1,0.527,
0.536,0.529,1,0.501,
0.555,0.55,1,0.517,
0.496,0.489,1,0.462,
0.562,0.556,1,0.531,
0.522,0.514,1,0.49,
0.534,0.526,1,0.492,
0.486,0.479,1,0.448,
0.551,0.544,1,0.521,
0.535,0.524,1,0.476,
0.517,0.511,1,0.486,
0.508,0.5,1,0.475,
0.467,0.46,1,0.43,
0.563,0.556,1,0.526,
0.543,0.536,1,0.507,
0.56,0.556,1,0.518,
0.542,0.533,1,0.505,
0.505,0.498,1,0.456,
0.536,0.528,1,0.499,
0.49,0.483,1,0.453,
0.519,0.513,1,0.487,
0.495,0.487,1,0.454,
0.545,0.537,1,0.515,
0.48,0.472,1,0.441,
0.388,0.378,1,0.356,
0.561,0.555,1,0.526,
0.614,0.609,1,0.588,
0.49,0.483,1,0.459,
0.474,0.466,1,0.433,
0.556,0.548,1,0.522,
0.539,0.531,1,0.506,
0.552,0.544,1,0.518,
0.617,0.611,1,0.585,
0.514,0.506,1,0.487,
0.454,0.443,1,0.421,
0.512,0.505,1,0.486,
0.461,0.453,1,0.42,
0.471,0.462,1,0.439,
0.494,0.488,1,0.453,
0.511,0.504,1,0.473,
0.539,0.533,1,0.505,
0.53,0.524,1,0.5,
0.497,0.491,1,0.458,
0.549,0.543,1,0.514,
0.507,0.499,1,0.47,
0.561,0.554,1,0.536,
0.466,0.457,1,0.435,
0.543,0.534,1,0.509,
0.468,0.462,1,0.436,
0.536,0.53,1,0.506,
0.497,0.488,1,0.455,
0.529,0.522,1,0.485,
0.547,0.542,1,0.498,
0.534,0.526,1,0.492,
0.573,0.565,1,0.539,
0.532,0.524,1,0.504,
0.52,0.515,1,0.48,
0.561,0.553,1,0.523,
0.495,0.487,1,0.458,
0.506,0.5,1,0.476,
0.56,0.547,1,0.523,
0.505,0.498,1,0.476,
0.482,0.474,1,0.445,
0.5,0.491,1,0.465,
0.568,0.56,1,0.541,
0.506,0.499,1,0.474,
0.495,0.488,1,0.442,
0.517,0.508,1,0.472,
0.52,0.512,1,0.486,
0.424,0.414,1,0.389,
0.505,0.494,1,0.469,
0.557,0.551,1,0.52,
0.551,0.546,1,0.516,
0.49,0.482,1,0.446,
0.511,0.504,1,0.478,
0.527,0.521,1,0.491,
0.431,0.423,1,0.393,
0.565,0.556,1,0.531,
0.52,0.515,1,0.485,
0.508,0.498,1,0.471,
0.523,0.519,1,0.477,
0.521,0.514,1,0.495,
0.523,0.514,1,0.494,
0.528,0.52,1,0.498,
0.542,0.536,1,0.511,
0.524,0.516,1,0.491,
0.505,0.496,1,0.466,
0.578,0.571,1,0.549,
0.491,0.485,1,0.458,
0.56,0.554,1,0.528,
0.476,0.469,1,0.432,
0.475,0.468,1,0.439,
0.553,0.546,1,0.509,
0.545,0.538,1,0.509,
0.478,0.471,1,0.439,
0.577,0.571,1,0.539,
0.533,0.528,1,0.493,
0.477,0.47,1,0.446,
0.455,0.445,1,0.42,
0.506,0.502,1,0.468,
0.538,0.53,1,0.501,
0.54,0.532,1,0.498,
0.492,0.483,1,0.454,
0.484,0.477,1,0.45,
0.542,0.536,1,0.508,
0.446,0.439,1,0.417,
0.611,0.607,1,0.576,
0.577,0.567,1,0.539,
0.536,0.53,1,0.497,
0.532,0.523,1,0.493,
0.506,0.498,1,0.46,
0.518,0.512,1,0.484,
0.474,0.461,1,0.434,
0.5,0.493,1,0.467,
0.513,0.505,1,0.479,
0.568,0.562,1,0.533,
0.453,0.442,1,0.416,
0.512,0.505,1,0.464,
0.516,0.51,1,0.483,
0.491,0.484,1,0.459,
0.486,0.479,1,0.452,
0.458,0.453,1,0.426,
0.532,0.525,1,0.507,
0.517,0.508,1,0.48,
0.537,0.53,1,0.501,
0.582,0.573,1,0.555,
0.518,0.511,1,0.485,
0.572,0.565,1,0.541,
0.528,0.521,1,0.493,
0.489,0.48,1,0.46,
0.577,0.57,1,0.546,
0.499,0.493,1,0.457,
0.52,0.514,1,0.482,
0.56,0.553,1,0.525,
0.552,0.544,1,0.517,
0.489,0.478,1,0.445,
0.474,0.467,1,0.443,
0.561,0.555,1,0.525,
0.505,0.501,1,0.471,
0.482,0.476,1,0.454,
0.513,0.503,1,0.475,
0.54,0.533,1,0.509,
0.516,0.509,1,0.485,
0.539,0.534,1,0.504,
0.544,0.532,1,0.509,
0.536,0.53,1,0.496,
0.508,0.499,1,0.472,
0.522,0.515,1,0.501,
0.541,0.536,1,0.507,
0.53,0.522,1,0.494,
0.53,0.521,1,0.494,
0.475,0.468,1,0.444,
0.504,0.496,1,0.475,
0.533,0.526,1,0.501,
0.484,0.476,1,0.448,
0.487,0.478,1,0.442,
0.473,0.467,1,0.435,
0.505,0.5,1,0.467,
0.619,0.616,1,0.584,
0.545,0.54,1,0.511,
0.508,0.501,1,0.47,
0.575,0.569,1,0.538,
0.528,0.518,1,0.487,
0.497,0.491,1,0.466,
0.506,0.498,1,0.474,
0.503,0.496,1,0.455,
0.519,0.512,1,0.484,
0.496,0.488,1,0.451,
0.446,0.437,1,0.413,
0.517,0.508,1,0.486,
0.496,0.489,1,0.46,
0.483,0.477,1,0.446,
0.497,0.489,1,0.461,
0.517,0.51,1,0.48,
0.534,0.528,1,0.499,
0.482,0.472,1,0.438,
0.488,0.479,1,0.452,
0.453,0.444,1,0.419,
0.525,0.519,1,0.491,
0.468,0.459,1,0.421,
0.454,0.447,1,0.416,
0.54,0.534,1,0.506,
0.482,0.476,1,0.448,
0.473,0.465,1,0.439,
0.554,0.544,1,0.517,
0.519,0.512,1,0.486,
0.558,0.551,1,0.526,
0.57,0.56,1,0.529,
0.559,0.554,1,0.528,
0.515,0.508,1,0.48,
0.489,0.481,1,0.447,
0.501,0.491,1,0.463,
0.46,0.452,1,0.423,
0.497,0.491,1,0.462,
0.556,0.547,1,0.521,
0.488,0.48,1,0.452,
0.479,0.471,1,0.444,
0.543,0.534,1,0.516,
0.556,0.547,1,0.52,
0.539,0.534,1,0.501,
0.472,0.469,1,0.395,
0.464,0.456,1,0.429,
0.613,0.606,1,0.587,
0.599,0.593,1,0.566,
0.552,0.542,1,0.516,
0.501,0.493,1,0.465,
0.575,0.569,1,0.539,
0.562,0.554,1,0.526,
0.478,0.472,1,0.448,
0.457,0.448,1,0.417,
0.508,0.499,1,0.468,
0.472,0.465,1,0.428,
0.566,0.558,1,0.531,
0.567,0.559,1,0.527,
0.49,0.483,1,0.459,
0.558,0.55,1,0.525,
0.55,0.543,1,0.517,
0.436,0.429,1,0.391,
0.517,0.51,1,0.482,
0.525,0.518,1,0.488,
0.489,0.485,1,0.446,
0.591,0.584,1,0.552,
0.51,0.494,1,0.467,
0.509,0.502,1,0.477,
0.542,0.534,1,0.504,
0.508,0.5,1,0.477,
0.551,0.544,1,0.512,
0.555,0.548,1,0.523,
0.501,0.493,1,0.458,
0.52,0.513,1,0.486,
0.574,0.566,1,0.539,
0.504,0.497,1,0.46,
0.52,0.522,1,0.465,
0.553,0.546,1,0.522,
0.451,0.442,1,0.428,
0.543,0.535,1,0.508,
0.452,0.445,1,0.421,
0.443,0.436,1,0.401,
0.483,0.474,1,0.453,
0.505,0.496,1,0.468,
0.515,0.506,1,0.479,
0.545,0.537,1,0.508,
0.48,0.469,1,0.444,
0.507,0.5,1,0.47,
0.514,0.507,1,0.469,
0.628,0.621,1,0.593,
0.563,0.558,1,0.525,
0.47,0.462,1,0.434,
0.547,0.541,1,0.512,
0.517,0.512,1,0.483,
0.486,0.477,1,0.447,
0.502,0.494,1,0.463,
0.528,0.52,1,0.497,
0.453,0.445,1,0.428,
0.548,0.54,1,0.52,
0.535,0.529,1,0.514,
0.467,0.459,1,0.436,
0.506,0.497,1,0.474,
0.561,0.554,1,0.534,
0.573,0.566,1,0.543,
0.517,0.508,1,0.49,
0.512,0.504,1,0.484,
0.535,0.528,1,0.504,
0.405,0.396,1,0.378,
0.455,0.451,1,0.406,
0.53,0.524,1,0.501,
0.498,0.489,1,0.47,
0.562,0.556,1,0.538,
0.507,0.503,1,0.482,
0.512,0.504,1,0.482,
0.505,0.499,1,0.471,
0.529,0.519,1,0.498,
0.503,0.495,1,0.475,
0.521,0.513,1,0.495,
0.518,0.511,1,0.493,
0.469,0.461,1,0.427,
0.456,0.446,1,0.421,
0.454,0.445,1,0.424,
0.496,0.489,1,0.458,
0.466,0.457,1,0.434,
0.465,0.457,1,0.436,
0.486,0.477,1,0.459,
0.581,0.573,1,0.555,
0.467,0.457,1,0.434,
0.494,0.485,1,0.468,
0.506,0.498,1,0.469,
0.489,0.482,1,0.464,
0.546,0.537,1,0.521,
0.557,0.548,1,0.532,
0.5,0.491,1,0.46,
0.465,0.455,1,0.435,
0.442,0.434,1,0.415,
0.453,0.442,1,0.422,
0.536,0.53,1,0.507,
0.529,0.52,1,0.5,
0.54,0.535,1,0.512,
0.559,0.551,1,0.532,
0.523,0.513,1,0.496,
0.508,0.498,1,0.479,
0.585,0.578,1,0.56,
0.482,0.474,1,0.452,
0.445,0.435,1,0.408,
0.525,0.516,1,0.501,
0.532,0.525,1,0.508,
0.467,0.458,1,0.439,
0.483,0.475,1,0.441,
0.507,0.497,1,0.471,
0.526,0.517,1,0.502,
0.525,0.518,1,0.497,
0.506,0.497,1,0.477,
0.532,0.526,1,0.501,
0.509,0.5,1,0.478,
0.488,0.479,1,0.46,
0.511,0.504,1,0.49,
0.427,0.418,1,0.396,
0.468,0.46,1,0.431,
0.529,0.52,1,0.5,
0.497,0.489,1,0.466,
0.517,0.509,1,0.49,
0.535,0.527,1,0.506,
0.501,0.491,1,0.466,
0.495,0.487,1,0.466,
0.566,0.558,1,0.536,
0.484,0.474,1,0.462,
0.484,0.474,1,0.45,
0.524,0.517,1,0.502,
0.562,0.555,1,0.539,
0.44,0.432,1,0.405,
0.518,0.511,1,0.489,
0.516,0.508,1,0.486,
0.51,0.498,1,0.477,
0.506,0.498,1,0.47,
0.438,0.428,1,0.407,
0.469,0.459,1,0.437,
0.589,0.581,1,0.566,
0.519,0.512,1,0.495,
0.439,0.428,1,0.407,
0.514,0.507,1,0.488,
0.552,0.545,1,0.526,
0.468,0.458,1,0.436,
0.505,0.498,1,0.482,
0.474,0.467,1,0.444,
0.47,0.463,1,0.442,
0.511,0.504,1,0.477,
0.579,0.572,1,0.55,
0.493,0.486,1,0.454,
0.466,0.458,1,0.436,
0.466,0.456,1,0.439,
0.537,0.528,1,0.506,
0.523,0.516,1,0.494,
0.509,0.499,1,0.474,
0.49,0.482,1,0.456,
0.529,0.522,1,0.504,
0.571,0.563,1,0.547,
0.465,0.457,1,0.431,
0.486,0.478,1,0.455,
0.491,0.484,1,0.465,
0.509,0.501,1,0.483,
0.544,0.536,1,0.519,
0.55,0.542,1,0.52,
0.533,0.524,1,0.506,
0.466,0.457,1,0.44,
0.495,0.486,1,0.466,
0.477,0.464,1,0.446,
0.514,0.506,1,0.481,
0.555,0.547,1,0.531,
0.554,0.548,1,0.521,
0.554,0.546,1,0.526,
0.498,0.489,1,0.47,
0.457,0.45,1,0.433,
0.556,0.548,1,0.528,
0.455,0.453,1,0.391,
0.522,0.515,1,0.498,
0.536,0.53,1,0.508,
0.554,0.546,1,0.532,
0.479,0.464,1,0.451,
0.519,0.508,1,0.488,
0.492,0.484,1,0.462,
0.508,0.499,1,0.48,
0.568,0.56,1,0.541,
0.487,0.48,1,0.458,
0.505,0.496,1,0.474,
0.454,0.444,1,0.422,
0.447,0.435,1,0.41,
0.441,0.428,1,0.41,
0.528,0.519,1,0.5,
0.462,0.451,1,0.431,
0.464,0.456,1,0.435,
0.464,0.455,1,0.436,
0.459,0.45,1,0.425,
0.494,0.485,1,0.464,
0.429,0.418,1,0.402,
0.497,0.49,1,0.469,
0.424,0.416,1,0.39,
0.518,0.509,1,0.489,
0.626,0.62,1,0.596,
0.584,0.577,1,0.559,
0.592,0.583,1,0.565,
0.477,0.465,1,0.444,
0.509,0.502,1,0.48,
0.49,0.482,1,0.467,
0.522,0.512,1,0.495,
0.506,0.495,1,0.474,
0.512,0.505,1,0.484,
0.505,0.498,1,0.479,
0.46,0.453,1,0.435,
0.563,0.556,1,0.533,
0.553,0.546,1,0.521,
0.492,0.482,1,0.459,
0.487,0.48,1,0.457,
0.452,0.441,1,0.42,
0.48,0.473,1,0.456,
0.472,0.464,1,0.447,
0.502,0.49,1,0.47,
0.546,0.538,1,0.519,
0.549,0.542,1,0.524,
0.488,0.48,1,0.452,
0.468,0.459,1,0.435,
0.53,0.522,1,0.508,
0.518,0.507,1,0.484,
0.454,0.446,1,0.429,
0.488,0.483,1,0.448,
0.461,0.452,1,0.431,
0.5,0.493,1,0.469,
0.464,0.456,1,0.431,
0.447,0.439,1,0.416,
0.415,0.407,1,0.375,
0.454,0.445,1,0.427,
0.463,0.452,1,0.435,
0.554,0.548,1,0.524,
0.497,0.491,1,0.47,
0.508,0.5,1,0.484,
0.474,0.466,1,0.445,
0.492,0.485,1,0.459,
0.547,0.539,1,0.519,
0.507,0.498,1,0.473,
0.529,0.52,1,0.5,
0.479,0.471,1,0.446,
0.554,0.545,1,0.526,
0.409,0.403,1,0.38,
0.54,0.532,1,0.51,
0.47,0.462,1,0.441,
0.506,0.499,1,0.486,
0.46,0.451,1,0.433,
0.541,0.533,1,0.511,
0.456,0.448,1,0.425,
0.544,0.54,1,0.512,
0.476,0.468,1,0.445,
0.548,0.54,1,0.518,
0.608,0.6,1,0.577,
0.581,0.574,1,0.549,
0.47,0.462,1,0.431,
0.457,0.452,1,0.419,
0.5,0.49,1,0.466,
0.543,0.537,1,0.509,
0.548,0.542,1,0.511,
0.518,0.509,1,0.49,
0.485,0.476,1,0.433,
0.481,0.474,1,0.445,
0.551,0.547,1,0.518,
0.499,0.49,1,0.462,
0.506,0.496,1,0.479,
0.584,0.577,1,0.555,
0.492,0.486,1,0.458,
0.472,0.463,1,0.442,
0.528,0.521,1,0.502,
0.472,0.464,1,0.44,
0.485,0.484,1,0.448,
0.485,0.474,1,0.456,
0.528,0.521,1,0.494,
0.475,0.469,1,0.426,
0.476,0.469,1,0.44,
0.492,0.484,1,0.461,
0.538,0.53,1,0.506,
0.486,0.476,1,0.443,
0.536,0.526,1,0.495,
0.539,0.534,1,0.504,
0.44,0.431,1,0.412,
0.492,0.484,1,0.464,
0.499,0.491,1,0.471,
0.522,0.512,1,0.491,
0.47,0.462,1,0.443,
0.544,0.538,1,0.515,
0.541,0.532,1,0.511,
0.501,0.493,1,0.477,




Further Data analysis of all test cases 
avg med max min 
AVGs,0.478,0.477,0.599,0.363,
MEDs,0.473,0.471,0.595,0.356,
MAXs,1,1,1,1,
MINs,0.472,0.471,0.595,0.356,


AVGs,0.512,0.509,0.628,0.388,
MEDs,0.504,0.501,0.621,0.378,
MAXs,1,1,1,1,
MINs,0.478,0.477,0.596,0.356,



