

Data analysis for each instance 
AVG,MED,MAX,MIN
14765.48,14505,31138,14454,
15831.95,15676,32756,14829,
21460.43,21307,35147,21307,
19958.04,19739,39499,19710,
14229.87,14157,27846,13035,
13096.84,13021.5,25897,11700,
13841.46,13627,26261,13627,
12860.94,12605,27279,12605,
17566.8,17392,32374,17392,
18354.77,18179,33046,18179,
20681.15,20477,38393,20458,
18236.31,18075,32411,18075,
17948.63,17527,31434,17510,
22014.21,21792,42666,21792,
15529.05,15290,32494,15290,
15518.89,15293,27159,14657,
19694.06,19491,37910,19491,
17565.49,17372,32316,17372,
17828.3,17604,36169,17604,
26456.46,26224,47675,26220,
18175.51,17972,34872,17783,
22100.45,21837,42140,21837,
15266.44,14848,31432,14711,
19891.96,19753,35753,19595,
14126.82,14045,24714,13136,
15888.91,15678,31060,15678,
18377.77,18077,35894,17633,
15804.81,15564,34244,15564,
15985.44,15792,28477,15738,
24367.68,24124,45398,24124,
23729.24,23514,43667,23514,
15236.36,15079,28324,15079,
14349,14103,29140,14103,
15969.94,15605.5,29443,15344,
17961,17711,36729,17711,
13819.34,13628,25971,13441,
15218.37,15126.5,28226,13753,
17974.84,17779,32979,17695,
14541.99,14506,30222,14183,
11694.53,11415,30315,11415,
16739.47,16578,30133,16578,
20684.71,20533,34182,20533,
14926.34,14691,30605,14691,
15436.09,15266,32536,14765,
23665.39,23454,43266,23454,
17323.15,17080,30829,16464,
18947.56,18773,34672,18773,
20360.46,20203,33343,20203,
15032.77,14627,28692,14409,
18351.19,18201,40991,17960,
24047.2,23719,47255,23719,
14079.79,13949.5,29148,12658,
13414.99,13089,28557,13089,
19401.66,19188,38569,18757,
14627.35,14323,29203,14323,
19832.77,19628,37289,19628,
16067.01,15911,30732,15911,
13439.97,13223,27175,13223,
18497.86,18310,34138,18310,
16612.72,16118,32283,16118,
18829.89,18593,33670,18593,
14848.47,14604,32967,14599,
18443.87,18622,33377,17351,
14043.09,13823,30581,13823,
15451.62,15235,29076,15235,
13127.91,12888,26259,12888,
23642.39,23406,45298,23406,
14556.56,14403,27166,14403,
24916.8,24675,47983,24675,
22661.39,22457,40720,22457,
18177.58,17995,34654,17995,
16103.25,15844,31113,15714,
16367,16140,29561,16140,
14621.47,14313,29662,14313,
19978.99,19740,40053,19740,
13756.87,13602,25129,13602,
14963.26,14754,30068,14754,
16256.47,16038,34465,16010,
13532.12,13328,26093,12822,
15054.67,14835,26999,14835,
14303.21,13996,28389,13963,
19610.77,19335,40755,19335,
20725.89,20499,40413,20494,
16272.5,16082,31785,16082,
13756.69,13151,32495,13151,
18980.46,18696,38262,18696,
19284.15,19109,35115,19109,
17572.28,17395,32401,17395,
20924.99,20662,44180,20662,
16318.26,16083,31736,16083,
20683.7,20441,39820,20441,
12557.71,12386,26877,11181,
15495.16,15283,27561,15225,
17597.1,17798,33577,16385,
22488.76,22233,47062,22233,
21725.14,21451,43002,21451,
15131.85,15021,28703,14334,
17436.1,17248,33702,17248,
17302.39,17118,32834,17118,
16823.37,16737,30547,16245,
14384.25,14197,25987,13246,
13442.38,13260,26986,13260,
17766.7,17627,30574,17586,
13935.49,13617,27808,13466,
20460.04,20284,37102,20284,
16664.38,16447,35490,16447,
16177.54,15918,34876,15918,
18516.14,18455,33261,17922,
16206.46,16102,30369,15968,
13995.39,13740,29921,13736,
34686.56,34405,61810,34182,
17454.49,17228,32116,16793,
12237.88,11818,25470,11798,
16553.9,16298,37417,16298,
13313.74,12904,26515,12904,
13691.59,13527,25563,13514,
15587.01,15404,29187,15404,
15035.33,14707,30257,14539,
14330.45,14136,29552,14136,
16586.15,16406,30704,16406,
15745.66,15475,35755,15475,
24149.18,23979,40049,23979,
16876.71,16713,28978,16713,
20597.38,20398,39316,20398,
17528.84,17308,33362,17308,
19428.76,19202,39491,19202,
13916.45,13752,27437,13752,
15598.73,15393.5,32093,14867,
13254.24,12985,26398,12985,
14134.22,13922,27954,13922,
15664.79,15522,27512,15522,
14844.22,14595,33453,14595,
17054.32,17039,32265,16356,
15385.96,15174,30360,15174,
12771.61,12624.5,24055,11834,
13668.32,13548.5,25941,12426,
13966.35,13743,30999,13743,
14244.37,14059,27895,14059,
19860.73,19618,39009,19618,
16973.58,16706,31292,16423,
18144.71,17984,31448,17984,
15592.18,15461,28880,14589,
20236.52,20111,34395,19267,
19511.46,19286,37151,19049,
21567.42,21302,44854,21302,
16283.19,16123,28332,16123,
15357.28,15090,31082,15090,
14758.67,14609,28214,14556,
19997.58,19756,35718,19756,
22745.49,22530,41597,22530,
17765.82,17473,37133,17473,
16218.34,16007,34809,16007,
22695.79,22474,41175,22474,
16078.76,15891,31457,15644,
14813.73,14609,28059,13592,
18569.09,18374,36507,18374,
15922.55,15711,29300,15711,
17772.09,17509,34839,17509,
14079.75,13903,25984,13903,
28276.31,28004,53454,28004,
15590.22,15491,27375,14471,
21942.97,21978,42324,21432,
17214.7,17002,33224,17002,
17389.18,17187,33405,17187,
19745.62,19550,37755,19550,
21833.55,21618,41969,21618,
15819.13,15561,33283,15561,
13133.68,12935,26279,12935,
20083.04,19874,38304,19874,
16291.39,16050,33164,15610,
14173.28,13910,30322,13910,
13793.65,13559,27902,12822,
15571.82,15348,31079,15348,
23475.05,23285,38708,23247,
14876.81,14678,27623,14600,
17074.88,16829,33454,16729,
17007.11,16843,29877,16843,
14834.3,14595,28462,14595,
14796.76,14574,29831,14092,
17414.99,17230,34153,17230,
14699.65,14480,29955,14365,
16137.86,15928,31675,15925,
16097.77,15913,32760,15903,
13500.29,13264,29946,13194,
14611.42,14429,28969,14429,
14401.38,14176,28584,13325,
15408.04,15204,32268,15204,
19652.02,19393,40590,19393,
20982.29,20757,41486,20757,
15673.68,15459,29622,15459,
19926.26,19682,42704,19682,
15214.85,14991,31598,14991,
11568.3,11290,26278,11290,
18025.83,17761,34073,17761,
13079.46,12738,28006,12738,
18576.2,18322,41741,18322,
13635.9,13278,24630,13267,
15474.24,15247,32459,15247,
12990.53,12759,27587,12759,
26816.46,26573,49772,26573,
17905.71,17681,34713,17681,
19037.15,18864,34612,18863,
28434.17,28170,52613,28170,
16241.75,16088,29562,16071,
14947.76,14704,29013,14694,
13557.95,13344,27197,12650,
14705.45,14509,29519,14509,
16008.38,15768,35369,15768,
17861.9,17601,36581,17499,
17096.65,16928,31031,16928,
15227.54,14997,31333,14997,
16352.96,16137,34731,16114,
19379.46,19218,35821,19089,
15323.27,15165,27938,15165,
16980.11,16705,31570,16700,
11612.24,11391.5,25417,10626,
15223.61,15004,33108,14999,
20232.92,20032,33505,20032,
22115.03,21930,37241,21930,
24493.22,24270,45713,24270,
15258.19,15057,30843,15057,
19214.32,19044,33809,19044,
20492.85,20312,36706,20312,
16207.31,15960.5,34483,15821,
13889.11,13663,30449,13663,
17084.48,16795,33993,16789,
12860.52,12613.5,24981,11640,
17839.04,17659,32061,17659,
19465.36,19285,33935,19285,
14286.12,13833,28793,13625,
20369.85,20134,37033,20134,
15280.26,15105,27997,15105,
14381.26,14215.5,30663,12764,
16409.17,16224,32559,16224,
15507.91,15349,30275,15349,
16412.38,16202,33645,15667,
18836.57,18681,32449,18681,
15555.03,15333,31932,15333,
12548.6,12317,24786,12317,
22734.72,22511,42179,21877,
16387.87,16112,31974,15790,
17970.35,17797,32701,17775,
17389.03,17221,31524,17221,
15914.94,15700.5,31128,15242,
18694,18490,36061,18380,
16919.31,16751,29659,16751,
18409.52,18203,37689,18203,
13517.13,13367,25191,13367,
19552.57,19375,35463,19375,
15095.96,14895,32977,14869,
21201.19,20956,39884,20956,
12058.37,11872,26867,11872,
14623.14,14501,32814,14317,
13224.42,13046,27689,13046,
18928.08,18616,36955,18616,
20664.21,20444,40820,20444,
21094.14,20892,39305,20892,
13201.41,12873,27596,12873,
19100.51,18876,39472,18876,
18621.92,18375,36624,18334,
19635.36,19488,31401,19488,
15960.41,15761,28509,15761,
13141.22,12905,28333,12905,
19078.74,18871,35802,18871,
15076.31,14563,29227,14563,
13068.7,13052,26246,12447,
14958.44,14755,30445,14755,
19817.98,19561,37669,19561,
9996.13,9852,22122,9852,
12349.56,12222,22757,12222,
12586.91,12440,23805,12440,
11763.79,11592,25734,11592,
10061.94,9914,20241,9914,
13427.86,13301,24222,13301,
17251.21,17101,30532,17101,
11601.7,11482,22699,11482,
9811.03,9610,19322,9610,
13796.88,13698,25396,13585,
10426.05,10230,26235,10230,
9200.46,9077,19860,8943,
12688.91,12560,24221,12560,
10758.63,10550,21689,10550,
12723.3,12610,22859,12610,
11709.24,11569,23130,11569,
16748.39,16561,33341,16561,
11282.45,11161,22603,11161,
19149.53,18962,37199,18962,
11458.05,11302,22990,11302,
13224.17,13081,25573,13081,
14262.24,14118,27526,14033,
9870.9,9736.5,19907,8714,
7927.09,7781,16684,7258,
10770.78,10605,24608,10604,
10826.29,10553,23514,10548,
11143.57,10963,24423,10963,
9879.75,9718,21342,9695,
12344.1,12190,25538,12190,
13989.39,13867,24170,13867,
12190.74,12036,25877,11695,
10765.54,10625,21829,10534,
11173.79,11014,22431,11014,
11121.55,10948.5,22024,10463,
11045.21,10953,20134,10730,
9979.17,9891,17881,9878,
13660.11,13331,27464,13163,
11147.94,10984,24465,10983,
7663.9,7533.5,16809,7168,
11457.11,11282,25588,11282,
11481.25,11339,21588,11339,
15166.98,15020,29182,15020,
11790.6,11667,22225,11667,
16391.2,16242,29614,16242,
12372.83,12248,24102,12248,
11851.89,11717,23555,11705,
12814.29,12690,21894,12528,
9379.79,9234,19579,9215,
8866.33,8760,18272,8719,
12871.83,12748,24772,12748,
11106.38,10969,21121,10969,
11118.92,11036,24013,10882,
10149.92,10002,21778,9992,
11077.46,10967,21835,10762,
12802.54,12665,24351,12663,
14007.59,13879,26908,13843,
14251.99,14097,28736,14097,
11249.43,11112,21382,11112,
11964.5,11810,23898,11810,
11872.63,11763,24285,11684,
12464.63,12327,24691,12322,
9124.67,9019,20652,8537,
13514.22,13336,29292,13336,
10717.23,10453,20528,10453,
13687.6,13511,28036,13505,
12533.74,12335,24455,12335,
12672.28,12531,23982,12531,
11368.27,11225,23371,11225,
12542.55,12376,25591,12376,
16681.95,16536,29922,16536,
9298.92,9107,19526,9107,
9837.3,9718,20716,9710,
11662.18,11532,22487,11532,
16427.73,16288,29569,16288,
9369.16,9145,21292,9030,
12603.67,12463,23991,12463,
15225.76,15069,30079,15069,
10889.88,10709,21717,10709,
10375.97,10252,21113,10252,
9430.51,9356,20088,8488,
11181.14,11001,24267,11001,
11357.69,11248,19510,11248,
16868.77,16700,32914,16700,
11244.81,11064,25996,11064,
12923.68,12768,25484,12768,
13032.24,12905,23843,12905,
9844.96,9693,21515,9693,
13407.73,13252,26857,13252,
11958.48,11816,25563,11800,
9119.74,8892,19159,8890,
12019.46,11886,23791,11886,
15053.72,14917,26165,14917,
10861.34,10655,22592,10655,
10874.98,10674,23872,10665,
12661.26,12495,27567,12470,
11156.89,11034,21291,11034,
10732.34,10590,20746,10586,
12046.29,11903,23866,11892,
12817.96,12669,26772,12669,
13571.3,13362,25833,13362,
11725.2,11614,20687,11614,
10247.35,10087,21992,10087,
13081.51,12802.5,26717,12594,
11086.44,10918,22881,10918,
9925.89,9735,19626,9735,
12792.01,12627,23547,12627,
11789.51,11675,21551,11675,
15375.44,15211,29337,15211,
8873.53,8642,18975,8550,
12654.76,12511,26022,12511,
14323.04,14142,30700,14142,
12554.25,12405,24847,12405,
12689.83,12573,23069,12573,
11420.84,11291,20506,11291,
15788.17,15650,28783,15650,
12417.69,12219,25202,12219,
10268.09,10108,22583,10108,
13618.01,13478,24646,13474,
9076.6,8787,19621,8293,
13437.69,13289,25983,13289,
15087.9,14900,28371,14900,
17106.07,16958,31347,16958,
12281.76,12138,26059,12138,
14959.87,14808,29362,14808,
10632.71,10379,21515,10244,
10157.17,10002,20291,10002,
12656.79,12537,22644,12537,
14626.06,14433,30174,14433,
11735.64,11589,23479,11589,
10927.3,10773,24069,10468,
11017.07,10839,23711,10240,
11907.45,11698,27983,11698,
10567.65,10445,20117,10412,
12069.88,11904,26717,11904,
11643.27,11509,24408,11318,
11933.96,11763,26039,11763,
11295.74,11118,24907,11087,
13840.43,13676,28495,13666,
9307.27,9122,21117,8817,
9967.27,9816,20192,9816,
12888.79,12672,31033,12672,
10597.02,10470,20767,10470,
12464.58,12364,20043,12364,
16735.91,16595,29034,16595,
13304.87,13176,22745,13176,
11787.42,11639,25366,11639,
11096.51,10960,22343,10960,
12250,12098,25245,12098,
16297.93,16132,31711,16132,
11910.89,11780,24111,11780,
10746.02,10594,21354,10594,
11187.24,11039,22508,11039,
11054,10887,24070,10811,
11758.66,11642,21010,11642,
14819.55,14665,27017,14665,
11718.19,11566,24127,11530,
12670.8,12498,26303,12498,
10178.19,10042,22968,10016,
13491.11,13312,28391,13312,
8933.48,8813,18946,8813,
14343.07,14182,29125,14182,
12564.53,12440,23252,12440,
15340.91,15190,28216,15190,
10448.7,10287,21637,10287,
14764.17,14572,32458,14572,
13042.34,12911,24816,12903,
11024.3,10830,21588,10830,
11950.97,11766,26626,11766,
10539.85,10385,20989,10385,
10206.23,10085,22234,10039,
12312.59,12163,25052,12163,
9821.92,9624.5,20851,9474,
9171.14,8992,20909,8992,
8183.7,7992,19909,7992,
11433.83,11196,25243,11190,
10110.23,9962,22289,9962,
17519.54,17348,32345,17348,
10615.56,10470,21777,10470,
11027.06,10891,21870,10891,
11376.05,11300,24187,11096,
11078.44,10948,22688,10845,
12261.45,12141,22557,12140,
12156.82,11989,24552,11989,
18010.15,17836,34659,17836,
12317.52,12154,26032,12141,
14061.61,13924,25526,13922,
7946.29,7751,19584,7751,
15092.54,14955,28246,14906,
11781.35,11606,25482,11606,
14442.06,14291,28839,14291,
11412.75,11209,25053,11208,
18201.88,18025,34268,18025,
13016.85,12792.5,26908,12281,
15976.45,15796,29684,15796,
16778.69,16302,35102,16302,
15424.31,15193,28144,15190,
16163.18,16011,26954,16011,
18301.98,18144,31661,18144,
12307.94,12076,26247,12075,
13710.99,13477.5,28914,12889,
17465.23,17239,35381,17239,
16452.42,16117,30384,15978,
17850.6,17503,32256,17240,
14906.65,14744,28920,14744,
15679.26,15508,31657,14843,
12471.17,12289,26094,12289,
21502.69,21288,39589,21288,
17251.12,17069,34035,17069,
12752.78,12609,25516,12609,
17843.25,17662,30518,17611,
14147.66,13988,29167,13988,
9822.58,9685,20626,9238,
11499.68,11363,21771,11363,
8388.34,8139,17798,8139,
12522.71,12217,25385,11686,
9528.12,9352,19777,9352,
20379.34,20150,38223,20004,
14805.36,14437,30552,14311,
12398.25,12040,26332,12034,
15785.01,15555,32457,15555,
15055.23,14873,28270,14873,
20239.5,19981,42487,19981,
15435.73,15254,29369,15254,
20279.51,20059,37932,20059,
11027.28,10832,25266,10832,
11136.33,10975,22956,10968,
10295.02,10094,20578,10094,
10120.6,9999,19683,9999,
10365.21,10182,22401,10163,
14672,14524,27628,14524,
17382.46,17219,32138,17207,
11415.13,11205,22651,11201,


19063.65,19018.5,31138,16714,
18814,18680.5,32756,16872,
25438.53,25335,35147,22909,
26863.09,26931,39499,23992,
16436.19,16340.5,27846,14491,
15885.78,15782,25897,14015,
17862.89,17725.5,26261,15398,
16783.27,16728,27279,14377,
20590.04,20502.5,32374,18905,
22364.87,22343.5,33046,19323,
24909.49,24876.5,38393,21554,
21660.13,21601.5,32411,19525,
21943.73,21939.5,31434,18867,
25739.78,25586,42666,22298,
20965.03,20900,32494,18105,
18401.63,18392.5,27159,16859,
24171.13,24282,37910,20647,
21476.14,21466.5,32316,18379,
21623.38,21720.5,36169,18463,
31119.59,31044,47675,27666,
22766.58,22590.5,34872,20222,
27839.05,27940,42140,23671,
19722.17,19698.5,31432,17012,
24754.21,24741.5,35753,21647,
16692.76,16776.5,24714,14593,
20403.19,20387,31060,18377,
23190.26,23063,35894,19892,
21496.32,21503.5,34244,17975,
19310.94,19183,28477,17628,
29660.71,29685,45398,25237,
28997.15,29010.5,43667,24751,
18394.04,18321,28324,16002,
18775.53,18694.5,29140,15900,
19781.22,19739.5,29443,18174,
23278.74,23180.5,36729,20205,
16795.73,16711,25971,15297,
17311.37,17168.5,28226,15622,
22199.59,22124,32979,20244,
18044.92,17848,30222,16222,
18458.84,18212,30315,14842,
20672.74,20639.5,30133,18922,
24464.94,24613.5,34182,22188,
19416.57,19281.5,30605,17562,
19963.74,20051.5,32536,15691,
28684.76,28649,43266,24118,
20661.35,20628.5,30829,18420,
23226.65,23230.5,34672,19267,
23842.36,23882,33343,20542,
19237,19257,28692,16536,
22519.32,22599.5,40991,19107,
31472.1,31407.5,47255,27327,
18111.12,18013,29148,16243,
17369.45,17207.5,28557,15170,
23486.3,23342,38569,20892,
18728.28,18623.5,29203,17039,
23631.89,23427,37289,20719,
19007.82,18956.5,30732,16762,
17779.23,17836.5,27175,15922,
22921.36,23034,34138,20842,
20523.27,20433,32283,17860,
23077.48,23062.5,33670,20528,
19867.01,19694,32967,17104,
22492.6,22549,33377,19333,
18004.46,17868,30581,15682,
19925.97,19855,29076,18234,
17178.93,17146,26259,14783,
29402.18,29292,45298,24738,
18310.15,18288,27166,16649,
30324.67,30509,47983,24807,
27881.84,27853.5,40720,24373,
22280.32,22071.5,34654,19470,
20145.25,20179.5,31113,17652,
20397.6,20272,29561,17851,
19445.85,19311.5,29662,17261,
24657.77,24536,40053,22371,
17388.19,17400.5,25129,14824,
18739.8,18608.5,30068,16882,
21349.86,21178.5,34465,18808,
16483.03,16194.5,26093,14775,
18252.64,18229,26999,16380,
18231.12,18100.5,28389,15507,
25124.43,25168,40755,21447,
25857,25852,40413,21404,
20099.28,20001,31785,18334,
19074.84,19062.5,32495,17273,
24702.89,24510.5,38262,20855,
23084.76,22708.5,35115,20647,
21448.58,21250.5,32401,18537,
26702.64,26796,44180,21980,
20392.3,20307,31736,18068,
25215.42,25049,39820,22213,
15365.65,15224,26877,13515,
19388.91,19365.5,27561,17341,
21826.97,21727,33577,19773,
29254.28,29328.5,47062,24786,
27521.46,27369,43002,23290,
19073.4,19022.5,28703,17190,
21591.83,21590,33702,18888,
21724.8,21814.5,32834,19073,
20364.75,20316.5,30547,18253,
17135.23,17128,25987,14832,
17437.45,17399.5,26986,15360,
20660.06,20698.5,30574,18229,
17615.81,17530,27808,15217,
24554.99,24686.5,37102,20950,
21593.14,21637,35490,17069,
21201.38,21051.5,34876,18151,
22888.5,22794,33261,19798,
19503.97,19399.5,30369,17012,
18469.38,18456,29921,16632,
42100.3,41948,61810,36115,
21118.32,21018.5,32116,18882,
15906.92,15834.5,25470,14526,
21697.26,21560,37417,18595,
16972.2,16834,26515,15473,
16587.01,16513,25563,14962,
19257.63,19075.5,29187,16865,
18958.92,18789.5,30257,16647,
17938.57,17874.5,29552,15072,
20648.38,20567,30704,18066,
20857.15,20579.5,35755,18237,
28538.07,28561.5,40049,25557,
19843.29,19783,28978,17345,
25716,25766,39316,22158,
22103.42,22166.5,33362,19227,
25098.98,25092,39491,21383,
17709.33,17558.5,27437,15862,
21286.63,21273,32093,18590,
16998.63,16894,26398,15055,
17142.96,17023,27954,15322,
18630.02,18536,27512,16958,
19502.89,19473.5,33453,15289,
21169.02,21077.5,32265,18832,
19328.25,19218,30360,17072,
15334.45,15185.5,24055,13584,
16143.04,15961,25941,14501,
19111.17,19106,30999,15634,
17900.85,17857.5,27895,15806,
24280.98,24201.5,39009,20491,
21048.88,21143,31292,18289,
20396.66,20452,31448,18447,
19239.82,19128.5,28880,17649,
23655.66,23483.5,34395,20746,
24539.59,24399.5,37151,21013,
27267.11,27234,44854,23907,
19679.02,19720,28332,17431,
19293.49,19324.5,31082,16630,
18506.58,18500,28214,16196,
24355.98,24321.5,35718,21503,
27361.11,27496.5,41597,23771,
22766.44,22811,37133,19768,
20554.94,20383.5,34809,17526,
27383.92,27315.5,41175,23598,
20402.33,20321,31457,18225,
17779.89,17607.5,28059,16111,
23025.41,22950.5,36507,19514,
19709.91,19595.5,29300,17429,
22975.29,22831.5,34839,20396,
17266.93,17158,25984,15029,
35670.39,35694.5,53454,30225,
18127.29,18091.5,27375,16110,
26692.46,26620.5,42324,21531,
21560.97,21445,33224,19369,
22198.9,22126,33405,20191,
24240.06,24179,37755,20911,
26561.5,26418,41969,22279,
21046.7,21000.5,33283,17696,
16951.08,16863.5,26279,14739,
24967.36,24906.5,38304,21878,
21093.5,21081.5,33164,17800,
19115.65,19065,30322,16745,
17156.68,17068,27902,15068,
19724.38,19741.5,31079,17274,
27826.14,27906.5,38708,23967,
18496.03,18428.5,27623,16359,
20808.64,20698.5,33454,17993,
20770.39,20746.5,29877,17767,
19314.38,19234,28462,17161,
18631.87,18472,29831,16577,
21980.49,21889,34153,19911,
19049.99,18976.5,29955,16057,
20505.17,20496,31675,18503,
20879.23,20787,32760,17384,
19835.03,20051,29946,16595,
18633.7,18520,28969,16219,
18250.53,18128.5,28584,16127,
20086.77,20001,32268,16827,
25248.63,25231,40590,21431,
26131.78,25985,41486,22610,
19778.89,19737.5,29622,16953,
26167.13,26059,42704,21551,
19491.02,19350,31598,17955,
16663.82,16623.5,26278,14580,
22496.96,22406,34073,19791,
16647.11,16484.5,28006,14198,
23477.59,23444,41741,20115,
16438.15,16419.5,24630,15019,
20769.15,20720,32459,18041,
17166.89,17201,27587,15217,
32913.43,32866.5,49772,28081,
23048.24,22941,34713,20655,
23283.47,23385,34612,19847,
35201.69,35387.5,52613,29575,
19827.4,19664.5,29562,18190,
19032.46,19043,29013,17274,
16996.33,17060.5,27197,14413,
19123.74,19167,29519,15212,
21544.27,21456,35369,18300,
23748.07,23770,36581,20135,
20844.4,20764.5,31031,18259,
20077.11,20243.5,31333,16650,
21250.88,20977,34731,19031,
23610.36,23534,35821,21349,
19060.23,19018.5,27938,17576,
21035.39,20949,31570,18157,
16075.06,15964,25417,13906,
19958.86,19886.5,33108,17234,
23688.53,23514,33505,20727,
25766.27,25697,37241,23051,
30206.14,29812,45713,25208,
19197.95,19125.5,30843,16887,
23372.56,23326,33809,20787,
24725.08,24653.5,36706,22452,
21130.96,21086.5,34483,18668,
18259.16,18120.5,30449,15424,
21508.61,21492,33993,18960,
15316.78,15270,24981,13808,
21571.9,21581.5,32061,18024,
23655.36,23689,33935,21684,
17365.08,17233.5,28793,14686,
25460.68,25446.5,37033,22782,
18271.02,18192.5,27997,16636,
18207.48,18103,30663,15789,
20518.78,20433,32559,17939,
19242.01,19179,30275,16287,
20954.12,20929.5,33645,17224,
22797.86,22749.5,32449,20564,
20957.1,21056,31932,16844,
16266.84,16232,24786,14583,
27758.14,27570,42179,22540,
20943.62,20842,31974,18137,
21715.38,21547.5,32701,19449,
20566.59,20404,31524,17542,
19840.49,19820.5,31128,17499,
23580.63,23460.5,36061,21005,
20279.41,20227.5,29659,17374,
22580.91,22321.5,37689,18966,
15986.89,15831.5,25191,13968,
23447.24,23424,35463,20706,
18105.92,17752.5,32977,15771,
26419.67,26587,39884,22786,
15731.43,15560,26867,14090,
18887.05,18703.5,32814,15409,
17071.07,17130.5,27689,14992,
23601.11,23727,36955,19797,
26526.25,26424.5,40820,22547,
25815.19,25634.5,39305,22720,
17039.87,17113.5,27596,14456,
25078.14,24803,39472,22223,
23544.13,23385,36624,20325,
22384.61,22413.5,31401,20339,
19536.01,19493,28509,17300,
17953.85,17822,28333,15488,
24341.93,24136.5,35802,22120,
18827.78,18738,29227,16819,
15612.66,15495,26246,13587,
19707,19679,30445,17113,
24302.03,24123.5,37669,21843,
12171.42,12065.5,22122,11092,
14558.97,14474,22757,12571,
14960.92,14896.5,23805,13513,
14886.05,14762,25734,11903,
12567.13,12526.5,20241,11026,
15607.65,15570,24222,13880,
19963.74,19996.5,30532,17882,
13679.92,13565.5,22699,12245,
12022.41,11982,19322,10074,
15999.97,15923.5,25396,14302,
13125.7,12673,26235,11074,
11377.34,11275.5,19860,10217,
14941.01,14850,24221,13363,
13496.4,13400,21689,11959,
14890.83,14876,22859,12920,
14080.21,13948,23130,12100,
19956.74,19897.5,33341,17811,
13635.94,13569,22603,12540,
22758.19,22569.5,37199,19111,
14054.43,14014.5,22990,12564,
16001.74,16037,25573,13998,
17477.03,17399.5,27526,15949,
11678.24,11653.5,19907,10262,
9594.76,9568,16684,8513,
13991.02,14048,24608,11303,
14015.95,13919,23514,12263,
14085.94,14061.5,24423,12425,
12565.3,12462,21342,11120,
15440.67,15465,25538,12916,
15725.86,15687,24170,14139,
15132.53,15093,25877,13149,
12926.44,12848,21829,11241,
13690.02,13674.5,22431,11417,
13472.05,13425,22024,11597,
12955.74,12963,20134,11659,
11518.86,11450,17881,10245,
16355.61,16347.5,27464,14217,
13788.13,13785.5,24465,11710,
9381.86,9285.5,16809,8334,
14210.5,14072.5,25588,11803,
13944.13,13863.5,21588,12272,
17870.99,17765,29182,15887,
14334.87,14276.5,22225,12570,
19401.7,19238.5,29614,17455,
14596.19,14500,24102,12630,
14369.87,14236,23555,12752,
14388.02,14256.5,21894,13472,
11352.49,11207,19579,10141,
9750.03,9641.5,18272,8756,
14753.3,14657,24772,13000,
13428.55,13336,21121,11988,
13032.09,12915,24013,11392,
13062.32,12999,21778,11591,
13551.99,13559,21835,11488,
14731.08,14633,24351,13463,
16710.73,16700,26908,14168,
16618.46,16497.5,28736,14446,
13503.93,13538,21382,11792,
14639.81,14545,23898,13227,
14161.15,14083,24285,12503,
14978.2,14888,24691,13154,
10985.92,10893,20652,9982,
16943.81,16940,29292,14531,
13244.11,13152.5,20528,11361,
16854.61,16790,28036,14656,
15184.67,15049,24455,13736,
15305.99,15120.5,23982,13722,
13893.77,13844,23371,12127,
15433.29,15339,25591,13284,
19759.15,19603,29922,17651,
11592.69,11433,19526,10614,
11751.29,11660,20716,10236,
14216.69,14186,22487,13030,
18459.78,18357.5,29569,16828,
12088.03,11973.5,21292,10473,
14862.59,14758,23991,13568,
18017.07,17810,30079,15919,
13225.25,13139,21717,11701,
12570.55,12557,21113,11037,
11486.88,11373.5,20088,10142,
14894.83,14848,24267,12619,
13349.15,13322.5,19510,12096,
18991.2,18847.5,32914,16780,
14358.95,14206.5,25996,11866,
15040.16,14894,25484,13298,
15483.46,15465,23843,13954,
12121.97,12072,21515,10395,
16399.25,16304,26857,14605,
14260.92,14144.5,25563,12615,
11145.98,11098,19159,9952,
14563.67,14495,23791,12981,
17342.55,17257,26165,15469,
13782.76,13708.5,22592,11968,
14138.78,14091.5,23872,12224,
15716.47,15408.5,27567,12647,
13213.57,13134.5,21291,11664,
13265.97,13142,20746,11703,
14652.26,14573.5,23866,12898,
15943.22,15926,26772,13490,
16373.11,16373,25833,14489,
13467.64,13380,20687,12364,
12741.45,12644.5,21992,11188,
16119.23,15933,26717,14221,
13522.03,13409,22881,12285,
11981.87,11970.5,19626,10663,
15289.38,15220.5,23547,13439,
14140.69,14165.5,21551,12848,
18003.04,17968.5,29337,15854,
10911.71,10797,18975,9782,
15316.7,15234.5,26022,13565,
17862.54,17821.5,30700,14841,
15096.62,15064.5,24847,12993,
14535.64,14535.5,23069,12988,
13461.58,13416.5,20506,12032,
18365.33,18285,28783,16647,
15096.83,15005.5,25202,13312,
12763.09,12651,22583,11376,
16315.86,16267.5,24646,14167,
11531.2,11515,19621,9997,
15270.6,15159,25983,13515,
17964.23,17899.5,28371,16364,
19788.12,19636.5,31347,17092,
13967.94,13882,26059,12115,
17732.81,17754,29362,15035,
13006.84,12920,21515,11645,
12391.19,12365,20291,11143,
14632.69,14483.5,22644,12966,
18118.78,18028,30174,16139,
13850.38,13826,23479,12282,
13858.02,13836,24069,11760,
13738.96,13682.5,23711,11852,
16466.6,16490,27983,12753,
12311.92,12260,20117,10768,
15109.58,14929,26717,12155,
13726.4,13450,24408,11731,
14639.32,14482,26039,13086,
13847.92,13705,24907,11870,
16697.43,16546,28495,14257,
11587.39,11527.5,21117,9578,
12181.34,12102.5,20192,10815,
17064.14,16762.5,31033,14201,
12830.47,12749.5,20767,11425,
14113.84,14057,20043,12767,
19254.46,19064.5,29034,17810,
15709.02,15646,22745,14541,
13847.51,13673,25366,11920,
13475.12,13389.5,22343,11947,
14736.95,14516.5,25245,12627,
19385.64,19161,31711,17207,
13971.42,14030,24111,12026,
13288.13,13218.5,21354,11994,
13553.71,13500.5,22508,11838,
13713.79,13653,24070,12009,
13691.35,13648,21010,11965,
17462.14,17512.5,27017,15411,
14223.86,14138.5,24127,11784,
15287.6,15200.5,26303,13320,
12778.15,12652,22968,10897,
16170.65,15901.5,28391,13980,
10842.68,10742,18946,9890,
16904.33,16666.5,29125,14848,
14650.92,14583.5,23252,13467,
18334.3,18270,28216,16615,
12537.53,12463.5,21637,10756,
17618.65,17383,32458,14630,
15431.44,15362.5,24816,13969,
13360.11,13255,21588,11309,
14836.49,14691.5,26626,13033,
12557.82,12535,20989,10909,
12924.9,12846,22234,11356,
15106.74,14958,25052,12554,
12131.53,12115.5,20851,10335,
11495.57,11464.5,20909,9653,
10680.51,10535,19909,9318,
14544.19,14350.5,25243,13025,
12728.61,12715,22289,10802,
20954.17,21075,32345,18229,
13077.08,12945.5,21777,11714,
13099.94,13019.5,21870,11756,
14114.68,14047,24187,11869,
13378.94,13332,22688,11616,
14280.62,14183.5,22557,12792,
15657.99,15522,24552,14076,
21079.01,21025,34659,18236,
14949.72,14828,26032,13017,
16554.47,16448.5,25526,15105,
9844.16,9761.5,19584,8814,
17553.94,17443,28246,15058,
15291.73,15243.5,25482,13745,
16623.3,16584.5,28839,15143,
14182.42,14053.5,25053,12536,
21900.73,21784,34268,19205,
17499.45,17859,26908,14092,
19411.18,19355,29684,17163,
21047.29,20824,35102,18239,
18586.08,18555,28144,16684,
19038.71,19018.5,26954,16721,
22000.95,21956,31661,20166,
16002.62,15799.5,26247,14152,
17506.56,17396.5,28914,15536,
22121.52,22018.5,35381,19315,
20687.58,20682.5,30384,17850,
21926.21,21842.5,32256,19766,
18387.15,18445,28920,15934,
19723.97,19721,31657,16625,
16889.77,16907.5,26094,14763,
26693.31,26635.5,39589,23083,
20629.84,20541.5,34035,17018,
14714.56,14528.5,25516,13058,
21771.04,21812.5,30518,19819,
17163.11,17175.5,29167,14713,
12242.97,12127,20626,10295,
13571.21,13430,21771,12427,
10361.02,10267,17798,9099,
15301.45,15186.5,25385,13687,
11455.43,11393,19777,9592,
25203.64,25097.5,38223,22911,
19372.48,19236,30552,16449,
15129.07,15126,26332,12976,
19799.26,19753,32457,17394,
18599.56,18575,28270,16496,
26086.91,25973.5,42487,20484,
18172.41,18040,29369,16027,
24319.36,24227.5,37932,21590,
13514.36,13342,25266,11795,
13677.11,13609,22956,11605,
12451.06,12422,20578,11345,
11741.59,11680.5,19683,10332,
13213.96,13172.5,22401,11590,
17482.1,17343,27628,15890,
20157.28,20080.5,32138,17916,
13795.81,13730,22651,12465,




Further Data analysis of all test cases 
avg med max min 
AVGs,15001.761,14702.55,34686.56,7663.9,
MEDs,14809.905,14505.5,34405,7533.5,
MAXs,29382.186,28788,61810,16684,
MINs,14707.646,14349.5,34182,7168,


AVGs,18523.8,18251.585,42100.3,9381.86,
MEDs,18451.697,18124.5,41948,9285.5,
MAXs,29382.186,28788,61810,16684,
MINs,16180.732,15941.5,36115,8334,



