

Data analysis for each instance 
AVG,MED,MAX,MIN
0,0.197,0.313,0.44,0.329,0.286,0.335,0.341,0.303,0.299,
0,0.116,0.194,0.216,0.161,0.143,0.275,0.11,0.214,0.172,


0,0.174,0.21,0.105,0.302,0.225,0.23,0.182,0.198,0.204,
0,0.189,0.169,0.195,0.291,0.273,0.217,0.351,0.257,0.339,




Further Data analysis of all test cases 
INSTANCEID avg med max min 
INSTANCE1 0, 0, 0, 0, 
INSTANCE2 0.157, 0.157, 0.197, 0.116, 
INSTANCE3 0.254, 0.254, 0.313, 0.194, 
INSTANCE4 0.328, 0.328, 0.44, 0.216, 
INSTANCE5 0.245, 0.245, 0.329, 0.161, 
INSTANCE6 0.214, 0.214, 0.286, 0.143, 
INSTANCE7 0.305, 0.305, 0.335, 0.275, 
INSTANCE8 0.226, 0.226, 0.341, 0.11, 
INSTANCE9 0.259, 0.259, 0.303, 0.214, 
INSTANCE10 0.235, 0.235, 0.299, 0.172, 


INSTANCE1 0, 0, 0, 0, 
INSTANCE2 0.181, 0.181, 0.189, 0.174, 
INSTANCE3 0.19, 0.19, 0.21, 0.169, 
INSTANCE4 0.15, 0.15, 0.195, 0.105, 
INSTANCE5 0.296, 0.296, 0.302, 0.291, 
INSTANCE6 0.249, 0.249, 0.273, 0.225, 
INSTANCE7 0.224, 0.224, 0.23, 0.217, 
INSTANCE8 0.266, 0.266, 0.351, 0.182, 
INSTANCE9 0.228, 0.228, 0.257, 0.198, 
INSTANCE10 0.271, 0.272, 0.339, 0.204, 



