

Data analysis for each instance 
AVG,MED,MAX,MIN
3379.78,3326,7784,3326,
3621.71,3571,8188,3571,
5215.91,5178,8787,5178,
4714.45,4661,9871,4657,
3114.53,3064,6963,3064,
2790.71,2721,6477,2721,
3317.02,3273,6567,3273,
3021.91,2973,6821,2973,
4294.41,4253,8090,4253,
4417.6,4375,8262,4375,
4995.47,4942,9598,4942,
4437.67,4399,8103,4399,
4240,4196,7860,4196,
5370.02,5315,10663,5315,
3738.37,3688,8126,3670,
3571.27,3532,6790,3532,
4745.55,4694,9478,4694,
4237.42,4194,8080,4194,
4295.41,4246,9042,4246,
6433.83,6376,11918,6376,
4408.9,4403,8717,4315,
5266.96,5207,10536,5207,
3592.9,3542,7860,3542,
4675.7,4625,8937,4625,
3113.2,3064,6179,3045,
3773.96,3722,7768,3722,
4277.54,4222,8978,4222,
3698.35,3638,8565,3638,
3835.64,3799,7121,3799,
5846.04,5788,11351,5788,
5771.65,5718,10915,5718,
3661.38,3624,7086,3624,
3410.55,3365,7288,3365,
3829.36,3806,7362,3656,
4237.18,4180,9181,4180,
3243.87,3210,6491,3203,
3297.63,3246,7059,3246,
4268.75,4223,8245,4223,
3404.34,3354,7504,3354,
2812.36,2753.5,7581,2680,
4036.5,3999,7536,3999,
5062.94,5026,8546,5026,
3535.44,3480,7653,3480,
3621.98,3572,8134,3571,
5711.24,5658,10816,5658,
3948.96,3906,7713,3906,
4563.58,4521,8667,4521,
4953.33,4918,8335,4918,
3510.15,3463,7176,3463,
4415.85,4356,10249,4356,
5749.63,5683,11813,5683,
3115.55,3059,7290,3059,
3152.43,3099,7140,3099,
4504.82,4448,9641,4448,
3524.39,3478,7301,3476,
4803.1,4754,9322,4754,
3916.98,3878,7683,3878,
3199.81,3153,6797,3153,
4440.48,4397,8537,4397,
3887.57,3833,8072,3765,
4532.41,4486,8415,4486,
3521.87,3470,8243,3469,
4340.47,4291,8344,4291,
3356.38,3307,7647,3307,
3692.1,3647,7269,3647,
3020.52,2977,6562,2977,
5668.83,5610,11325,5610,
3486.79,3502,6793,3353,
6042.03,5981,11994,5981,
5557.62,5508,10180,5508,
4420.46,4377,8666,4377,
3805.03,3761,7780,3760,
3937.14,3896,7391,3896,
3418.32,3366,7418,3366,
4839.47,4784,10017,4784,
3362.23,3331,6283,3331,
3598.11,3558,7518,3518,
3866.03,3814,8616,3804,
3089.36,3046,6527,3046,
3722.25,3687,6751,3687,
3411.6,3366,7096,3366,
4666.55,4605,10188,4605,
4930.95,4883,10105,4867,
3941.09,3898,7948,3898,
3187.83,3119,8126,3119,
4516.31,4457,9568,4457,
4665.74,4623,8779,4620,
4240.79,4199,8098,4199,
5062.57,4998,11045,4998,
3804.03,3745,7934,3740,
5000.35,4949,9957,4949,
2674.77,2619,6721,2616,
3709.19,3670,6892,3670,
4088.48,4038,8392,3878,
5512.97,5449,11765,5449,
5248.09,5191,10750,5191,
3483.11,3417,7176,3416,
4190.72,4146,8421,4146,
4117.61,4072,8211,4072,
3953.1,3910,7637,3910,
3225.82,3177,6499,3177,
3226.18,3179,6748,3179,
4263.57,4228,7645,4228,
3227.42,3180,6952,3180,
4949.63,4905,9275,4905,
3943.8,3884,8874,3884,
3855.38,3800,8721,3800,
4372.56,4328,8314,4328,
3892.99,3852,7592,3852,
3319.5,3258,7479,3251,
8483.6,8412,15449,8412,
4050.52,4005,8028,4005,
2841.72,2797,6371,2797,
3954.51,3895,9357,3895,
3140.24,3092,6625,3092,
3280.78,3242,6390,3242,
3720.7,3675,7294,3675,
3571.54,3519,7568,3517,
3417.59,3375,7388,3375,
3970.29,3928,7678,3928,
3871.95,3811,8939,3811,
5875.89,5833,10012,5833,
4013.61,3970,7245,3970,
4977.83,4927,9831,4927,
4181.38,4133,8338,4133,
4719.53,4664,9872,4664,
3307.19,3266,6857,3266,
3522.35,3462,8023,3429,
3184.49,3142,6696,3142,
3411.21,3370,6991,3370,
3777.03,3743,6882,3743,
3562.17,3503,8363,3503,
3798.1,3745,8066,3742,
3682.15,3635,7590,3635,
2824.41,2785,6016,2785,
2986.24,2939,6488,2939,
3319.31,3271,7750,3271,
3424.72,3380,6976,3380,
4760.79,4703,9749,4703,
3970.83,3924,7821,3924,
4422.61,4387,7865,4387,
3571.97,3525,7220,3525,
4671.26,4622,8600,4622,
4577.25,4518,9287,4518,
5208.35,5145,11215,5145,
3926.98,3888,7083,3853,
3675.18,3628,7772,3628,
3499.4,3457,7055,3456,
4772.02,4726,8929,4726,
5481.11,5430,10402,5426,
4216.6,4160,9282,4160,
3919.81,3867,8702,3867,
5468.62,5419,10294,5419,
3755.87,3708,7882,3708,
3205.35,3151,7015,3150,
4344.17,4284,9125,4284,
3828.93,3788,7323,3788,
4235.49,4182,8709,4182,
3357.5,3322,6495,3322,
6865.73,6798,13362,6798,
3484.76,3444,6844,3444,
5045.37,4987,10579,4987,
4230.71,4186,8305,4186,
4250.3,4203,8352,4203,
4742.88,4694,9438,4694,
5285.92,5232,10493,5232,
3699.53,3640,8320,3630,
3131.05,3091,6571,3091,
4852.69,4801,9577,4801,
3789.45,3738,8292,3733,
3400.63,3352,7584,3352,
3102.42,3055,6978,3055,
3732.6,3686,7771,3686,
5730.65,5685,9676,5685,
3571.88,3532,6906,3532,
4088.96,4058,8364,4023,
4069.03,4032,7471,4032,
3538.54,3492,7114,3492,
3422.79,3371,7458,3370,
4138.72,4092,8541,4092,
3538.36,3493,7491,3493,
3904.98,3862,7917,3839,
3838.52,3791,8191,3791,
3169.88,3119,7488,3119,
3522.38,3480,7242,3480,
3373.44,3322,7147,3322,
3673.29,3620,8067,3607,
4709.23,4646,10149,4646,
5071.1,5015,10370,5015,
3766.41,3726,7404,3726,
4757.22,4696,10675,4696,
3598.57,3544,7899,3544,
2733.01,2684,6574,2684,
4224.77,4171,8521,4171,
3046.7,2999,7001,2999,
4461.49,4397,10435,4397,
3160.79,3121,6159,3121,
3651.31,3597,8116,3585,
3133.86,3103,6897,3048,
6528.9,6468,12441,6468,
4234.92,4182,8682,4182,
4596.88,4555,8651,4553,
7024.13,6962,13153,6962,
3897.23,3859,7391,3859,
3591.14,3544,7296,3544,
3101.48,3052,6799,3049,
3529.41,3484,7382,3484,
3838.38,3786,8845,3786,
4280.62,4249,9148,4155,
4122.15,4082,7755,4082,
3632.89,3586,7834,3586,
3886.51,3825,8687,3824,
4648.77,4600,8956,4598,
3684.38,3646,6985,3646,
4074.94,4016,7891,4016,
2614.06,2474.5,6357,2443,
3573.2,3517,8275,3517,
4937.83,4900,8376,4900,
5355.79,5313,9308,5313,
5953.33,5897,11430,5897,
3668.24,3619,7715,3609,
4656.19,4615,8455,4615,
4923.63,4876,9179,4876,
3871.31,3809,8620,3809,
3237.57,3186,7612,3186,
4107.02,4054,8499,4054,
2778.09,2672,6247,2672,
4329.7,4288,8017,4283,
4476.64,4429,8483,4429,
3358.56,3309,7201,3309,
4896.51,4849,9254,4845,
3686.61,3646,7002,3646,
3169.69,3104,7664,3037,
3974.09,3929,8142,3927,
3760.28,3720,7570,3712,
3831.46,3747,8412,3688,
4554.26,4517,8112,4517,
3779.76,3733,7982,3733,
2957.06,2919,6199,2919,
5472.89,5415,10542,5415,
3782.3,3729,7994,3729,
4288.62,4244,8175,4244,
4204.17,4163,7882,4163,
3757.61,3716,7784,3689,
4418.89,4369,9014,4369,
4070.45,4034,7414,4034,
4463.1,4412,9424,4412,
3036.04,2974,6300,2961,
4680.79,4636,8864,4636,
3649.94,3601,8246,3601,
5161.64,5105,9971,5034,
2845.23,2796,6719,2796,
3373.93,3322,8205,3322,
3184.91,3142,6925,3142,
4461.32,4405,9237,4405,
4943.82,4889,10206,4889,
5092.5,5043,9824,5043,
3161.55,3108,6898,3077,
4695.95,4641,9870,4641,
4449.51,4397,9154,4397,
4723.3,4687,7850,4687,
3850.72,3815,7125,3773,
3132.05,3085,7084,3085,
4597.39,4548,8951,4548,
3597.82,3555,7307,3553,
2995.52,2953,6564,2953,
3587.68,3544,7611,3544,
4749.46,4697,9423,4697,
2398.81,2365,5533,2365,
2987.45,2952,5689,2948,
3060.79,3027,5952,3027,
3012.21,2975,6435,2975,
2439.89,2406,5062,2406,
3283.94,3254,6056,3254,
4223.95,4188,7634,4188,
2833.46,2804,5675,2804,
2377.59,2343,4833,2343,
3237.7,3203,6350,3203,
2537.9,2494,6561,2494,
2035.27,2000,4969,2000,
3094.66,3064,6057,3064,
2578.59,2541,5424,2539,
3111.24,3084,5715,3084,
2820.22,2786,5785,2786,
4087.11,4041,8338,4041,
2727.34,2697,5650,2697,
4688.14,4641,9301,4641,
2757.76,2724,5747,2724,
3184.99,3150,6394,3150,
3423.86,3387,6878,3386,
2250.12,2211,4980,2161,
1632.21,1598,4069,1598,
2683.32,2644,6153,2644,
2879.9,2881,5881,2708,
2729.93,2693,6108,2693,
2350.02,2313,5338,2313,
2988.32,2950,6383,2950,
3402.42,3373,6044,3373,
2888.44,2848,6469,2848,
2594.65,2561,5459,2556,
2684.15,2653,5609,2647,
2554.48,2517,5511,2517,
2645.42,2611,5031,2611,
2408.04,2384,4474,2384,
3258.26,3215,6869,3215,
2715.62,2678,6117,2678,
1775.04,1716,4202,1716,
2768.4,2730,6398,2730,
2797.12,2765,5402,2765,
3700.94,3664,7296,3664,
2872.95,2843,5559,2842,
3995.64,3960,7401,3960,
3031.05,2999,6027,2999,
2870.94,2841,5890,2836,
3110.15,3084,5473,3082,
2241.37,2203,4898,2203,
1929.36,1887,4568,1887,
3148.19,3117,6193,3117,
2704.51,2675,5281,2675,
2711.34,2675,6005,2675,
2468.3,2433,5443,2433,
2646.34,2612,5460,2612,
3111.45,3079,6089,3079,
3394.54,3360,6727,3360,
3493.16,3455,7184,3455,
2732.3,2702,5348,2702,
2922.83,2886,5973,2886,
2830.29,2794,6074,2794,
3005.55,2971,6175,2971,
2166.08,2124,5164,2077,
3256.92,3213,7325,3213,
2620.32,2589,5133,2589,
3316.43,3277,7012,3277,
3040.71,3007,6113,3007,
3074.53,3043,5998,3043,
2789.22,2755,5843,2755,
3080.4,3044,6402,3044,
4075.23,4039,7484,4039,
2249.6,2219,4881,2219,
2392.51,2363,5182,2363,
2823.37,2792,5618,2792,
4042.68,4008,7392,4008,
2184.58,2146,5322,2146,
3068.12,3034,6138,3034,
3710.3,3671,7519,3671,
2782.99,2752,5432,2752,
2538.43,2506,5281,2506,
2051.33,2010,5025,1997,
2706.85,2665,6065,2665,
2813.98,2789,4878,2789,
4148.14,4106,8230,4106,
2719.66,2676,6500,2675,
3154.98,3118,6373,3118,
3174.75,3146,5962,3146,
2386.4,2348,5379,2347,
3288.42,3250,6718,3250,
2904.56,2868,6394,2868,
2085.79,2050,4794,2050,
2909.75,2878,5945,2878,
3524.17,3492,6533,3492,
2607.9,2571,5645,2571,
2639.26,2599,5967,2599,
3081.51,3038,6892,3038,
2733.45,2707,5325,2701,
2587.3,2562,5188,2549,
2907.64,2870,5961,2870,
3107.17,3070,6692,3070,
3287.11,3249,6462,3245,
2871.77,2847,5172,2847,
2453.72,2449,5500,2386,
3090.36,3048,6681,3048,
2691.11,2657,5722,2657,
2389.97,2358,4904,2358,
3076.96,3044,5884,3044,
2838.69,2809,5390,2809,
3758.15,3718,7336,3718,
2115,2082,4743,2082,
3086.25,3051,6504,3051,
3480.23,3436,7676,3436,
3057.99,3024,6214,3021,
3100.34,3070,5769,3070,
2774.61,2747,5128,2747,
3846.6,3812,7197,3812,
3007.2,2967,6297,2967,
2385.64,2345,5647,2342,
3302.69,3269,6162,3269,
2151.4,2117,4908,2117,
3292.84,3257,6495,3257,
3658.05,3616,7091,3616,
4214.22,4177,7838,4177,
3003.01,2967,6517,2967,
3670.56,3631,7340,3631,
2558.01,2523,5384,2520,
2479.79,2419,5079,2417,
3094.62,3068,5662,3068,
3510.17,3464,7545,3464,
2841.52,2805,5873,2805,
2577.08,2534,6015,2534,
2498.01,2456,5930,2456,
2894.78,2844,6995,2844,
2562.25,2534,5032,2534,
2942.04,2902,6679,2902,
2732.25,2692,6106,2692,
2881.53,2841,6509,2841,
2708.19,2669,6227,2668,
3370.72,3330,7126,3330,
2182.12,2146,5283,2146,
2397.72,2365,5047,2365,
3115.17,3064,7760,3064,
2594.26,2564,5192,2562,
3040.36,3017,5011,3017,
4111.94,4078,7262,4078,
3250.23,3222,5685,3222,
2884.89,2847,6343,2847,
2728.1,2694,5586,2694,
2996.6,2962,6312,2962,
3985.07,3945,7928,3945,
2927.73,2895,6029,2895,
2615.35,2579,5343,2579,
2740.61,2708,5629,2708,
2676.53,2639,6020,2639,
2853.36,2827,5254,2827,
3578.75,3542,6753,3542,
2821.5,2788,6033,2788,
3074.39,3035,6574,3035,
2452.89,2426,5745,2406,
3297.23,3258,7101,3258,
2162.05,2134,4738,2134,
3498.83,3459,7282,3459,
3076.09,3046,5814,3046,
3689.04,3652,7056,3652,
2513.93,2480,5410,2479,
3612.49,3566,8115,3566,
3181.53,3149,6206,3149,
2681.85,2651,5399,2633,
2900.59,2857,6656,2857,
2378.29,2343,5249,2343,
2420.64,2386,5558,2323,
2976.15,2938,6267,2938,
2335.73,2303,5217,2302,
2250.29,2215,5226,2215,
1984.44,1946,4978,1938,
2743.81,2699,6310,2681,
2485.54,2448,5571,2426,
4280.65,4239,8086,4239,
2588.47,2555,5446,2555,
2678.54,2646,5470,2646,
2716.23,2678,6046,2678,
2662.8,2630,5672,2630,
2975.22,2946,5636,2946,
2951.49,2913,6138,2913,
4407.7,4364,8666,4364,
2971.84,2933,6507,2933,
3408.31,3374,6382,3374,
1904.7,1854,4897,1854,
3671.25,3634,7064,3634,
2854.73,2816,6373,2816,
3545.52,3508,7210,3508,
2736.18,2694,6262,2694,
4440.5,4396,8567,4396,
2969.75,2925,6729,2925,
3861.77,3823,7421,3823,
4004.34,3960,8777,3921,
3697.1,3660,7036,3658,
3965.73,3934,6740,3934,
4392.73,4356,7917,4356,
2922.34,2871,6565,2871,
3069.47,3021,7230,3018,
4179.15,4127,8846,4127,
3954.91,3909,7598,3730,
4239.64,4195,8067,4195,
3602.69,3564,7229,3564,
3552.16,3499,7918,3499,
2921.71,2879,6527,2879,
5171.84,5121,9899,5121,
4015.39,4106,8510,3818,
3121.45,3086,6378,3086,
4273.52,4233,7627,4233,
3424.97,3385,7292,3385,
2360.68,2329,5159,2108,
2769.39,2739,5443,2739,
2010.3,1974,4451,1974,
2889.51,2838,6346,2831,
2298.7,2270,4945,2270,
4748.54,4693,9556,4693,
3452.69,3401,7640,3401,
2966.74,2920,6585,2920,
3815.38,3767,8115,3767,
3631.19,3591,7070,3591,
4807.45,4746,10624,4746,
3739.12,3693,7339,3693,
4867.41,4817,9484,4817,
2656.66,2617,6319,2617,
2711.69,2679,5743,2675,
2442.71,2407,5142,2407,
2493.54,2470,4922,2451,
2483.24,2431,5598,2419,
3597.05,3561,6910,3561,
4190.52,4148,8036,4148,
2775.99,2741,5662,2713,


3995.93,3975,7784,3523,
4050.7,4004,8188,3758,
5677.93,5640,8787,5319,
5388.7,5353.5,9871,4927,
3562.84,3526,6963,3213,
3216.28,3189,6477,2894,
3763.08,3741,6567,3356,
3539.41,3508,6821,3110,
4643.55,4612.5,8090,4337,
4961.6,4941,8262,4400,
5517.48,5484,9598,5112,
4878.55,4833.5,8103,4503,
4751.88,4725.5,7860,4410,
5853.59,5788,10663,5453,
4299.72,4261,8126,3948,
3962.28,3928,6790,3738,
5318.5,5274,9478,4769,
4799.46,4777.5,8080,4308,
4709.1,4674,9042,4262,
7021.11,6954.5,11918,6451,
4859.99,4830.5,8717,4445,
6023.07,6025,10536,5291,
4140.87,4084,7860,3812,
5265.16,5233,8937,4883,
3626.62,3593.5,6179,3226,
4319.73,4280.5,7768,3925,
4909.69,4865,8978,4564,
4406.1,4359,8565,3945,
4244.08,4203,7121,3903,
6547.31,6456,11351,6004,
6443.72,6413.5,10915,5759,
4093.84,4066,7086,3678,
3988.17,3973,7288,3649,
4236.06,4202,7362,3889,
4866.72,4811,9181,4400,
3605.89,3571,6491,3381,
3745.02,3728.5,7059,3322,
4766.17,4727.5,8245,4490,
3856.4,3824.5,7504,3494,
3325.31,3254,7581,2831,
4511.26,4490.5,7536,4154,
5483.57,5449.5,8546,5137,
4059.78,4027.5,7653,3691,
4181.95,4114,8134,3625,
6340.68,6293,10816,5792,
4438.98,4405.5,7713,4113,
5065.46,5034.5,8667,4572,
5394.59,5365,8335,4961,
3949.14,3906,7176,3659,
4939.92,4901,10249,4373,
6450.01,6390,11813,5965,
3705.95,3695.5,7290,3209,
3647.18,3599.5,7140,3357,
5103.35,5074,9641,4502,
4014.32,3980,7301,3709,
5290.77,5241.5,9322,4816,
4246.55,4206.5,7683,3888,
3665.61,3622.5,6797,3366,
5010.7,4977,8537,4628,
4372.71,4324,8072,4083,
5039.76,4998.5,8415,4723,
4088.69,4049,8243,3678,
4859.43,4839,8344,4473,
3809.43,3766.5,7647,3498,
4137.65,4099,7269,3864,
3633.55,3642,6562,3155,
6436.21,6420,11325,5603,
3993.32,3974.5,6793,3655,
6751.45,6754.5,11994,5988,
6197.9,6168,10180,5595,
4848.06,4816,8666,4448,
4370.59,4350,7780,3884,
4412.49,4363,7391,3997,
4008.28,3984,7418,3648,
5351.74,5302.5,10017,4943,
3782.58,3795.5,6283,3358,
4098.64,4077.5,7518,3722,
4471.03,4435,8616,4059,
3485.04,3435.5,6527,3208,
4039.12,4019.5,6751,3718,
3834.05,3794,7096,3587,
5452.03,5409.5,10188,4835,
5630.46,5576,10105,5069,
4381.16,4336.5,7948,4019,
3819.98,3782.5,8126,3458,
5292.99,5267,9568,4549,
5152.38,5085,8779,4752,
4727.9,4700,8098,4331,
5806.73,5744.5,11045,5109,
4356.92,4295.5,7934,3937,
5584.29,5545,9957,4974,
3160.41,3121,6721,2753,
4139.9,4113,6892,3764,
4700.44,4687,8392,4253,
6368.87,6260.5,11765,5658,
6009.9,5990.5,10750,5279,
3989.28,3949.5,7176,3489,
4689.13,4659.5,8421,4329,
4620.95,4571,8211,4179,
4353.21,4306,7637,4041,
3629.3,3588,6499,3325,
3655.49,3622,6748,3291,
4613.25,4577.5,7645,4290,
3692.44,3654.5,6952,3362,
5487.87,5436.5,9275,5036,
4638.33,4555,8874,4183,
4478.28,4437,8721,4127,
4974.41,4928,8314,4437,
4375.14,4333,7592,3961,
3846.57,3806,7479,3466,
9392.11,9383,15449,8447,
4579.33,4532,8028,4181,
3286.68,3251.5,6371,3023,
4613.86,4583.5,9357,4047,
3608.32,3581.5,6625,3295,
3625.67,3589,6390,3320,
4218.24,4175,7294,3789,
4022.69,3991,7568,3663,
3828.19,3764,7388,3491,
4450.09,4406,7678,4138,
4283.19,4215.5,8939,3918,
6417.7,6389.5,10012,5887,
4428.01,4392,7245,3986,
5595.47,5537,9831,5022,
4747.51,4723.5,8338,4280,
5358.51,5330.5,9872,4754,
3810.2,3775.5,6857,3362,
4299.46,4296.5,8023,3561,
3583.9,3546,6696,3320,
3821.86,3790.5,6991,3461,
4134.13,4116,6882,3767,
4112.6,4092,8363,3694,
4516.27,4499.5,8066,3966,
4181.48,4150,7590,3761,
3170.02,3142,6016,2916,
3399.02,3365,6488,3104,
3912.21,3868.5,7750,3504,
3869.2,3837.5,6976,3530,
5352.73,5282.5,9749,4883,
4500.86,4477,7821,4152,
4736.82,4712,7865,4434,
4031.12,3980.5,7220,3708,
5211.11,5179.5,8600,4821,
5256.98,5220,9287,4884,
5836.84,5806.5,11215,5328,
4289.68,4262.5,7083,3942,
4153.94,4104,7772,3747,
3974.99,3920,7055,3622,
5300.37,5289.5,8929,4749,
6069.05,6040.5,10402,5484,
4901.48,4875.5,9282,4229,
4383.14,4336,8702,3887,
6109.81,6080.5,10294,5548,
4289.83,4249.5,7882,3884,
3649.54,3603.5,7015,3337,
4967.04,4949,9125,4482,
4161.84,4110,7323,3881,
4861.67,4825.5,8709,4527,
3724.48,3701,6495,3403,
7770.93,7749.5,13362,6889,
3925.61,3899.5,6844,3632,
5790.15,5714,10579,5221,
4575.24,4519,8305,4290,
4801.23,4745.5,8352,4433,
5340.12,5279.5,9438,4836,
5920.1,5872,10493,5364,
4319.98,4254,8320,3966,
3550.6,3525,6571,3280,
5463.61,5426.5,9577,4836,
4328.24,4291,8292,3964,
4062.93,4048.5,7584,3504,
3576.95,3520.5,6978,3287,
4243.41,4224.5,7771,3704,
6292.62,6224.5,9676,5848,
3977.06,3934.5,6906,3679,
4529.92,4496.5,8364,4034,
4562.39,4550,7471,4164,
4038.59,4021.5,7114,3641,
3957.47,3915.5,7458,3688,
4670.3,4627,8541,4262,
4077.02,4039.5,7491,3641,
4407.06,4374.5,7917,4065,
4441.04,4397.5,8191,3995,
3608.84,3550,7488,3248,
4015.72,3990.5,7242,3707,
3859.29,3822.5,7147,3522,
4216.68,4182.5,8067,3855,
5433.48,5403,10149,4850,
5732.91,5648,10370,5232,
4211.83,4163.5,7404,3821,
5619.24,5552.5,10675,5009,
4165.71,4128,7899,3765,
3297.81,3254.5,6574,2992,
4801.68,4748.5,8521,4428,
3559.08,3503.5,7001,3086,
5069.91,5008.5,10435,4602,
3539.56,3510,6159,3279,
4243.69,4194.5,8116,3887,
3517.08,3465,6897,3167,
7316.65,7276.5,12441,6566,
4852.4,4816.5,8682,4489,
5091.82,5068.5,8651,4612,
7917.11,7883.5,13153,7071,
4344.71,4342,7391,4073,
4042.01,4013.5,7296,3690,
3575.08,3542,6799,3130,
3991.23,3942,7382,3562,
4385.42,4342,8845,3961,
4980.69,4926.5,9148,4355,
4547.61,4502.5,7755,4217,
4130.97,4059,7834,3662,
4533.88,4495,8687,4156,
5134.69,5099,8956,4702,
4135.54,4120.5,6985,3832,
4561.89,4537,7891,4166,
3321.11,3287.5,6357,2947,
4187.43,4143,8275,3816,
5364.41,5336.5,8376,4962,
5853.47,5816,9308,5350,
6670.4,6599.5,11430,6011,
4153.69,4112,7715,3788,
5152.86,5102.5,8455,4672,
5456.41,5408.5,9179,4947,
4456.15,4424,8620,3980,
3834.94,3782.5,7612,3466,
4639.59,4589.5,8499,4091,
3204.02,3172.5,6247,2766,
4785.4,4749,8017,4313,
5160.83,5122.5,8483,4688,
3794.75,3755,7201,3471,
5494.61,5467.5,9254,5111,
4070.55,4050,7002,3687,
3716.43,3689.5,7664,3257,
4479.05,4462.5,8142,4003,
4225.21,4176,7570,3745,
4488.63,4446,8412,4118,
5056.79,5021.5,8112,4676,
4556.43,4567,7982,3807,
3398.38,3385.5,6199,3071,
6104.6,6055.5,10542,5495,
4364.89,4310.5,7994,3910,
4737.77,4675.5,8175,4249,
4610.6,4588.5,7882,4187,
4220.91,4188.5,7784,3833,
5060.85,5011,9014,4621,
4502.27,4489.5,7414,4206,
5106.4,5045,9424,4503,
3511.31,3513,6300,3027,
5186.7,5146.5,8864,4753,
3930.33,3879.5,8246,3631,
5771.17,5707,9971,5130,
3287.73,3239,6719,3006,
3923.91,3885,8205,3482,
3578.42,3541.5,6925,3227,
4963.09,4963,9237,4484,
5634.3,5619.5,10206,5154,
5656.47,5617,9824,5093,
3556.91,3537.5,6898,3151,
5409.54,5378,9870,4973,
5076.86,5043.5,9154,4515,
5152.11,5127.5,7850,4768,
4281.68,4259.5,7125,3959,
3666.38,3646,7084,3221,
5223.38,5198.5,8951,4764,
4028.09,4003,7307,3719,
3427,3388,6564,3011,
4199.89,4155.5,7611,3761,
5321.56,5291.5,9423,4817,
2673.76,2645,5533,2470,
3303.14,3277,5689,3035,
3332.28,3300.5,5952,3153,
3194.68,3151,6435,2978,
2754.24,2723,5062,2508,
3552.3,3510.5,6056,3309,
4585.71,4553.5,7634,4211,
3093.37,3062,5675,2856,
2641.79,2615,4833,2422,
3609.91,3574,6350,3307,
2863.79,2815,6561,2543,
2494.26,2475.5,4969,2266,
3374.72,3340.5,6057,3116,
2930.06,2892,5424,2648,
3362.78,3333.5,5715,3149,
3107.25,3075.5,5785,2858,
4510.58,4457.5,8338,4082,
3037.1,3011.5,5650,2789,
5218.33,5163.5,9301,4668,
3090.88,3069.5,5747,2789,
3541.86,3498,6394,3242,
3795.29,3768.5,6878,3446,
2510.59,2484.5,4980,2302,
2005.69,1970,4069,1782,
2989.16,2942,6153,2681,
3109.76,3064.5,5881,2864,
3056.05,3008.5,6108,2738,
2685.92,2665,5338,2458,
3294.29,3236,6383,2998,
3664.76,3633.5,6044,3401,
3271.46,3237.5,6469,2974,
2854.87,2813,5459,2586,
3057.47,3027.5,5609,2755,
2893.16,2864.5,5511,2606,
2915.58,2888.5,5031,2653,
2617.72,2592.5,4474,2413,
3679.6,3634.5,6869,3268,
3040.75,3012.5,6117,2766,
2010.24,1983.5,4202,1863,
3128,3059.5,6398,2733,
3058.56,3021.5,5402,2854,
4080.55,4051,7296,3742,
3177.16,3156.5,5559,2982,
4338.88,4313,7401,4041,
3309.81,3279,6027,3047,
3185.73,3154.5,5890,2909,
3352.63,3328,5473,3137,
2494.18,2459.5,4898,2306,
2202.29,2177,4568,1890,
3400.75,3355.5,6193,3150,
2974.81,2946.5,5281,2744,
2957.78,2918.5,6005,2711,
2866.04,2834,5443,2458,
2958.87,2924.5,5460,2692,
3357.39,3318,6089,3140,
3736.37,3705.5,6727,3427,
3804.18,3757.5,7184,3496,
3023.25,2984.5,5348,2773,
3215.39,3173.5,5973,2955,
3148.73,3116.5,6074,2893,
3340.78,3305.5,6175,3113,
2344.25,2318,5164,2141,
3674.53,3639.5,7325,3300,
2893.05,2859,5133,2624,
3717.03,3668,7012,3385,
3357.62,3331,6113,3099,
3395.82,3381.5,5998,3140,
3104.94,3077,5843,2785,
3390.44,3361,6402,3117,
4453.79,4434,7484,4113,
2491.55,2460,4881,2315,
2645.8,2622,5182,2387,
3141.74,3111,5618,2940,
4303.22,4245.5,7392,4029,
2537.5,2505.5,5322,2322,
3352.68,3333,6138,3086,
4098.58,4047.5,7519,3671,
2964.89,2924,5432,2789,
2854.65,2815,5281,2550,
2428.46,2397,5025,2198,
3114.27,3058.5,6065,2794,
2994.31,2961.5,4878,2805,
4429.91,4365,8230,4108,
3120.53,3085,6500,2795,
3429.12,3399.5,6373,3124,
3451.25,3416.5,5962,3237,
2702.85,2654,5379,2441,
3583.91,3544,6718,3312,
3222.94,3172.5,6394,2891,
2379.42,2349,4794,2176,
3245.04,3227,5945,2911,
3951.28,3920,6533,3598,
2991.97,2955,5645,2722,
3004.65,2971,5967,2696,
3413.94,3331,6892,3092,
3015.73,3001.5,5325,2733,
2907.34,2875.5,5188,2704,
3249.1,3216.5,5961,2962,
3509.88,3473,6692,3157,
3627.11,3591.5,6462,3374,
3073.38,3051.5,5172,2903,
2737.68,2694.5,5500,2526,
3484.01,3440.5,6681,3152,
2977.15,2934,5722,2776,
2653.34,2632.5,4904,2487,
3389.76,3357.5,5884,3116,
3135.44,3117,5390,2850,
4121.66,4086.5,7336,3764,
2362.57,2334.5,4743,2182,
3392.66,3340.5,6504,3097,
3922.96,3893,7676,3498,
3403.77,3366,6214,3038,
3346.24,3316,5769,3110,
3006.79,2991.5,5128,2813,
4192.51,4166.5,7197,3838,
3338.36,3297.5,6297,3037,
2753.47,2720,5647,2513,
3619.62,3560,6162,3327,
2447.22,2417,4908,2183,
3538.78,3517,6495,3315,
4049.72,4012,7091,3676,
4511.16,4479.5,7838,4194,
3288.43,3223.5,6517,2964,
4027.05,3966,7340,3697,
2807.3,2777.5,5384,2589,
2727.63,2699,5079,2500,
3376.72,3343,5662,3100,
3963.3,3895,7545,3626,
3151.83,3113.5,5873,2848,
2930.74,2905,6015,2620,
2949.07,2918,5930,2604,
3492.17,3554,6995,2934,
2798.86,2769,5032,2563,
3317.11,3260.5,6679,2947,
2982.73,2946.5,6106,2715,
3230.02,3184.5,6509,2955,
3048.89,3009.5,6227,2782,
3755.06,3714.5,7126,3333,
2450.57,2414.5,5283,2196,
2678.02,2650,5047,2445,
3574.7,3521,7760,3157,
2854.83,2828.5,5192,2576,
3291.57,3273.5,5011,3090,
4430.07,4408.5,7262,4180,
3557.08,3524.5,5685,3315,
3214.59,3156,6343,2885,
3025.37,2988.5,5586,2767,
3243.98,3203,6312,3014,
4372.4,4341.5,7928,4030,
3221.88,3180.5,6029,2892,
2932.03,2900.5,5343,2713,
3006.9,2982,5629,2772,
2971.27,2938.5,6020,2760,
3102.58,3081,5254,2844,
3966.32,3939,6753,3680,
3154.8,3109,6033,2820,
3392.41,3354.5,6574,3089,
2791.56,2757.5,5745,2484,
3576.22,3531.5,7101,3350,
2348.84,2322,4738,2185,
3869.52,3797,7282,3485,
3341.49,3315,5814,3092,
4118.05,4078,7056,3869,
2839.35,2816.5,5410,2521,
3995.48,3965,8115,3633,
3468.73,3431.5,6206,3220,
2991.94,2944,5399,2656,
3214.85,3171.5,6656,2957,
2775.37,2747,5249,2424,
2775.53,2743,5558,2493,
3368.66,3333.5,6267,3087,
2598.42,2563,5217,2375,
2513.83,2478.5,5226,2261,
2248.98,2218,4978,2029,
3106.34,3057.5,6310,2844,
2763.57,2717,5571,2474,
4739.47,4704,8086,4351,
2877.89,2848,5446,2682,
2926.23,2899,5470,2724,
3068.92,3032.5,6046,2844,
2960.63,2929.5,5672,2741,
3251.7,3209.5,5636,2963,
3376.04,3352.5,6138,3027,
4814.26,4740.5,8666,4375,
3320.11,3273.5,6507,3004,
3721.89,3690,6382,3478,
2104.52,2072,4897,1911,
4010.32,3969,7064,3691,
3232.61,3200,6373,2979,
3798,3750.5,7210,3569,
3107.12,3073.5,6262,2817,
4897.53,4852,8567,4508,
3318.21,3277,6729,3056,
4287.13,4248.5,7421,3948,
4469.28,4402.5,8777,4051,
4077.82,4051.5,7036,3762,
4282.62,4261,6740,3964,
4834.83,4790.5,7917,4494,
3329.61,3303,6565,2976,
3631.92,3581.5,7230,3297,
4724.17,4678,8846,4302,
4423.49,4387,7598,4160,
4698.5,4676.5,8067,4369,
3956.27,3908.5,7229,3667,
4197.33,4140,7918,3551,
3417.34,3384.5,6527,3167,
5795.56,5773,9899,5239,
4531.46,4499,8510,4090,
3413.4,3372.5,6378,3132,
4708.94,4680.5,7627,4360,
3811.99,3758,7292,3489,
2632.28,2612,5159,2386,
3032.17,3005,5443,2816,
2242.28,2210.5,4451,2019,
3344.57,3325.5,6346,2945,
2543.65,2511,4945,2292,
5429.05,5368.5,9556,5023,
3997.28,3961.5,7640,3482,
3405.69,3368.5,6585,2991,
4248.61,4223,8115,3892,
4035,3999.5,7070,3761,
5567.91,5528.5,10624,4901,
4125.57,4104,7339,3726,
5432.56,5381,9484,5026,
2956.31,2909.5,6319,2644,
3002.63,2972.5,5743,2781,
2719.91,2690,5142,2507,
2697.14,2672,4922,2463,
2842.41,2817,5598,2621,
3969,3925.5,6910,3632,
4588.34,4525.5,8036,4155,
3003.59,2973.5,5662,2808,




Further Data analysis of all test cases 
avg med max min 
AVGs,3589.376,3495.995,8483.6,1632.21,
MEDs,3546.224,3458,8412,1598,
MAXs,7346.558,7199,15449,4069,
MINs,3540.428,3449.5,8412,1598,


AVGs,4030.305,3962.79,9392.11,2005.69,
MEDs,3993.784,3920,9383,1970,
MAXs,7346.558,7199,15449,4069,
MINs,3663.97,3592.5,8447,1782,



