

Data analysis for each instance 
AVG,MED,MAX,MIN
54582,53741.5,66418,50646,
52032,50911,60178,49562,
48143.6,47798.5,56282,45081,
61499.7,60588.5,72033,53640,
50588.5,50232,58585,47464,
64457.6,63068,78502,60216,
67755,66132.5,87931,61663,
66147.1,64853.5,80695,60014,
42428.8,42509.5,49911,38813,
58021.2,56909,68106,53340,
41950,41501.5,47897,40575,
76650.8,76348,90441,71167,
47004.1,47966,55740,41067,
59708.6,59083,72289,53995,
43339.2,42883.5,52810,37786,
45506.2,45601,54169,41327,
53320.1,53209.5,63546,48791,
57774.6,57199.5,66935,54110,
69513.8,70867.5,85712,58767,
36142.1,35496.5,42201,33901,
67259.8,64039.5,85379,60124,
46948.9,46287.5,54608,44442,
54783.1,55001.5,66077,48911,
51151.3,50355.5,62613,47936,
63721.7,62720,76169,59063,
48773.2,48938.5,56888,43123,
65553.3,63539.5,79608,60480,
51441.9,50441.5,59472,49419,
45912.7,45750.5,53288,42256,
53406.2,52775,63204,49701,
47318.2,45881.5,57298,43874,
93064.4,96751.5,116493,65639,
84238.5,87258,111027,52097,
44782.2,44738.5,52046,41176,
64787.6,64535.5,79360,53384,
54582.1,55768,64675,48935,
61580.2,60869,76529,55561,
76965.3,76392.5,98336,61566,
80079.4,81903.5,99552,64758,
62874.4,62999,78666,51556,
73123.3,73337.5,91665,60773,
49638.3,47859,60696,46809,
87189.1,89241,109169,71013,
53805,52461,66614,46396,
61759.5,60929.5,76886,52366,
40906.1,40392,46999,38887,
74387.3,72766.5,90643,69662,
72769.4,71490.5,89242,64892,
43761,43143,52967,40388,
52509.7,52672,65623,44636,
56330.8,56440.5,64736,51155,
57974.1,57157,67871,54842,
62300.1,61463,73879,57527,
65706,64151.5,79689,61711,
60248.4,60185.5,70786,54070,
68063.5,67026.5,79749,63748,
55439.3,53914.5,67361,49937,
52039.2,50866,62228,46738,
64768.1,63124,85632,54721,
53356.3,52700.5,61788,50439,
82720.7,82647.5,110408,62940,
50033.1,48581.5,63224,45329,
59598.4,59072.5,71368,51717,
73942.3,73403.5,90025,62245,
63488.1,61898,74994,60787,
73917.8,71914.5,94213,65659,
50694.5,50162,57318,48023,
62472.4,61838,73183,58738,
77495.1,75947,95066,71755,
87043.8,87716.5,110663,62982,
37965,37383,45056,34769,
43303.5,43678,50569,38132,
46613.8,46702.5,54713,42011,
77441.7,77021,99431,62517,
58168.5,57162.5,68166,54090,
85356.4,83995,101706,77292,
52787.4,51676.5,61235,49930,
67407.1,67525,83800,52412,
48713,48655.5,56555,45836,
43591.6,43376.5,49688,38868,
61109.7,59912,73608,55855,
42354.3,42404,48955,39135,
57902.3,59645,69556,45664,
38874.3,38046,45665,36771,
53269.7,52459,61000,51069,
74020.6,74167,91179,62424,
54060.5,53519.5,65965,46220,
62344.8,61408,74100,55984,
84158.8,85560,108448,70951,
40943.2,40940,48600,37312,
66502.4,65793.5,78861,60351,
50014,51460.5,62267,41010,
62088.4,60574,74848,58614,
66572,65624,84887,58344,
65699.8,64837.5,81709,57297,
38743.3,37928,45966,36400,
55842.9,54257.5,72775,50207,
64702.4,63205,80478,56292,
63058,63938,77309,48829,
76481.6,78068,91923,65473,
74845.3,72954.5,92126,67774,
60267.9,61079,72667,53003,
46934.6,46540.5,55887,41710,
81134.4,79981,99974,69832,
52657.5,52030.5,60772,50345,
51869.4,51490.5,59911,48249,
73740.4,76430.5,105893,52839,
68287.8,66542,80607,63489,
39846,39475,46734,37496,
51670.1,50508.5,62361,46340,
62343.9,61265,75930,56833,
68272.4,67415,84018,59590,
63755.8,62616.5,77411,57298,
51069.6,50113.5,62278,47444,
46898.6,46103,54512,44981,
58484.5,56509.5,71233,54333,
69415,68408.5,87872,59915,
72576.2,70130.5,89905,64890,
57005.2,57037,65971,52030,
62556.7,61926,75595,56601,
50411.9,50441,58479,44325,
51094.7,50474,60092,45940,
45195.1,44849,53876,40217,
58015.5,57684,67204,53019,
59239.8,58656.5,69686,53806,
48564.7,49398,57908,43951,
54682,55472,64982,48022,
45916.3,45661.5,52680,41842,
51797.5,51101.5,59360,50023,
63021.5,62315,75104,57784,
49724.5,48266.5,60434,46965,
75464.4,72505,98560,67081,
90244.2,86322,118237,82039,
58916.9,57836.5,70611,54831,
42995.1,41710,52689,37775,
71673.9,71836.5,88262,60187,
94077.9,93552.5,122396,74378,
58192.2,57380,69898,53814,
66874.9,64349.5,83003,60241,
75660.6,73501.5,95258,67440,
61528.2,61194,75402,55572,
79853.6,81834,106375,57801,
67352.9,66281.5,82878,57977,
76285.4,74451.5,98009,67830,
65324,64035.5,78981,59458,
55883.4,55641,65582,52351,
56073,55204,66055,50827,
62199.1,60541.5,74127,58389,
77921.3,76262.5,95073,68206,
63894.3,61389.5,79603,57136,
36682.9,34595,46450,32864,
50207.1,49811.5,58733,46836,
56406.8,56055,68694,49815,
55127.2,55064.5,67301,47102,
51994.9,50597.5,63632,47386,
64361.9,63536,78659,60466,
48234.1,47814,58097,44784,
54537.5,53217,63602,51334,
41258.3,41817.5,48773,35058,
52113.8,51857,60228,47770,
58975.8,58100,68730,54218,
74825.7,73693.5,88609,67018,
76132.7,74832,93391,68123,
58853,57651,74230,52450,
83028.7,81316.5,105829,71312,
54944.6,53805.5,64179,52087,
65730.6,64055,83297,59474,
63981.4,65155.5,79305,38742,
58194.6,56836.5,70238,52240,
73352.9,72625,88820,66128,
59728.7,60630.5,71550,51802,
64577.1,64344.5,83197,53005,
82063.2,81161,103521,70603,
49486.6,48533.5,58744,46749,
60389.4,59486.5,75973,55072,
60826.4,56190,78559,51188,
80262.6,74557,109736,66424,
53642.2,52674.5,62585,50294,
65186.9,64329.5,90682,55568,
51835.4,51850.5,60996,45395,
78412.1,79381.5,98256,64766,
64742,63962.5,82126,55359,
44613.5,44115.5,52398,39995,
60590.2,59802.5,71629,54919,
50197.1,49596.5,59776,47003,
50260,50174,58933,45235,
46122.9,47424.5,57469,36862,
95485.7,95979,124062,71516,
99601.8,95483,128318,80331,
46506.6,47308,55120,41796,
84292.1,84162.5,108965,66579,
92843.6,91460.5,118707,80201,
45607.5,45465,53494,42555,
92453.5,91112.5,117967,76613,
69193.2,67341.5,86704,60855,
66162.4,64957.5,75453,60239,
51268.1,50760.5,60352,46415,
50714,50710,59860,45969,
59829.9,59324,71440,53639,
65798.5,64493.5,79017,59541,
49089.8,49049.5,56855,45567,
57285.1,58681,72456,41716,
48699.9,47345.5,59257,43478,
57889.1,55334.5,75498,49294,
62547.2,63099,77067,50382,
79203.2,80053.5,99817,64721,
47639.8,46913,57154,43862,
60613.7,60440.5,74307,53364,
76673.8,77093.5,98437,63411,
58239.8,56861.5,68317,54829,
64268.4,64326.5,81201,52788,
49551.9,49536,59229,43970,
68206.8,67175,83863,61616,
71355.3,70399,90079,62412,
68334.1,68206.5,83584,55727,
58845,59070,69494,53581,
54066.2,53701,66430,48363,
70826.4,70451.5,84859,62167,
45590,45393,53598,40696,
64215.5,64374.5,80123,49394,
138461.8,137848,184261,96441,
63818.2,62999,76657,58032,
66243.9,65041.5,85640,57273,
66123.5,66797.5,82633,55149,
43425,42972.5,49374,40660,
57938.5,58469,72144,47530,
73288.4,71890.5,89987,67754,
41618.4,42042,49611,37615,
51726,51543,59961,47808,
67271,67317.5,80539,59516,
50971.7,50342,59880,46953,
67537.1,66698,81088,62113,
61440.6,60526.5,79202,54811,
70233.8,69454,85754,62664,
49191.4,49328,57589,43157,
63021.5,61657.5,74038,59144,
42676.2,42514,49294,38202,
41865.2,43022,51084,35932,
68910.8,67586.5,81383,62845,
36144.6,35711,43274,33525,
62613,62421,74269,56564,
67133.6,65190,83963,54459,
77473.9,76290,98146,66764,
39443.7,38881,46243,37707,
58498.2,55790,75296,51619,
36181.9,35104,43727,33984,
81124.4,83411,104287,64004,
56287.5,54881.5,69537,48215,
71497.1,70602,84333,65485,
53430.7,52098,65917,47122,
78650.4,77148.5,105806,60547,
55040.8,53201.5,67151,50252,
48166.8,48399,57718,41903,
62963.8,61721,79361,51918,
54766,53238,64445,52096,
55634.8,55600,72429,48695,
43365.1,42677,50121,41166,
50388.9,49959.5,60445,44913,
47703.7,47243,56209,44748,
60487.3,58812.5,75928,55727,
40388.7,39471,47718,37986,
66647.5,66724,79501,55562,
57562,57339.5,73498,43599,
68007.9,65986.5,89460,62160,
48206.3,47417,57808,44832,
54422.2,53787.5,62606,51639,
63778.3,61987.5,82867,57948,
56123.4,55620,65295,52454,
39370.5,40243,46127,34425,
63268.6,64107.5,78109,53742,
47214.9,45967,56561,44582,
49170.9,49682,58295,45015,
60631.1,60457.5,71603,56039,
63377,61855,74759,57909,
49937.4,50175.5,59668,44216,
80724,82450,99404,66647,
64636.4,63223.5,81908,54949,
61974.8,62156.5,72585,57241,
43595.8,42973,51931,41015,
61458.5,60593,73659,56489,
43828,41993,58069,35612,
51098.7,50449.5,59541,47819,
52502.4,52039,60694,48313,
62580.2,61462,75501,55754,
61441.2,60583.5,72554,56608,
69283.4,68201.5,85297,62598,
62970,63980,73038,57146,
52495.4,52354.5,60530,48558,
71955.3,69746,88007,61150,
61159.9,60025.5,73062,56673,
53777.5,52946,64233,50123,
57597.6,57403.5,70140,50722,
65906.7,64651,82316,56657,
44429.9,43767.5,52521,42142,
52718.9,51084.5,62906,48437,
57062.6,55884.5,70159,49001,
71991.5,71256.5,89933,63487,
65662.2,64442,80888,60122,
74582.4,73758,91732,63667,
61724.6,61331.5,72717,57025,
61298.2,59615,74490,54847,
70368.7,70740,87992,58635,
62176.9,60698.5,74507,57323,
85647,88129,111594,64005,
82600.1,83128,107620,67139,
55122.2,53675.5,66435,49536,
57440.4,57721,70375,51324,
63522,62546,73969,59858,
48718.5,48372.5,55811,46133,
57473.9,55829,67702,53461,
69620.4,71021.5,85781,57443,
50961.8,50209,60977,47122,
55983.3,55123.5,66166,52354,
64074.6,64009,78268,52995,
66374,65364,79166,60753,
45405.7,44697,55622,41059,
39357.8,39026,46662,36913,
64583.9,64152.5,77163,58761,
101384.7,98248,134145,77016,
61468.2,60331,76176,53731,
54116.1,53128,64971,49406,
71839.7,72550,85440,63414,
95004,94220.5,116471,83806,
63294.4,62637,75775,56663,
69509.8,67953.5,81180,62615,
69116.3,66922.5,88117,58735,
56968.1,55079,76501,52003,
71346.9,70708.5,100751,59381,
72502.8,73563,88504,58746,
50634.6,49228.5,61087,46130,
93246.1,92938,119719,79774,
50414.7,50293.5,57136,47212,
64605.3,63482,76781,60112,
60533.1,59888,73457,53772,
45686.9,45309,53258,43162,
67940.7,65951.5,89023,48097,
72707,70126.5,93299,61299,
41865.8,40618,51360,38433,
63599,62745,76409,56282,
55000.4,55042,64677,50117,
49481.4,48647.5,57001,47139,
56873,55743.5,71728,48625,
56019.9,54696.5,65868,52428,
58566.9,57044,71986,52175,
44893.9,42892.5,57801,40062,
57297.1,55361,83318,50605,
73662.3,72621,98551,59716,
62877.2,60784,76774,57969,
44975,44779,51497,42646,
39862.9,39538,46673,36661,
59137.1,58461,70320,51678,
80377.7,80071,100099,65165,
59953.2,59137.5,73920,49490,
54627.5,53682.5,64057,51995,
61074.5,60270,72727,56443,
65561.1,65394,89817,47778,
38499.6,37754.5,45048,36225,
82808.8,84326.5,102402,67973,
45839.6,46356,53440,41359,
48160.8,48250.5,57778,43607,
64898.9,65025.5,79302,57047,
56192,54955,66911,52479,
49877.8,49213.5,58527,46153,
35475.1,35359,43560,30830,
64409.9,62937,78536,59245,
69667.7,69921.5,84618,61015,
55950.9,55648,66349,51491,
57628.3,56424.5,66572,55043,
42810.7,42397,51793,37625,
89432.7,89222.5,113698,71921,
58892.4,57506,74426,55535,
60913.7,60084,71522,56068,
58182.9,58253,67329,52386,
38152.7,38995.5,46709,30200,
76270.1,77439,90451,66628,
50460.4,49416,59093,46521,
97418.6,97813.5,126862,82904,
53482.6,53396.5,60871,48703,
55718.1,54953,65078,51443,
65250.7,65155,79245,56633,
91852,92923,123186,73925,
65639.9,64459.5,81772,58469,
46702,46348.5,54664,43518,
62249.3,59725,74117,58771,
38903.8,38179.5,46731,36711,
51551.1,51766.5,61384,46703,
74698.7,79587,84587,59508,
72054.5,71067.5,87934,66000,
49913.7,49755.5,57892,46636,
60372.8,59495,72534,54496,
81199.2,80995.5,101633,71786,
67018.2,67447.5,80591,60401,
47294.8,46659.5,53970,45315,
60630.7,59759,73150,56681,
58304.8,55868.5,73465,54918,
70949.7,70503,86804,62042,
49799.3,50058,58126,45887,
66927.8,67088.5,81692,57329,
91293.2,90225,116818,81183,
59965.4,57889,84205,54218,
58395.7,58960,68732,52742,
58624.9,59340.5,71493,49770,
66099.7,65738.5,79028,59063,
110677.2,109779,144201,85667,
97287.4,98571.5,130009,76353,
62756.3,62618.5,72539,58291,
50221.5,49546,58483,46857,
85206.5,84850,108608,75822,
55739.4,54035.5,70593,51424,
60888.9,60786,71579,55429,
49580,48674.5,60969,45054,
106059.6,105801.5,133076,83153,
61826.3,60966,76169,53347,
57218.9,56542.5,67744,51870,
65839.8,67047,80367,57204,
54689.7,54305,63463,51361,
63292.2,62321,72425,60991,
53293.2,52517,67276,42937,
65920.2,64995,79011,61822,
53863.5,53119.5,65409,47738,
47714.8,47067.5,56490,42640,
88348.8,89634,111014,69176,
46581.5,44363.5,57827,42218,
60881.6,61713.5,72258,55011,
49672.5,49889.5,60207,43003,
58560.9,59373.5,72242,47759,
57271,55921.5,68580,52532,
59408.6,59242,69698,54600,
58652.9,57745.5,70821,50147,
76215.6,74700,101455,61505,
37124.3,35655.5,44387,34360,
38582.9,38065.5,45303,36528,
58596.8,58011.5,70069,52850,
40137.1,40654,46734,35912,
42259.5,41734,49751,39246,
69698.5,68948.5,82351,63447,
79295.9,76852,102053,67822,
47902.4,48180.5,56109,43856,
87346.9,87092.5,113702,72674,
59587.4,58191.5,84495,52170,
50756.7,50007,59920,47450,
65168.8,65698,78067,53795,
65436.9,63781.5,78547,59542,
70105.8,69259.5,82609,65599,
68765.3,67884.5,84495,62718,
52710.4,52714,61877,48454,
53418.2,52964,65005,47174,
43324.7,42670,50804,40486,
47789.6,47298,56108,45293,
66703.1,66643.5,81407,60103,
63666.7,61161.5,77581,56967,
60193.7,58309.5,82797,53714,
51808.6,51564.5,60389,47549,
58209.8,57426.5,68201,53815,
54587.4,53816,70059,45503,
105238.6,99899.5,137827,87626,
72580.4,70871.5,86797,65768,
71164.6,70189,85325,64619,
57752.5,57466,67791,52220,
54732.9,52764.5,65500,49999,
72765.2,78223.5,83512,57405,
61938.9,60224,83100,55873,
48982,48429,57554,44093,
60417.7,59400.5,74908,56134,
45376.4,44007,53957,43103,
53104.1,53411.5,62807,47309,
62818.3,61709.5,75246,56206,
76565.2,78940,94123,58239,
57055.6,55925,71050,50902,
43802.9,43402,50930,40863,
56645.5,57736.5,67365,49807,
67143.7,64620,80545,63428,
61313.7,61441,73165,54923,
61912.6,60961.5,73873,56288,
53453.2,53801.5,65782,46358,
52626.5,53121.5,61107,48493,
49775.7,49590,56485,46797,
51700.6,50868.5,60423,48506,
81578,77732,109133,69491,
65259.7,64973.5,82247,51144,
61882.8,61957,73740,56367,
66484.7,64958,85792,54895,
64878,63989.5,79300,54813,
105523.5,105291.5,139194,83496,
53156.6,51729,65465,47434,
53925.8,54018,62803,48761,
52606.8,51960.5,61699,48328,
49590,49821.5,59369,45181,
53381.4,53246,62755,47666,
44966.9,44823,52499,41425,
56932.6,55805.5,67256,52238,
82361.5,81351,108509,69054,
73955.1,71574,99010,56577,
55621.3,54536,65621,51526,
33139.7,33263.5,39767,28248,
62424,61359,72359,58628,
67046.4,66862,81639,59907,
60978.3,62738,75961,47462,
44041.1,43641.5,54246,39315,
49081.1,49110.5,57695,45102,
79950.2,79283,101421,72217,
56024,56070.5,66588,50160,
38055.8,38395,44662,32921,
69152.1,69518.5,83312,55918,
68623.2,68129,86457,53537,
56180,55449,64332,53792,
55588.5,55022.5,65568,52654,
62325.3,61618,71493,59398,
63009.9,61029,78327,55996,
56172.9,55484.5,67998,52035,
87490.2,88091.5,104118,76154,
72852.2,72110,89109,66335,
71656.7,70351.5,87800,64539,
81995.1,78585.5,102388,72698,
48984.4,49054,58402,41904,
71031.7,69450.5,87107,66725,
75102.1,75467.5,91017,64502,
75787.8,75475,89753,68670,
80450.2,79376.5,100362,69700,
49732.4,49634.5,60044,44053,
61337.6,61645.5,73448,53187,
56397.9,55420.5,70442,46065,
58889.8,57115.5,79922,52873,
74016,73842.5,89793,65397,
61299,60761,73552,55039,
85765.7,84040.5,104778,75506,
57547.5,57367.5,67006,53992,
40792.7,42432,49267,35440,
53630.7,52902,64198,49231,
91707.4,91804,113457,73006,
47212.9,46876,56652,42161,
46763.4,45703,56239,42059,
53229.3,53014.5,63942,46633,
54629.1,53467.5,63652,52341,
68136.5,66234,85745,61034,
55944.3,54918.5,66945,51110,
33551.4,32926.5,42079,29954,
56713.1,54938.5,74602,49632,
42499.5,41575.5,55994,36318,
43201.1,43068,52376,37069,
38931.3,38277.5,47893,36051,
33830.9,33003,43763,30226,
40676.6,40154,51250,34953,
48665,48859,63336,38035,
40897.1,41063.5,51932,36049,
46685.7,45223,66228,42001,
37285.9,36086.5,48479,33623,
59664.1,58873,77574,48165,
53894.2,53458.5,68400,43735,
36915.3,36868.5,45388,33358,
40308.1,39153.5,50694,35590,
40008.4,40200.5,48673,35126,
30662.4,30109,37088,27610,
68816.8,67834,92638,60265,
47070.5,46615.5,59403,40081,
38140.2,38511.5,48111,33187,
48705.5,47138,61622,44824,
43779,44497.5,54996,36901,
35763.7,34248.5,46387,32439,
48973,48275,62241,41228,
43496.8,42679.5,54344,40037,
48589.5,47652.5,62567,44823,
39775,38843,50581,37266,
43688.1,42583,59389,39682,
45751.5,45087,57623,40143,
39390.6,39140,49527,34208,
47919.5,46764,62089,42749,
30362.9,29782,37021,28612,
57203.5,57155,77959,44640,
38831,37981,50976,32459,
46586.5,45257.5,60707,41710,
44974.3,45226.5,56225,38543,
69839.2,67608,95002,59133,
31195.2,30700,39955,27339,
42699.8,41719,52480,40171,
54059.2,53617,72296,42369,
50265.6,49620,63899,43549,
42924.5,41850.5,54095,37511,
45626.8,44446.5,56345,41791,
38007.6,37306,48018,32150,
32324.5,31854.5,38871,30183,
39607.8,38920.5,50690,33717,
28629.5,29043.5,34555,24358,
31964.1,31506,39100,29282,
40328.7,40770.5,50187,32314,
44111.7,42709.5,59633,35534,
38062.3,37449.5,47533,33999,
42673.1,41413,52972,39754,
48433,47118,60583,45374,
36822.2,36475.5,46359,32450,
25847.6,25068,33003,23213,
50813.8,49558.5,69200,44538,
36266.3,36137.5,45688,32000,
41371.8,40028,54543,36750,
44374.3,43367,54871,40797,
37043.6,37239,46188,32308,
44237.4,42670.5,56509,40561,
50188.9,49757.5,63808,42797,
43847.2,43409,55519,37703,
58482.5,55713.5,78806,53584,
45879.2,44865,59934,40776,
51832.1,50511,68117,45005,
36939.9,36467.5,45959,33970,
43237.6,42257,54453,39553,
32784.7,32653.5,40590,28475,
40247.7,40481.5,50224,35175,
27256.6,27449,33687,23907,
38549.8,37691,47472,35067,
52833.7,51204,74521,45891,
48427.2,47237.5,60606,40730,
49447.7,48697,63377,44188,
32553.8,31466,41340,28646,
21551.3,21077.5,27100,19981,
44781.9,44196,56201,39886,
36423.5,35597.5,46486,32835,
58791,57890,78781,44321,
33751.3,32759,43111,30994,
47002.2,45973.5,62543,39790,
52019,51751.5,69108,39942,
48437.3,47284,60882,43925,
36203,35525,44554,33578,
37874.9,37124,48942,31487,
47629,45445.5,61831,42787,
39342,38370,50311,34254,
41622,41812.5,54661,28017,
49535.3,48940,61570,43489,
48494.9,47607.5,61470,43325,
53265.3,52315,69122,48226,
37744.8,36887,48974,32395,
50728.3,49745.5,66101,44438,
28078.6,27320,35279,26148,
52687.9,51514,68982,42133,
25634.4,24329.5,34856,21391,
41634.9,40346.5,52558,37753,
47247.7,45889.5,62478,35789,
30444.2,30627,37734,25423,
38386,36815.5,50273,34629,
43897.6,44176.5,54749,37936,
35662.3,35618.5,44842,31300,
51526.4,51793.5,69246,41596,
37030.3,35167.5,49547,31613,
42809.9,42231.5,52772,38309,
44307.3,44738.5,54812,34237,
42463.2,40416.5,56259,36269,
39488.3,39044,48628,35025,
34342.8,33744.5,42673,31282,
48247.3,46846,62987,44751,
42058.4,40973.5,55300,34184,
51405.5,49155.5,67363,45099,
22301.5,21807.5,28090,20050,
40864.6,40239,51847,36256,
44087.5,44149.5,56074,35954,
43932.7,43392,54277,38999,
87426.1,83323,123101,65982,
44984.9,43581,57580,40615,
46611.5,44890.5,63830,39939,
42556,41429.5,54606,37797,
42368.5,41158.5,54732,36888,
31295.8,30320.5,38655,29554,
36709.8,36126.5,45784,32556,
66299,63292.5,86218,60190,
33092.5,32658.5,39233,29475,
30923.5,31136,38943,26416,
22509.7,21699,29571,20119,
47547.1,47241.5,60141,42332,
50335,49464,63564,44849,
46346.5,44906,61131,40754,
49759.9,48449.5,64512,44504,
47097.2,46245,60131,41767,
34340.3,32620.5,43173,31115,
45387.5,43930,62311,35392,
26461.2,25832.5,34023,23636,
44258.3,43269,55013,40384,
38262.1,37714,50369,30824,
51431.3,50948.5,70254,43192,
46688.7,46627,57845,40657,
34805.1,34088,42619,32757,
45229.9,44939.5,57227,39496,
31237.4,30794,39587,27373,
42501.5,40965.5,53905,38745,
24454.7,24526,30178,20308,
27507.7,26962.5,34510,25293,
57934.6,56832.5,78524,45260,
41627.8,41751.5,52068,35825,
28904.6,28876,35974,24965,
33958.7,33496,41645,29139,
43138.8,42409.5,53581,38751,
63239.2,62548,84136,54896,
55529.5,54655.5,73348,47857,
42201.8,41776.5,53132,36392,
38172.8,38008.5,47538,33393,
63814.6,62617.5,83579,53140,
39782.2,38840.5,52029,33531,
42109.3,41799,53911,35740,
32014.7,31515.5,39980,27524,
24218.1,23724.5,31142,21830,
43438.1,42472,54220,38777,
31931.9,32024,39635,28005,
36034.2,35157,44324,33584,
53345.9,52904.5,68817,45084,
41802,41366.5,56082,31634,
30633.5,29903.5,36352,27857,
45122.3,44476.5,56465,37709,
49947.2,48672,63517,42917,
51433,50165,70060,42634,
33825,33456,42110,29388,
45514.1,45426,57266,37754,
33050.1,32609.5,41983,27272,
39394,38726.5,48652,36113,
64212,65986.5,90181,41648,
41803.6,40886.5,52279,38240,
41912.3,41217,53632,37355,
44903.8,43997.5,58450,38035,
33622.7,32818,40594,31177,
35665,34884.5,44768,30055,
41030.2,39475,53641,34941,
45698.6,44581,58800,40161,
63745,64238,88775,44993,
37727,37304,46794,34411,
38091.4,37699.5,47892,33058,
34409.4,34172,41910,31043,
50608.2,49862,64853,41171,
38824.6,38313,48894,34256,
39716,38623.5,48387,37068,
44488.2,42902,61000,38909,
43059.2,42268,59958,34425,
39786.4,39417.5,50037,34559,
42816,41890.5,57725,35031,
39071.2,38720,50373,34810,
30337.8,30203,38978,25074,
37821,37053.5,46057,35244,
28282.6,27645,36344,22814,
56851.4,56100,74512,46261,
41999.4,40281.5,59669,36791,
39400.6,38454.5,49379,35875,
42060.9,41409.5,53110,35964,
38305.8,37770,49451,34528,
60674.7,59281.5,80946,49425,
40780.6,40748.5,50730,34380,
30398.9,30226,37992,25589,
51700.9,49942.5,65382,44651,
38232.2,37767,48314,33818,
41305.3,40124,54242,38537,
33898.4,33504,41484,30898,
26335.5,24948,36296,22515,
40949.2,40150,51325,35114,
44996.5,43338.5,61195,41045,
34724.6,34213.5,43412,30791,
35070.7,35177,43879,31613,
37948,36981.5,47601,34414,
47673.8,46736,64781,36486,
40180.7,39679.5,49022,37284,
31690.1,30991,39030,28492,
22961.6,22632.5,28930,20182,
56248.7,55173,79482,44509,
36622.3,36571.5,48035,29205,
44525.7,43306,56170,39158,
49256.9,50057,63789,41291,
33239.6,32348.5,43201,28961,
43262.2,42008,53439,39806,
38653.6,38488.5,47970,33482,
50592.2,49611,64118,44681,
31565,29979.5,40852,28136,
35346.9,34543,43372,32466,
52926.8,53488.5,67088,44521,
36631.7,36251.5,46366,32017,
45150.2,43647.5,57325,39353,
43810.2,42808.5,56710,39324,
33485.8,33487.5,40902,30990,
37143.8,36170,46068,33597,
49337.6,48764.5,63419,41886,
40909,40658,49765,35606,
30478.2,30622.5,37787,26929,
52009.1,50972.5,66218,45833,
44781,45123,61101,37856,
42942.3,42683.5,60039,30065,
48008.6,47200.5,60949,43502,
55074.8,53447.5,69704,49911,
63780.5,64718.5,87012,43804,
44398.3,44550.5,57081,35209,
38968.5,39057,50685,27627,
37993.3,37802,46907,32841,
50227.6,48942,64748,41971,
48884.6,48663,65941,38773,
36697.9,35938,44101,34589,
51181.3,49744,69495,41619,
33895.4,32497.5,43545,30214,
45343.3,44138.5,61342,38197,
42607,42042.5,56807,36260,
40594.7,39776.5,48980,38147,
42875.7,40922.5,54499,38288,
52508.9,50531.5,70324,42092,
44719.2,43173.5,60057,36735,
61611.4,59237,83335,53209,
38932.2,38887,48921,33288,
35145.7,35105,42885,30083,
41555.4,40232.5,52661,33255,
53420.6,52163.5,70584,44429,
41261.6,41134,53123,35991,
29310.4,28702.5,37197,24786,
36285.2,35667,44688,33617,
34415.8,35001.5,43645,29139,
48567.8,47672,63279,42731,
36285,35597,46595,31703,
34420.3,34152,42812,30400,
40888.6,40033.5,52561,35534,
46917.8,45182,63053,41284,
60750.1,59354.5,76071,53802,
43951.3,42926,55746,39311,
57953.9,54540,78859,50866,
54042.5,53433.5,68567,49383,
46198.1,46419.5,56261,41740,
33682,33737,39906,30316,
39387.4,38618,49485,35205,
40195.8,40216,49999,36456,
45530.9,44753,65046,33747,
49261.4,46916,67505,41719,
44630.4,43739.5,56237,38991,
40858.4,39788.5,52800,36677,
40602.9,39934.5,53108,31779,
37676.2,36967,46728,34552,
31404.1,31642,38638,26806,
50812,49692,67805,44301,
41748.4,42359,53266,35339,
40295.6,39152.5,52232,34488,
41177.3,41044,53718,35473,
42138.4,42432.5,58134,28850,
34323.8,35192.5,42037,29384,
33794.8,33436,41873,29497,
44555.6,42706.5,57896,39538,
54675.9,51693.5,73473,48979,
40569.6,39749,54402,33653,
51734.1,52835,68898,33450,
51521.9,49268.5,66908,43251,
43688.1,43293.5,55064,34619,
25324.5,24636,32214,22093,
39647.7,38739,53528,36592,
49248.3,46710.5,66937,44394,
33788.3,33174.5,41988,28922,
65028.8,64616.5,84856,57045,
43457.7,42547.5,53537,38817,
35515.7,35256,44342,31380,
40967.4,40323.5,52540,36435,
46648,44636,59108,42045,
50790,49619,65427,45952,
37721.1,38349.5,46615,33625,
49126.8,48511.5,62290,43735,
51784.8,50838,74697,38629,
47842.2,46364.5,60398,44205,
36899,36788,44977,32356,
39117.9,39550.5,49767,32800,
40505.3,39726,51122,34416,
44051.1,42818.5,56322,37533,
37047.4,35799.5,47057,33736,
30735.4,30139,38449,26395,
37223.9,36752,47681,32278,
59680,59097,79051,47783,
34820.4,34747.5,43801,31053,
42900.8,41118,55229,37133,
42272.2,41441,55020,37422,
42246.7,40493,60258,38154,
33611.8,32496,43125,30436,
43097.7,43295,54720,36112,
39920.9,38919,50975,36937,
61238,59403.5,82625,46742,
32829.7,32787.5,41024,28175,
41425.1,41097.5,52245,37747,
42930.5,43676.5,53743,34719,
41417.6,41575.5,51822,36500,
59818.3,59590.5,80280,50030,
47477.5,45906.5,59009,42599,
55458.4,54412,73173,47690,
33548.8,32254,44177,30070,
46452.5,44962,58284,43579,
44359.6,42919.5,60758,39612,
63642.3,63506,84000,54704,
52763.5,51356,67772,42594,
44682.7,42953.5,56512,40291,
28011.2,27276,36433,23015,
44154.7,43739.5,58610,33920,
35400.3,34773.5,45688,30925,
46412.7,43366,64907,38489,
30930.7,30536,38768,25894,
36686.4,36130.5,47207,32295,
36212.1,34439,46440,31897,
66176.6,65826,89692,50774,
40032.2,38839.5,48348,37454,
24732.6,24663.5,29323,21579,
57983,54962.5,80809,45823,
26961,26375,33757,24483,
32554.9,32566.5,40226,28576,
48182.9,46965,60846,44184,
36161.2,35534,44674,32266,
52188.2,50903,70297,46459,
47639.3,46221.5,59284,43598,
52686.3,52356,70487,40074,
40577,39960.5,51566,36725,
41550.7,40860.5,51985,37808,
37792.4,36761,48569,35155,
24469,23957.5,31802,22538,
41804.6,41187.5,52114,37794,
38705.7,38506,47981,32483,
57164.4,53011.5,77296,50813,
51911,51531.5,65858,43099,
44155.4,43301.5,57824,39362,
43333.6,42919.5,56569,37746,
45377.3,44450.5,56928,41708,
29571,28545.5,38201,26849,
30032.3,29840,36495,26452,
42080.2,41712.5,51260,37832,
49862.3,47991,63720,43204,
38405.8,38043,45670,35211,
45313.5,44105,59833,39808,
53461.9,53671,69770,41806,
43571.8,42029,55451,36569,
62394,61984.5,84145,52153,
39486.2,39376,49055,34327,
36562.9,35841.5,44548,32763,
65437.6,63606,86581,58696,
51766,49901,70693,43365,
53627.9,53366.5,62806,49957,
58534,57515,69368,55554,
57592.5,57481,69497,51687,
59578,58561.5,71316,54958,
59428.1,59454,72012,51624,
45701,45591,52350,42101,
48877,48094.5,56251,46925,
54462.2,54350,67828,45941,
53438.5,52304.5,68771,45593,
46860.1,45825.5,57503,39565,
64947.8,63215,79624,59738,
55656,55325,64734,51139,
47795.8,46642,57523,44260,
64312.3,62523,82833,56574,
42448.3,42539,48802,39265,
38350.5,38038,44236,36661,
74077.7,75039.5,92334,57342,
73010.1,74007,92965,56546,
50548.4,50295.5,59426,45057,
71436.1,71879,89242,58212,
56592.2,56408.5,65944,51609,
124023,113626,167825,97610,
58197,58290.5,70854,50528,
44804.3,44161,55567,40476,
47482.2,47878,55207,44544,
55937.7,54629.5,66112,52960,
43211,42579,51413,40484,
54552,53998.5,65986,48292,
79425.1,80895.5,97466,63844,
71064.4,73358.5,86687,57588,
66478.4,66653,80426,58761,
48700.2,48409.5,56332,44875,
45414.6,45021,63383,35829,
41889.1,42159,60074,27796,
51524.6,50502.5,61728,46137,
38421.9,37489,50853,33267,
55737.6,53893,72646,48274,
53513.1,52567.5,71475,44251,
31057,30532.5,39799,27455,
43296.6,42174,54150,40123,
35983.6,35475,44706,33457,
29572.3,29396,38808,24935,
27804.8,27152,34196,25374,
34547.2,35017.5,43025,29464,
45177,43345.5,62881,41517,
55025.7,54754,72964,46062,
34866.5,33387,46260,30792,
51096.3,50618,62825,44563,
63284.3,62123,76937,58673,
75760.1,74896.5,92197,68488,
63293.8,61799.5,75178,58661,
88993.1,86063.5,118369,66935,
39788.1,40211,47723,35357,
44748.3,43919,56329,39704,
66073.6,65244.5,79150,60073,
52782.7,51994.5,61948,50504,
53373.8,52632.5,61109,50181,
46492.3,46197.5,55850,42596,
87641.7,85850.5,112701,72917,
62024.6,60600,78382,53184,
49898.9,50830.5,62784,40387,
68871.2,67160,87173,62643,
70069.3,70117.5,84174,57375,
64146.1,63805.5,77034,57104,
44060.5,43329.5,60869,37464,
55584.6,55158,76083,44394,
41014.9,40339,51710,37298,
37608.6,36985.5,47869,33140,
27246.7,27591.5,32828,23072,
42429.1,42254.5,53284,37817,
42132.7,42959.5,56342,33738,
26765.9,24820.5,35103,24053,
34292.5,34038.5,41371,30397,
41345,40028.5,53753,36039,
48002,47317,63439,39509,
41976.5,41036,56709,34224,
55412.6,54963,73831,48349,
30093.2,29211.5,37907,28135,
30379.1,30584.5,37389,25615,
49204.4,47730.5,65305,43200,


51105.2,47606.5,69459,45611,
58409.2,52785.5,83727,40585,
50766.3,48904,74165,46321,
58192.6,55411.5,85649,50277,
41408,39484.5,59853,35186,
56141.9,53327,80356,50252,
74186.1,72598.5,103489,60407,
64516.2,61290,85067,59417,
39452.6,36897.5,53476,34808,
47140.9,45549.5,68106,42106,
45275.6,43081,55133,40945,
75523.7,72501,106315,62403,
45820.3,43107,59832,41113,
49905.8,46948.5,77307,43071,
41141.5,39202,54002,37530,
41339.8,39883.5,58036,35830,
48472.9,44972.5,67309,43127,
58640.3,56014,80231,53878,
58769.3,55364,88082,50153,
40913.9,39264.5,53463,36326,
58427.8,54771.5,84585,52018,
43260,42274,54608,39067,
48987.5,47414,72245,41419,
38296.8,35205,62613,34584,
56221.4,54127.5,83440,49272,
51867.1,47251,85365,35435,
51619.2,48276,79608,45801,
49102.1,47590.5,59472,45838,
50605.4,47781,81309,43198,
50263.7,48968.5,62262,42840,
49457.4,49614.5,60417,43292,
72600.7,70446.5,116493,51339,
69065.8,59575,111316,48874,
46459.9,45006.5,65183,42480,
55879.1,51327.5,87376,48989,
51361.7,49414,64675,44588,
51963.1,49531,85916,43547,
62479,57037.5,98336,52646,
63325,59122,99552,54270,
58324.9,59442,82485,42297,
62031.4,58926,93708,51433,
46734.4,45383.5,63775,39441,
67361.1,61981.5,110227,54623,
45234.2,42897,70915,37855,
49342.6,44239,84729,43974,
41731.8,39807.5,54613,37056,
72999.3,69184.5,102342,59349,
60765.9,55648,89242,50026,
39188.1,38583.5,51896,35512,
40848.3,38442.5,65623,31270,
55608.9,52617.5,82872,48417,
52154.9,50471.5,68452,46571,
58079.1,55858.5,77498,51811,
61624.3,59741.5,80850,51564,
64629.3,62663,91029,53639,
62620.7,61015.5,81425,57672,
46689.2,45190.5,72414,37262,
44154.2,43596.5,62228,37575,
57945.6,52686,95356,47764,
46670.2,44410,61788,42940,
61091.1,54338,110408,45679,
43445.2,41803,63224,37805,
48382.4,45454,71544,39509,
58054.6,52468,95913,47000,
53925.9,51211,74994,49531,
60010.8,56865,94213,42067,
53906.1,51175.5,67161,42842,
53913.9,51715,75858,50112,
70001.5,65947.5,99393,64014,
69873,62581.5,114654,51366,
44221.5,41786.5,64434,39364,
47416.1,47089.5,59700,42012,
44141.2,43309,56024,39947,
62730.5,59076,99431,48792,
58951.8,56045.5,82138,54287,
65549.4,59880,107375,57704,
55479.9,52068.5,83466,50472,
49431.8,45582.5,83800,43067,
50140.1,49505.5,62364,45340,
44178.2,43237.5,59178,34830,
54035.8,54087,73608,45015,
46124.9,43946.5,67945,38026,
46621.4,43721.5,70956,42760,
47979.2,47573,56528,43438,
55140.6,52489.5,77281,49382,
65576.4,62766,98154,53006,
53738.5,51081,81082,46142,
51707.1,48587.5,74100,48556,
64968.3,62641,108448,50562,
39224,37431,48600,34067,
62451.8,60322.5,81184,55768,
46021.5,43511,62267,41077,
57590,54555,75452,50735,
52990.2,46103,90992,39175,
50895.9,47335.5,81709,43688,
39359.2,38647.5,46781,35946,
50372.5,48447.5,72233,45471,
57587,58485,82934,43746,
55285.2,53912.5,77309,49217,
79093.7,74838,121634,56367,
77829.3,73521.5,111401,68929,
55548.1,53090,77800,49715,
45110.3,43034,59543,39547,
63756.4,56106,103780,53265,
48261.2,46386,63667,44139,
52809,50423,74060,47977,
59067,52871,102298,45770,
59102.2,56689.5,87400,49097,
41851.7,39505.5,58117,37536,
49422,48251,64570,43553,
49941.6,46862,77444,37929,
51266.8,48461.5,84018,41894,
48129.5,46302,83764,37416,
47692,45454,70181,42755,
43499.9,40414,61255,38589,
54883,53297,71233,50242,
62278.7,58437.5,94023,53682,
56550.4,52072,91312,45293,
54292.6,52875.5,65971,46069,
50314.8,46979,79099,43946,
52194.5,48434.5,70108,44110,
46347.4,44586,64025,41409,
55276.9,52896.5,79476,50966,
55542.4,54223,78656,46666,
61737,58030,81620,54028,
43985,42574,57908,38475,
47608.8,45160.5,64982,41880,
44025.1,42378,55200,40123,
51518.4,50889.5,68005,45605,
54755.6,53040.5,77685,46183,
49331.2,48278,65335,44052,
60476.8,56030.5,94587,53611,
72950.5,65780,118237,54130,
55284.5,52916.5,81812,45204,
40928.1,39729,56521,35473,
58616,53429.5,93493,52656,
59348.8,41824,122396,39070,
52542,49881,73050,49133,
56612.9,57602.5,83003,43303,
58117.9,53142,95258,44441,
51614.8,47563,76598,47109,
50331.5,45565,106375,32987,
58984.7,57595.5,87058,44141,
69813.1,67502.5,104587,53288,
57539.2,55884,78981,51466,
62076.6,61200.5,81630,53439,
53170.5,49944,79272,46081,
57194,54656,86306,48770,
67751.2,63250,100254,59870,
57949.6,54603,83449,52218,
31800.5,29702,46450,25705,
46868,44310.5,62458,43218,
56599.3,52947,89086,51874,
46860.2,45205,67301,40585,
54007.8,51250,82954,48179,
63000.1,59198.5,93281,50423,
43747.2,41073,62371,38694,
55528.1,53793,77286,49007,
37339.9,36179.5,52818,32395,
52648.1,49690.5,84583,42055,
56421.6,54783,79376,48968,
66921.9,63781,95377,59740,
64114,60219.5,99566,53132,
53187.5,50338,74230,48819,
67915.6,61835,105829,61545,
57196,54830.5,82438,50733,
53212.7,50857.5,80664,43760,
50579,46066.5,78139,43252,
61833.5,57631,89492,49994,
63478.6,59765,88820,59030,
55360.4,51516,86378,47994,
54600.8,49752,83197,47562,
66585.7,59506.5,106846,53779,
46689.6,44726.5,56983,43149,
55431.1,53756.5,80955,43933,
53875,51629,79552,46363,
57346.2,45634.5,109736,41621,
51545.7,47732,78282,46612,
57517,55585,89104,46767,
44847.9,44837,60996,38026,
59984.5,55609,99562,45785,
50817.7,46812,82126,40743,
42902.3,41028,54173,38658,
57834.2,56374.5,71629,52224,
47201.8,45508.5,62650,44617,
45487.3,43728.5,63784,41011,
44665.6,42675.5,69545,36045,
59552.1,44318,124062,40572,
62807.5,46116,128318,40291,
48143.7,45796,69617,42817,
59213.8,49230,108965,47375,
72315,65826,118707,56021,
48492.5,44107,81006,39613,
67422.2,57091.5,117967,52353,
58436.5,54502,84523,50685,
55176.1,52759.5,75451,50377,
49580.1,45172.5,79852,41743,
50872.4,48256.5,80040,43521,
55314.8,52741,80422,45229,
55159,53099.5,79191,48088,
43546.5,41943,65087,35266,
47224.2,44283,72456,40906,
51217.7,49322,68671,46506,
47346.8,43368.5,75498,41677,
50015.7,46705,78077,43654,
68698.3,65254,100110,60716,
54063.8,50344.5,73028,46449,
53315.9,50851,76821,47569,
58156.9,51444.5,98437,47857,
55784.9,52049.5,88604,48995,
55093.5,52245,83148,49700,
51551.3,49191,74877,46719,
56005.8,52285,88073,50019,
59110,55361,90890,49398,
52744,48939.5,83584,48066,
60259.1,57512.5,85774,53500,
38502.7,34306,66430,29647,
55125.2,49256.5,90806,47520,
48871,48700,62461,41443,
51748.5,48449.5,86702,38645,
94763.9,75631.5,184261,59228,
59969.1,61023.5,84547,45201,
56495.4,54735,80807,49429,
59426.4,57313.5,82633,51311,
42618.1,40468,53429,38561,
46711.6,43077.5,78263,41860,
60707.4,58505.5,89987,51235,
43571.2,41099,66375,38240,
49017.4,47085,65651,44015,
65189.1,61310,98714,58280,
45009.4,43939,63619,37771,
60822.2,58469,91883,51886,
58311.5,58254,77474,50601,
61007.6,58155,85754,54523,
56027.4,53939,84102,46557,
58080.8,56485,74038,53408,
48698.6,46421.5,68764,27868,
42321,37348.5,65278,33974,
62567.9,60095.5,85923,55853,
39470.3,37440,55966,34595,
67520.1,65918,89609,55165,
50195.5,44716.5,83963,40612,
57176.8,51971,98146,46200,
42647.3,42330.5,53295,36562,
44379.2,39322.5,76884,38409,
46265.2,43395.5,73631,39594,
60119.1,52932.5,102176,49916,
50012.6,47692,69537,42257,
57914.8,54072,86868,50088,
48653.4,44108,71792,42122,
62659.5,56406.5,105806,46382,
53242.4,50535,83496,44787,
47040.3,43727,77013,42482,
53937.8,50733,80821,46103,
59832.7,58303.5,88430,47648,
48638.9,46661.5,73685,42142,
45978.8,45287.5,59644,40580,
49059.4,46382.5,76639,40730,
41740.6,40648,56209,37030,
60058,59456.5,81764,49858,
43857.9,39746.5,76955,36346,
61279.6,59606,82355,55721,
50197.4,47526.5,78481,42705,
59330.2,55217,91225,49599,
48232.3,45609.5,64950,43959,
48277.4,44811.5,73800,44269,
57425.4,54101,84577,51608,
52912.6,51867,73520,45263,
41207.3,39987.5,54737,36670,
58223.1,54634,82888,50915,
43712.1,41559.5,54456,40325,
44075.8,41856,65458,40054,
57497.9,55491.5,79319,49507,
61375.7,60470,82110,51839,
45292.4,43684.5,59668,40961,
63254,58860.5,99404,49453,
52018.9,46175,88237,43395,
69157.5,67639,94632,54210,
42445.2,40153,55525,39136,
52668.3,51291.5,79128,45100,
42302,38807,64868,34269,
49234.5,46761,66411,45531,
55307.8,53692,73207,49604,
50909.9,47542.5,75501,45709,
54498.8,52528,72974,45693,
59601.8,59068,85297,45199,
67025.7,64963.5,87993,57877,
52527,50057,75377,45966,
71284.4,69082.5,105542,59656,
49811,47728,73062,43186,
49289.2,48495,65468,43061,
61887.1,57716.5,94143,49010,
59035.8,54488.5,90965,49256,
45568.6,43353,75358,35696,
46678.2,42609,74945,41262,
50045.6,46540.5,70159,45318,
65397.1,60425.5,90471,56151,
56061,53470,83445,49558,
64457.3,60541.5,97988,56198,
59295.2,56692.5,89066,51303,
62344.5,59859,83635,57191,
62248.4,58536.5,91104,53533,
56389.6,53893.5,81558,50837,
52375.2,34899,111594,34858,
61573.9,55538,107620,46630,
58157.1,58386.5,74778,43234,
50787.5,48562,73144,44131,
59882.8,56264.5,81329,51316,
52854.2,51250,70762,49553,
53638.4,50285.5,76793,43155,
54757.1,51338,85781,49320,
50708.2,48430,82946,40690,
54052.6,50703,77199,48472,
55334,54355,79669,42605,
60280.4,57100,84736,53927,
46393.9,45686,55981,39878,
36530.4,35053.5,46808,33872,
62064,59407,89992,52198,
71289.5,61927.5,136943,52020,
54902,54050,72943,47482,
50899.7,49297,71931,43690,
58986.4,55063,85621,51460,
68435,57480.5,116471,54880,
56821,54020,75775,51901,
62840.5,60836.5,81673,58268,
60672.3,56694.5,90740,50092,
47340.2,44871,75832,37047,
51979.1,38082,100751,37933,
62099,59696,88504,50680,
52924.9,50716.5,80526,44810,
69285.5,59685.5,119719,55896,
55798.3,53265.5,67195,47040,
62089.9,59180.5,89465,49574,
50793.2,47938.5,73457,40556,
46412.6,45477,56874,42459,
52688.5,47451,89023,42462,
61523.7,58644,93321,52247,
48121.4,45912,71931,41329,
57079.4,54409.5,84378,46453,
58375.3,55312.5,81998,51769,
52069.5,48278.5,81653,46886,
43974.9,40323,71728,37353,
53960.4,51156.5,65868,47703,
53100.8,50277,78679,46888,
46550.7,44891.5,70891,36574,
53290.8,51180,75690,47589,
53628.4,47531,92157,47387,
54915.5,51835.5,82400,47663,
47618.6,44535.5,74824,42196,
43158.2,41800.5,53120,40072,
48409.8,45281,75308,39930,
63445.1,56706.5,100099,53425,
49056.1,44856,73920,44142,
54602.4,54160.5,72805,42829,
54902.5,53030,72833,48296,
58766.4,57942,89817,46235,
43246.4,41602.5,54751,39829,
68632.6,60638,107862,56840,
52655.9,50555,76370,45839,
51086.9,49170,72964,44802,
55309.7,51788,87091,47774,
54102.4,50908,78369,49211,
48876.8,46468.5,67109,44520,
36818.1,34849.5,52223,30777,
55992.8,52620,80865,50012,
55927.7,53698.5,91214,44259,
51986.1,50251.5,70485,44690,
53013.6,51155.5,72166,49438,
41054.7,36719.5,69222,33637,
81251.3,78934,118280,67935,
53818.4,51905,74357,47825,
57341.7,54023.5,74944,51552,
61419,56454.5,86853,54341,
35261.9,34273.5,65249,23502,
62732.3,59680.5,92230,57295,
47404.5,44370.5,70451,42064,
64625.7,54624,126862,49980,
52199.2,49418,80109,44461,
52691.2,50656.5,71264,47922,
53964.2,52130,78627,45787,
69324.7,61359,126598,47256,
43093.4,41095.5,81772,34556,
51278.3,48846,72712,44996,
55674.4,53502,79326,49194,
38555.6,38084.5,52058,32938,
53844.7,51422.5,82770,46750,
66111.8,69006.5,88210,46386,
65590,63743,88936,58488,
50442.4,49475,68926,42943,
53617.2,51215,78328,46438,
57593.5,49475.5,103292,49132,
66339.7,61723.5,97298,46236,
44418.2,40678.5,63526,39691,
57800.9,56555.5,86518,42285,
60764.8,60771,85551,44993,
59586.3,55121,86804,48851,
48184.7,47601,59241,43753,
53557.6,50829.5,84797,45872,
74670,67167,116818,62559,
65504.3,66993.5,84981,50261,
61799.7,59886.5,81227,48579,
50226.8,47351.5,74612,43631,
55452.8,51832.5,87162,44225,
74969.7,62900.5,144201,49263,
57686,42126.5,130009,39391,
65773.2,63770,87616,58964,
50854.2,48367.5,73718,46373,
71308.9,65701.5,108608,61786,
55292.7,56736.5,68027,47069,
52715.9,50318,71579,47729,
45096.2,40475,78740,39257,
75147.9,68068,133076,44257,
61087.6,59165,85197,49191,
59467.8,58293.5,86980,43822,
70010.9,66179.5,104826,62936,
50552,47915,69543,44626,
59508.2,57244,81830,53871,
47328.7,44109.5,68867,44032,
52760.2,48594.5,84383,45647,
45988.3,43414,70076,40403,
48595.7,46659,71794,42624,
78329.9,77172.5,112137,62979,
55561.6,52629.5,83969,49784,
62611.1,59214.5,89211,53335,
47511.5,44004,76647,40208,
53100.3,50456.5,81140,42247,
54647,53730,78547,47524,
54037.5,50863,73854,42414,
53257.6,50706.5,70821,49653,
56258.5,48738,101455,47678,
41393,40524.5,50621,37146,
43953.8,43998.5,49296,38173,
51579.9,48372,75074,45589,
41554.6,40819,53273,37350,
36591.6,33336,66223,30820,
65159,63333.5,92597,53122,
64949.7,62518,102053,52743,
42794.5,39619.5,62616,37864,
70039.7,62567.5,113702,52781,
56617.8,55060.5,82827,47277,
47712.9,46056.5,63379,43140,
47685.7,42884,78067,41179,
52761.4,48868.5,78547,47804,
58188.8,54756.5,88181,50272,
58327.6,54859,89936,51886,
47778.2,45992.5,61877,44459,
58162.2,56223.5,84705,48825,
49552.4,46858,76512,44049,
51661.4,48655.5,81875,43035,
54050.6,47151.5,88082,46040,
54789.1,51129,86671,44832,
66158.4,69081.5,81311,51795,
49940.2,47428.5,78849,40105,
51670.3,49932,68201,47545,
44556.8,41683,70059,36819,
70793.2,54110.5,137827,45861,
63821.1,62397,92519,55416,
62979.1,61980,85325,55485,
49226.1,46170,71912,42571,
50911,49015,72609,43721,
65400.8,64489,86831,52640,
59447.5,56031,76310,48342,
43154,41306,61617,38343,
55554.2,52838,78024,49718,
51214.8,46515,78101,40709,
55822.3,53371,82598,50258,
55481,53578,75246,45142,
58881.4,54171,93806,46179,
47678.4,44344,75172,40079,
50639.9,49191.5,68822,45881,
56431.2,56457.5,78676,46559,
59279.5,56905,83360,51163,
51320.4,47830.5,73165,44423,
52903.1,50735.5,72964,48077,
48113,45587.5,72078,41958,
48988.6,47518,61107,45356,
45883.9,43796,58536,43061,
51031.8,48648.5,72449,44961,
65163.3,56335,109133,55343,
46246.9,41380.5,82247,39857,
65897.1,66273,87557,51951,
71594.5,68655.5,99338,59359,
49537.5,46682.5,83468,39419,
68688.2,50751,139194,46831,
43486.1,44325,69042,30515,
55931.1,53697.5,78142,49825,
53360.1,51538.5,67839,48042,
45025.7,43236,59369,42804,
61482.4,61671,83848,50876,
48866.8,46158,72705,39429,
49092.1,47919.5,72582,43527,
59333.7,47614,108509,45157,
45513.5,35996,99010,33116,
57287,54484,84051,50959,
34738.8,33221,46006,27861,
55613.7,53173.5,72359,50528,
57000.6,55417,81639,50035,
48596.2,47593,75961,38324,
46763.7,44477.5,77130,40484,
53911.4,51505.5,82430,46716,
73967.4,71136,108576,65258,
50199.4,47449.5,69817,44844,
37137.3,35847,47697,32342,
52437.1,48253.5,83312,46366,
56072.8,53188,86457,44527,
57216.1,53843,77924,48272,
50116.9,47476,65568,42345,
57017.8,54002.5,75434,52919,
55778.6,53366.5,84408,49324,
49544,47389,67998,46136,
73734.8,71531,104118,63976,
57250.3,55605.5,89281,43488,
58043.9,53546,87800,49084,
64004,59068,104081,47026,
48806.5,46048,75744,42208,
66466.5,62362,97963,56347,
67644.3,65725.5,93276,54068,
63159.1,60349,90405,54465,
68002.1,63663.5,98865,53291,
44191.6,41797.5,65624,38642,
56547.7,57374,73448,42860,
43404.3,41139.5,76310,36349,
50854.5,48138,78288,45126,
72463.3,69401,96429,66413,
55885.3,53738,85038,44221,
67886.1,59732,106548,51104,
53040.7,50611,76534,44419,
42383.6,39047,69225,35202,
47984.6,44575,71059,43821,
76656.8,73801,113457,57482,
42643.3,40647,62356,38741,
43327.6,42315,56239,38080,
50750.3,47913.5,77611,45909,
49620.5,47247,63652,43288,
61063.2,57254,93170,53902,
48987.2,46558,66945,45076,
33184,30390.5,62275,27458,
39684.4,34798,74602,30995,
31801.9,30441.5,55994,25665,
40668.4,38384.5,66147,33182,
34852.6,32615.5,55945,30500,
33390.5,30782.5,54076,28232,
33821.8,29745.5,57685,27406,
32262,27400.5,65291,25153,
30988.8,28129.5,53637,26180,
35160.3,31102.5,64276,28792,
29505.4,27153.5,49736,23329,
46741.7,39045.5,83998,37056,
34837.4,29115,68400,28618,
33940.2,31676,49113,29601,
35002.2,32896,53070,31437,
34294.1,32143,57336,27289,
26070.9,24507.5,38820,21521,
46684.5,37904,92638,33679,
37222.5,35289,59403,30848,
31044.9,27706,56261,26753,
37944,32535.5,69437,31668,
34464,31811.5,58962,28793,
31819.4,30570.5,46387,27265,
40161.3,32763.5,73684,31788,
36301.4,34266.5,59472,31095,
37031.4,33045.5,62792,28288,
34093.2,32473,51776,29446,
34940.4,32257,57562,30249,
33961,31239.5,57623,28643,
33033.5,31525,49527,27810,
39302.1,36286.5,65152,34161,
28162.2,26390,42376,25063,
46310,41506,77959,39994,
36241.5,35371.5,57326,29507,
33774.5,28761,60087,28570,
31404.9,28644,59029,24860,
44055.7,33787,95002,32016,
27706.5,25996.5,40634,24679,
34215.6,31334,57279,28105,
37169.3,30743.5,72296,30007,
35830.7,32294,64900,30034,
33707.5,30592,55385,27315,
40903.3,38984.5,61746,32622,
32668.1,30086.5,53658,28546,
30254.5,28574,45270,27500,
33727.6,29921,55269,28867,
28249.2,26069.5,48888,23495,
29267.4,27777.5,44599,24155,
31639,29169,52251,25834,
31067.3,26471,59633,24073,
33998.6,31279.5,57452,29614,
35180.2,32554,56133,30616,
36494.1,33424.5,60583,30376,
30317.5,27865,47971,26510,
30679.3,28107.5,52112,27126,
38971.9,34572.5,69991,30225,
34086.5,31636,52077,29710,
35011.2,31955,58550,29098,
30633.8,27011,54871,24235,
35248.8,33624,60365,28068,
40101.9,36814,68454,34711,
35727.9,31709.5,66935,30937,
34797.1,32399,60153,29302,
37722.8,30332,75180,30262,
32794.2,29626.5,59934,26519,
35604,29660.5,68117,29218,
37072.6,33964,60601,32806,
38753.2,35954,62450,34130,
29178.1,26891,49531,24499,
29647.4,27107,53431,25406,
27102.9,24727.5,45049,23077,
34964.1,32758.5,55127,30781,
42076.8,39294.5,72986,33273,
35996.5,31258.5,64002,28182,
33135.9,26139.5,64643,25725,
26924.8,24679,44020,24056,
22387.3,21571,32786,19935,
29624,26001.5,58227,24709,
29230.8,26359.5,54745,23808,
43694.7,34638.5,78781,29449,
32394.6,30385.5,49951,27393,
36976.3,33240.5,65560,31802,
36079.9,30806.5,69108,29813,
41282.6,38942.5,66504,34418,
31537,29666,48328,27505,
29879.2,27921,50679,23194,
37907.5,34409.5,62243,33286,
33857.1,32608,50311,29060,
30485.1,25798.5,54661,23087,
39679.3,37188,65273,34071,
38738.4,36415.5,66714,31678,
38082.1,33346.5,69122,30540,
31406.1,29617.5,53127,23633,
36120.5,30938.5,70716,26689,
25534.3,23957.5,38360,23061,
38861.2,34171,68982,33907,
18143.1,15703,34856,14893,
38262.8,35733.5,60878,33351,
37205.3,32330,67016,28129,
27931.7,26445.5,40945,24798,
34847.7,33068.5,53830,30437,
35918.5,33073.5,64159,28281,
29210.9,25877,51372,24007,
38300.6,29930,72931,29605,
31156.6,29300,51763,23890,
34444.8,32154,57473,29553,
29476.8,25099,57399,24276,
32218.2,27897.5,62470,25179,
32792.3,30960,50594,29982,
28150,26199.5,42673,25242,
38955.4,36356.5,64173,32601,
32986.2,31206,55300,27659,
33025.6,25845,67363,25389,
22157.8,20458.5,32289,19487,
34482.4,32718.5,52570,29321,
32613,29578.5,60392,25205,
36743.4,35386,54277,33252,
57949.8,42104,124779,38318,
35826.4,33151,65183,29282,
33338.3,29710.5,63463,26437,
38136.1,36102.5,61727,32898,
32218.9,28862,54732,26544,
33960.8,32189.5,44540,29929,
31228.4,29150.5,47334,28318,
50358.2,44448,88050,40042,
30523.4,28006.5,52999,25842,
28241.9,25815.5,50045,24128,
24418.9,22926,39113,21520,
37580.1,34186.5,60141,33410,
37025.6,33832.5,63564,31235,
36779.8,33510,63767,31183,
39597.4,36639.5,63672,34456,
34256,29884,58715,28451,
28375.7,27176,43716,21423,
32123.9,25799,62311,25787,
26472.8,25060.5,39949,22965,
39087.2,34679,62141,31624,
30185.2,27464,50369,25153,
42126.3,39233.5,70254,34748,
34275.7,31885.5,57845,27816,
29817,27260.5,51426,25750,
39335.7,36657.5,57227,35366,
22524.3,19743,39587,18637,
29886.4,25936.5,57128,25133,
27468.3,24807.5,51135,22914,
24877.3,23694,36469,21593,
37060.5,25949,78524,25760,
28765.1,24640,55263,23501,
29916.8,28731.5,43293,26075,
30927.9,28955.5,43743,27792,
31543.2,28246.5,60874,26220,
43306.6,33373.5,84136,31630,
39193.2,30421,73348,30258,
35290.5,32529.5,57007,31165,
32030.1,29530.5,50485,28612,
47162.8,41314,85451,37259,
31937.8,29145,51646,26970,
31959.3,28257,54780,28029,
33799.3,30508.5,61114,28496,
23780.9,22714,34053,20547,
37573.7,34843,62979,32446,
31300.6,28338,57866,25561,
29668.5,27773,44324,26548,
42200.3,37024.5,69041,33164,
30169.2,22508.5,56873,22455,
27950.1,25479.5,48994,23042,
39725.9,37050,64617,30819,
39998.4,36883,64507,35368,
39247.9,37632,70060,32068,
32975.9,31158.5,50027,27170,
35687,33077.5,59026,30279,
28837.7,26097,50553,24998,
29263.2,26403.5,50398,24323,
41766,30590,90181,30587,
38167.6,35658,62467,33831,
32760.2,29903,53632,26482,
33344.9,30275,60052,27619,
27918.7,25942.5,44230,24293,
28416.4,25819.5,52058,23937,
37741.3,34429,62401,31140,
33063.8,29166,58800,26074,
43919.7,33649.5,88775,32278,
32624.8,29788.5,56909,27533,
33532.1,31711,50177,28603,
32101.2,29923.5,56934,26393,
39534.8,36011.5,71606,31225,
35955.1,33160,56962,31761,
34393.9,31369,64876,28091,
38361.7,34575,65711,32003,
33565.3,29375,59958,27773,
27019.8,24911,51319,20787,
39607.2,38305.5,57725,32587,
33530.9,31170,54654,27232,
27597,25838,48158,22234,
31645.4,29080,52699,25955,
23387.8,23054,36344,19221,
43294.4,38262.5,78521,33391,
36678.2,34932.5,57615,31110,
37657.2,35025,63766,32154,
35217.1,32570,59305,30878,
30962.6,27889,50836,26544,
47605.8,43221.5,84670,34106,
34438.6,31857,57025,30268,
25347.2,23451.5,39850,21014,
42732.4,40559,65479,35370,
28573.3,25561,48821,25119,
35315.3,33921.5,56272,30227,
30773.5,28802,49729,27465,
25770.7,23603,39584,23026,
33274.1,29729,62492,26257,
36788.1,33801,61210,32726,
31023.1,28794,53467,26506,
31998,29607.5,53933,27954,
30668.7,27921.5,55595,24151,
32761.8,27265,64781,26921,
36946.7,34188.5,62780,31113,
28935.5,27365.5,40856,25518,
26137.2,24227.5,44948,22069,
44811.7,39135.5,74911,38928,
27110.9,24353,49909,21642,
33933,29902.5,66479,27981,
42126.4,39247,69624,33914,
26990.4,24535,45309,21923,
36911.3,35303.5,53854,32768,
31661.8,28520.5,57226,27566,
41515.5,38545.5,68107,33159,
27354.2,25653.5,40852,22716,
35253.2,33356.5,53731,31663,
35083.4,29692.5,67530,28728,
34883.8,33691.5,52602,28777,
38181.4,37240,57340,32269,
36237.7,32140,60660,30619,
31093.1,28519.5,46378,26402,
32415.1,30123.5,51628,27375,
32129.2,27427,63419,27333,
36952.9,34774,61508,30658,
31571.8,29534.5,54692,26290,
40924.1,36719,72346,32885,
33151.4,29384,61101,24101,
33637.8,27775.5,63018,26357,
38353.5,35908,60949,32906,
41129,38013.5,70642,34349,
39861.8,30123,88434,29723,
31544.4,28214,57081,25575,
28764.2,23359.5,50685,22673,
34844.9,31689,59992,30133,
37839,34023.5,66697,33944,
35604.8,33023.5,65197,29072,
32734.6,30369,53390,28745,
36816,32445,69495,28063,
31166.9,28882.5,48886,27400,
34759.3,29656.5,61342,28083,
30715.2,26735,58581,26398,
33879.9,32215.5,51599,28320,
43068.4,40202.5,72605,34765,
41549.6,37794,70324,35511,
30982.1,27165,60057,25228,
40919.6,33390,83335,30497,
34275.3,31085.5,61480,26170,
29378.6,27188.5,52251,23073,
34104.9,32257.5,56788,25994,
37420.6,31042,70584,28591,
40752.4,38159,69230,33859,
30334.4,28477,48561,25447,
28786.2,26014,44688,25048,
31225.3,28665.5,56639,26565,
39794.1,36244,66101,32469,
29756.4,27974.5,47598,23957,
33811.1,31436.5,56005,29456,
29077.7,24953,53802,23892,
39115.9,35966.5,64702,34889,
41506.9,34680.5,76071,32348,
35792.7,33657,59231,29078,
46801,42620,78859,36277,
39863,33372.5,70636,31280,
41522.7,37444,69488,35991,
29994.6,28510,43644,26337,
36454.3,34773.5,60431,30724,
31576.3,29328.5,57914,26799,
35333.1,29388,65761,28687,
41424.5,37241.5,69865,31523,
35797.8,33564,56237,31391,
32555.2,30779,54166,26257,
32745.4,30802.5,53108,26294,
28703.5,27766.5,46728,21625,
31240.6,28415,55145,28302,
36606.8,33463,67805,28840,
30473.7,27572,53266,22830,
34384.5,32653.5,55067,29108,
32677.3,29719,57481,27858,
25369.1,19902.5,61887,19631,
29900.7,26375,43181,25351,
27241.3,25725.5,41052,23749,
40041,36833.5,62552,30254,
43814.9,39614,73473,36069,
30146.7,25952.5,61110,24336,
40805.1,37587.5,68898,31743,
40364.7,36349.5,67535,30912,
38453.1,35686.5,66426,30325,
27912.7,26344,38314,21915,
35004.4,32909,53179,31716,
40216.8,37408.5,65529,32961,
29068.5,27320,46499,23632,
47208.2,42896.5,84856,37548,
35226.1,32540.5,61480,29726,
30426.1,28737.5,44779,26145,
30443.7,28966,52540,23825,
40493.8,38898,60493,33568,
38764.6,35437,67726,32509,
35105.8,32860,58033,28894,
35347.2,29253.5,68369,27287,
44052.1,42888,74697,30292,
39294,35935,60398,35246,
33295.7,30783,55317,28746,
35973.5,33585.5,62030,29089,
33521.5,31443,54322,26880,
40539.8,36524.5,70874,34816,
25327,20960.5,47057,20356,
31262.5,28926.5,46381,26761,
30592.7,28956.5,47681,23601,
47291.4,42324,79051,38609,
32380.1,30553.5,47495,28793,
29118.5,24170.5,55229,24100,
34808.2,31933.5,60649,29205,
39558.3,36484.5,67940,32847,
30604.4,27627,53355,25320,
30412.3,27788,54720,23983,
30318.6,28069,52740,25500,
46154.3,40527,82625,36821,
32147,30351,43203,27670,
34656.6,33059,53077,30518,
32611.8,28949.5,55610,27775,
35004.2,32674,61838,28349,
45697,42069.5,80280,36644,
40394.6,37527.5,63052,33904,
40885,32323.5,78354,31087,
30252.5,28091.5,52299,26640,
39784.7,37051.5,63242,32349,
35251.4,32567.5,59900,29351,
45684.5,39192.5,84000,34503,
36865.1,33328,67772,28858,
36275.5,34127.5,56860,32272,
26654,23725,46443,22743,
32941,29892,60021,27218,
29985.7,28367,46148,26662,
31290.2,23608,66669,23450,
31058.9,28522.5,55364,25103,
28647.7,26495.5,49326,24165,
37765.1,33995,61113,31745,
51640,46181,89692,42660,
30710.2,28853.5,52298,24069,
28620.7,25900.5,51471,25160,
41637.3,31243,80809,30239,
26838.7,25896.5,38374,22825,
27499.5,25484,41460,23824,
40721,37427,69174,34008,
33633.7,31104.5,50144,29809,
39576.2,36278.5,71069,33043,
35866.9,33136,61226,29332,
39244.2,34158,73637,31073,
32219.6,30047,54439,27169,
30369.9,27984.5,52771,25694,
32743.8,30704.5,53420,25139,
27776.3,26402,40013,21937,
38206.9,35079.5,63131,33847,
32718.3,30852.5,51968,29114,
39242.5,29938.5,77296,29324,
43086,39433.5,66734,37254,
33141,29367,60599,27791,
28313.2,24075,56569,22723,
35987.8,33525.5,58970,31107,
28699.8,26782.5,43082,25378,
27596.9,25758.5,43466,23595,
32861.8,29707.5,55213,28287,
35358.8,33221.5,66002,27528,
35352.4,31288,63230,28134,
41987.6,39186.5,67641,36715,
41069,37836,71436,33433,
30506.9,26314,57554,23761,
45462.6,38828.5,84145,34525,
36853.6,33870,66009,30957,
33879.2,31861.5,53461,29883,
48190,40400,86581,35757,
33530.4,26167.5,70693,25189,
50287.3,46746,62826,43709,
52762.4,51235,72650,46536,
50656.1,49033.5,69497,45432,
51472.2,49333,71317,44549,
56253.4,53981.5,82411,48957,
52462.7,49905.5,79154,46379,
44271.1,42766.5,56500,40784,
42998.3,40256.5,67828,37630,
48319,45509,72821,42561,
42108.7,39513,61953,38171,
53950.6,50103,77242,47049,
51497.1,49644.5,69895,43808,
45844.7,43959.5,57045,41817,
52814,47520,82833,42072,
44654.4,43369.5,54136,40019,
40394.6,39430.5,51660,32685,
59850.4,59411.5,92334,47348,
59240.3,54528,92965,52639,
49991.5,46285,72944,42871,
64449.2,57799.5,97115,55719,
55065,53744,74415,49589,
77477.7,51622.5,168340,51424,
49841.6,47993,70854,43398,
49431,42620.5,88075,41745,
48357.5,44390,81492,43346,
54887.3,52290,76453,48429,
46365.4,43028.5,70947,40430,
47305.2,45234.5,71099,42701,
68300.1,64890,100596,55583,
68450.3,67259,95206,55593,
49098.1,43849,80426,41710,
49142.4,48372.5,59251,44236,
31918.2,27490,63383,24042,
32855,28310.5,54177,28000,
48994,48441,61728,42971,
29166.9,25730,50853,25249,
42686.3,39002,73040,33421,
37839,29688.5,75665,29258,
32373.5,29164.5,59013,26073,
33304.2,31670,57019,26174,
31235.2,30338.5,44706,26663,
25783.7,24904,42672,21025,
26667.8,25386.5,36769,24346,
33988.9,31381.5,59415,29911,
40391.8,37491,62264,36489,
42909.9,38958.5,74535,35942,
23581.9,20086.5,52008,19666,
41541.8,38677.5,70300,34705,
66200.1,65585.5,90392,51608,
65709.2,61905,94115,58955,
58189.5,54715,82712,52790,
59086.7,46389,120702,46059,
40069.8,37083.5,57603,31409,
44316.6,42813.5,60048,40016,
56495.6,53494,83142,48768,
47840.2,46117,69639,42362,
47254.6,45793,61109,43785,
52840.8,50540.5,80773,43816,
76430.6,73204.5,115976,57906,
50910.5,46010,83086,42210,
40226.5,37753,68871,28546,
64817.3,60649,89853,57397,
60610.3,58720,84174,47327,
54295.1,52072.5,79412,44275,
36448,34056.5,60639,29734,
36919.5,29952.5,76083,27907,
29963,27303.5,54641,25093,
35538.3,32746,59221,30413,
26341.8,24927.5,45212,21841,
34785.8,31873.5,56562,30260,
31516.4,28935,56342,26964,
28060.9,26100.5,48468,22886,
36100.9,33667.5,57071,32314,
32471.1,29854,61957,26549,
36424.5,34997,63439,29612,
33356.1,30403.5,59896,28836,
37497.3,30957.5,73831,30613,
29506.8,27840.5,46900,25850,
32923.1,31719.5,45747,27853,
34881.5,29558,65305,26786,


51105.2,47606.5,69459,45611,
58409.2,52785.5,83727,40585,
50766.3,48904,74165,46321,
58192.6,55411.5,85649,50277,
41408,39484.5,59853,35186,
56141.9,53327,80356,50252,
74186.1,72598.5,103489,60407,
64516.2,61290,85067,59417,
39452.6,36897.5,53476,34808,
47140.9,45549.5,68106,42106,
45275.6,43081,55133,40945,
75523.7,72501,106315,62403,
45820.3,43107,59832,41113,
49905.8,46948.5,77307,43071,
41141.5,39202,54002,37530,
41339.8,39883.5,58036,35830,
48472.9,44972.5,67309,43127,
58640.3,56014,80231,53878,
58769.3,55364,88082,50153,
40913.9,39264.5,53463,36326,
58427.8,54771.5,84585,52018,
43260,42274,54608,39067,
48987.5,47414,72245,41419,
38296.8,35205,62613,34584,
56221.4,54127.5,83440,49272,
51867.1,47251,85365,35435,
51619.2,48276,79608,45801,
49102.1,47590.5,59472,45838,
50605.4,47781,81309,43198,
50263.7,48968.5,62262,42840,
49457.4,49614.5,60417,43292,
72600.7,70446.5,116493,51339,
69065.8,59575,111316,48874,
46459.9,45006.5,65183,42480,
55879.1,51327.5,87376,48989,
51361.7,49414,64675,44588,
51963.1,49531,85916,43547,
62479,57037.5,98336,52646,
63325,59122,99552,54270,
58324.9,59442,82485,42297,
62031.4,58926,93708,51433,
46734.4,45383.5,63775,39441,
67361.1,61981.5,110227,54623,
45234.2,42897,70915,37855,
49342.6,44239,84729,43974,
41731.8,39807.5,54613,37056,
72999.3,69184.5,102342,59349,
60765.9,55648,89242,50026,
39188.1,38583.5,51896,35512,
40848.3,38442.5,65623,31270,
55608.9,52617.5,82872,48417,
52154.9,50471.5,68452,46571,
58079.1,55858.5,77498,51811,
61624.3,59741.5,80850,51564,
64629.3,62663,91029,53639,
62620.7,61015.5,81425,57672,
46689.2,45190.5,72414,37262,
44154.2,43596.5,62228,37575,
57945.6,52686,95356,47764,
46670.2,44410,61788,42940,
61091.1,54338,110408,45679,
43445.2,41803,63224,37805,
48382.4,45454,71544,39509,
58054.6,52468,95913,47000,
53925.9,51211,74994,49531,
60010.8,56865,94213,42067,
53906.1,51175.5,67161,42842,
53913.9,51715,75858,50112,
70001.5,65947.5,99393,64014,
69873,62581.5,114654,51366,
44221.5,41786.5,64434,39364,
47416.1,47089.5,59700,42012,
44141.2,43309,56024,39947,
62730.5,59076,99431,48792,
58951.8,56045.5,82138,54287,
65549.4,59880,107375,57704,
55479.9,52068.5,83466,50472,
49431.8,45582.5,83800,43067,
50140.1,49505.5,62364,45340,
44178.2,43237.5,59178,34830,
54035.8,54087,73608,45015,
46124.9,43946.5,67945,38026,
46621.4,43721.5,70956,42760,
47979.2,47573,56528,43438,
55140.6,52489.5,77281,49382,
65576.4,62766,98154,53006,
53738.5,51081,81082,46142,
51707.1,48587.5,74100,48556,
64968.3,62641,108448,50562,
39224,37431,48600,34067,
62451.8,60322.5,81184,55768,
46021.5,43511,62267,41077,
57590,54555,75452,50735,
52990.2,46103,90992,39175,
50895.9,47335.5,81709,43688,
39359.2,38647.5,46781,35946,
50372.5,48447.5,72233,45471,
57587,58485,82934,43746,
55285.2,53912.5,77309,49217,
79093.7,74838,121634,56367,
77829.3,73521.5,111401,68929,
55548.1,53090,77800,49715,
45110.3,43034,59543,39547,
63756.4,56106,103780,53265,
48261.2,46386,63667,44139,
52809,50423,74060,47977,
59067,52871,102298,45770,
59102.2,56689.5,87400,49097,
41851.7,39505.5,58117,37536,
49422,48251,64570,43553,
49941.6,46862,77444,37929,
51266.8,48461.5,84018,41894,
48129.5,46302,83764,37416,
47692,45454,70181,42755,
43499.9,40414,61255,38589,
54883,53297,71233,50242,
62278.7,58437.5,94023,53682,
56550.4,52072,91312,45293,
54292.6,52875.5,65971,46069,
50314.8,46979,79099,43946,
52194.5,48434.5,70108,44110,
46347.4,44586,64025,41409,
55276.9,52896.5,79476,50966,
55542.4,54223,78656,46666,
61737,58030,81620,54028,
43985,42574,57908,38475,
47608.8,45160.5,64982,41880,
44025.1,42378,55200,40123,
51518.4,50889.5,68005,45605,
54755.6,53040.5,77685,46183,
49331.2,48278,65335,44052,
60476.8,56030.5,94587,53611,
72950.5,65780,118237,54130,
55284.5,52916.5,81812,45204,
40928.1,39729,56521,35473,
58616,53429.5,93493,52656,
59348.8,41824,122396,39070,
52542,49881,73050,49133,
56612.9,57602.5,83003,43303,
58117.9,53142,95258,44441,
51614.8,47563,76598,47109,
50331.5,45565,106375,32987,
58984.7,57595.5,87058,44141,
69813.1,67502.5,104587,53288,
57539.2,55884,78981,51466,
62076.6,61200.5,81630,53439,
53170.5,49944,79272,46081,
57194,54656,86306,48770,
67751.2,63250,100254,59870,
57949.6,54603,83449,52218,
31800.5,29702,46450,25705,
46868,44310.5,62458,43218,
56599.3,52947,89086,51874,
46860.2,45205,67301,40585,
54007.8,51250,82954,48179,
63000.1,59198.5,93281,50423,
43747.2,41073,62371,38694,
55528.1,53793,77286,49007,
37339.9,36179.5,52818,32395,
52648.1,49690.5,84583,42055,
56421.6,54783,79376,48968,
66921.9,63781,95377,59740,
64114,60219.5,99566,53132,
53187.5,50338,74230,48819,
67915.6,61835,105829,61545,
57196,54830.5,82438,50733,
53212.7,50857.5,80664,43760,
50579,46066.5,78139,43252,
61833.5,57631,89492,49994,
63478.6,59765,88820,59030,
55360.4,51516,86378,47994,
54600.8,49752,83197,47562,
66585.7,59506.5,106846,53779,
46689.6,44726.5,56983,43149,
55431.1,53756.5,80955,43933,
53875,51629,79552,46363,
57346.2,45634.5,109736,41621,
51545.7,47732,78282,46612,
57517,55585,89104,46767,
44847.9,44837,60996,38026,
59984.5,55609,99562,45785,
50817.7,46812,82126,40743,
42902.3,41028,54173,38658,
57834.2,56374.5,71629,52224,
47201.8,45508.5,62650,44617,
45487.3,43728.5,63784,41011,
44665.6,42675.5,69545,36045,
59552.1,44318,124062,40572,
62807.5,46116,128318,40291,
48143.7,45796,69617,42817,
59213.8,49230,108965,47375,
72315,65826,118707,56021,
48492.5,44107,81006,39613,
67422.2,57091.5,117967,52353,
58436.5,54502,84523,50685,
55176.1,52759.5,75451,50377,
49580.1,45172.5,79852,41743,
50872.4,48256.5,80040,43521,
55314.8,52741,80422,45229,
55159,53099.5,79191,48088,
43546.5,41943,65087,35266,
47224.2,44283,72456,40906,
51217.7,49322,68671,46506,
47346.8,43368.5,75498,41677,
50015.7,46705,78077,43654,
68698.3,65254,100110,60716,
54063.8,50344.5,73028,46449,
53315.9,50851,76821,47569,
58156.9,51444.5,98437,47857,
55784.9,52049.5,88604,48995,
55093.5,52245,83148,49700,
51551.3,49191,74877,46719,
56005.8,52285,88073,50019,
59110,55361,90890,49398,
52744,48939.5,83584,48066,
60259.1,57512.5,85774,53500,
38502.7,34306,66430,29647,
55125.2,49256.5,90806,47520,
48871,48700,62461,41443,
51748.5,48449.5,86702,38645,
94763.9,75631.5,184261,59228,
59969.1,61023.5,84547,45201,
56495.4,54735,80807,49429,
59426.4,57313.5,82633,51311,
42618.1,40468,53429,38561,
46711.6,43077.5,78263,41860,
60707.4,58505.5,89987,51235,
43571.2,41099,66375,38240,
49017.4,47085,65651,44015,
65189.1,61310,98714,58280,
45009.4,43939,63619,37771,
60822.2,58469,91883,51886,
58311.5,58254,77474,50601,
61007.6,58155,85754,54523,
56027.4,53939,84102,46557,
58080.8,56485,74038,53408,
48698.6,46421.5,68764,27868,
42321,37348.5,65278,33974,
62567.9,60095.5,85923,55853,
39470.3,37440,55966,34595,
67520.1,65918,89609,55165,
50195.5,44716.5,83963,40612,
57176.8,51971,98146,46200,
42647.3,42330.5,53295,36562,
44379.2,39322.5,76884,38409,
46265.2,43395.5,73631,39594,
60119.1,52932.5,102176,49916,
50012.6,47692,69537,42257,
57914.8,54072,86868,50088,
48653.4,44108,71792,42122,
62659.5,56406.5,105806,46382,
53242.4,50535,83496,44787,
47040.3,43727,77013,42482,
53937.8,50733,80821,46103,
59832.7,58303.5,88430,47648,
48638.9,46661.5,73685,42142,
45978.8,45287.5,59644,40580,
49059.4,46382.5,76639,40730,
41740.6,40648,56209,37030,
60058,59456.5,81764,49858,
43857.9,39746.5,76955,36346,
61279.6,59606,82355,55721,
50197.4,47526.5,78481,42705,
59330.2,55217,91225,49599,
48232.3,45609.5,64950,43959,
48277.4,44811.5,73800,44269,
57425.4,54101,84577,51608,
52912.6,51867,73520,45263,
41207.3,39987.5,54737,36670,
58223.1,54634,82888,50915,
43712.1,41559.5,54456,40325,
44075.8,41856,65458,40054,
57497.9,55491.5,79319,49507,
61375.7,60470,82110,51839,
45292.4,43684.5,59668,40961,
63254,58860.5,99404,49453,
52018.9,46175,88237,43395,
69157.5,67639,94632,54210,
42445.2,40153,55525,39136,
52668.3,51291.5,79128,45100,
42302,38807,64868,34269,
49234.5,46761,66411,45531,
55307.8,53692,73207,49604,
50909.9,47542.5,75501,45709,
54498.8,52528,72974,45693,
59601.8,59068,85297,45199,
67025.7,64963.5,87993,57877,
52527,50057,75377,45966,
71284.4,69082.5,105542,59656,
49811,47728,73062,43186,
49289.2,48495,65468,43061,
61887.1,57716.5,94143,49010,
59035.8,54488.5,90965,49256,
45568.6,43353,75358,35696,
46678.2,42609,74945,41262,
50045.6,46540.5,70159,45318,
65397.1,60425.5,90471,56151,
56061,53470,83445,49558,
64457.3,60541.5,97988,56198,
59295.2,56692.5,89066,51303,
62344.5,59859,83635,57191,
62248.4,58536.5,91104,53533,
56389.6,53893.5,81558,50837,
52375.2,34899,111594,34858,
61573.9,55538,107620,46630,
58157.1,58386.5,74778,43234,
50787.5,48562,73144,44131,
59882.8,56264.5,81329,51316,
52854.2,51250,70762,49553,
53638.4,50285.5,76793,43155,
54757.1,51338,85781,49320,
50708.2,48430,82946,40690,
54052.6,50703,77199,48472,
55334,54355,79669,42605,
60280.4,57100,84736,53927,
46393.9,45686,55981,39878,
36530.4,35053.5,46808,33872,
62064,59407,89992,52198,
71289.5,61927.5,136943,52020,
54902,54050,72943,47482,
50899.7,49297,71931,43690,
58986.4,55063,85621,51460,
68435,57480.5,116471,54880,
56821,54020,75775,51901,
62840.5,60836.5,81673,58268,
60672.3,56694.5,90740,50092,
47340.2,44871,75832,37047,
51979.1,38082,100751,37933,
62099,59696,88504,50680,
52924.9,50716.5,80526,44810,
69285.5,59685.5,119719,55896,
55798.3,53265.5,67195,47040,
62089.9,59180.5,89465,49574,
50793.2,47938.5,73457,40556,
46412.6,45477,56874,42459,
52688.5,47451,89023,42462,
61523.7,58644,93321,52247,
48121.4,45912,71931,41329,
57079.4,54409.5,84378,46453,
58375.3,55312.5,81998,51769,
52069.5,48278.5,81653,46886,
43974.9,40323,71728,37353,
53960.4,51156.5,65868,47703,
53100.8,50277,78679,46888,
46550.7,44891.5,70891,36574,
53290.8,51180,75690,47589,
53628.4,47531,92157,47387,
54915.5,51835.5,82400,47663,
47618.6,44535.5,74824,42196,
43158.2,41800.5,53120,40072,
48409.8,45281,75308,39930,
63445.1,56706.5,100099,53425,
49056.1,44856,73920,44142,
54602.4,54160.5,72805,42829,
54902.5,53030,72833,48296,
58766.4,57942,89817,46235,
43246.4,41602.5,54751,39829,
68632.6,60638,107862,56840,
52655.9,50555,76370,45839,
51086.9,49170,72964,44802,
55309.7,51788,87091,47774,
54102.4,50908,78369,49211,
48876.8,46468.5,67109,44520,
36818.1,34849.5,52223,30777,
55992.8,52620,80865,50012,
55927.7,53698.5,91214,44259,
51986.1,50251.5,70485,44690,
53013.6,51155.5,72166,49438,
41054.7,36719.5,69222,33637,
81251.3,78934,118280,67935,
53818.4,51905,74357,47825,
57341.7,54023.5,74944,51552,
61419,56454.5,86853,54341,
35261.9,34273.5,65249,23502,
62732.3,59680.5,92230,57295,
47404.5,44370.5,70451,42064,
64625.7,54624,126862,49980,
52199.2,49418,80109,44461,
52691.2,50656.5,71264,47922,
53964.2,52130,78627,45787,
69324.7,61359,126598,47256,
43093.4,41095.5,81772,34556,
51278.3,48846,72712,44996,
55674.4,53502,79326,49194,
38555.6,38084.5,52058,32938,
53844.7,51422.5,82770,46750,
66111.8,69006.5,88210,46386,
65590,63743,88936,58488,
50442.4,49475,68926,42943,
53617.2,51215,78328,46438,
57593.5,49475.5,103292,49132,
66339.7,61723.5,97298,46236,
44418.2,40678.5,63526,39691,
57800.9,56555.5,86518,42285,
60764.8,60771,85551,44993,
59586.3,55121,86804,48851,
48184.7,47601,59241,43753,
53557.6,50829.5,84797,45872,
74670,67167,116818,62559,
65504.3,66993.5,84981,50261,
61799.7,59886.5,81227,48579,
50226.8,47351.5,74612,43631,
55452.8,51832.5,87162,44225,
74969.7,62900.5,144201,49263,
57686,42126.5,130009,39391,
65773.2,63770,87616,58964,
50854.2,48367.5,73718,46373,
71308.9,65701.5,108608,61786,
55292.7,56736.5,68027,47069,
52715.9,50318,71579,47729,
45096.2,40475,78740,39257,
75147.9,68068,133076,44257,
61087.6,59165,85197,49191,
59467.8,58293.5,86980,43822,
70010.9,66179.5,104826,62936,
50552,47915,69543,44626,
59508.2,57244,81830,53871,
47328.7,44109.5,68867,44032,
52760.2,48594.5,84383,45647,
45988.3,43414,70076,40403,
48595.7,46659,71794,42624,
78329.9,77172.5,112137,62979,
55561.6,52629.5,83969,49784,
62611.1,59214.5,89211,53335,
47511.5,44004,76647,40208,
53100.3,50456.5,81140,42247,
54647,53730,78547,47524,
54037.5,50863,73854,42414,
53257.6,50706.5,70821,49653,
56258.5,48738,101455,47678,
41393,40524.5,50621,37146,
43953.8,43998.5,49296,38173,
51579.9,48372,75074,45589,
41554.6,40819,53273,37350,
36591.6,33336,66223,30820,
65159,63333.5,92597,53122,
64949.7,62518,102053,52743,
42794.5,39619.5,62616,37864,
70039.7,62567.5,113702,52781,
56617.8,55060.5,82827,47277,
47712.9,46056.5,63379,43140,
47685.7,42884,78067,41179,
52761.4,48868.5,78547,47804,
58188.8,54756.5,88181,50272,
58327.6,54859,89936,51886,
47778.2,45992.5,61877,44459,
58162.2,56223.5,84705,48825,
49552.4,46858,76512,44049,
51661.4,48655.5,81875,43035,
54050.6,47151.5,88082,46040,
54789.1,51129,86671,44832,
66158.4,69081.5,81311,51795,
49940.2,47428.5,78849,40105,
51670.3,49932,68201,47545,
44556.8,41683,70059,36819,
70793.2,54110.5,137827,45861,
63821.1,62397,92519,55416,
62979.1,61980,85325,55485,
49226.1,46170,71912,42571,
50911,49015,72609,43721,
65400.8,64489,86831,52640,
59447.5,56031,76310,48342,
43154,41306,61617,38343,
55554.2,52838,78024,49718,
51214.8,46515,78101,40709,
55822.3,53371,82598,50258,
55481,53578,75246,45142,
58881.4,54171,93806,46179,
47678.4,44344,75172,40079,
50639.9,49191.5,68822,45881,
56431.2,56457.5,78676,46559,
59279.5,56905,83360,51163,
51320.4,47830.5,73165,44423,
52903.1,50735.5,72964,48077,
48113,45587.5,72078,41958,
48988.6,47518,61107,45356,
45883.9,43796,58536,43061,
51031.8,48648.5,72449,44961,
65163.3,56335,109133,55343,
46246.9,41380.5,82247,39857,
65897.1,66273,87557,51951,
71594.5,68655.5,99338,59359,
49537.5,46682.5,83468,39419,
68688.2,50751,139194,46831,
43486.1,44325,69042,30515,
55931.1,53697.5,78142,49825,
53360.1,51538.5,67839,48042,
45025.7,43236,59369,42804,
61482.4,61671,83848,50876,
48866.8,46158,72705,39429,
49092.1,47919.5,72582,43527,
59333.7,47614,108509,45157,
45513.5,35996,99010,33116,
57287,54484,84051,50959,
34738.8,33221,46006,27861,
55613.7,53173.5,72359,50528,
57000.6,55417,81639,50035,
48596.2,47593,75961,38324,
46763.7,44477.5,77130,40484,
53911.4,51505.5,82430,46716,
73967.4,71136,108576,65258,
50199.4,47449.5,69817,44844,
37137.3,35847,47697,32342,
52437.1,48253.5,83312,46366,
56072.8,53188,86457,44527,
57216.1,53843,77924,48272,
50116.9,47476,65568,42345,
57017.8,54002.5,75434,52919,
55778.6,53366.5,84408,49324,
49544,47389,67998,46136,
73734.8,71531,104118,63976,
57250.3,55605.5,89281,43488,
58043.9,53546,87800,49084,
64004,59068,104081,47026,
48806.5,46048,75744,42208,
66466.5,62362,97963,56347,
67644.3,65725.5,93276,54068,
63159.1,60349,90405,54465,
68002.1,63663.5,98865,53291,
44191.6,41797.5,65624,38642,
56547.7,57374,73448,42860,
43404.3,41139.5,76310,36349,
50854.5,48138,78288,45126,
72463.3,69401,96429,66413,
55885.3,53738,85038,44221,
67886.1,59732,106548,51104,
53040.7,50611,76534,44419,
42383.6,39047,69225,35202,
47984.6,44575,71059,43821,
76656.8,73801,113457,57482,
42643.3,40647,62356,38741,
43327.6,42315,56239,38080,
50750.3,47913.5,77611,45909,
49620.5,47247,63652,43288,
61063.2,57254,93170,53902,
48987.2,46558,66945,45076,
33184,30390.5,62275,27458,
39684.4,34798,74602,30995,
31801.9,30441.5,55994,25665,
40668.4,38384.5,66147,33182,
34852.6,32615.5,55945,30500,
33390.5,30782.5,54076,28232,
33821.8,29745.5,57685,27406,
32262,27400.5,65291,25153,
30988.8,28129.5,53637,26180,
35160.3,31102.5,64276,28792,
29505.4,27153.5,49736,23329,
46741.7,39045.5,83998,37056,
34837.4,29115,68400,28618,
33940.2,31676,49113,29601,
35002.2,32896,53070,31437,
34294.1,32143,57336,27289,
26070.9,24507.5,38820,21521,
46684.5,37904,92638,33679,
37222.5,35289,59403,30848,
31044.9,27706,56261,26753,
37944,32535.5,69437,31668,
34464,31811.5,58962,28793,
31819.4,30570.5,46387,27265,
40161.3,32763.5,73684,31788,
36301.4,34266.5,59472,31095,
37031.4,33045.5,62792,28288,
34093.2,32473,51776,29446,
34940.4,32257,57562,30249,
33961,31239.5,57623,28643,
33033.5,31525,49527,27810,
39302.1,36286.5,65152,34161,
28162.2,26390,42376,25063,
46310,41506,77959,39994,
36241.5,35371.5,57326,29507,
33774.5,28761,60087,28570,
31404.9,28644,59029,24860,
44055.7,33787,95002,32016,
27706.5,25996.5,40634,24679,
34215.6,31334,57279,28105,
37169.3,30743.5,72296,30007,
35830.7,32294,64900,30034,
33707.5,30592,55385,27315,
40903.3,38984.5,61746,32622,
32668.1,30086.5,53658,28546,
30254.5,28574,45270,27500,
33727.6,29921,55269,28867,
28249.2,26069.5,48888,23495,
29267.4,27777.5,44599,24155,
31639,29169,52251,25834,
31067.3,26471,59633,24073,
33998.6,31279.5,57452,29614,
35180.2,32554,56133,30616,
36494.1,33424.5,60583,30376,
30317.5,27865,47971,26510,
30679.3,28107.5,52112,27126,
38971.9,34572.5,69991,30225,
34086.5,31636,52077,29710,
35011.2,31955,58550,29098,
30633.8,27011,54871,24235,
35248.8,33624,60365,28068,
40101.9,36814,68454,34711,
35727.9,31709.5,66935,30937,
34797.1,32399,60153,29302,
37722.8,30332,75180,30262,
32794.2,29626.5,59934,26519,
35604,29660.5,68117,29218,
37072.6,33964,60601,32806,
38753.2,35954,62450,34130,
29178.1,26891,49531,24499,
29647.4,27107,53431,25406,
27102.9,24727.5,45049,23077,
34964.1,32758.5,55127,30781,
42076.8,39294.5,72986,33273,
35996.5,31258.5,64002,28182,
33135.9,26139.5,64643,25725,
26924.8,24679,44020,24056,
22387.3,21571,32786,19935,
29624,26001.5,58227,24709,
29230.8,26359.5,54745,23808,
43694.7,34638.5,78781,29449,
32394.6,30385.5,49951,27393,
36976.3,33240.5,65560,31802,
36079.9,30806.5,69108,29813,
41282.6,38942.5,66504,34418,
31537,29666,48328,27505,
29879.2,27921,50679,23194,
37907.5,34409.5,62243,33286,
33857.1,32608,50311,29060,
30485.1,25798.5,54661,23087,
39679.3,37188,65273,34071,
38738.4,36415.5,66714,31678,
38082.1,33346.5,69122,30540,
31406.1,29617.5,53127,23633,
36120.5,30938.5,70716,26689,
25534.3,23957.5,38360,23061,
38861.2,34171,68982,33907,
18143.1,15703,34856,14893,
38262.8,35733.5,60878,33351,
37205.3,32330,67016,28129,
27931.7,26445.5,40945,24798,
34847.7,33068.5,53830,30437,
35918.5,33073.5,64159,28281,
29210.9,25877,51372,24007,
38300.6,29930,72931,29605,
31156.6,29300,51763,23890,
34444.8,32154,57473,29553,
29476.8,25099,57399,24276,
32218.2,27897.5,62470,25179,
32792.3,30960,50594,29982,
28150,26199.5,42673,25242,
38955.4,36356.5,64173,32601,
32986.2,31206,55300,27659,
33025.6,25845,67363,25389,
22157.8,20458.5,32289,19487,
34482.4,32718.5,52570,29321,
32613,29578.5,60392,25205,
36743.4,35386,54277,33252,
57949.8,42104,124779,38318,
35826.4,33151,65183,29282,
33338.3,29710.5,63463,26437,
38136.1,36102.5,61727,32898,
32218.9,28862,54732,26544,
33960.8,32189.5,44540,29929,
31228.4,29150.5,47334,28318,
50358.2,44448,88050,40042,
30523.4,28006.5,52999,25842,
28241.9,25815.5,50045,24128,
24418.9,22926,39113,21520,
37580.1,34186.5,60141,33410,
37025.6,33832.5,63564,31235,
36779.8,33510,63767,31183,
39597.4,36639.5,63672,34456,
34256,29884,58715,28451,
28375.7,27176,43716,21423,
32123.9,25799,62311,25787,
26472.8,25060.5,39949,22965,
39087.2,34679,62141,31624,
30185.2,27464,50369,25153,
42126.3,39233.5,70254,34748,
34275.7,31885.5,57845,27816,
29817,27260.5,51426,25750,
39335.7,36657.5,57227,35366,
22524.3,19743,39587,18637,
29886.4,25936.5,57128,25133,
27468.3,24807.5,51135,22914,
24877.3,23694,36469,21593,
37060.5,25949,78524,25760,
28765.1,24640,55263,23501,
29916.8,28731.5,43293,26075,
30927.9,28955.5,43743,27792,
31543.2,28246.5,60874,26220,
43306.6,33373.5,84136,31630,
39193.2,30421,73348,30258,
35290.5,32529.5,57007,31165,
32030.1,29530.5,50485,28612,
47162.8,41314,85451,37259,
31937.8,29145,51646,26970,
31959.3,28257,54780,28029,
33799.3,30508.5,61114,28496,
23780.9,22714,34053,20547,
37573.7,34843,62979,32446,
31300.6,28338,57866,25561,
29668.5,27773,44324,26548,
42200.3,37024.5,69041,33164,
30169.2,22508.5,56873,22455,
27950.1,25479.5,48994,23042,
39725.9,37050,64617,30819,
39998.4,36883,64507,35368,
39247.9,37632,70060,32068,
32975.9,31158.5,50027,27170,
35687,33077.5,59026,30279,
28837.7,26097,50553,24998,
29263.2,26403.5,50398,24323,
41766,30590,90181,30587,
38167.6,35658,62467,33831,
32760.2,29903,53632,26482,
33344.9,30275,60052,27619,
27918.7,25942.5,44230,24293,
28416.4,25819.5,52058,23937,
37741.3,34429,62401,31140,
33063.8,29166,58800,26074,
43919.7,33649.5,88775,32278,
32624.8,29788.5,56909,27533,
33532.1,31711,50177,28603,
32101.2,29923.5,56934,26393,
39534.8,36011.5,71606,31225,
35955.1,33160,56962,31761,
34393.9,31369,64876,28091,
38361.7,34575,65711,32003,
33565.3,29375,59958,27773,
27019.8,24911,51319,20787,
39607.2,38305.5,57725,32587,
33530.9,31170,54654,27232,
27597,25838,48158,22234,
31645.4,29080,52699,25955,
23387.8,23054,36344,19221,
43294.4,38262.5,78521,33391,
36678.2,34932.5,57615,31110,
37657.2,35025,63766,32154,
35217.1,32570,59305,30878,
30962.6,27889,50836,26544,
47605.8,43221.5,84670,34106,
34438.6,31857,57025,30268,
25347.2,23451.5,39850,21014,
42732.4,40559,65479,35370,
28573.3,25561,48821,25119,
35315.3,33921.5,56272,30227,
30773.5,28802,49729,27465,
25770.7,23603,39584,23026,
33274.1,29729,62492,26257,
36788.1,33801,61210,32726,
31023.1,28794,53467,26506,
31998,29607.5,53933,27954,
30668.7,27921.5,55595,24151,
32761.8,27265,64781,26921,
36946.7,34188.5,62780,31113,
28935.5,27365.5,40856,25518,
26137.2,24227.5,44948,22069,
44811.7,39135.5,74911,38928,
27110.9,24353,49909,21642,
33933,29902.5,66479,27981,
42126.4,39247,69624,33914,
26990.4,24535,45309,21923,
36911.3,35303.5,53854,32768,
31661.8,28520.5,57226,27566,
41515.5,38545.5,68107,33159,
27354.2,25653.5,40852,22716,
35253.2,33356.5,53731,31663,
35083.4,29692.5,67530,28728,
34883.8,33691.5,52602,28777,
38181.4,37240,57340,32269,
36237.7,32140,60660,30619,
31093.1,28519.5,46378,26402,
32415.1,30123.5,51628,27375,
32129.2,27427,63419,27333,
36952.9,34774,61508,30658,
31571.8,29534.5,54692,26290,
40924.1,36719,72346,32885,
33151.4,29384,61101,24101,
33637.8,27775.5,63018,26357,
38353.5,35908,60949,32906,
41129,38013.5,70642,34349,
39861.8,30123,88434,29723,
31544.4,28214,57081,25575,
28764.2,23359.5,50685,22673,
34844.9,31689,59992,30133,
37839,34023.5,66697,33944,
35604.8,33023.5,65197,29072,
32734.6,30369,53390,28745,
36816,32445,69495,28063,
31166.9,28882.5,48886,27400,
34759.3,29656.5,61342,28083,
30715.2,26735,58581,26398,
33879.9,32215.5,51599,28320,
43068.4,40202.5,72605,34765,
41549.6,37794,70324,35511,
30982.1,27165,60057,25228,
40919.6,33390,83335,30497,
34275.3,31085.5,61480,26170,
29378.6,27188.5,52251,23073,
34104.9,32257.5,56788,25994,
37420.6,31042,70584,28591,
40752.4,38159,69230,33859,
30334.4,28477,48561,25447,
28786.2,26014,44688,25048,
31225.3,28665.5,56639,26565,
39794.1,36244,66101,32469,
29756.4,27974.5,47598,23957,
33811.1,31436.5,56005,29456,
29077.7,24953,53802,23892,
39115.9,35966.5,64702,34889,
41506.9,34680.5,76071,32348,
35792.7,33657,59231,29078,
46801,42620,78859,36277,
39863,33372.5,70636,31280,
41522.7,37444,69488,35991,
29994.6,28510,43644,26337,
36454.3,34773.5,60431,30724,
31576.3,29328.5,57914,26799,
35333.1,29388,65761,28687,
41424.5,37241.5,69865,31523,
35797.8,33564,56237,31391,
32555.2,30779,54166,26257,
32745.4,30802.5,53108,26294,
28703.5,27766.5,46728,21625,
31240.6,28415,55145,28302,
36606.8,33463,67805,28840,
30473.7,27572,53266,22830,
34384.5,32653.5,55067,29108,
32677.3,29719,57481,27858,
25369.1,19902.5,61887,19631,
29900.7,26375,43181,25351,
27241.3,25725.5,41052,23749,
40041,36833.5,62552,30254,
43814.9,39614,73473,36069,
30146.7,25952.5,61110,24336,
40805.1,37587.5,68898,31743,
40364.7,36349.5,67535,30912,
38453.1,35686.5,66426,30325,
27912.7,26344,38314,21915,
35004.4,32909,53179,31716,
40216.8,37408.5,65529,32961,
29068.5,27320,46499,23632,
47208.2,42896.5,84856,37548,
35226.1,32540.5,61480,29726,
30426.1,28737.5,44779,26145,
30443.7,28966,52540,23825,
40493.8,38898,60493,33568,
38764.6,35437,67726,32509,
35105.8,32860,58033,28894,
35347.2,29253.5,68369,27287,
44052.1,42888,74697,30292,
39294,35935,60398,35246,
33295.7,30783,55317,28746,
35973.5,33585.5,62030,29089,
33521.5,31443,54322,26880,
40539.8,36524.5,70874,34816,
25327,20960.5,47057,20356,
31262.5,28926.5,46381,26761,
30592.7,28956.5,47681,23601,
47291.4,42324,79051,38609,
32380.1,30553.5,47495,28793,
29118.5,24170.5,55229,24100,
34808.2,31933.5,60649,29205,
39558.3,36484.5,67940,32847,
30604.4,27627,53355,25320,
30412.3,27788,54720,23983,
30318.6,28069,52740,25500,
46154.3,40527,82625,36821,
32147,30351,43203,27670,
34656.6,33059,53077,30518,
32611.8,28949.5,55610,27775,
35004.2,32674,61838,28349,
45697,42069.5,80280,36644,
40394.6,37527.5,63052,33904,
40885,32323.5,78354,31087,
30252.5,28091.5,52299,26640,
39784.7,37051.5,63242,32349,
35251.4,32567.5,59900,29351,
45684.5,39192.5,84000,34503,
36865.1,33328,67772,28858,
36275.5,34127.5,56860,32272,
26654,23725,46443,22743,
32941,29892,60021,27218,
29985.7,28367,46148,26662,
31290.2,23608,66669,23450,
31058.9,28522.5,55364,25103,
28647.7,26495.5,49326,24165,
37765.1,33995,61113,31745,
51640,46181,89692,42660,
30710.2,28853.5,52298,24069,
28620.7,25900.5,51471,25160,
41637.3,31243,80809,30239,
26838.7,25896.5,38374,22825,
27499.5,25484,41460,23824,
40721,37427,69174,34008,
33633.7,31104.5,50144,29809,
39576.2,36278.5,71069,33043,
35866.9,33136,61226,29332,
39244.2,34158,73637,31073,
32219.6,30047,54439,27169,
30369.9,27984.5,52771,25694,
32743.8,30704.5,53420,25139,
27776.3,26402,40013,21937,
38206.9,35079.5,63131,33847,
32718.3,30852.5,51968,29114,
39242.5,29938.5,77296,29324,
43086,39433.5,66734,37254,
33141,29367,60599,27791,
28313.2,24075,56569,22723,
35987.8,33525.5,58970,31107,
28699.8,26782.5,43082,25378,
27596.9,25758.5,43466,23595,
32861.8,29707.5,55213,28287,
35358.8,33221.5,66002,27528,
35352.4,31288,63230,28134,
41987.6,39186.5,67641,36715,
41069,37836,71436,33433,
30506.9,26314,57554,23761,
45462.6,38828.5,84145,34525,
36853.6,33870,66009,30957,
33879.2,31861.5,53461,29883,
48190,40400,86581,35757,
33530.4,26167.5,70693,25189,
50287.3,46746,62826,43709,
52762.4,51235,72650,46536,
50656.1,49033.5,69497,45432,
51472.2,49333,71317,44549,
56253.4,53981.5,82411,48957,
52462.7,49905.5,79154,46379,
44271.1,42766.5,56500,40784,
42998.3,40256.5,67828,37630,
48319,45509,72821,42561,
42108.7,39513,61953,38171,
53950.6,50103,77242,47049,
51497.1,49644.5,69895,43808,
45844.7,43959.5,57045,41817,
52814,47520,82833,42072,
44654.4,43369.5,54136,40019,
40394.6,39430.5,51660,32685,
59850.4,59411.5,92334,47348,
59240.3,54528,92965,52639,
49991.5,46285,72944,42871,
64449.2,57799.5,97115,55719,
55065,53744,74415,49589,
77477.7,51622.5,168340,51424,
49841.6,47993,70854,43398,
49431,42620.5,88075,41745,
48357.5,44390,81492,43346,
54887.3,52290,76453,48429,
46365.4,43028.5,70947,40430,
47305.2,45234.5,71099,42701,
68300.1,64890,100596,55583,
68450.3,67259,95206,55593,
49098.1,43849,80426,41710,
49142.4,48372.5,59251,44236,
31918.2,27490,63383,24042,
32855,28310.5,54177,28000,
48994,48441,61728,42971,
29166.9,25730,50853,25249,
42686.3,39002,73040,33421,
37839,29688.5,75665,29258,
32373.5,29164.5,59013,26073,
33304.2,31670,57019,26174,
31235.2,30338.5,44706,26663,
25783.7,24904,42672,21025,
26667.8,25386.5,36769,24346,
33988.9,31381.5,59415,29911,
40391.8,37491,62264,36489,
42909.9,38958.5,74535,35942,
23581.9,20086.5,52008,19666,
41541.8,38677.5,70300,34705,
66200.1,65585.5,90392,51608,
65709.2,61905,94115,58955,
58189.5,54715,82712,52790,
59086.7,46389,120702,46059,
40069.8,37083.5,57603,31409,
44316.6,42813.5,60048,40016,
56495.6,53494,83142,48768,
47840.2,46117,69639,42362,
47254.6,45793,61109,43785,
52840.8,50540.5,80773,43816,
76430.6,73204.5,115976,57906,
50910.5,46010,83086,42210,
40226.5,37753,68871,28546,
64817.3,60649,89853,57397,
60610.3,58720,84174,47327,
54295.1,52072.5,79412,44275,
36448,34056.5,60639,29734,
36919.5,29952.5,76083,27907,
29963,27303.5,54641,25093,
35538.3,32746,59221,30413,
26341.8,24927.5,45212,21841,
34785.8,31873.5,56562,30260,
31516.4,28935,56342,26964,
28060.9,26100.5,48468,22886,
36100.9,33667.5,57071,32314,
32471.1,29854,61957,26549,
36424.5,34997,63439,29612,
33356.1,30403.5,59896,28836,
37497.3,30957.5,73831,30613,
29506.8,27840.5,46900,25850,
32923.1,31719.5,45747,27853,
34881.5,29558,65305,26786,




Further Data analysis of all test cases 
avg med max min 
AVGs,53232.443,51437.45,138461.8,21551.3,
MEDs,52560.027,50509.75,137848,21077.5,
MAXs,66253.669,63251.5,184261,27100,
MINs,46578.393,45304,97610,19981,


AVGs,46126.332,46356.4,94763.9,18143.1,
MEDs,42914.594,43273.25,78934,15703,
MAXs,71704.331,70025,184261,32289,
MINs,38734.463,39424,68929,14893,


AVGs,46126.332,46356.4,94763.9,18143.1,
MEDs,42914.594,43273.25,78934,15703,
MAXs,71704.331,70025,184261,32289,
MINs,38734.463,39424,68929,14893,



