8998,10221,12482,5913,581
5369,23041,85717,82418,11805
39508,17043,209557,43581,101640
1128,27193,9317,56545,29050
5422,2992,11131,85712,454869
11470,2907,38435,119160,100046
8407,7328,24891,39243,175009
41172,12220,14070,20260,227858
19021,43336,85259,316885,798203
1900,59380,15097,60032,400877
4071,10019,82494,107789,233857
3773,17419,15900,55993,7399
18712,27866,11548,61380,121377
14595,16901,29940,14245,12880
8548,33726,24853,39684,101310
35744,93809,50597,125470,89552
28258,87919,62193,238172,479669
25194,37625,22103,98422,302526
29050,21372,28082,100250,88065
46065,43821,3736,69171,31489
17153,25890,18664,125098,933617
3764,5897,25670,20634,56207
7781,3128,16960,25876,20372
3477,4876,24878,9766,69858
1223,8589,25185,34155,300260
11637,23017,34431,310926,34026
3135,31658,60201,147385,285813
5846,15384,13693,94091,162605
700,23807,2401,40351,7329
7977,12496,16740,117920,1030541
2201,10570,6341,87938,21756
6865,19561,10644,75395,39393
4308,4705,20823,7111,73260
17271,19518,28349,59005,193497
6041,14419,24368,8746,60448
11966,24474,25718,46983,759203
2269,12155,9832,34109,227944
1442,12546,1123,16475,17763
1840,24126,18548,155554,147434
6851,13672,12136,41993,273374
5382,2258,12408,25030,494384
3391,28137,9078,24118,218420
7115,13999,97975,29956,363179
6085,37064,19737,157254,856910
755,2314,14956,17565,363400
21682,12525,44444,11942,247591
9332,13873,19199,57915,75361
1990,10435,13155,129640,112033
15268,3903,34019,44329,166036
15869,15675,53946,183924,283643
9893,26829,33617,65446,191281
7676,23417,34133,45998,50128
2775,10068,2300,112506,134470
6597,19150,6715,19857,131904
9688,7294,79318,85435,60368
6564,13310,78394,55483,34000
1696,11849,11226,6763,23296
10952,6668,20698,17269,1164364
2777,12368,4216,20013,49492
170,23946,10152,130553,841290
6924,28691,17,50152,65444
1309,11017,10351,5686,26426
3231,26507,43385,36353,67321
7013,289,28163,29990,72899
6594,8452,8768,100222,91577
323,16905,15689,128717,60777
10251,13358,29035,4602,326202
9897,19065,27773,66977,301515
4010,39122,7618,23010,986601
4361,15643,39741,2483,32706
18975,6632,12460,52546,37355
8005,28887,23170,21335,26980
14094,1610,379,20504,19038
7201,4629,10246,71196,161035
3233,5885,12049,9300,178690
8941,27405,62459,71335,81441
1320,13538,22441,43857,248904
1653,1768,12292,18791,17991
10117,17301,12033,12196,22266
12533,4864,1417,10921,74681
14915,8203,11779,121407,96991
5750,16651,8069,23226,15743
7087,4114,40200,65804,18442
2843,30276,5896,11220,32205
1606,14153,6727,11974,5605
15419,11299,25701,107717,120654
5700,2755,4894,45522,83239
5424,9097,7345,80682,26715
5283,18789,31094,20608,676384
9894,7160,9767,21718,90278
3518,3744,8841,26943,87670
2554,10986,1935,11957,113920
5362,16535,18755,33994,260300
14179,2759,62189,222848,25874
18052,14915,81697,37849,332573
1930,2111,17507,30786,16270
6876,4499,9979,94058,96835
7403,5964,855,40965,118376
12893,7081,28163,12040,136728
5695,18103,28822,24036,1154350
5785,24145,114026,25880,22312
9693,18872,3536,14064,38306
8894,13107,16419,12237,68288
46973,43433,72298,184614,285839
5783,2039,24668,28223,210107
7701,3166,21257,44642,50840
7550,20481,2281,548983,721850
3757,15588,114048,34711,264031
378,28552,8965,15429,18926
19729,68427,68596,41251,576798
6715,54563,86551,75432,773522
3598,13174,26077,70210,359558
3607,2667,30342,35643,164859
2739,6633,12674,79736,25083
8385,2869,287,19448,447667
1342,17530,69693,123980,39114
7131,7614,15766,12611,161630
13576,7962,33595,45604,101771
7556,4707,33016,26801,52352
7496,3297,5902,71079,348632
28832,21571,34857,27431,59894
4393,9456,115534,205304,88614
1929,12457,102407,8437,223263
7558,2190,15664,46318,7630
4218,15566,23556,34511,524495
6664,1914,5502,623,33589
13394,17439,25608,83946,364077
6800,11604,40534,78393,768824
11537,2885,5561,33022,9814
7252,23835,6687,60140,44196
5393,10375,15977,4182,33476
7496,5273,17570,16705,173900
5944,21707,24831,66068,273675
9706,23301,19421,50143,60735
7465,2918,10418,19413,71354
10182,3463,7004,44217,20657
21543,8859,18921,45287,168322
5832,5162,23683,21608,36269
7858,30511,20183,73144,145591
18847,17529,15691,125872,338193
6296,4813,59622,99937,17134
15946,11001,83388,75848,89158
16802,54009,28560,78476,128360
32806,119088,11240,76664,186270
6392,41959,17997,13238,36132
13681,1628,5331,4766,305577
11552,61268,41070,22941,115699
6916,86244,38104,327708,71432
20142,13658,17064,58409,82784
5269,6279,17130,28325,61765
4228,6990,9203,62936,4947
13802,42059,22259,20446,75091
13956,14272,66657,17205,448885
6467,10438,27895,38414,67777
10726,3390,18755,94885,407575
10829,33872,37690,70558,339519
58860,67526,48110,4316,144793
12350,29903,26924,18539,281972
4415,11483,1132,73897,1237139
8326,15377,69645,53734,179310
888,13495,41740,18843,23871
9365,4221,32373,10140,300265
18809,27207,48486,24435,28152
9447,3410,6109,10473,4360
12307,152,33292,14154,481803
3971,10804,5987,211637,394865
5512,13908,19316,8025,10065
4639,11234,21367,58401,39378
4503,6320,35643,53049,213310
4731,6072,38162,64916,26793
3870,8358,19059,8744,60812
16923,8905,8265,70087,433655
1769,5460,87803,57299,71025
1465,7657,46570,4405,64463
5855,4388,31637,21047,31078
14384,11253,29513,116262,18736
4482,8798,2740,5321,45139
6035,1217,8403,59199,564897
905,15946,26246,42065,197240
4353,7456,52118,161171,84222
12620,22839,61190,127710,1424044
30190,49599,70593,18919,36935
19686,38258,122060,205314,1151616
6079,1847,13030,31317,180981
17308,3316,40620,212017,158546
18618,15288,3558,44523,196259
10734,23034,5669,13472,2957
6905,8080,40280,24194,220170
13672,15256,19008,53967,459109
518,9743,5519,59369,15486
1560,16430,22084,6054,190850
15372,14763,21567,74462,35575
2923,103844,30963,73137,605079
996,23226,111847,29068,1315962
11449,3266,49482,27540,80336
46479,52468,39440,110942,102095
2339,3558,14981,24080,147430
14434,6834,4964,35192,16206
4112,5406,4939,12820,38298
4784,8638,56080,2350,586848
9952,25405,9979,52336,43001
8284,33328,7571,74416,84556
4704,1502,47754,18579,170142
9573,8428,5487,14698,58518
1786,6048,15124,118211,20764
4779,11043,19343,8767,250515
143689,269349,1431,125491,589296
4593,37295,18904,41077,330471
13937,32512,83312,44100,566304
8892,11096,8242,73613,68591
30491,21329,12975,89560,11489
114,22951,53964,31065,267203
4413,3147,23839,4756,40894
8344,9498,12731,21137,4008
12239,1870,12679,74776,109491
15268,28422,12205,81504,319084
1999,10828,63013,167465,74396
15406,108358,31316,49182,364094
4077,33468,79682,9896,6944
12580,12291,33691,15120,80812
6697,6052,36273,224950,140755
16703,19362,2914,81445,122499
3723,7485,68767,31333,31655
1921,10805,3905,75978,67664
4182,2198,19775,69405,69802
11327,23322,6243,24916,42351
8921,26058,173065,56928,56047
3486,33114,285548,6110,615398
9412,31205,55604,33143,214446
8277,8939,24721,223641,650671
13444,9857,25809,27559,926852
5944,12259,7188,9746,23992
8545,14248,36024,86,148599
8572,26368,5758,53360,72009
6337,24719,128722,10513,39349
1782,1781,21081,28277,109202
7579,25299,10878,52713,109815
7270,23378,26125,17579,25171
13594,3975,4404,21461,108156
4447,12217,12437,8735,156907
4806,2886,6946,12068,277546
6720,3347,2874,80764,143700
16184,9581,16776,14779,196839
10039,57554,51118,29136,345120
8314,10312,8733,23497,81018
7034,14278,123712,11638,191454
2099,3189,1640,64672,585838
8503,1772,6067,20615,81577
9054,7525,12817,137822,79333
11904,16131,801,6158,239545
8681,17455,37547,45721,53012
6251,19850,24051,47866,19894
7904,8450,62616,114499,71058
20773,17649,31727,41872,372064
7922,9549,24211,159006,21301
5534,473,30173,11136,67160
9554,9330,12605,44077,138659
26699,8579,20986,187506,74019
9690,21398,19175,52490,11698
7065,4656,18733,3468,85312
28087,5018,18023,147866,64711
2143,10509,51778,199446,39299
6995,7877,17622,3384,153862
6811,22711,4868,94042,92098
34723,17873,126057,285470,510389
5045,7537,18545,177206,395945
9261,4905,27340,58073,58822
3566,1199,5051,40258,36678
8438,15775,60885,26456,440702
16369,15143,139105,252223,43630
5955,1484,13869,29632,397175
10816,9849,24461,151679,20729
8315,18258,3283,34840,42106
4091,8745,871,3749,95606
1457,6044,45616,51011,272265
2264,4466,67074,60010,163880
1969,6301,300,45194,62487
11304,44078,689,213929,284874
5172,13617,11533,33532,40677
8694,2072,19182,364384,1369653
4536,6367,18323,58775,73497
5407,14173,21800,1420,114934
3068,37156,63324,18540,59700
2655,10144,20533,36581,35098
5073,5987,18078,83599,29619
6054,9711,22156,70094,20016
46337,15522,14866,137631,169537
12594,17559,21638,26943,276719
4070,4855,18341,18298,43334
5838,6704,20268,40255,97228
15783,2373,48310,22945,134319
4687,9976,6898,102544,7236
14000,27902,6599,45238,216589
10790,10160,37540,39677,26726
7077,13950,48053,255540,352580
6562,17135,33642,111875,85715
9331,17886,53335,85155,3104
8965,16271,31642,43069,191634
3695,7682,2809,87544,75743
2368,14766,11259,30555,39985
19678,16610,1491,7454,47368
21520,66210,5141,43914,161339
24622,21160,77808,24386,30684
3101,1886,22628,35067,42175
5737,10440,42928,95683,67903
7178,5540,5059,49113,67246
5253,35693,49410,31812,114951
15183,18010,9521,143611,176016
10132,23998,19471,76167,135319
7892,30761,5065,76945,56151
15443,32734,59242,135116,49571
15838,28351,15564,265827,187421
5400,2547,33839,47780,4166
59894,26009,59969,117930,29211
1200,21877,50291,83348,24691
6857,3043,10549,237082,215810
20778,16036,60571,36752,361931
10368,17632,4010,69646,20069
14098,4474,9955,9730,83526
12811,2171,10444,26521,1263952
6203,14946,8208,13312,204063
4520,4148,11925,56231,116396
18196,16099,33576,97494,304229
2131,7692,5432,1496,32662
26620,61081,31381,24512,75762
3905,7789,10246,6928,181599
643,4813,5959,33539,12971
4243,11677,56802,18904,194854
8621,15102,42202,29817,33617
13583,37830,31774,51020,74205
22362,23394,10674,254414,33579
7712,17150,12094,109939,114
3815,8418,16602,101810,35586
24412,3372,32454,129724,89361
12199,17310,15176,31114,129640
4370,751,88780,26185,29717
5724,12576,59292,86918,40301
13979,5081,9740,61449,225089
8178,10109,11664,22476,58752
3316,9727,64469,160885,55509
3199,18660,9807,9836,290443
6488,9694,8775,5683,16057
18889,5096,12817,150360,250121
6135,9349,34224,39308,367411
9746,7085,27647,13953,10245
5373,26794,25631,11651,65141
9724,3691,15305,24558,244234
7498,23123,12557,6928,21305
9655,2817,16142,46666,196007
7139,40358,12298,168973,124826
1019,24486,38207,212853,100331
4571,31913,15852,4329,204375
5238,5460,48813,35994,47751
15385,4290,12169,38172,124808
4522,19673,62797,10885,58902
7859,5811,94558,155422,58602
7908,8160,59270,12167,117532
4292,27921,23789,43634,76127
4722,7050,36275,31911,149388
10271,18152,5962,9130,284823
3111,8803,1896,6721,61083
22865,4094,7016,14156,250482
3613,13441,22359,59548,50967
15568,20853,51100,47806,84980
6662,4826,13494,95240,1157379
8723,18897,41280,232194,670287
5709,8992,51163,27050,79768
6739,7965,5446,10535,8789
27560,52637,102195,57220,286474
13007,8598,13857,82017,51469
6348,10714,39436,28667,136195
35108,7853,15132,132231,23459
17839,46160,41955,147471,807799
20039,28078,21379,31274,44935
7511,8079,45350,9446,172956
8754,7210,28080,59049,173738
9222,8699,78784,109836,123351
5782,4607,17660,47961,50630
4790,17316,18812,119596,126099
581,7611,20349,8268,189037
6298,18326,39333,38663,100734
28986,2442,35277,61431,22777
6445,37172,29056,77869,1133317
18977,50207,174425,43226,201574
9196,4138,5118,8535,246657
8334,33761,137221,227873,302926
5307,5778,27627,66653,69391
10171,24094,65604,7657,89701
13042,13819,8474,4664,521621
7742,24760,23941,39937,311887
10514,2509,14367,38334,16499
29513,1892,1066,61830,101385
7477,41663,41163,6470,530870
2378,6291,70568,71506,627456
20450,106673,208244,21333,221288
9710,7475,8323,39183,79458
17695,24504,36789,21354,791755
20491,17281,43176,78310,252719
8839,9918,7927,172305,194613
843,16637,4791,75736,27921
3355,4099,35821,15702,58291
9292,4248,3696,42826,7005
6113,9820,18374,24652,52232
6750,8436,19494,140299,15676
40725,68386,127770,37415,163755
11785,4195,7685,27093,149531
7718,23281,33891,85961,43765
9611,10353,35985,28804,476273
10331,1829,29900,82208,121067
6193,17910,45861,201283,681787
4158,11445,24572,18778,184088
2076,11098,11636,188795,234889
1174,25621,25196,176671,8822
8429,7996,18131,41896,130123
19,5181,33179,25332,174694
7284,6965,28890,12060,302040
35287,44963,9183,111050,235454
7976,5800,36633,83406,119563
8562,36307,19755,96414,241940
27530,6801,114966,52985,697599
4460,39581,31123,19002,62740
17835,15525,14962,83509,130252
11570,24467,22604,18884,162924
3577,13573,59133,64867,37469
5874,24287,98172,29770,277651
27742,34261,7586,183997,154536
8238,3552,16155,13057,370749
5449,7121,15861,12872,67299
9646,17975,22015,7541,140233
4935,21999,11638,27101,271660
16009,13431,15687,28150,196079
16265,4069,757,87067,631709
9104,41318,36839,21794,42865
17400,46922,16093,55765,43472
5960,4593,115112,31414,1081796
7798,2605,2181,15459,96596
4758,17453,29633,43628,48870
38924,51792,16979,163510,246180
6076,30969,58973,86392,132784
3514,8383,79135,206014,226328
7230,2751,30726,127248,262092
12639,21637,28504,79030,50633
2094,31036,35803,69043,50144
1243,16352,2228,87668,80833
7314,12595,6215,88382,104419
3128,7530,18198,116474,3936
3177,36840,3419,80067,121402
7428,12658,25189,96633,336249
6137,27623,60822,279681,65059
25629,44856,1197,35732,53859
8969,4531,1045,16754,178350
15597,14684,17215,15819,603901
14087,29840,34476,56930,577954
4480,27611,38855,26499,17545
9351,3476,15737,20146,93105
3924,6415,12966,30288,248542
14899,22618,31651,17166,557733
568,13290,5877,105551,16449
490,9457,41846,148965,360597
3465,6490,13033,179336,141367
3837,11503,43860,17079,10147
7059,8633,18132,21206,1592
4410,21208,19331,84164,471617
10998,2758,30854,44759,3604
15363,8522,15652,86658,209172
6472,6062,2838,44374,760577
9063,6261,54725,51512,122112
6395,11679,11327,52175,23313
4818,124,52563,30207,689136
1630,5097,22863,119029,74015
7477,9087,5554,1503,349882
12298,19592,5224,48924,538810
1821,21367,19580,10336,196920
6247,8589,28211,20379,129983
4705,7003,5192,9674,56384
14047,14990,9847,80930,293307
2134,35103,19372,77324,56876
8319,26045,14663,26442,165544
11001,4381,29396,73628,30547
12487,13603,6379,152042,266871
26285,22863,15536,80268,95601
4516,5312,42242,21853,143455
3541,24175,24638,80448,103605
6124,26637,23072,446,99823
3513,7947,4647,47785,17251
7965,6202,7894,45927,897829
3407,7271,25352,34770,125863
14158,12879,46028,31494,176468
9536,30076,16282,47783,82083
29675,28718,26598,25274,46324
4632,37187,32021,80682,70184
5195,7754,39033,405,114018
10511,259,22778,10342,80083
9698,5623,4834,9730,160922
3694,7763,15765,103514,2646
10155,20153,5477,27578,231944
11453,18817,33270,133163,240
25036,7179,46998,34817,7832
10076,7246,21818,2826,21202
7156,4463,16950,25323,16079
5786,15234,6174,36903,21669
22989,13774,49553,45270,61959
6571,34780,6169,29727,65401
6854,73423,13535,54384,27120
8156,9300,6916,42124,67779
9406,11062,15145,12613,277222
1672,18247,7552,1256,91932
8157,11302,7439,123934,150746
6236,61033,106484,12407,26543
8378,8011,129876,41284,233568
27096,683,27539,7448,153099
7816,51637,189717,89175,372567
6668,1569,3124,2128,69139
8337,4246,12745,19069,9213
9354,19644,1347,18465,89292
1225,23147,15109,12634,111150
11291,6484,29220,23288,306471
13779,1778,93370,40734,74724
4143,15307,5000,79418,246280
8062,5804,2308,14428,69698
10587,443,18211,53668,15786
8533,37710,43129,13639,15526
6708,1584,20678,35583,39481
11747,1285,17505,160951,63934
7371,15101,7654,57706,27614
1756,37896,5346,57323,6534
8041,16511,15138,50738,61110
9245,14085,44538,23750,129289
1611,2570,4472,11755,183169
315,11999,39661,183517,331418
12949,16597,16409,9744,95430
11535,4950,25502,6919,82495
11252,13234,9055,276621,284041
10138,18268,45987,344568,9124
3377,29300,24523,18423,253619
2240,28694,13822,13117,4577
7765,23456,5651,7237,518122
8510,35102,41265,58932,85994
6141,6876,9579,56712,7351
9731,4739,4567,50026,70129
9924,15691,14301,10043,506959
6075,5444,2256,56695,80074
7731,18287,34112,33766,25888
28569,6790,42392,23774,33078
7978,1571,21839,3703,386721
5305,10611,35755,108512,32081
8925,6307,23840,10637,20707
8767,3119,63912,3475,66340
8568,11454,8555,36413,160393
6201,11538,48160,15971,1141305
6739,616,20777,68839,26890
9910,8755,17547,27740,13268
6123,7897,26213,30496,38796
7254,12121,5364,102458,158682
2917,2024,6207,74365,330661
5825,55300,1719,116710,344041
21798,21380,19729,201857,237029
2616,8276,17288,65131,2636
16246,34160,10053,43800,7394
9470,23188,59875,117867,225739
17474,21151,19792,205850,173534
29362,30824,5868,37744,64584
4356,10402,12774,77041,127687
7064,11593,16025,35058,92556
13111,1727,16503,8562,118664
12587,4432,21735,11967,4730
10051,21453,37252,29004,29137
3702,13754,28662,37374,23830
935,21856,18623,19177,95409
25393,34271,6042,26332,21312
7349,4555,34670,71798,63619
12891,10610,9554,24483,23417
9809,30764,33260,35911,822097
947,3012,19967,18668,2911
3096,7233,26977,2893,15666
10533,16399,6814,61326,275287
1205,7023,23942,11631,34570
7569,11667,17618,216009,28826
7554,31690,19675,34018,514621
13569,54979,18198,16408,38950
26786,16902,9007,49671,485423
8880,22105,20654,12901,25476
29675,7861,59204,192053,267411
52595,31132,221753,31041,236658
8564,22102,36152,8035,94256
1353,14342,20753,39130,29101
5845,17282,84923,1839,8662
4968,12197,32955,184227,862922
9090,9330,22608,132224,219472
7575,12183,47026,75931,68588
4200,7742,23669,892,20600
12047,8790,17303,133758,450449
9335,3917,39131,20549,18628
4704,9464,4513,15187,64216
7968,24295,13312,11262,188974
12410,10980,40753,108181,536736
17915,25978,22258,37206,114233
4259,2110,1419,11620,7004
5921,14838,15072,11727,11141
8332,3109,40694,15451,96121
15638,6984,159336,114051,41437
17654,8213,6960,23476,634550
10529,7155,61807,172755,172953
3307,14417,11262,37289,40783
6165,10083,1926,6896,39394
9397,25215,10896,37898,127137
9851,7384,63278,14734,83777
7746,22537,7332,19785,340820
14144,8272,32765,62615,160536
7667,11571,14372,6964,120514
18256,18966,612,36664,434719
9492,7409,6232,12825,68474
7760,3623,4413,27237,492600
14133,198,26140,21589,797
1911,11441,10757,48256,487308
6053,8609,8122,12832,268019
15198,24101,1902,15448,34599
6522,8255,13913,42241,500893
8068,8694,7846,5621,130862
10252,18613,29087,38315,19915
15158,8610,19966,1919,244683
23064,23532,76203,67140,532100
2182,23979,12997,68311,1171023
7082,2962,14457,37568,140275
10674,22172,58827,6984,68320
3465,10442,9088,38458,80213
13357,8457,1050,59860,102380
21900,24063,7987,28415,143412
5904,14598,4866,43456,143006
4381,5662,11743,73747,74759
665,15973,15673,11132,940738
9329,15209,44854,95679,40109
24611,32183,32167,205248,324458
4290,16478,4460,45993,79139
8287,1131,19663,25084,72343
9992,3473,24239,28817,39943
14816,4652,42644,16432,1240035
16085,7810,18633,218628,48207
12020,1731,27691,36492,388864
13545,28181,224752,347243,421776
7741,70790,26995,105,108544
26177,44402,22575,71297,37832
4217,10369,13217,7206,94611
9488,12779,32059,122626,254078
22441,53666,10508,5531,804877
13366,29996,14884,7088,19352
3189,12746,42120,19948,49467
7014,4846,22657,31381,181719
5014,3548,28554,88503,28496
10912,6439,39187,141571,50952
4339,4223,11090,56132,527018
17554,11008,17194,42751,631494
11679,23973,35807,13906,122907
3192,4125,9919,21404,56895
30950,5806,34209,54393,75041
6367,32507,51692,61860,232837
9922,28103,37792,50862,77116
3943,3287,10832,6933,206611

