22110,17719,14719,21925,29750
82943,73279,42584,79901,120260
544520,444289,398805,435360,590684
186127,167229,177198,132001,208054
180880,175575,161522,147113,207342
88824,75065,82500,65745,101550
44812,48652,54464,69812,72949
31997,32284,42456,48948,56920
42957,34055,32633,32242,51752
169223,158970,148340,104741,186959
41988,23432,37380,43432,54040
91390,83778,79196,79427,120486
172293,146140,127984,135358,183026
541852,480620,488477,374476,601318
408673,381639,306011,300049,428284
118672,101497,68553,63556,127760
111688,91735,78352,83735,119052
52382,55472,54075,62888,67195
40088,37751,36032,44210,50374
58175,45037,66007,77976,114007
130082,125260,111201,131148,156991
118767,77454,105457,94190,145350
134890,128698,120670,126890,166236
52996,29451,44888,52772,63453
113980,112151,56344,92471,125390
51019,52101,50360,55760,65960
19445,23140,18365,26085,29140
42888,35232,35104,51016,54888
31379,33379,33766,37766,43874
13903,21650,27304,27952,32551
19592,18935,16854,14421,27025
29414,29482,33480,31480,40819
16999,17865,14865,18144,25829
20260,17546,16947,22546,26699
530401,504106,503979,428490,548072
27118,25313,21748,27662,35516
17793,16098,22301,25298,29996
12986,18501,10387,18387,21501
93053,83053,67346,47860,111435
16022,13696,18288,24030,33030
306362,292824,289708,283374,325367
12182,10329,9673,14438,18438
41202,31423,43317,41866,55317
151752,149681,147262,114260,167692
44487,34224,44460,34224,56693
40766,40200,38330,34813,54703
188411,182551,187579,199730,208134
17142,17104,23037,25925,27075
60121,67921,60656,65886,64986
149062,135726,121254,147527,168550
51930,60782,53461,46609,76782
47963,44633,34784,40633,60577
179212,161511,167916,86617,191916
74824,58294,50952,77039,84527
84548,78497,56976,48632,95469
120892,125351,119976,90578,172596
211063,193509,171698,241547,245213
127078,108411,100668,98104,147368
84876,81769,74629,75769,99849
126514,115464,105661,91661,139560
151111,138863,115077,149111,164986
65360,63488,64419,65914,77535
31077,43994,34779,41947,50955
85812,74115,81812,87600,95297
96052,99436,96052,88049,111794
58869,59495,54536,44956,71325
41499,38347,31662,28550,48611
47231,37392,60188,59049,84188
242623,234421,213795,229650,272905
463312,460650,449837,397560,477882
183262,186798,184001,158677,192277
70171,58835,58361,66668,85507
52940,30677,60677,69579,76906
161157,159456,146254,148983,181067
39551,33966,39966,50593,59421
33545,22600,19525,31525,49254
211618,208571,199185,146347,226663
23800,17904,24248,27123,28661
23644,22379,23643,30831,35263
42135,18093,25598,46135,48810
285282,267307,201675,180771,302993
78540,79234,46918,61423,97045
54846,45532,45532,48433,61259
45556,43045,39638,49827,55745
40113,37815,31946,40113,57982
87392,93042,99528,87054,114094
25638,22405,24209,26405,32496
248095,241965,233759,228036,269818
14039,16408,21909,24278,29909
20490,18584,17212,23616,30445
34460,34687,33168,32481,34234
82190,92051,82808,86434,89191
29523,24394,27667,27562,38664
25469,30259,18575,31224,38666
102373,107307,99983,105307,117307
34687,19458,29200,41427,42687
21156,16199,19096,28096,29280
114693,92429,86492,86492,152025
88603,69466,68951,69877,97966
124264,80096,116516,100904,143524
45891,39891,33901,49506,55496
53377,50929,31023,46443,61863
127973,121716,93362,165362,269323
256111,192078,166204,210473,312323
29855,34733,31194,34733,40202
114377,120573,116168,148176,216143
39413,31670,26031,38031,45413
56848,49250,46951,56600,67147
30864,33934,28496,33934,44731
44379,38641,20521,39411,52570
21014,26929,28710,36014,39550
76343,51889,66058,90058,90328
38553,33660,29563,31456,48883
146841,140188,108287,61493,161856
85108,61258,62476,72261,93108
47118,25264,30604,50819,57632
19605,15758,20198,23433,26022
55119,53771,44089,47986,72052
420664,414136,363235,355496,475611
42518,48681,27104,36335,52681
92886,96345,73172,75737,104345
21663,17883,17865,25404,31761
48659,42481,66100,75730,82100
22045,17007,20930,22045,28534
81097,63601,59294,83968,104360
35013,34013,32372,29417,48417
73103,62156,52582,62156,82484
42173,49419,42173,37252,55419
20519,11535,21328,21231,32330
110845,103230,90317,104493,140493
76624,77073,77266,80815,77162
49098,51849,49669,49669,67849
121778,119348,80929,95882,131596
34800,31183,42389,46172,72439
24363,28454,22406,25220,35465
482669,483607,474430,434055,513105
104906,85690,90819,92906,122811
73345,79908,68836,79328,98038
51334,35202,44136,62754,67132
332216,331535,313137,300034,361614
18792,25735,19433,27024,33735
180905,179528,127421,145605,199396
19463,20776,17998,24776,26090
27551,28587,22688,13266,33587
75360,52612,50761,35792,86298
20870,15966,16993,22032,23909
172897,105879,90504,136897,223483
121148,109148,61269,97148,151739
53852,38360,34806,58806,61852
29390,14357,22347,26357,33390
62551,59658,55870,71877,78551
18789,25627,27627,32325,35405
33088,27363,28088,31088,42439
49751,48139,34931,38164,57002
94991,72832,82187,72846,111326
72176,80773,54825,59372,88773
20760,20412,10178,18297,26297
11349,18748,11305,15673,20748
174780,164680,177968,163035,213997
68875,58659,47389,55992,82884
53991,51876,60953,49290,64953
46466,40278,31727,51199,57938
61539,48970,53484,48025,71053
20430,23129,23129,15685,27661
78329,63900,73891,81768,92810
27938,25290,23269,23269,35381
79160,70444,87940,58536,91940
41952,34404,28386,43952,44763
61752,74230,63852,83852,90601
64062,63181,58062,54542,75198
67761,67815,63849,65072,89457
64313,61775,50614,60614,81736
350858,291717,315858,290291,391094
135392,158756,147356,145477,166838
19764,18771,21141,24242,24978
107267,95425,93179,28736,115267
119964,115286,96667,125964,133432
418673,334404,345247,301685,442116
113856,117648,106791,110918,125779
19968,23901,18518,25732,29901
16959,16286,14759,23586,30759
27213,17213,17903,25903,33213
11794,20510,22510,16431,26510
44609,46799,52038,66915,69871
57973,45288,61288,72973,74136
56289,72664,48631,42708,81664
24530,22331,17901,20710,34331
124018,86235,57395,148018,155980
66032,61314,52840,84840,85157
104963,105933,92280,100380,50858
840457,824166,818456,816267,865036
26235,36584,29316,17954,40584
41794,55684,51752,53890,78379
73291,66589,72182,49765,84196
103687,100833,98635,108402,139549
19694,20345,18792,22792,26345
29063,24635,29063,32175,43978
60555,55901,47973,58555,68974
24304,23660,19245,23085,35085
231352,223352,215012,187368,285717
22798,19308,26874,36745,40592
16916,17945,12778,18771,24083
70381,67504,64966,60381,88118
140518,112606,129609,165035,175944
124185,107601,120654,129106,149179
21624,21300,16379,25300,30408
77276,68592,65002,84740,96740
76212,74413,72987,76655,84125
43330,45501,39501,34652,57625
36413,37566,30467,37566,50099
119722,77707,107759,133981,135944
92745,92155,86155,76152,108158
35210,36163,38163,29398,44163
44145,57275,41275,41188,72701
135995,148458,91143,131072,172458
77163,72316,73155,80037,57536
10544,14113,15114,17414,17546
64495,46439,56967,56967,80234
35202,38073,39883,39883,54073
136296,121212,70296,103786,147009
23761,20384,15940,26447,34447
45250,41785,33364,45364,62211
57198,47784,46873,44649,65198
20620,23453,23353,27353,29453
33797,33470,37717,33470,55040
234815,188287,118425,131867,254366
251619,249125,233428,236843,275068
23664,19664,25038,18153,29038
77640,46647,60112,81359,86388
27346,27665,38912,27346,46912
34743,41482,36349,64333,77680
19943,23713,20829,23957,32407
59461,64945,76066,72138,94124
137223,141473,145952,116371,158976
105001,103672,90491,93672,118884
28933,34079,33073,28866,42073
34784,29811,39811,40784,49054
106428,97463,94079,97463,119452
54002,60593,40617,74076,78527
46675,36515,41675,43959,61197
76031,73123,29254,58712,82031
81035,90139,78003,94139,98757
115486,115499,109278,134783,162010
129008,124318,128150,112673,143466
76663,53634,73663,54143,89996
23367,30782,31779,33983,34943
49602,46820,49580,49602,60257
262044,259712,248139,232826,274115
52837,49860,62081,54313,44816
204111,170627,198781,164882,231340
68672,68915,56672,80915,103225
37627,34230,27441,35627,53627
117721,136015,118162,111102,111881
102511,99261,80407,74318,118704
144785,144464,97738,100677,162162
113971,95194,114838,102297,150279
64745,41797,59526,69659,73712
66711,64850,73163,63641,81163
173286,142367,134367,105599,197183
72279,70578,55569,71969,75936
73233,47505,61649,89233,90903
67674,60492,35368,68362,78362
19921,16654,22205,20308,31697
48215,42215,27953,41928,64364
94521,91089,78392,74188,110537
49468,33301,42266,29263,57468
243523,236680,225636,225883,262252
30051,38285,30803,36578,48051
51113,45113,54113,40383,66771
129092,127640,111640,96426,147417
190465,171251,160894,183046,279046
286626,259801,241505,267835,325866
26444,22444,16818,17615,32634
29643,45270,42270,42870,64124
154986,160375,150098,150692,168628
13330,15359,15561,19561,23222
128312,130251,117826,107019,162030
262957,216387,237225,331302,514899
92485,74263,71343,95807,108029
13175,19535,20803,14603,29535
197897,153374,142687,124061,205897
115336,108790,87250,115336,150827
79492,81027,77023,64808,91369
307022,284235,248347,192950,323327
64111,59082,58951,53798,75395
69262,64497,75094,77909,88872
55889,47906,56843,55115,71115
39008,33432,27757,40449,54532
38997,37589,25615,29535,52589
32850,32850,32850,27955,40865
129149,117059,96626,110988,139764
56005,47654,56005,39138,66979
148587,137103,91845,148587,178959
68292,62320,36233,55677,80907
45816,40593,48131,18252,52131
33067,31649,35806,34461,43494
30848,35266,30848,39423,51642
161185,160643,130147,121503,184643
258440,171795,160394,253709,298320
21940,23884,26940,29242,29884
139171,139918,128595,121597,151446
52854,54847,52291,52045,57417
54983,53131,62365,53665,58542
14598,16383,12692,10513,18383
13447,10374,12720,18720,22720
14313,15383,15901,14313,22515
35540,43847,35540,35540,53006
37814,39814,42065,47400,54140
35222,44420,40822,41683,57281
60283,61933,51267,67592,68997
19118,15391,18044,17370,24044
50741,51617,57405,37942,65405
89765,88428,88946,47987,102320
172488,155938,153229,162407,203385
100609,70062,80824,115478,115936
54272,45810,50272,46515,64978
36612,34562,40108,41562,50562
24023,30122,25438,31768,35965
152375,143158,115683,72493,154375
94596,64013,84513,92032,119644
45123,34450,34450,50191,68992
24354,29449,25449,21909,37449
197220,168995,162972,168995,218583
31188,28970,25229,33366,40020
80410,84050,90790,54406,111020
331915,333707,319803,323279,346945
29497,24641,22857,25306,40306
18769,9862,15884,22519,24636
15762,14128,18202,16202,24202
38072,38841,43824,68841,85910
47116,29109,34984,37109,58832
7616,11392,11861,11686,17544
44114,43635,31901,37901,53848
65910,62536,58357,72169,88856
274506,235432,213665,231041,298038
139114,140169,126531,111664,165619
22730,19820,28100,19705,34100
97736,96736,69414,73777,112106
57128,43284,39237,49128,73023
36087,38191,31030,44191,47458
115154,112494,75187,99154,167590
41021,33520,32264,22773,47021
64848,49253,48213,67253,80848
66157,41622,42635,66105,78105
26896,27896,30882,40756,42896
117226,111216,110071,70764,128730
101529,87249,83810,88700,117550
144391,120264,103444,126412,207960
32160,27781,31781,41341,49341
45298,48812,45021,63868,68119
108636,107154,112384,78693,124623
73321,52683,46844,51455,85932
91571,98611,73650,85571,114611
57383,56966,56966,54966,70974
158491,149649,150886,141649,165639
21106,16516,18095,15866,25393
53222,55064,53222,61074,68507
153320,140905,116945,158261,211964
110922,107405,82074,88926,122403
45961,36559,36592,53358,53961
165703,118401,102821,134821,199276
39896,36430,36710,40760,50760
91852,93471,93471,77777,103697
44907,19042,20506,36935,50907
102030,96358,30745,94023,130023
26634,24505,20092,21963,31166
177325,155832,125740,145328,193829
67111,47186,55822,55822,76924
58741,55968,57341,55477,69206
40985,37818,20130,43607,50985
26641,22572,24679,25891,33738
105012,100075,79277,105012,128252
52003,40973,53653,46629,61775
109167,40776,69457,48158,115167
36735,25583,35156,29967,48719
145725,109216,100210,113240,165001
89436,94386,89415,79759,87455
49474,47462,42036,36497,59348
153748,106874,97820,82430,166480
178665,144902,150665,83113,205443
45732,36330,40732,31326,53393
27096,24068,27096,31237,42068
86457,78257,78257,111901,123250
45639,39834,46709,36931,62709
58831,54831,41949,78831,80442
120974,116886,71994,119482,151008
60065,56703,25408,50703,77350
106198,108379,116336,112403,129212
151131,146469,128616,138563,169610
16160,20160,20755,23299,30228
21911,18496,21686,21911,29686
100024,82458,97617,82024,116322
203998,197851,183727,193588,229210
46475,50475,48646,52577,62914
24674,23240,17444,27654,32308
136194,136052,151688,155575,191688
50981,52878,53763,54878,60870
39495,33167,33973,35729,50729
37574,33791,36901,34342,45389
53582,39779,43498,49498,62464
49427,43452,30240,35356,57084
257517,236207,249671,236207,286046
19114,19539,17371,12962,24454
145232,133144,93181,113161,154978
64093,72460,64837,64093,88460
30168,28207,34207,37382,40468
85357,79578,91824,68213,103824
73150,72451,59253,67906,90378
44738,26580,29002,40162,54236
161028,159611,151611,106908,181731
61295,49153,60170,33211,77379
129270,130498,114721,126332,146498
11786,14999,17302,18999,21302
38676,36837,35558,44079,48236
333061,327237,294143,324970,423870
45628,30450,41408,47478,55698
204818,197789,167099,158204,245331
91722,51947,62778,64093,101670
58238,56308,43158,13750,66738
13677,11885,15531,15577,19723
114964,106339,106190,64910,124685
10179,13796,14796,15417,19417
94301,78865,80698,90890,105890
80923,80122,74802,74802,100505
76830,66421,73106,87845,93067
24534,23434,23394,29301,34183
105477,107123,72389,92861,111284
15143,18570,12646,17143,23143
92028,74907,83800,33966,102089
42393,42975,37534,40896,49811
83035,51007,60742,80583,98876
41928,36599,39210,37612,65833
20604,18970,24604,25104,30970
20891,14025,16934,23848,26307
93247,81442,64806,81442,114607
29057,22107,30280,31010,33049
191612,184453,173674,189612,207005
45762,41705,29044,37705,56411
5368,7584,9310,9263,15263
38229,28593,31593,32265,45812
277235,275312,202778,213142,303947
124103,121446,90418,99549,143723
7768,15283,9354,16104,18283
53254,53852,31655,38703,61852
59176,61176,35624,67176,70492
95714,89935,89514,73526,116138
107890,68176,117210,116066,165210
37526,46387,25883,26510,54387
138848,87960,85165,147848,157513
32569,18568,10785,14752,37880
12062,12640,14789,15761,22789
36461,27787,36787,49599,50205
42054,23336,29110,54397,58023
88075,76931,79159,76931,105048
73617,54126,65954,77963,89153
29428,32796,32796,27981,44586
12904,16675,14853,20675,22586
218699,192065,174077,164457,246503
186020,146511,77819,132190,209935
60507,58253,60117,60117,72141
245916,232776,237910,224163,260556
110226,100231,87217,116305,124770
120584,103282,99561,111791,135100
75861,75638,75268,71638,88866
35323,27388,31105,33000,44283
82982,78751,86689,47019,110689
56962,52962,52632,34919,66345
112483,114205,106389,106205,127203
77716,75895,77455,61412,92455
53938,55574,58567,31567,66567
28565,21944,17944,17070,30565
33613,34647,34337,35794,50690
47639,57112,35315,37017,66647
152860,131986,148860,124793,172845
45100,43385,46385,30001,58631
230009,235795,242174,257230,267664
73024,76511,63972,31872,81263
52434,46608,42003,32505,56960
111660,97660,84837,108966,127638
221711,211510,221936,204246,236180
19130,19572,19291,26979,28981
150756,134122,131591,127557,165321
15129,14575,17128,22454,25572
36123,38022,34838,53776,56022
28938,28044,24885,34044,36427
49348,46528,40818,41495,56671
54020,55610,59387,46740,67949
57306,43060,45559,71587,83587
70414,79124,69940,102963,103437
163269,155389,127185,108228,172592
49792,50866,57853,62971,59075
11393,9419,9419,10290,14065
56050,63095,62210,55548,67514
35648,36908,34898,32374,45404
94195,79945,79945,79945,110091
28500,26143,23109,36386,44386
46850,40395,43850,35910,58355
184905,159900,121828,137413,204651
28923,33339,22448,33555,35914
163508,162701,126931,119892,180233
401921,398814,399075,376611,412568
127157,131552,91574,87456,143552
41019,31621,29764,31621,50013
121412,139413,121562,93222,151413
95922,79546,78878,85922,115492
69617,51227,58859,47039,89008
29765,29765,24879,27999,42999
20847,22628,26646,28628,30646
88023,91870,85888,92135,86013
47762,49400,53732,37246,65676
81607,74453,72341,82279,87279
326016,328492,258934,238544,357325
26132,28607,33607,34400,36392
89417,63710,84686,65623,98412
121277,99734,78708,117277,138638
121936,129962,121820,86600,142560
111744,86423,85188,99193,128933
54123,45473,39558,50123,73224
135626,121718,81840,120168,144836
243716,186801,184658,182632,310257
24121,24885,23121,18744,34420
68605,66287,67021,53022,83918
67130,66497,59130,52380,100580
64485,70517,66076,73121,79121
193235,191971,168448,171455,212487
63802,63585,43857,59857,86647
102620,89218,95089,81687,113177
31603,31285,18947,31285,39810
73153,74122,72153,54549,85065
123986,109147,117986,69430,141205
55635,60809,54465,70465,88183
395753,387256,385658,362918,437527
15931,16968,16183,25183,25708
222969,190260,207030,208553,267363
56886,60634,60753,72861,75707
56175,52654,56175,52175,66180
19101,17588,15644,11532,23588
103492,84378,89804,119463,128577
115867,80733,115867,80733,144656
45117,44195,46972,47641,59089
37335,34481,33867,43867,55325
116914,111118,113806,101169,125983
35003,29348,29970,38486,46486
314198,308826,279864,241138,324677
32578,39606,31715,20080,43606
35915,39480,36256,33915,45480
21282,28881,33294,29214,36881
57594,58284,59520,60190,67520
124443,106898,107271,115887,133059
80834,79218,63161,79218,99033
77229,84780,77061,101061,102880
83852,63717,85589,97589,98760
44273,33297,28086,45126,56102
169608,166884,166268,142140,180317
43286,37909,35363,40565,57655
142901,138385,106467,118810,163474
44501,37008,32550,49008,56452
61165,47939,45418,47858,63165
46968,32161,46968,33434,57807
20408,26063,29958,36408,41958
150916,137217,118839,79324,159508
10829,11497,11081,13497,17497
38731,42935,38249,36559,55145
21975,27444,18975,23616,35616
139912,155555,117117,106179,163555
55603,41827,42657,58892,76892
16622,12311,16984,18984,19457
86297,61297,66545,69961,106049
29824,29271,28333,30429,38429
51994,52397,57183,56363,51223
57860,63038,59038,30064,69038
35023,35014,35011,33273,49620
52404,54703,50950,57522,57223
25012,28693,34664,37067,37872
65414,48910,69076,53118,75960
61018,58737,55068,54088,69018
31780,30130,19806,25793,41117
59563,50302,31897,50158,62563
15447,17076,19076,23076,23105
79881,67424,62473,58666,88354
44973,48486,47188,45254,40805
69179,72929,78231,61012,84124
33282,30624,31803,24256,39803
67323,47156,45972,74560,98280
138465,116972,110854,110854,148583
56066,53684,53284,53284,66517
77893,73086,86620,75604,95292
42395,29683,29683,42395,52796
87929,80301,81815,69091,100403
137293,130603,142829,86524,163485

