24436,16455,52608,74183,101427,96833,141054
5944,10881,15600,9263,23540,12612,41070
2379,26858,30968,14675,40456,146105,158602
13134,21035,31955,9717,11242,34984,174174
7801,2425,22457,29870,17788,63756,47571
13532,45532,16447,8159,22831,86308,104152
11097,12761,40559,27187,45269,112222,144497
2711,8188,15921,6342,20721,24827,47486
6208,14011,10311,18072,29647,55633,41898
9112,5822,5399,6689,20162,12514,41811
13555,20513,4566,12102,53604,139593,119904
22735,27692,30724,21723,70903,30178,293183
17546,19832,16435,19698,34120,26693,50934
8823,17445,10105,42317,5810,6859,128513
15075,15347,7048,32450,58275,60640,12110
9030,12664,8516,14755,35368,221961,17346
7311,9614,13687,33010,32961,30479,31762
17799,23095,14858,33591,60351,320087,226528
8050,4932,15919,40842,12257,12852,49594
6189,9553,8151,5734,57242,16997,49102
7512,9636,6646,7776,15978,13966,27770
7638,10661,30056,8256,16381,27005,51161
4344,4940,33799,49414,15429,30932,87154
391,4993,27475,4994,13334,19710,7041
5338,18464,14151,10049,51591,178587,290068
19131,11387,12299,17113,16998,38000,108682
991,2833,12914,3696,1842,6451,13779
10764,30436,30720,12839,23899,124002,122995
22117,15393,15924,27749,32315,56106,230753
5236,6359,4988,40155,6235,14324,30934
7750,2500,14960,18305,11433,24341,192230
6223,6537,3178,3551,31547,11167,10354
14530,15139,20350,12143,46856,28593,235024
9408,8992,11153,11857,31914,38106,274369
12046,6324,5777,26434,25200,16190,105096
12821,21594,15807,24805,19138,59630,82586
10714,11467,58745,12212,22635,31944,87420
5907,6508,8482,2513,11943,14382,34828
3864,2663,15676,50332,10544,23812,58021
7158,8650,17804,22555,54082,10769,17747
7764,12842,16656,24133,35769,13686,84687
17096,6189,10100,32273,17593,23227,119778
9434,9964,21558,22478,81557,21604,58702
5876,10463,10625,15070,10187,26128,48825
9987,13591,3737,18512,34200,27686,6217
13531,7626,4594,33674,11343,62615,70067
4922,4532,7707,17604,15359,25599,136217
4585,15518,6285,12338,21215,37615,338094
8027,5650,36824,36098,21759,23686,72148
5554,428,15536,8426,30521,4571,61652
12758,5534,3583,57995,12988,44348,86141
5821,2084,18525,4542,21756,8099,45642
2247,2672,6606,27748,5381,11607,26844
8411,17586,8533,8356,9624,34207,58035
6719,10489,27596,51213,1143,83001,83346
17229,13096,20420,19169,25000,37504,204800
7323,16002,9215,8082,37783,80091,40288
4307,5934,2875,10670,4556,7509,14086
11524,22358,24983,27560,3853,51495,304492
3548,10862,10395,22863,17587,8434,66168
14589,9726,12587,16765,36488,28554,90916
8044,6111,20719,6072,28075,60331,94606
10559,17666,5667,11994,6724,10878,68311
5584,10172,5925,28600,25125,15999,246547
5916,16717,14246,34399,45053,85666,152178
10400,6304,10704,20299,45215,38491,31140
8666,10070,15890,66017,13178,67386,21425
12515,5613,12988,11448,15793,21792,35190
4939,21588,2927,1713,13475,12874,13073
22710,14753,15708,22643,88272,66362,139339
10163,10954,9900,12696,2049,4623,47922
6950,6584,14636,5189,32269,10478,18703
7929,13500,14492,2791,24640,176758,122027
3502,3129,5880,13029,38653,6199,24883
9769,9309,13092,9321,15000,11763,23314
22219,18310,18118,31864,85837,56984,44012
18960,11550,13520,19073,40371,104593,129489
15288,21955,24979,36715,35264,61829,105171
9864,13717,11207,28577,43371,23067,55708
4727,2829,1339,33998,30298,38458,49973
9257,21219,4017,55213,72718,1809,131520
9603,15294,6781,2086,4078,15926,32412
14986,6845,9702,18546,16574,44811,54421
10730,22554,4539,3500,25676,23907,16958
5360,10165,6238,24636,48927,134724,190861
5449,4073,4950,5510,11540,13830,136885
3339,8410,13857,7668,5736,23936,16973
6755,7762,14302,19136,22300,6590,19449
14014,11844,9094,38199,17687,28242,53446
10779,2912,11174,18245,12514,89188,329841
9180,7730,12653,11097,17206,33823,31330
11438,7894,7980,9040,11798,53170,43453
10956,12967,13939,12836,37801,12706,179887
8046,15768,4284,34093,53313,62342,124734
8198,18571,2541,17233,13480,35410,33385
9953,25790,31591,63640,23342,19900,52701
3581,9342,3232,5261,9088,12762,40561
14117,13884,14197,45090,44669,39704,151076
5195,14522,4983,4360,23367,20652,47086
8430,1794,18456,34900,15557,7874,19229
4076,12339,14157,4242,25395,8768,92278
9960,7546,13839,16605,20241,20520,85778
9468,4596,12236,7848,18301,8006,106300
12520,9898,15147,24750,18254,29025,68780
7964,18144,11785,17479,21864,16234,89015
5514,8656,6804,14194,11258,6263,12476
8016,5920,16777,10334,28680,18758,30383
15463,9667,4188,12361,19159,234552,20419
3006,8096,10949,6356,57979,34473,14241
6125,3148,22833,11501,25499,92177,34601
17799,17293,22306,23302,13885,41539,102488
5661,8087,7712,10824,15792,12132,54703
9796,4548,10577,9360,3831,41250,34519
1664,815,6942,9920,27148,25531,61485
5177,5498,9682,12823,30037,45051,780361
6881,9057,7722,42529,20071,140710,318920
1056,16483,2635,25045,22216,162081,56072
8463,3824,3895,7130,6452,1678,127292
2381,10054,11158,21115,18404,16436,189160
14317,11169,8915,13832,18630,40366,58500
6911,5915,6402,13435,19429,123904,9631
15725,12018,13264,15377,6647,12866,168711
492,6238,7879,5295,6404,9990,9100
9596,9330,5085,6465,7056,7812,20571
5793,10023,4998,5440,4518,64965,34820
11585,28895,16184,15614,45968,56993,498314
8696,6859,5042,11247,11248,37554,30128
3160,1887,21749,35846,15279,71029,70369
13336,17289,15227,30755,43718,36335,207313
3456,2719,3542,13199,5140,30580,22102
10216,11948,8304,23446,13711,16431,24848
13142,8915,7880,6134,23438,6049,125883
9809,23412,35776,36492,58458,42683,86558
21431,36498,31219,10768,54566,76339,158231
4742,6285,15738,7710,6519,15774,89672
5420,14656,9373,48861,6953,16815,99595
1535,7534,8922,16501,21090,14537,108842
6856,2284,13262,18098,8733,13861,49180
9896,11381,1765,10711,51019,10839,110470
10428,6454,23840,2459,59170,9681,191109
3365,8851,693,8266,22419,13294,23556
10050,25568,70794,22463,123077,15167,34174
5463,14934,15098,18932,48707,25095,294467
9000,17049,3565,4047,6008,61574,63419
18651,16737,4433,3815,70270,33708,121643
4111,6935,4494,7034,7775,13225,27775
10368,5825,15330,10611,4956,7975,45731
14657,23115,27003,8808,10004,19701,99288
23492,24386,26275,46657,10194,29912,296265
5505,5853,4149,12639,12078,4024,39818
1762,2033,28082,7928,50263,16897,203323
9765,13081,12191,17685,31821,63454,25611
19542,19579,7975,39728,16807,35953,275174
17956,16880,35653,69345,41082,71876,78793
7441,17231,5720,10686,19179,17735,53476
20615,10153,30589,35698,39133,3484,65181
947,16424,9090,14619,27418,34933,36188
6626,10861,15341,3878,12463,4788,164633
14198,11926,10228,45980,47253,126782,318262
8490,1339,12295,1361,10790,18396,37384
8617,9589,3469,5536,28912,20038,196217
4983,17699,28412,18069,3885,44558,67915
21370,13437,31694,38081,67431,76379,102387
9989,12554,26760,11283,15083,110651,100244
10407,339,12756,20922,29129,106839,56786
7205,4127,12930,4631,4891,76954,39446
1380,12921,15778,9950,15825,22186,61090
14895,16505,34645,5975,117216,137947,5878
4091,10901,21713,1055,20615,23108,18439
14878,27093,22116,15073,32138,86211,232124
8162,14016,20578,5997,22128,98115,78955
9198,15863,11580,3113,36401,37398,76996
5486,13161,3332,17319,4180,35987,17501
8561,21569,7051,10256,22991,20545,79370
5332,14427,10955,5562,21076,21436,52246
9918,5789,20224,54262,23539,12551,19073
4085,5887,3680,14818,95032,40467,39395
4705,13647,13131,5391,19661,30953,21382
4508,15910,6226,7647,11877,1967,115606
4209,4646,12025,14122,11175,38515,29212
25191,10748,25965,29916,115092,64349,267605
10905,5998,17424,34185,33183,27660,201719
4746,7338,10406,6146,23838,15091,16429
1993,3556,3143,4943,31920,11707,104691
15566,21766,14935,25422,72863,40936,77309
10186,9628,13682,31433,31188,19592,142688
6412,19072,20690,12449,35357,25059,68592
6566,28908,22834,31055,53464,234321,116203
12440,5780,3406,14608,13014,112125,52169
6201,6239,4730,6504,11713,23850,53080
7178,3799,13091,13267,19375,13776,83182
7942,3385,10762,15383,560,21229,54315
3694,10304,6436,6822,15164,17090,32801
9501,1282,5828,8377,12914,14969,42335
4856,2783,15455,5061,11007,19635,30383
6877,9173,19890,16958,25542,24654,19667
8744,12832,23864,21753,16794,35783,60604
9063,12410,5689,12358,10074,5235,93221
17815,41921,23930,31628,26138,45733,118621
20143,17925,12368,22933,44979,70541,53382
8702,5884,9637,12189,13300,13633,35192
7033,9905,11064,13301,15789,8632,55972
17130,7189,16726,9904,18603,41299,870537
8923,32729,7600,21265,89888,28174,89459
5542,9911,10510,22824,18463,377508,79072
6070,14292,13541,17512,35622,28723,248365
16696,13459,40197,3488,23706,200513,30532
8558,9290,6168,21285,9662,36839,73964
3091,10331,10408,22270,42948,6448,43657
22185,21874,7586,27369,46377,46821,230069
863,7048,10160,10583,17176,35243,8677
9031,16460,14726,48559,24247,51501,31840
10307,23835,16016,12643,60200,47154,15790
5860,12220,11242,5517,42418,63869,636722
8017,3269,9212,20676,27857,5578,33161
13193,9692,7925,15471,77450,90230,22425
4979,4842,8840,16092,11939,21186,25319
14824,24840,46124,31547,43549,94184,211379
7507,7399,11522,58059,15914,9202,84059
5671,6360,7156,6150,20008,10368,29957
11431,11220,5757,16816,42750,2828,78787
31122,30438,19633,9748,153945,41945,124535
13211,8118,28440,37710,22060,58509,73176
2222,11369,11071,1593,8516,24497,50850
8837,4893,300,10859,8982,955,30752
9587,7447,3365,16158,5651,9123,31787
14160,8254,10316,66470,38503,55963,10392
3606,8674,3553,14586,5096,45304,17254
1160,12816,6694,9982,13533,30197,22519
5183,5609,4876,3579,12152,24943,9539
2353,6874,17832,9518,4804,39563,23675
11364,16684,7762,18473,28148,54654,54936
8565,4095,9882,32911,6094,5031,12146
19276,1660,15667,4727,3951,39231,32132
10592,1667,16833,34683,10582,15788,743865
14668,8373,17572,7807,126170,31533,163239
16466,10725,6707,23706,27997,46042,73591
7739,15403,6429,5165,15034,45814,31180
16747,14933,14467,6049,17342,39089,33731
20073,10343,14743,25466,26639,53253,43381
5442,7912,10422,14120,7815,20969,27334
9718,4598,13673,15962,51008,10394,23042
2435,6731,11445,4637,7112,17858,80649
4823,4370,3615,7891,5687,13715,37424
9804,4958,5565,5213,23820,38150,9635
1344,3044,4922,11096,5665,7539,35553
19367,12793,2721,24101,8472,33685,39456
6551,7048,13426,11286,15257,45134,47973
7399,7975,7932,9830,12592,17543,45822
7278,23431,31042,13246,29353,54283,48813
6050,3208,8032,3253,2927,19003,159227
5497,9011,6546,12862,11356,27791,20879
14587,12543,22747,19286,40679,7268,58296
9367,2802,9903,13447,1677,13875,15970
24414,27540,2209,22570,45527,79163,69710
4922,8086,8763,1394,8335,38120,78435
7360,9097,23321,16492,7244,36269,62269
4602,13182,50139,15296,13565,11620,87975
3224,5419,7243,22124,10101,12191,13398
5246,12416,12027,25029,6373,66933,41746
18613,9288,49849,24930,43713,39869,39078
8230,11786,13113,20062,5407,29268,317446
9345,18471,9696,531,9700,27526,73479
19659,8325,34025,31789,69221,51769,37077
13371,7410,14080,33901,24656,18674,119278
4734,6710,4033,9000,9381,9003,13044
6609,6381,12743,10156,11749,15745,123976
6186,6516,20369,21438,15100,19242,119325
6330,8332,21298,54140,20336,52914,265658
7944,7579,4321,20344,8069,25980,78752
7847,10663,3852,6396,10089,22875,32724
6847,6588,10579,23027,2981,79699,60276
18528,10108,22549,86470,26268,56561,28317
6440,6099,5637,5116,5473,31230,17997
5575,12803,2862,16845,15839,12564,45572
5268,9490,10588,14347,5730,9846,72024
5099,4419,8194,5775,13364,17483,19267
5959,20657,11340,11501,36611,29968,243591
8967,5890,7351,3105,30088,108675,26164
5265,7161,4565,13715,28287,46953,64843
5177,1947,7054,20949,12007,88675,22222
8590,16343,11420,28843,23968,25955,81366
17448,2097,11063,22506,35068,165501,20220
4791,16671,12499,7398,42585,78697,21617
3815,16226,8058,28309,57868,76748,19891
10544,4879,37359,28851,16947,49080,35778
11230,9729,3123,18941,25556,11476,41898
7515,18981,10886,15318,17846,93933,19772
13134,14129,22262,23645,7910,44306,32749
8516,5939,2004,14713,6713,3058,29456
9282,4583,1228,1777,6639,2808,6861
15434,3440,11735,8570,24155,11424,50055
9501,4117,18767,15686,13103,17490,16596
14484,8132,9746,10777,20253,24235,56256
6937,11759,12625,27771,31940,30648,80614
13547,8995,4520,415,25826,54971,50913
11840,7816,37652,39315,8602,43753,146301
4449,1241,4033,10566,139,8678,5155
8787,4360,4610,11159,36945,10911,14439
5459,11838,5576,25407,5078,79673,67748
1297,5528,11920,1163,19667,6309,9594
7833,11169,5774,10878,12272,34264,12419
14214,22325,11373,18251,68964,22651,237941
8095,12230,29681,44616,54657,36883,362168
722,8357,10633,7729,20952,14225,18654
2256,2832,6429,49478,25696,39206,51326
6400,5407,18270,7760,47157,28136,131369
8738,8152,5929,7526,12836,14587,60445
2435,8914,5851,4221,18630,5569,18217
19393,24406,14854,50323,32180,119458,324757
6041,1206,7718,1132,6229,16510,4528
14591,14077,21973,66464,18769,49974,140984
10120,8928,13244,14799,27436,22915,76831
4635,5053,11075,6282,14434,12062,84453
8791,3265,2996,11605,14421,41539,61878
6563,4281,17513,22845,14767,18707,92259
18229,17478,41900,11496,28896,4830,60218
6403,5613,7512,2902,24860,69034,50705
7230,10791,21182,15087,1654,18372,3910
2810,8966,4545,7257,3080,38728,5338
2706,2904,11084,14950,43980,28289,48743
2574,11265,8587,3354,22603,11126,51905
5610,1359,14887,12003,7437,16718,110190
6150,16865,2374,11194,6079,17572,44699
12979,12076,6525,17583,13680,9758,52034
13636,11574,7871,10230,15028,34014,298502
2877,3418,7371,4847,12061,13250,77567
4995,15818,6783,3731,21850,4830,48878
14844,7762,17082,11184,9190,32068,42677
5308,3905,6437,4313,9674,13114,25016
11986,5786,6696,28733,13234,7245,141568
18092,10553,15365,4802,21576,15830,31853
2476,14884,2329,19596,27036,21730,219778
9412,30157,28146,15644,20723,62941,80439
6153,8877,1093,3475,42653,27625,21874
15127,29117,13498,36256,15017,63747,92260
18877,4214,24385,18991,27996,22992,77806
13494,7496,21566,2809,13199,56811,98826
7035,13221,27298,17986,3539,31541,22461
8768,3272,15291,9096,7688,28973,30773
21247,1647,10792,12088,9665,74102,20818
7794,10684,6616,8746,15322,14671,98104
6005,8390,9312,20000,27084,7561,43406
8999,9232,1166,15207,5985,23865,152905
5888,13348,16360,18264,41129,53121,42433
9557,58974,56729,88185,180300,38337,69552
23055,62354,36761,61820,31684,125731,381631
8897,10445,14693,26569,108728,39013,89489
8718,11777,27724,38256,4142,51147,73047
19337,17185,19637,35923,24160,9089,55269
7042,4746,5246,807,13219,8982,12752
2353,7833,3887,5351,18621,4390,8600
10629,11075,26575,13122,26473,44252,64653
12945,18335,12312,29619,72753,7489,223268
7376,6619,5331,21732,7806,12369,45880
7933,8956,6255,10371,10741,46843,18700
5181,21316,5279,6412,29502,48632,100430
7350,9390,8904,18780,22283,21611,22028
3920,8532,4064,53047,30285,44791,73019
5023,5113,25164,39753,34463,10557,27301
6058,8787,10482,6669,8687,21756,45675
5075,3806,14155,107,37386,23601,14877
22061,21980,13895,28290,28599,24240,55936
8989,6575,6929,14610,9974,19289,37103
17238,37961,15088,31550,66426,124306,60244
12800,13247,9769,6550,20067,50824,112703
9965,2919,10111,5896,21848,65123,52715
9370,9628,23285,25995,9972,57106,19181
7179,11356,9365,13730,16304,22068,13838
6152,8957,6111,34569,18272,14816,68187
3080,4589,14806,12645,33195,28521,23622
9205,18616,25175,15685,32598,83900,103734
3208,11314,9289,13419,16659,27675,181104
9175,4261,9844,8413,22590,19506,201916
6985,8404,5033,32411,55642,43353,18360
13144,35963,21642,18799,48714,109437,320582
9026,19186,13635,17468,31991,56577,100386
7270,11343,11206,5374,14160,24827,47485
14898,27740,29364,17666,17500,97524,69010
9354,5454,14298,15725,20548,16092,23443
15288,20610,27614,20664,25199,56077,103245
7262,3675,5557,19569,40748,20988,138283
13061,12505,13603,15041,21432,36037,13927
1050,2463,15203,4726,9804,22591,14022
10139,16434,7798,24699,4516,18756,292331
8222,10367,27863,7956,24460,6825,59140
5150,11577,3705,2150,12012,3902,14244
8620,3078,22495,11892,27625,14391,51896
12372,13254,12188,21593,4310,51022,206188
11314,7802,5594,10623,118921,49587,20731
12607,6935,15881,26899,36254,33724,30693
3821,5614,14112,772,4481,12810,36323
3601,14885,14429,12038,23366,32856,55967
30082,8426,12714,92501,54636,16379,49771
22801,22727,36165,45589,38694,116580,165228
10800,3174,14961,19446,17867,3028,35331
2399,1541,7901,5607,6156,59636,2499
13041,16447,11487,27492,42643,29869,92082
2829,7865,5283,15550,6303,3991,46002
10526,2610,18927,9854,21559,31431,53839
1274,16354,12612,2859,24532,12886,52158
2324,1042,5330,28224,11052,11159,50088
8310,14006,24344,19868,13256,51630,61862
3464,8988,22045,8852,7894,14033,53838
14778,15322,8179,25395,25758,36538,134818
12381,13910,12161,14904,29945,21411,94288
13062,11236,37387,8248,29848,8898,56279
11746,3835,10684,3725,30075,21383,53804
5099,10936,18333,13996,7132,92454,29329
6991,8615,12625,35375,18253,27311,258083
11199,8879,16398,14913,8087,9584,156319
7628,9355,4233,10816,17816,27425,204105
5961,486,14671,28322,44085,32340,144664
23453,17523,28113,33094,131671,57687,301070
11969,9118,17883,29555,22357,40550,160087
6094,9268,8830,23248,9327,14219,22237
7777,12012,16191,14340,37615,47347,21811
7620,15428,12732,8545,12396,35967,21132
9635,6608,17821,13329,13389,41878,6533
25083,9310,4958,61773,19668,47153,78764
12081,10815,13265,19491,97062,5981,69966
9246,6089,17115,9579,31076,15548,2408
9893,12084,11883,19783,12373,55023,24006
3130,11306,3394,577,9993,16270,27961
9465,5060,21553,32051,26983,138670,138437
16740,10856,16103,8951,55161,31010,60491
16694,29481,43673,19214,56232,2657,100611
12741,13587,2473,7649,18159,68376,27327
6604,1994,14209,11407,16220,8222,67381
5475,4936,7548,14137,15154,75508,11370
8132,26668,40783,17497,63726,308888,70681
7943,12632,19953,8860,78328,20179,88924
6438,9490,2819,44941,7128,4510,24919
12424,21097,15984,25053,43706,88154,48794
13860,2276,11217,28911,25145,112881,63832
3384,11707,52685,6078,9021,26712,104666
11241,12497,25631,35036,30584,44088,107467
8045,5271,8443,11750,9411,11673,35766
7400,27159,3970,10287,90857,21170,47198
13075,9387,11259,20671,42669,24002,121666
8393,3898,17931,13230,13644,26645,70673
2688,10154,5887,18350,9777,21062,51354
15157,15506,17951,2281,38079,28877,81019
5218,14772,13987,10643,3069,19664,2587
7013,2512,5368,8771,13663,19825,77665
14232,12381,6709,22602,14682,36359,23419
9220,13001,15654,6472,28755,52861,49996
5558,14958,4263,20375,7179,70744,53987
2335,11950,16354,12934,21519,70737,16750
37432,10218,31640,36384,33653,39137,1277258
1193,3185,21670,20537,101341,13695,14263
1201,12896,10031,5494,13068,52732,36314
11469,6889,16276,5469,31169,109744,64310
3594,8179,6064,6434,10726,16161,31612
6521,15472,6963,5044,5595,71149,52968
5062,19037,9871,5699,21165,37811,78129
7012,8327,25262,9289,15937,61049,40224
41868,14668,8662,28681,45061,98694,84716
11142,529,9628,15806,15799,16523,70513
4627,4215,2815,2881,9210,13089,8300
7572,9884,22467,17185,16490,24740,183266
9889,8135,24110,11083,10680,97685,30948
8808,2751,10058,2723,4216,7250,62192
11457,10792,1085,20388,14263,42195,69740
3669,7769,13437,20772,13911,47218,11388
6359,11365,26366,8844,15047,34277,141019
14636,37465,30880,19191,21557,71646,294599
8836,5992,9050,11489,14918,16682,31043
15255,6686,32109,14160,17074,41756,469625
8750,16133,22380,16669,8103,48806,73263
10357,10259,19685,21329,62970,26929,66879
6411,10694,5712,19875,18791,64290,79847
4055,20953,13571,23680,19446,29382,46109
2181,7208,9773,9308,16294,8860,44398
8684,3852,7923,10454,1338,30955,10411
8170,4309,9402,1922,27938,19236,163721
5027,12914,7153,6917,25068,9217,21205
7749,15856,6589,36059,43814,2299,6236
4724,4468,6822,9966,6076,17850,78071
5248,22711,23170,6748,26057,37636,71497
7878,4236,2571,34998,25413,35010,162288
9529,11383,9516,3720,18666,5023,117966
4965,10023,5010,6137,12505,11374,40525
26357,31131,22972,37653,16823,98739,44984
4030,26233,4838,18890,53386,139467,137610
11515,9142,8327,10372,16980,21737,123642
15964,35947,46840,54114,39434,65147,691777
33185,14997,26391,39350,29351,51758,266077
5496,6975,5424,10579,15493,24070,19600
3376,7614,23860,17755,20294,4246,91223
5905,19916,9939,24043,23107,25476,55128
14238,12214,12592,17308,29607,95109,28676
6355,11538,11665,5520,28670,12438,50704
8980,2696,14020,3114,6368,26787,23985
18185,13119,16650,8902,35264,58119,76596
7266,10356,7244,5429,10253,9700,48113
5998,14413,5919,7892,4025,11507,114795
5643,3689,15252,55876,14398,31319,58316
11028,28860,41353,46931,55835,77455,262067
7463,8184,17819,16678,28124,100737,51576
10267,12031,27629,14100,19888,28430,103452
10830,20034,7868,33464,19390,4994,145093
9445,13411,15143,6684,6995,12532,46918
3357,1507,7516,5705,11411,10220,73638
7297,11344,8249,36132,21124,14454,110314
30048,33078,17085,11269,67444,28722,309215
4085,4945,3990,7738,12774,5863,16490
4978,8677,3605,3161,57086,23534,25396
3697,10916,10929,6354,21469,25894,8096
13744,14739,6855,10439,20464,22791,16003
11944,9594,17779,8587,31924,87426,79551
11986,6712,48965,29008,26171,52921,113539
12538,6102,12558,16652,24540,28679,179870
13526,11374,18628,15806,28482,91980,384467
11884,18827,12953,12811,15822,31440,52077
4508,4852,10522,22915,53783,24192,93017
4939,3930,1371,9423,4472,7001,9640
10396,7699,23887,10723,24416,48410,56858
9503,5928,4772,10120,14610,12353,44175
7297,9043,9197,7967,8158,39149,29264
6647,9968,3556,10657,7311,37771,23276
11668,19278,9342,30456,75627,19618,68120
2484,18467,1988,11106,4419,86434,24031
3399,8032,13103,11660,4024,19326,41619
6730,1647,7128,19831,16122,33072,35704
7803,20005,9512,10241,11956,32660,36093
3083,3504,6205,11709,14683,16710,22125
3660,2201,12812,4694,9618,22003,35649
9593,12693,6032,16790,22225,31299,42656
24086,14511,11848,40587,48469,30011,98076
15727,22084,18851,25206,19390,57499,123347
14039,9673,19267,9830,1301,25268,24776
6078,5218,22035,11142,10916,17452,19940
9097,8277,13088,9674,13687,52102,22071
6946,4447,4997,16549,13332,14350,7193
10833,30691,9365,30424,77287,25009,53826
11342,4176,5809,6073,25926,14912,316890
8886,5394,2488,6413,17820,9920,35330
12043,15727,5300,27973,41138,32685,505938
7778,17892,20185,34537,30982,17231,17450
6145,23445,6417,24492,38108,55289,113827
14192,23207,27567,27860,44048,29198,37160
7626,3719,4408,28357,4830,81318,12477
17941,23898,36328,35652,36658,50892,167464
6125,13382,5408,8273,12505,15543,139717
5833,8888,7100,6444,24956,39377,69490
13843,10190,3355,7044,13006,48645,60482
3914,15136,11852,12080,18910,39131,17688
6331,7392,8718,7992,33865,12154,56251
11152,17373,18134,29963,31341,27550,79796
5264,25218,19880,216,11522,678,51752
2933,13324,13398,33221,29240,92956,25507
12970,7703,5650,32108,29950,56421,104190
29277,10060,19595,49038,24166,3670,128538
6570,8736,11486,11118,19724,18263,34973
4151,9365,29942,13606,18762,44696,21213
8749,11475,21262,17337,19222,33117,47375
11062,17242,13421,26704,30501,126484,38267
9730,19198,21535,9150,44482,29110,132165
3405,9256,9417,25817,12795,20649,136622
9036,16916,29533,17311,15615,137875,53442
12834,5751,40281,25373,54119,66728,99521
23524,2001,26323,33267,35279,40938,205634
4461,1927,14067,7312,11048,36855,145704
14241,16532,27684,15796,17698,59207,59936
11734,16585,25883,19282,17617,30393,62294
8574,12919,14798,29355,23707,10775,111535
8678,7978,7740,20691,19340,1205,13075
6246,17986,8272,5300,46017,10468,39556
10129,3542,30250,6554,5753,17811,35312
13668,6768,3484,14159,7898,18317,114407
11666,13118,11253,13489,42671,13331,70597
2329,2756,6966,4801,7306,11873,9104
19568,19141,31100,25036,33216,47630,69763
3894,4170,18482,8762,7134,12415,39417
4222,15771,24885,9812,11864,33131,62521
2409,18641,29585,16911,9119,56099,68949
8812,5179,15005,8002,9384,19353,15654
3437,11379,5321,19592,125656,25455,22574
8778,8740,4578,17059,30968,21281,6830
9940,23002,17758,57207,29004,54363,307036
4080,13539,9831,17537,21840,33543,19123
7793,5886,13776,14148,5058,82871,70691
5899,3961,6944,1963,2433,13197,12300
10968,9756,14673,20789,5390,8693,29171
18404,13864,11252,28787,57909,48308,164165
3958,2269,8697,10687,30975,30890,16522
7352,8742,12237,44873,8578,31852,48086
10012,17204,14951,22935,11092,111419,27434
5606,6251,11620,23898,20465,24138,39161
7196,15259,23270,4303,12087,7092,261587
9662,12308,4919,14235,19810,29401,100543
7645,5941,11690,12327,8438,52732,11340
9947,9175,15538,14197,31518,8896,37555
11462,10455,21730,4809,36813,109347,46128
17565,25813,6925,14935,21936,31119,83546
9719,5888,21968,32754,17291,40405,171350
9886,4465,1215,11107,12145,11110,18065
5049,9779,15092,7480,23018,39080,150060
2813,15102,20368,10342,53205,47494,13109
6778,3487,8037,12315,18496,6564,35816
9804,19845,15284,9384,36149,22388,57662
8801,5277,4261,5584,15655,3115,18006
3570,12698,8092,6287,25491,54396,14427
11423,13572,17275,31418,16177,51696,130656
7199,8599,8162,18794,12791,20125,23521
3555,15625,18353,16480,7650,6861,485836
6106,13152,12310,14131,30628,46389,174074
14113,17723,26349,12375,26186,31989,32764
5391,13529,21393,29702,27387,28242,143576
5363,8304,12787,13290,5825,89959,32620
6359,10095,10575,9833,28254,17651,55857
14272,12081,2652,20652,34005,12944,139294
13731,1627,35868,15656,24268,26474,145196
4265,5367,14022,18209,11673,15128,105067
4279,13895,15412,20520,5799,10688,64177
15128,22600,40889,8367,10616,22614,253178
12213,1369,6544,16441,9230,28967,28841

