3619,11052,6171,4797,8541
6348,3936,68265,69059,82251
18358,184692,27753,20575,72613
5574,22926,4920,100062,68477
5361,24283,2727,79927,287741
1371,8821,16506,8352,45854
2420,11830,21352,6050,154910
6976,21796,4975,15845,38673
93,25184,37641,91018,400559
12896,12863,36037,261,123949
39421,16557,18340,44334,121473
4114,779,27760,17976,110890
21271,63623,27681,24924,3430
899,9417,4167,410140,316290
3991,6110,6458,20243,163
22120,16780,243646,6172,176769
16098,9639,32610,8353,154
2691,3474,87662,143651,1109283
1272,37477,11356,50088,25826
4101,11378,23032,4186,36244
10763,901,73205,9682,90973
1517,4110,15804,19406,110793
2234,56250,107029,27252,68977
9683,11513,46519,22863,219280
2523,6642,2077,16685,12268
3534,305,21335,8366,4039
7808,2538,44150,44061,235416
1546,6194,6649,3098,19785
1634,8960,99780,53723,1005202
1033,8598,53487,99600,19753
5497,17996,5906,5268,45514
2641,10580,20473,35448,34462
3876,13068,7609,369,433100
4270,4993,57036,151973,89467
5983,2479,24425,12223,26009
5525,676,734,23760,5625
1023,10591,23246,14436,233089
16752,12512,31165,8502,96982
2796,4617,21835,30410,1164171
10814,10815,29163,182,337887
6393,9553,2711,8615,64201
856,9214,14889,84216,92705
8622,13984,29353,10411,38490
4969,2136,57241,23266,482294
2873,12176,4454,20316,40153
2612,16867,28409,126516,9316
727,20849,17962,7033,33543
4992,4963,26304,323155,99082
1894,18398,17831,66224,92825
4310,4445,7308,45129,3327
3890,5330,1651,60463,219938
3315,81424,28078,94281,28408
39567,8993,51242,62063,277849
1592,3220,28881,5151,31571
5879,35975,4867,4551,27059
2518,64293,69691,47169,346809
815,9675,5606,27756,38173
8422,21018,6021,20397,156144
1045,15961,1459,101784,45526
2182,9045,1208,55298,36617
14385,6044,9316,2483,18805
418,9240,8777,453,175223
945,18612,7027,4263,56397
10042,23463,25,67485,50609
5189,18054,2237,6773,379185
38698,5458,28421,17520,1123522
4858,3819,8236,8985,138698
1811,5464,19439,28149,71702
1851,4301,5262,18912,16950
2490,3097,37847,58937,264647
2560,5963,15786,8401,182587
339,9818,5817,24187,11599
4382,3092,20516,19177,44071
8512,861,34743,19402,29434
8395,153757,38889,29039,11376
2569,2468,4983,39227,54449
7388,4971,96894,42199,872
6516,710,22663,15866,33888
4370,1621,9505,48311,87758
7437,7176,68113,42681,6968
3073,6177,75714,66923,100007
4528,1104,5171,77404,13792
7963,98568,70606,6718,106697
4906,26314,2963,11272,14585
1883,4731,14835,58459,242287
6665,1687,13251,27747,5514
4715,21047,8921,22559,113989
19259,9082,51019,62303,13392
4113,11405,5222,56376,147045
18750,21958,5330,16043,43016
34230,52486,53210,169966,111852
7979,8698,12244,14410,48332
151727,9219,123658,145085,465954
2451,6857,1485,95777,9261
4922,15490,12970,1908,167060
1061,241,4443,39346,4627
1106,12592,65632,292246,105269
2458,13340,1810,505,64148
463,943,35254,103366,82974
809,1736,9924,38670,4901
17417,14572,13137,2273,73996
2527,13560,6553,5259,16399
3091,7553,12130,20489,46581
4744,49849,87750,32602,89307
748,4306,8829,29226,284414
1129,4032,20983,19906,152207
2525,17769,8090,29266,11657
602,5048,1067,12138,73311
434,5391,5782,14811,20833
1216,4367,21638,74036,4058
1934,4787,17497,83746,127511
5305,19544,96092,9000,21223
544,6067,17015,21500,65946
20722,43650,10546,287754,59016
818,1898,14028,89236,205292
5034,8827,3505,76611,13337
1851,7048,3497,77152,9987
2660,3751,15735,2230,75691
6235,17292,821,2375,55436
258,12595,13436,59529,24991
14558,23432,14666,18316,131696
4411,419,5664,15318,25910
885,1494,21643,7005,187963
3216,5061,37143,13740,586756
2291,11380,14764,12670,229672
15271,24989,9659,12069,61128
2606,7070,29778,127186,95671
942,3425,1309,18787,35138
705,9183,19089,50558,13918
3544,9754,24779,24141,70124
2724,22498,306,59253,18942
16486,20703,12386,54481,96587
496,3549,45034,117167,56905
1651,6260,7610,14240,94050
1074,7024,424,58459,54335
6749,29992,44072,3141,29649
2945,18344,10589,52941,84621
5021,2555,4413,55758,11301
3311,18407,31581,28012,33909
1105,6595,875,7066,271745
1566,14044,22845,41735,236785
8853,2430,8148,13504,92515
2569,1449,4679,62424,52718
19075,21491,32743,126268,80409
3293,33156,5815,32336,711
5493,4967,10348,19235,115890
52540,23221,37951,163155,1128019
7779,11597,7338,59317,72568
7797,24957,5461,23945,49908
10186,2762,51299,5582,33783
19246,2232,66061,132236,54391
1951,27271,21236,10308,98735
9102,5014,43259,2638,2473
14003,55499,28355,11510,7321
3553,2961,16237,129676,92501
6756,4118,19680,18619,3404
11059,1104,1596,27294,1952
7672,26518,66869,88607,54177
8669,10671,37752,8571,52256
6201,35243,39888,147197,54407
6909,11783,18611,14798,147257
5224,2943,1690,13389,119814
1169,701,32357,85432,5663
8020,20805,20195,27230,322473
1248,3489,3715,5875,71198
3031,1768,3729,10236,230684
17989,25040,36114,1145,22531
31304,8024,24779,21836,397946
2419,1305,2986,6654,26106
60940,33778,44427,37520,8870
2223,12463,37810,85102,45000
16469,9260,16376,73247,80777
494,5599,41883,17565,34229
1234,16736,10600,21555,29052
4330,4662,9303,8009,18588
1623,7143,50570,80307,2296
6878,57096,31978,12979,103418
1499,13930,11020,15458,33831
16391,1919,13630,11748,6098
961,6809,18396,10426,160159
1062,2720,7489,27804,61640
632,20573,60280,40639,24535
14824,22399,38780,75222,146454
7701,10254,3789,18216,296984
1983,17594,7845,147121,34900
5743,2080,20116,5448,60462
1893,1142,6939,12403,52861
5277,16057,2238,8098,68844
12037,11372,4413,70694,18405
230,3156,28420,185199,28670
2268,20379,4325,8104,63713
7800,17021,940,27754,18044
2967,5460,13136,5980,8963
901,14144,57227,36880,8906
4418,16000,63929,135588,24863
15212,4157,1627,30250,325552
456,29737,60933,75840,361864
518,5427,67089,24232,80163
2941,1820,10315,66320,1372
4088,28481,58566,13154,21345
4324,15348,19827,52120,47331
6339,38247,13429,67955,38554
118,2683,32092,56012,61223
624,13566,20169,29256,86041
510,17077,6066,53784,36933
945,14307,23900,248450,37164
5574,2283,1579,2683,65877
2791,2239,8647,25309,54184
7094,3086,479,611,36225
3664,16975,7074,14505,15280
4497,7271,44121,2164,2751
2393,894,14249,214757,84589
568,8683,22920,38238,96261
4383,11209,19901,65939,612309
8162,16522,12299,13933,72030
385,25789,66330,21316,393358
6629,12132,21093,13542,24544
1132,14442,8424,26417,98260
8075,12691,7684,1633,7162
6572,5835,29262,28221,218296
19420,15468,18045,43558,10744
23072,19560,24238,24935,11257
1288,8978,12962,111552,1770
1761,3462,29767,180064,68738
20267,19900,23491,23164,11570
215,18115,21984,20914,33629
1962,3563,6455,31524,54108
13639,4867,187,14109,891
1966,3560,11810,6750,225582
991,16586,19548,46973,17336
1727,3826,4190,4831,106192
7240,5322,6527,657,22248
72,14836,4444,17623,100799
123,18255,27762,13854,43049
5925,34487,48696,3919,28488
27924,2228,42898,11658,93668
1062,2432,24071,32415,30650
1977,6774,9392,35575,83006
15560,15906,8077,27857,83233
15828,18027,49937,312,35188
66,435,4498,78005,102006
227,4454,35460,39711,113258
3108,18789,24066,8171,104882
7321,7693,2164,40061,264
2793,14022,57686,29831,139820
8506,19017,22569,25434,168298
21422,2861,31514,15037,5771
4636,14523,35506,12373,22655
2156,48060,22559,5945,51214
4827,2519,19437,12824,51624
3094,5571,69126,11122,2063
7483,2470,10757,5200,23316
1282,32532,69375,17122,23555
7650,9941,981,4532,37113
5200,10157,23440,34474,242219
1949,35582,12253,117318,9690
2747,7065,25922,5676,8420
7432,191,3294,9666,37261
510,629,14235,101750,247840
4732,11375,4680,12081,159263
1248,12130,54842,39812,33790
502,4345,22928,46826,38244
4155,31820,29818,81790,14487
4934,20846,5657,20998,26969
475,6790,8371,14116,4452
3947,23324,3689,73890,469
3180,8946,5138,55195,4902
557,23006,9904,27494,11766
5416,4089,59867,66423,213164
16486,11109,20277,110762,39412
7217,11253,13495,2763,6272
1856,55040,2925,55766,16163
3051,3240,10774,3941,92640
504,5854,14532,239880,214477
13880,22943,786,13395,40082
2626,5870,20911,131170,16193
2716,4092,19899,99462,29493
15601,12393,5669,38561,7960
3497,19566,35790,2225,265412
10164,7872,21823,7128,15487
1765,15591,11219,8093,20965
148,12857,8231,139639,147639
1648,6245,12146,22658,19239
20995,8628,1853,41304,3463
599,5212,22106,88520,1954
1519,5442,8336,29801,20966
10244,14970,35007,56225,35477
5121,139,12434,6986,52879
3761,16262,9659,1422,19198
3148,731,556,52458,56940
4724,10823,796,19218,115868
638,15285,17973,126730,24420
6194,19854,5830,5397,42475
6336,44982,10919,1843,349380
2845,10410,3913,176010,100051
617,5795,19900,67147,716592
1088,3825,25743,49884,37353
6522,8745,21917,14958,34284
2802,6436,21218,44816,18094
1211,3966,13404,13435,20976
284,9298,163,28492,66674
1885,2802,41408,11653,73651
1070,9429,10702,8056,28503
14800,14182,4050,10928,136287
470,9800,6855,24577,104083
554,1621,14130,169899,31455
2408,8190,12288,12217,1121
4471,5163,64024,140233,108286
394,20723,72532,33063,286715
3457,11953,58852,32951,134209
11659,11392,27740,27522,1272430
1127,25481,2513,12103,89481
5435,8384,2474,22448,13628
1247,650,9890,6258,5846
744,4793,4655,4587,36778
1713,28351,27806,96515,253549
44,48174,13783,36584,79064
1832,12395,70456,17521,130950
6614,4635,46900,1049,8531
6640,7106,414,50073,1990
5346,5363,17801,8354,48505
772,3032,19001,36303,36288
9280,3859,29771,52935,15344
2805,481,23189,61523,12046

