1.0,0.429,0.334,0.333,0.333,0.333,0.333,0.333,0.333,0.333,
1.0,0.326,0.314,0.313,0.313,0.313,0.313,0.313,0.313,0.313,
1.0,0.393,0.353,0.323,0.322,0.322,0.322,0.322,0.322,0.322,
1.0,0.323,0.312,0.312,0.312,0.312,0.312,0.312,0.312,0.312,
1.0,0.417,0.317,0.317,0.317,0.317,0.317,0.317,0.317,0.317,
1.0,0.343,0.317,0.316,0.316,0.316,0.316,0.316,0.316,0.316,
1.0,0.483,0.328,0.326,0.326,0.326,0.326,0.326,0.326,0.354,
1.0,0.452,0.416,0.398,0.323,0.325,0.324,0.324,0.324,0.324,
1.0,0.327,0.315,0.311,0.311,0.311,0.311,0.311,0.311,0.311,
1.0,0.314,0.312,0.312,0.312,0.312,0.312,0.312,0.312,0.312,
1.0,0.338,0.315,0.314,0.314,0.314,0.314,0.314,0.314,0.314,
1.0,0.342,0.32,0.32,0.32,0.32,0.32,0.32,0.32,0.32,
1.0,0.332,0.317,0.317,0.317,0.317,0.317,0.317,0.317,0.317,
1.0,0.361,0.326,0.326,0.326,0.326,0.326,0.326,0.326,0.326,
1.0,0.342,0.316,0.314,0.314,0.314,0.314,0.314,0.314,0.314,
1.0,0.409,0.319,0.319,0.319,0.319,0.319,0.319,0.319,0.319,
1.0,0.381,0.335,0.33,0.33,0.33,0.33,0.33,0.33,0.33,
1.0,0.458,0.431,0.359,0.447,0.321,0.321,0.321,0.321,0.321,
1.0,0.36,0.384,0.321,0.321,0.321,0.321,0.321,0.321,0.321,
1.0,0.34,0.321,0.321,0.321,0.321,0.321,0.321,0.321,0.321,
1.0,0.374,0.323,0.321,0.321,0.321,0.321,0.321,0.321,0.321,
1.0,0.373,0.445,0.322,0.322,0.322,0.322,0.322,0.322,0.322,
1.0,0.374,0.333,0.329,0.329,0.329,0.329,0.329,0.329,0.329,
1.0,0.335,0.321,0.321,0.321,0.321,0.321,0.321,0.321,0.321,
1.0,0.388,0.323,0.321,0.321,0.321,0.321,0.321,0.321,0.321,
1.0,0.318,0.312,0.311,0.311,0.311,0.311,0.311,0.311,0.311,
1.0,0.355,0.327,0.326,0.326,0.326,0.326,0.326,0.326,0.326,
1.0,0.321,0.311,0.311,0.311,0.311,0.311,0.311,0.311,0.311,
1.0,0.332,0.316,0.316,0.316,0.316,0.316,0.316,0.316,0.316,
1.0,0.376,0.321,0.321,0.321,0.321,0.321,0.321,0.321,0.321,
1.0,0.334,0.366,0.32,0.319,0.319,0.319,0.319,0.319,0.319,
1.0,0.344,0.321,0.321,0.321,0.321,0.321,0.321,0.321,0.321,
1.0,0.416,0.334,0.331,0.331,0.331,0.331,0.331,0.331,0.331,
1.0,0.331,0.318,0.317,0.317,0.317,0.317,0.317,0.317,0.317,
1.0,0.357,0.313,0.313,0.313,0.313,0.313,0.313,0.313,0.313,
1.0,0.32,0.311,0.311,0.311,0.311,0.311,0.311,0.311,0.311,
1.0,0.461,0.317,0.315,0.315,0.315,0.315,0.315,0.315,0.315,
1.0,0.403,0.434,0.344,0.326,0.351,0.326,0.326,0.326,0.326,
1.0,0.364,0.315,0.315,0.315,0.315,0.315,0.315,0.315,0.315,
1.0,0.323,0.314,0.314,0.314,0.314,0.314,0.314,0.314,0.314,
1.0,0.387,0.315,0.313,0.313,0.313,0.313,0.313,0.313,0.313,
1.0,0.335,0.317,0.317,0.317,0.317,0.317,0.317,0.317,0.317,
1.0,0.357,0.341,0.321,0.319,0.319,0.319,0.319,0.319,0.319,
1.0,0.434,0.38,0.323,0.323,0.323,0.323,0.323,0.323,0.323,
1.0,0.409,0.308,0.307,0.307,0.307,0.307,0.307,0.307,0.307,
1.0,0.371,0.321,0.32,0.32,0.32,0.32,0.32,0.32,0.32,
1.0,0.323,0.315,0.315,0.315,0.315,0.315,0.315,0.315,0.315,
1.0,0.357,0.325,0.325,0.325,0.325,0.325,0.325,0.325,0.325,
1.0,0.352,0.32,0.319,0.319,0.319,0.319,0.319,0.319,0.319,
1.0,0.339,0.32,0.32,0.32,0.32,0.32,0.32,0.32,0.32,
1.0,0.465,0.328,0.326,0.326,0.326,0.326,0.326,0.326,0.326,
1.0,0.355,0.455,0.317,0.317,0.317,0.317,0.317,0.317,0.317,
1.0,0.436,0.368,0.326,0.325,0.325,0.325,0.325,0.325,0.325,
1.0,0.382,0.316,0.315,0.315,0.315,0.315,0.315,0.315,0.315,
1.0,0.408,0.353,0.335,0.332,0.332,0.332,0.332,0.332,0.332,
1.0,0.316,0.31,0.31,0.31,0.31,0.31,0.31,0.31,0.31,
1.0,0.337,0.32,0.32,0.32,0.32,0.32,0.32,0.32,0.32,
1.0,0.437,0.35,0.314,0.314,0.314,0.314,0.314,0.314,0.314,
1.0,0.33,0.315,0.315,0.315,0.315,0.315,0.315,0.315,0.315,
1.0,0.341,0.322,0.322,0.322,0.322,0.322,0.322,0.322,0.322,
1.0,0.427,0.323,0.415,0.319,0.318,0.318,0.318,0.318,0.318,
1.0,0.443,0.353,0.316,0.315,0.315,0.315,0.315,0.315,0.315,
1.0,0.358,0.323,0.321,0.321,0.321,0.321,0.321,0.321,0.321,
1.0,0.418,0.319,0.318,0.318,0.318,0.318,0.318,0.318,0.318,
1.0,0.425,0.349,0.345,0.345,0.345,0.345,0.345,0.345,0.345,
1.0,0.359,0.343,0.312,0.312,0.312,0.312,0.312,0.312,0.312,
1.0,0.343,0.322,0.322,0.322,0.322,0.322,0.322,0.322,0.322,
1.0,0.431,0.347,0.322,0.322,0.322,0.322,0.322,0.322,0.322,
1.0,0.374,0.334,0.334,0.334,0.334,0.334,0.334,0.334,0.334,
1.0,0.364,0.322,0.322,0.322,0.322,0.322,0.322,0.322,0.322,
1.0,0.363,0.444,0.319,0.319,0.319,0.319,0.319,0.319,0.319,
1.0,0.436,0.364,0.43,0.34,0.34,0.34,0.34,0.34,0.34,
1.0,0.361,0.322,0.319,0.319,0.319,0.319,0.319,0.319,0.319,
1.0,0.37,0.32,0.339,0.323,0.319,0.319,0.319,0.319,0.319,
1.0,0.32,0.318,0.314,0.314,0.314,0.314,0.314,0.314,0.314,
1.0,0.346,0.324,0.323,0.323,0.323,0.323,0.323,0.323,0.323,
1.0,0.365,0.351,0.32,0.32,0.32,0.32,0.32,0.32,0.32,
1.0,0.371,0.334,0.332,0.332,0.332,0.332,0.332,0.332,0.332,
1.0,0.328,0.312,0.312,0.312,0.312,0.312,0.312,0.312,0.312,
1.0,0.453,0.323,0.32,0.32,0.32,0.32,0.32,0.32,0.32,
1.0,0.335,0.316,0.315,0.315,0.315,0.315,0.315,0.315,0.315,
1.0,0.467,0.327,0.326,0.326,0.326,0.326,0.326,0.326,0.326,
1.0,0.359,0.333,0.332,0.332,0.332,0.332,0.332,0.332,0.332,
1.0,0.346,0.315,0.315,0.315,0.315,0.315,0.315,0.315,0.315,
1.0,0.396,0.314,0.368,0.311,0.311,0.311,0.311,0.311,0.311,
1.0,0.417,0.309,0.309,0.309,0.309,0.309,0.309,0.309,0.309,
1.0,0.391,0.346,0.345,0.345,0.345,0.345,0.345,0.345,0.345,
1.0,0.344,0.325,0.324,0.324,0.324,0.324,0.324,0.324,0.324,
1.0,0.395,0.339,0.339,0.339,0.339,0.339,0.339,0.339,0.339,
1.0,0.325,0.313,0.313,0.313,0.313,0.313,0.313,0.313,0.313,
1.0,0.389,0.315,0.315,0.315,0.315,0.315,0.315,0.315,0.315,
1.0,0.325,0.314,0.314,0.314,0.314,0.314,0.314,0.314,0.314,
1.0,0.348,0.352,0.318,0.319,0.319,0.319,0.319,0.319,0.319,
1.0,0.342,0.322,0.322,0.322,0.322,0.322,0.322,0.322,0.322,
1.0,0.382,0.329,0.324,0.324,0.324,0.324,0.324,0.324,0.324,
1.0,0.356,0.329,0.329,0.329,0.329,0.329,0.329,0.329,0.329,
1.0,0.35,0.322,0.327,0.32,0.32,0.32,0.32,0.32,0.32,
1.0,0.322,0.313,0.313,0.313,0.313,0.313,0.313,0.313,0.313,
1.0,0.35,0.321,0.321,0.321,0.321,0.321,0.321,0.321,0.321,
1.0,0.343,0.325,0.325,0.325,0.325,0.325,0.325,0.325,0.325,
1.0,0.375,0.316,0.316,0.316,0.316,0.316,0.316,0.316,0.316,
1.0,0.438,0.339,0.333,0.333,0.333,0.333,0.333,0.333,0.333,
1.0,0.364,0.318,0.318,0.318,0.318,0.318,0.318,0.318,0.318,
1.0,0.334,0.313,0.313,0.313,0.313,0.313,0.313,0.313,0.313,
1.0,0.365,0.442,0.321,0.318,0.317,0.317,0.317,0.317,0.317,
1.0,0.319,0.311,0.311,0.311,0.311,0.311,0.311,0.311,0.311,
1.0,0.343,0.321,0.321,0.321,0.321,0.321,0.321,0.321,0.321,
1.0,0.599,0.39,0.37,0.362,0.361,0.361,0.361,0.361,0.361,
1.0,0.357,0.312,0.312,0.312,0.312,0.312,0.312,0.312,0.312,
1.0,0.422,0.375,0.34,0.494,0.326,0.326,0.326,0.326,0.326,
1.0,0.392,0.328,0.323,0.323,0.323,0.323,0.323,0.323,0.323,
1.0,0.329,0.315,0.315,0.315,0.315,0.315,0.315,0.315,0.315,
1.0,0.327,0.314,0.314,0.314,0.314,0.314,0.314,0.314,0.314,
1.0,0.477,0.386,0.365,0.359,0.359,0.359,0.359,0.359,0.359,
1.0,0.41,0.321,0.32,0.32,0.32,0.32,0.32,0.32,0.32,
1.0,0.325,0.359,0.314,0.314,0.314,0.314,0.314,0.314,0.314,
1.0,0.335,0.319,0.319,0.319,0.319,0.319,0.319,0.319,0.319,
1.0,0.333,0.31,0.31,0.31,0.31,0.31,0.31,0.31,0.31,
1.0,0.317,0.309,0.309,0.309,0.309,0.309,0.309,0.309,0.309,
1.0,0.349,0.312,0.311,0.311,0.311,0.311,0.311,0.311,0.311,
1.0,0.341,0.318,0.317,0.317,0.317,0.317,0.317,0.317,0.317,
1.0,0.401,0.345,0.34,0.34,0.34,0.34,0.34,0.34,0.34,
1.0,0.36,0.33,0.329,0.329,0.329,0.329,0.329,0.329,0.329,
1.0,0.346,0.399,0.322,0.322,0.322,0.322,0.322,0.322,0.322,
1.0,0.356,0.327,0.326,0.326,0.326,0.326,0.326,0.326,0.326,
1.0,0.336,0.319,0.319,0.319,0.319,0.319,0.319,0.319,0.319,
1.0,0.367,0.342,0.327,0.325,0.325,0.325,0.325,0.325,0.325,
1.0,0.352,0.315,0.313,0.313,0.313,0.313,0.313,0.313,0.313,
1.0,0.319,0.311,0.311,0.311,0.311,0.311,0.311,0.311,0.311,
1.0,0.369,0.316,0.315,0.315,0.315,0.315,0.315,0.315,0.315,
1.0,0.317,0.313,0.311,0.311,0.311,0.311,0.311,0.311,0.311,
1.0,0.373,0.323,0.375,0.325,0.318,0.318,0.318,0.318,0.318,
1.0,0.362,0.311,0.311,0.311,0.311,0.311,0.311,0.311,0.311,
1.0,0.327,0.314,0.314,0.314,0.314,0.314,0.314,0.314,0.314,
1.0,0.373,0.328,0.326,0.326,0.326,0.326,0.326,0.326,0.326,
1.0,0.431,0.32,0.319,0.319,0.319,0.319,0.319,0.319,0.319,
1.0,0.324,0.314,0.314,0.314,0.314,0.314,0.314,0.314,0.314,
1.0,0.325,0.313,0.313,0.313,0.313,0.313,0.313,0.313,0.313,
1.0,0.494,0.35,0.329,0.328,0.326,0.328,0.326,0.328,0.326,
1.0,0.367,0.331,0.328,0.328,0.328,0.328,0.328,0.328,0.328,
1.0,0.427,0.459,0.338,0.336,0.324,0.324,0.324,0.324,0.324,
1.0,0.329,0.317,0.316,0.316,0.316,0.316,0.316,0.316,0.316,
1.0,0.337,0.314,0.309,0.31,0.309,0.31,0.309,0.31,0.309,
1.0,0.326,0.315,0.315,0.315,0.315,0.315,0.315,0.315,0.315,
1.0,0.365,0.316,0.316,0.316,0.316,0.316,0.316,0.316,0.316,
1.0,0.356,0.323,0.321,0.321,0.321,0.321,0.321,0.321,0.321,
1.0,0.347,0.325,0.324,0.324,0.324,0.324,0.324,0.324,0.324,
1.0,0.332,0.319,0.319,0.319,0.319,0.319,0.319,0.319,0.319,
1.0,0.367,0.354,0.325,0.325,0.325,0.325,0.325,0.325,0.325,
1.0,0.462,0.315,0.323,0.315,0.319,0.315,0.319,0.315,0.319,
1.0,0.413,0.319,0.315,0.315,0.315,0.315,0.315,0.315,0.315,
1.0,0.374,0.37,0.326,0.326,0.326,0.326,0.326,0.326,0.326,
1.0,0.361,0.326,0.326,0.326,0.326,0.326,0.326,0.326,0.326,
1.0,0.42,0.311,0.311,0.311,0.311,0.311,0.311,0.311,0.311,
1.0,0.335,0.314,0.313,0.313,0.313,0.313,0.313,0.313,0.313,
1.0,0.351,0.312,0.311,0.311,0.311,0.311,0.311,0.311,0.311,
1.0,0.435,0.336,0.357,0.323,0.321,0.321,0.321,0.321,0.321,
1.0,0.341,0.317,0.315,0.315,0.315,0.315,0.315,0.315,0.315,
1.0,0.457,0.333,0.327,0.327,0.327,0.327,0.327,0.327,0.327,
1.0,0.411,0.326,0.321,0.321,0.321,0.321,0.321,0.321,0.321,
1.0,0.319,0.312,0.312,0.312,0.312,0.312,0.312,0.312,0.312,
1.0,0.434,0.312,0.32,0.317,0.317,0.317,0.317,0.317,0.317,
1.0,0.322,0.312,0.312,0.312,0.312,0.312,0.312,0.312,0.312,
1.0,0.456,0.326,0.325,0.325,0.325,0.325,0.325,0.325,0.325,
1.0,0.488,0.328,0.323,0.323,0.323,0.323,0.323,0.323,0.323,
1.0,0.361,0.329,0.329,0.329,0.329,0.329,0.329,0.329,0.329,
1.0,0.405,0.377,0.354,0.331,0.331,0.33,0.33,0.33,0.33,
1.0,0.323,0.31,0.338,0.312,0.311,0.311,0.311,0.311,0.311,
1.0,0.409,0.312,0.312,0.312,0.312,0.312,0.312,0.312,0.312,
1.0,0.323,0.318,0.316,0.316,0.316,0.316,0.316,0.316,0.316,
1.0,0.343,0.319,0.318,0.318,0.318,0.318,0.318,0.318,0.318,
1.0,0.324,0.318,0.318,0.318,0.318,0.318,0.318,0.318,0.318,
1.0,0.372,0.343,0.321,0.321,0.321,0.321,0.321,0.321,0.321,
1.0,0.337,0.322,0.322,0.322,0.322,0.322,0.322,0.322,0.322,
1.0,0.358,0.312,0.312,0.312,0.312,0.312,0.312,0.312,0.312,
1.0,0.39,0.319,0.318,0.318,0.318,0.318,0.318,0.318,0.318,
1.0,0.493,0.323,0.323,0.323,0.323,0.323,0.323,0.323,0.323,
1.0,0.438,0.321,0.342,0.32,0.32,0.32,0.32,0.32,0.32,
1.0,0.359,0.342,0.315,0.315,0.315,0.315,0.315,0.315,0.315,
1.0,0.32,0.326,0.31,0.31,0.31,0.31,0.31,0.31,0.31,
1.0,0.392,0.456,0.349,0.349,0.349,0.349,0.349,0.349,0.349,
1.0,0.345,0.316,0.316,0.316,0.316,0.316,0.316,0.316,0.316,
1.0,0.326,0.313,0.313,0.313,0.313,0.313,0.313,0.313,0.313,
1.0,0.388,0.311,0.311,0.311,0.311,0.311,0.311,0.311,0.311,
1.0,0.334,0.318,0.318,0.318,0.318,0.318,0.318,0.318,0.318,
1.0,0.333,0.34,0.315,0.313,0.313,0.313,0.313,0.313,0.313,
1.0,0.342,0.323,0.322,0.322,0.322,0.322,0.322,0.322,0.322,
1.0,0.476,0.33,0.326,0.326,0.326,0.326,0.326,0.416,0.35,
1.0,0.333,0.314,0.314,0.314,0.314,0.314,0.314,0.314,0.314,
1.0,0.39,0.317,0.317,0.317,0.317,0.317,0.317,0.317,0.317,
1.0,0.451,0.321,0.321,0.321,0.321,0.321,0.321,0.321,0.321,
1.0,0.342,0.322,0.323,0.323,0.323,0.323,0.323,0.323,0.323,
1.0,0.326,0.315,0.315,0.315,0.315,0.315,0.315,0.315,0.315,
1.0,0.481,0.427,0.433,0.393,0.321,0.321,0.321,0.321,0.321,
1.0,0.411,0.319,0.312,0.312,0.312,0.312,0.312,0.312,0.312,
1.0,0.53,0.313,0.313,0.313,0.313,0.313,0.313,0.313,0.313,
1.0,0.35,0.315,0.313,0.313,0.313,0.313,0.313,0.313,0.313,
1.0,0.377,0.328,0.326,0.326,0.326,0.326,0.326,0.326,0.326,
1.0,0.4,0.339,0.337,0.337,0.337,0.337,0.337,0.337,0.337,
1.0,0.325,0.314,0.314,0.314,0.314,0.314,0.314,0.314,0.314,
1.0,0.338,0.339,0.32,0.319,0.319,0.319,0.319,0.319,0.319,
1.0,0.372,0.334,0.332,0.332,0.332,0.332,0.332,0.332,0.332,
1.0,0.349,0.325,0.325,0.325,0.325,0.325,0.325,0.325,0.325,
1.0,0.345,0.325,0.325,0.324,0.324,0.324,0.324,0.324,0.324,
1.0,0.514,0.32,0.346,0.32,0.321,0.32,0.321,0.32,0.34,
1.0,0.392,0.317,0.315,0.315,0.315,0.315,0.315,0.315,0.315,
1.0,0.346,0.322,0.322,0.322,0.322,0.322,0.322,0.322,0.322,
1.0,0.45,0.336,0.335,0.335,0.335,0.335,0.335,0.335,0.335,
1.0,0.347,0.323,0.378,0.32,0.318,0.318,0.318,0.318,0.318,
1.0,0.348,0.323,0.322,0.322,0.322,0.322,0.322,0.322,0.322,
1.0,0.327,0.312,0.312,0.312,0.312,0.312,0.312,0.312,0.312,
1.0,0.322,0.31,0.31,0.31,0.31,0.31,0.31,0.31,0.31,
1.0,0.453,0.312,0.311,0.311,0.311,0.311,0.311,0.311,0.311,
1.0,0.328,0.317,0.317,0.317,0.317,0.317,0.317,0.317,0.317,
1.0,0.351,0.326,0.323,0.323,0.323,0.323,0.323,0.323,0.323,
1.0,0.375,0.33,0.329,0.329,0.329,0.329,0.329,0.329,0.329,
1.0,0.391,0.376,0.342,0.34,0.34,0.34,0.34,0.34,0.34,
1.0,0.43,0.326,0.325,0.325,0.325,0.325,0.325,0.325,0.325,
1.0,0.324,0.315,0.315,0.315,0.315,0.315,0.315,0.315,0.315,
1.0,0.354,0.325,0.324,0.324,0.324,0.324,0.324,0.324,0.324,
1.0,0.467,0.335,0.347,0.411,0.32,0.32,0.32,0.32,0.32,
1.0,0.444,0.37,0.327,0.323,0.323,0.323,0.323,0.41,0.322,
1.0,0.378,0.32,0.32,0.32,0.32,0.32,0.32,0.32,0.32,
1.0,0.352,0.322,0.322,0.322,0.322,0.322,0.322,0.322,0.322,
1.0,0.337,0.315,0.311,0.311,0.311,0.311,0.311,0.311,0.311,
1.0,0.461,0.353,0.316,0.314,0.314,0.314,0.314,0.314,0.314,
1.0,0.37,0.318,0.317,0.317,0.317,0.317,0.317,0.317,0.317,
1.0,0.343,0.322,0.322,0.322,0.322,0.322,0.322,0.322,0.322,
1.0,0.357,0.331,0.33,0.33,0.33,0.33,0.33,0.33,0.33,
1.0,0.41,0.347,0.336,0.336,0.336,0.336,0.336,0.336,0.336,
1.0,0.332,0.317,0.317,0.317,0.317,0.317,0.317,0.317,0.317,
1.0,0.385,0.363,0.321,0.321,0.321,0.321,0.321,0.321,0.321,
1.0,0.364,0.32,0.32,0.32,0.32,0.32,0.32,0.32,0.32,
1.0,0.341,0.32,0.32,0.32,0.32,0.32,0.32,0.32,0.32,
1.0,0.389,0.326,0.317,0.317,0.317,0.317,0.317,0.317,0.317,
1.0,0.383,0.312,0.312,0.312,0.312,0.312,0.312,0.312,0.312,
1.0,0.324,0.313,0.313,0.313,0.313,0.313,0.313,0.313,0.313,
1.0,0.352,0.321,0.32,0.32,0.32,0.32,0.32,0.32,0.32,
1.0,0.329,0.315,0.315,0.315,0.315,0.315,0.315,0.315,0.315,
1.0,0.432,0.327,0.323,0.323,0.323,0.323,0.323,0.323,0.323,
1.0,0.371,0.34,0.338,0.338,0.338,0.338,0.338,0.338,0.338,
1.0,0.439,0.318,0.317,0.317,0.317,0.317,0.317,0.317,0.317,
1.0,0.331,0.316,0.316,0.316,0.316,0.316,0.316,0.316,0.316,
1.0,0.424,0.436,0.353,0.42,0.326,0.326,0.326,0.326,0.326,
1.0,0.353,0.329,0.328,0.328,0.328,0.328,0.328,0.328,0.328,
1.0,0.378,0.331,0.33,0.33,0.33,0.33,0.33,0.33,0.33,
1.0,0.392,0.346,0.345,0.345,0.345,0.345,0.345,0.345,0.345,
1.0,0.339,0.321,0.32,0.32,0.32,0.32,0.32,0.32,0.32,
1.0,0.352,0.328,0.327,0.327,0.327,0.327,0.327,0.327,0.327,
1.0,0.332,0.334,0.318,0.318,0.318,0.318,0.318,0.318,0.318,
1.0,0.33,0.315,0.315,0.315,0.315,0.315,0.315,0.315,0.315,
1.0,0.435,0.334,0.332,0.332,0.332,0.332,0.332,0.332,0.332,
1.0,0.465,0.313,0.313,0.313,0.313,0.313,0.313,0.313,0.313,
1.0,0.41,0.328,0.324,0.324,0.324,0.324,0.324,0.324,0.324,
1.0,0.403,0.44,0.358,0.339,0.339,0.339,0.339,0.339,0.339,
1.0,0.449,0.322,0.321,0.321,0.321,0.321,0.321,0.321,0.321,
1.0,0.361,0.327,0.323,0.323,0.323,0.323,0.323,0.323,0.323,
1.0,0.322,0.314,0.314,0.314,0.314,0.314,0.314,0.314,0.314,
1.0,0.342,0.32,0.32,0.319,0.319,0.319,0.319,0.319,0.319,
1.0,0.373,0.326,0.325,0.325,0.325,0.325,0.325,0.325,0.325,
1.0,0.338,0.319,0.319,0.319,0.319,0.319,0.319,0.319,0.319,
1.0,0.348,0.327,0.327,0.327,0.327,0.327,0.327,0.327,0.327,
1.0,0.448,0.332,0.326,0.326,0.326,0.326,0.326,0.326,0.326,
1.0,0.325,0.314,0.314,0.314,0.314,0.314,0.314,0.314,0.314,
1.0,0.34,0.311,0.311,0.311,0.311,0.311,0.311,0.311,0.311,
1.0,0.383,0.334,0.329,0.329,0.329,0.329,0.329,0.329,0.329,
1.0,0.443,0.352,0.337,0.337,0.337,0.337,0.337,0.337,0.337,
1.0,0.328,0.315,0.315,0.315,0.315,0.315,0.315,0.315,0.315,
1.0,0.432,0.429,0.323,0.322,0.322,0.322,0.322,0.322,0.322,
1.0,0.332,0.309,0.309,0.309,0.309,0.309,0.309,0.309,0.309,
1.0,0.332,0.318,0.317,0.317,0.317,0.317,0.317,0.317,0.317,
1.0,0.344,0.325,0.324,0.324,0.324,0.324,0.324,0.324,0.324,
1.0,0.389,0.348,0.316,0.316,0.316,0.316,0.316,0.316,0.316,
1.0,0.334,0.316,0.316,0.316,0.316,0.316,0.316,0.316,0.316,
1.0,0.355,0.31,0.325,0.307,0.307,0.307,0.307,0.307,0.307,
1.0,0.396,0.322,0.319,0.319,0.319,0.319,0.319,0.319,0.319,
1.0,0.392,0.333,0.311,0.311,0.311,0.311,0.311,0.311,0.311,
1.0,0.439,0.313,0.343,0.315,0.315,0.315,0.315,0.315,0.315,
1.0,0.348,0.329,0.327,0.327,0.327,0.327,0.327,0.327,0.327,
1.0,0.333,0.316,0.315,0.315,0.315,0.315,0.315,0.315,0.315,
1.0,0.431,0.335,0.338,0.324,0.324,0.324,0.324,0.324,0.324,
1.0,0.406,0.45,0.326,0.316,0.316,0.316,0.316,0.316,0.316,
1.0,0.332,0.315,0.315,0.315,0.315,0.315,0.315,0.315,0.315,
1.0,0.354,0.313,0.312,0.312,0.312,0.312,0.312,0.312,0.312,
1.0,0.476,0.323,0.316,0.316,0.316,0.316,0.316,0.316,0.316,
1.0,0.378,0.318,0.323,0.318,0.318,0.318,0.318,0.318,0.318,
1.0,0.359,0.326,0.325,0.325,0.325,0.325,0.325,0.325,0.325,
1.0,0.409,0.326,0.322,0.322,0.322,0.322,0.322,0.322,0.322,
1.0,0.315,0.309,0.309,0.309,0.309,0.309,0.309,0.309,0.309,
1.0,0.346,0.312,0.311,0.311,0.311,0.311,0.311,0.311,0.311,
1.0,0.329,0.309,0.311,0.309,0.311,0.309,0.311,0.309,0.311,
1.0,0.475,0.394,0.349,0.328,0.328,0.328,0.328,0.328,0.328,
1.0,0.442,0.317,0.316,0.316,0.316,0.316,0.316,0.316,0.316,
1.0,0.318,0.311,0.311,0.311,0.311,0.311,0.311,0.311,0.311,
1.0,0.452,0.33,0.318,0.318,0.318,0.318,0.318,0.318,0.318,
1.0,0.328,0.315,0.314,0.314,0.314,0.314,0.314,0.314,0.314,
1.0,0.406,0.326,0.309,0.309,0.309,0.309,0.309,0.309,0.309,
1.0,0.382,0.421,0.312,0.312,0.312,0.312,0.312,0.312,0.312,
1.0,0.353,0.326,0.325,0.325,0.325,0.325,0.325,0.325,0.325,
1.0,0.435,0.313,0.313,0.313,0.313,0.313,0.313,0.313,0.313,
1.0,0.399,0.319,0.319,0.319,0.319,0.319,0.319,0.319,0.319,
1.0,0.398,0.313,0.312,0.312,0.312,0.312,0.312,0.312,0.312,
1.0,0.335,0.309,0.314,0.308,0.308,0.308,0.308,0.308,0.308,
1.0,0.317,0.311,0.311,0.311,0.311,0.311,0.311,0.311,0.311,
1.0,0.356,0.322,0.321,0.321,0.321,0.321,0.321,0.321,0.321,
1.0,0.389,0.483,0.316,0.316,0.316,0.316,0.316,0.316,0.316,
1.0,0.351,0.42,0.348,0.313,0.313,0.313,0.313,0.313,0.313,
1.0,0.363,0.318,0.347,0.34,0.316,0.316,0.316,0.316,0.316,
1.0,0.344,0.313,0.313,0.313,0.313,0.313,0.313,0.313,0.313,
1.0,0.342,0.316,0.315,0.315,0.315,0.315,0.315,0.315,0.315,
1.0,0.347,0.315,0.315,0.315,0.315,0.315,0.315,0.315,0.315,
1.0,0.448,0.385,0.313,0.324,0.313,0.313,0.313,0.313,0.313,
1.0,0.481,0.429,0.316,0.316,0.316,0.316,0.316,0.316,0.316,
1.0,0.359,0.314,0.346,0.313,0.313,0.313,0.313,0.313,0.313,
1.0,0.34,0.323,0.323,0.323,0.323,0.323,0.323,0.323,0.323,
1.0,0.336,0.339,0.314,0.314,0.314,0.314,0.314,0.314,0.314,
1.0,0.317,0.31,0.31,0.31,0.31,0.31,0.31,0.31,0.31,
1.0,0.328,0.315,0.315,0.315,0.315,0.315,0.315,0.315,0.315,
1.0,0.418,0.322,0.319,0.319,0.319,0.319,0.319,0.319,0.319,
1.0,0.32,0.312,0.312,0.312,0.312,0.312,0.312,0.312,0.312,
1.0,0.338,0.319,0.318,0.318,0.318,0.318,0.318,0.318,0.318,
1.0,0.38,0.316,0.315,0.315,0.315,0.315,0.315,0.315,0.315,
1.0,0.356,0.315,0.322,0.316,0.316,0.316,0.316,0.316,0.316,
1.0,0.375,0.317,0.316,0.316,0.316,0.316,0.316,0.316,0.316,
1.0,0.336,0.317,0.317,0.317,0.317,0.317,0.317,0.317,0.317,
1.0,0.325,0.312,0.312,0.312,0.312,0.312,0.312,0.312,0.312,
1.0,0.47,0.316,0.314,0.314,0.314,0.314,0.314,0.314,0.314,
1.0,0.322,0.309,0.309,0.309,0.309,0.309,0.309,0.309,0.309,
1.0,0.452,0.315,0.315,0.315,0.315,0.315,0.315,0.315,0.315,
1.0,0.332,0.311,0.311,0.31,0.31,0.31,0.31,0.31,0.31,
1.0,0.371,0.415,0.341,0.316,0.316,0.316,0.316,0.316,0.316,
1.0,0.343,0.314,0.313,0.313,0.313,0.313,0.313,0.313,0.313,
1.0,0.344,0.31,0.468,0.309,0.309,0.309,0.309,0.309,0.309,
1.0,0.321,0.311,0.311,0.311,0.311,0.311,0.311,0.311,0.311,
1.0,0.375,0.326,0.323,0.323,0.323,0.323,0.323,0.323,0.323,
1.0,0.404,0.347,0.346,0.346,0.346,0.346,0.346,0.346,0.346,
1.0,0.367,0.323,0.322,0.322,0.322,0.322,0.322,0.322,0.322,
1.0,0.342,0.332,0.329,0.328,0.328,0.328,0.328,0.328,0.328,
1.0,0.321,0.311,0.311,0.311,0.311,0.311,0.311,0.311,0.311,
1.0,0.332,0.343,0.312,0.312,0.312,0.312,0.312,0.312,0.312,
1.0,0.323,0.312,0.31,0.31,0.31,0.31,0.31,0.31,0.31,
1.0,0.32,0.311,0.311,0.311,0.311,0.311,0.311,0.311,0.311,
1.0,0.399,0.342,0.363,0.322,0.322,0.322,0.337,0.322,0.322,
1.0,0.345,0.313,0.309,0.309,0.309,0.309,0.309,0.309,0.309,
1.0,0.353,0.327,0.327,0.327,0.327,0.327,0.327,0.327,0.327,
1.0,0.316,0.31,0.31,0.31,0.31,0.31,0.31,0.31,0.31,
1.0,0.316,0.309,0.309,0.309,0.309,0.309,0.309,0.309,0.309,
1.0,0.343,0.323,0.323,0.323,0.323,0.323,0.323,0.323,0.323,
1.0,0.332,0.312,0.312,0.312,0.312,0.312,0.312,0.312,0.312,
1.0,0.376,0.345,0.326,0.326,0.326,0.326,0.326,0.326,0.326,
1.0,0.381,0.316,0.316,0.316,0.316,0.316,0.316,0.316,0.316,
1.0,0.356,0.333,0.331,0.331,0.331,0.331,0.331,0.331,0.331,
1.0,0.356,0.315,0.312,0.312,0.312,0.312,0.312,0.312,0.312,
1.0,0.402,0.319,0.318,0.318,0.318,0.318,0.318,0.318,0.318,
1.0,0.404,0.418,0.323,0.321,0.321,0.321,0.321,0.321,0.321,
1.0,0.315,0.309,0.309,0.309,0.309,0.309,0.309,0.309,0.309,
1.0,0.335,0.316,0.316,0.316,0.316,0.316,0.316,0.316,0.316,
1.0,0.389,0.311,0.311,0.311,0.311,0.311,0.311,0.311,0.311,
1.0,0.315,0.31,0.31,0.31,0.31,0.31,0.31,0.31,0.31,
1.0,0.405,0.318,0.317,0.317,0.317,0.317,0.317,0.317,0.317,
1.0,0.35,0.318,0.318,0.318,0.318,0.318,0.318,0.318,0.318,
1.0,0.353,0.316,0.315,0.315,0.315,0.315,0.315,0.315,0.315,
1.0,0.313,0.308,0.308,0.308,0.308,0.308,0.308,0.308,0.308,
1.0,0.328,0.316,0.316,0.316,0.316,0.316,0.316,0.316,0.316,
1.0,0.35,0.422,0.312,0.312,0.312,0.312,0.312,0.312,0.312,
1.0,0.449,0.313,0.313,0.313,0.313,0.313,0.313,0.313,0.313,
1.0,0.32,0.31,0.31,0.31,0.31,0.31,0.31,0.31,0.31,
1.0,0.329,0.314,0.314,0.314,0.314,0.314,0.314,0.314,0.314,
1.0,0.389,0.402,0.325,0.325,0.325,0.325,0.325,0.325,0.325,
1.0,0.316,0.31,0.31,0.31,0.31,0.31,0.31,0.31,0.31,
1.0,0.401,0.314,0.313,0.313,0.313,0.313,0.313,0.313,0.313,
1.0,0.323,0.312,0.312,0.312,0.312,0.312,0.312,0.312,0.312,
1.0,0.316,0.317,0.314,0.314,0.314,0.314,0.314,0.314,0.314,
1.0,0.355,0.402,0.419,0.346,0.315,0.417,0.319,0.314,0.314,
1.0,0.487,0.317,0.315,0.316,0.315,0.315,0.315,0.315,0.315,
1.0,0.404,0.321,0.318,0.318,0.318,0.318,0.318,0.318,0.318,
1.0,0.367,0.309,0.309,0.309,0.309,0.309,0.309,0.309,0.309,
1.0,0.327,0.313,0.313,0.313,0.313,0.313,0.313,0.313,0.313,
1.0,0.476,0.317,0.317,0.317,0.317,0.317,0.317,0.317,0.317,
1.0,0.394,0.445,0.331,0.331,0.331,0.331,0.331,0.331,0.331,
1.0,0.403,0.314,0.314,0.314,0.314,0.314,0.314,0.314,0.314,
1.0,0.329,0.316,0.315,0.315,0.315,0.315,0.315,0.315,0.315,
1.0,0.372,0.335,0.335,0.335,0.335,0.335,0.335,0.335,0.335,
1.0,0.318,0.31,0.31,0.31,0.31,0.31,0.31,0.31,0.31,
1.0,0.314,0.308,0.308,0.308,0.308,0.308,0.308,0.308,0.308,
1.0,0.343,0.44,0.322,0.322,0.322,0.322,0.322,0.322,0.322,
1.0,0.414,0.313,0.313,0.313,0.313,0.313,0.313,0.313,0.313,
1.0,0.338,0.317,0.317,0.317,0.317,0.317,0.317,0.317,0.317,
1.0,0.351,0.315,0.315,0.315,0.315,0.315,0.315,0.315,0.315,
1.0,0.464,0.328,0.327,0.327,0.327,0.327,0.327,0.327,0.327,
1.0,0.394,0.323,0.313,0.313,0.313,0.313,0.313,0.313,0.313,
1.0,0.363,0.314,0.313,0.313,0.313,0.313,0.313,0.313,0.313,
1.0,0.341,0.321,0.32,0.32,0.32,0.32,0.32,0.32,0.32,
1.0,0.332,0.317,0.317,0.317,0.317,0.317,0.317,0.317,0.317,
1.0,0.367,0.345,0.316,0.316,0.316,0.316,0.316,0.316,0.316,
1.0,0.354,0.313,0.313,0.313,0.313,0.313,0.313,0.313,0.313,
1.0,0.403,0.315,0.309,0.309,0.309,0.309,0.309,0.309,0.309,
1.0,0.341,0.32,0.313,0.313,0.313,0.313,0.313,0.313,0.313,
1.0,0.42,0.347,0.339,0.339,0.339,0.339,0.339,0.339,0.339,
1.0,0.322,0.312,0.312,0.312,0.312,0.312,0.312,0.312,0.312,
1.0,0.388,0.324,0.328,0.323,0.323,0.323,0.323,0.323,0.323,
1.0,0.32,0.311,0.311,0.311,0.311,0.311,0.311,0.311,0.311,
1.0,0.315,0.309,0.309,0.309,0.309,0.309,0.309,0.309,0.309,
1.0,0.329,0.343,0.32,0.318,0.318,0.318,0.318,0.318,0.318,
1.0,0.369,0.315,0.314,0.314,0.314,0.314,0.314,0.314,0.314,
1.0,0.352,0.322,0.322,0.322,0.322,0.322,0.322,0.322,0.322,
1.0,0.445,0.323,0.321,0.322,0.321,0.322,0.321,0.322,0.321,
1.0,0.394,0.338,0.319,0.334,0.311,0.311,0.311,0.311,0.311,
1.0,0.345,0.309,0.309,0.309,0.309,0.309,0.309,0.309,0.309,
1.0,0.567,0.364,0.451,0.315,0.315,0.315,0.315,0.315,0.315,
1.0,0.458,0.363,0.332,0.328,0.328,0.328,0.328,0.328,0.328,
1.0,0.33,0.316,0.316,0.316,0.316,0.316,0.316,0.316,0.316,
1.0,0.327,0.315,0.314,0.314,0.314,0.314,0.314,0.314,0.314,
1.0,0.496,0.342,0.388,0.331,0.331,0.324,0.324,0.324,0.324,
1.0,0.379,0.32,0.319,0.318,0.318,0.318,0.318,0.318,0.318,
1.0,0.337,0.309,0.309,0.309,0.309,0.309,0.309,0.309,0.309,
1.0,0.519,0.314,0.312,0.312,0.312,0.312,0.312,0.312,0.312,
1.0,0.475,0.325,0.324,0.324,0.324,0.324,0.324,0.324,0.324,
1.0,0.327,0.314,0.314,0.314,0.314,0.314,0.314,0.314,0.314,
1.0,0.41,0.312,0.312,0.312,0.312,0.312,0.312,0.312,0.312,
1.0,0.428,0.413,0.328,0.313,0.313,0.313,0.313,0.313,0.313,
1.0,0.311,0.308,0.308,0.308,0.308,0.308,0.308,0.308,0.308,
1.0,0.336,0.443,0.334,0.31,0.31,0.316,0.316,0.316,0.316,
1.0,0.316,0.309,0.309,0.309,0.309,0.309,0.309,0.309,0.309,
1.0,0.361,0.354,0.345,0.316,0.313,0.313,0.313,0.313,0.313,
1.0,0.449,0.33,0.325,0.325,0.325,0.325,0.325,0.325,0.325,
1.0,0.352,0.319,0.317,0.317,0.317,0.317,0.317,0.317,0.317,
1.0,0.348,0.312,0.314,0.31,0.311,0.311,0.311,0.311,0.311,
1.0,0.44,0.32,0.319,0.319,0.319,0.319,0.319,0.319,0.319,
1.0,0.326,0.314,0.314,0.314,0.314,0.314,0.314,0.314,0.314,
1.0,0.348,0.329,0.322,0.314,0.314,0.314,0.314,0.314,0.314,
1.0,0.335,0.318,0.318,0.318,0.318,0.318,0.318,0.318,0.318,
1.0,0.369,0.316,0.316,0.316,0.316,0.316,0.316,0.316,0.316,
1.0,0.318,0.308,0.394,0.308,0.31,0.308,0.31,0.308,0.31,
1.0,0.505,0.35,0.319,0.334,0.321,0.321,0.321,0.321,0.321,
1.0,0.335,0.316,0.316,0.316,0.316,0.316,0.316,0.316,0.316,
1.0,0.435,0.468,0.435,0.359,0.323,0.316,0.316,0.316,0.316,
1.0,0.359,0.32,0.32,0.32,0.32,0.32,0.32,0.32,0.32,
1.0,0.325,0.313,0.313,0.313,0.313,0.313,0.313,0.313,0.313,
1.0,0.316,0.311,0.308,0.31,0.308,0.31,0.308,0.31,0.308,
1.0,0.332,0.317,0.316,0.316,0.316,0.316,0.316,0.316,0.316,
1.0,0.345,0.311,0.311,0.311,0.311,0.311,0.311,0.311,0.311,
1.0,0.321,0.311,0.311,0.311,0.311,0.311,0.311,0.311,0.311,
1.0,0.317,0.31,0.31,0.31,0.31,0.31,0.31,0.31,0.31,
1.0,0.437,0.323,0.314,0.314,0.314,0.314,0.314,0.314,0.314,
1.0,0.315,0.309,0.309,0.309,0.309,0.309,0.309,0.309,0.309,
1.0,0.315,0.309,0.308,0.308,0.308,0.308,0.308,0.308,0.308,
1.0,0.352,0.337,0.311,0.31,0.311,0.31,0.311,0.31,0.311,
1.0,0.503,0.313,0.311,0.31,0.31,0.31,0.31,0.31,0.31,
1.0,0.371,0.322,0.32,0.32,0.32,0.32,0.32,0.32,0.32,
1.0,0.362,0.322,0.322,0.322,0.322,0.322,0.322,0.322,0.322,
1.0,0.479,0.519,0.331,0.331,0.331,0.331,0.331,0.331,0.331,
1.0,0.454,0.322,0.321,0.32,0.32,0.32,0.32,0.32,0.32,
1.0,0.333,0.31,0.309,0.309,0.309,0.309,0.309,0.309,0.309,
1.0,0.426,0.417,0.315,0.314,0.314,0.314,0.314,0.314,0.314,
1.0,0.324,0.311,0.311,0.311,0.311,0.311,0.311,0.311,0.311,
1.0,0.343,0.33,0.323,0.323,0.323,0.323,0.323,0.323,0.323,
1.0,0.434,0.31,0.31,0.31,0.31,0.31,0.31,0.31,0.31,
1.0,0.351,0.315,0.314,0.314,0.314,0.314,0.314,0.314,0.314,
1.0,0.33,0.314,0.314,0.314,0.314,0.314,0.314,0.314,0.314,
1.0,0.335,0.319,0.319,0.319,0.319,0.319,0.319,0.319,0.319,
1.0,0.353,0.349,0.321,0.321,0.321,0.321,0.321,0.321,0.321,
1.0,0.417,0.336,0.334,0.334,0.334,0.334,0.334,0.334,0.334,
1.0,0.326,0.315,0.315,0.315,0.315,0.315,0.315,0.315,0.315,
1.0,0.328,0.314,0.314,0.314,0.314,0.314,0.314,0.314,0.314,
1.0,0.395,0.313,0.312,0.312,0.312,0.312,0.312,0.312,0.312,
1.0,0.451,0.412,0.346,0.337,0.322,0.321,0.321,0.321,0.321,
1.0,0.435,0.336,0.333,0.333,0.333,0.333,0.333,0.333,0.333,
1.0,0.35,0.326,0.325,0.325,0.325,0.325,0.325,0.325,0.325,
1.0,0.336,0.32,0.32,0.32,0.32,0.32,0.32,0.32,0.32,
1.0,0.323,0.315,0.314,0.314,0.314,0.314,0.314,0.314,0.314,
1.0,0.335,0.336,0.32,0.319,0.319,0.319,0.319,0.319,0.319,
1.0,0.334,0.317,0.326,0.325,0.316,0.315,0.315,0.315,0.315,
1.0,0.329,0.315,0.315,0.315,0.315,0.315,0.315,0.315,0.315,
1.0,0.353,0.323,0.321,0.321,0.321,0.321,0.321,0.321,0.321,
1.0,0.321,0.313,0.313,0.313,0.313,0.313,0.313,0.313,0.313,
1.0,0.375,0.327,0.32,0.32,0.32,0.32,0.32,0.32,0.32,
1.0,0.323,0.313,0.313,0.313,0.313,0.313,0.313,0.313,0.313,
1.0,0.317,0.309,0.309,0.309,0.309,0.309,0.309,0.309,0.309,
1.0,0.327,0.313,0.313,0.313,0.313,0.313,0.313,0.313,0.313,
1.0,0.398,0.31,0.31,0.31,0.31,0.31,0.31,0.31,0.31,
1.0,0.325,0.314,0.314,0.314,0.314,0.314,0.314,0.314,0.314,
1.0,0.313,0.309,0.309,0.309,0.309,0.309,0.309,0.309,0.309,
1.0,0.367,0.325,0.324,0.324,0.324,0.324,0.324,0.324,0.324,
1.0,0.383,0.321,0.319,0.319,0.319,0.319,0.319,0.319,0.319,
1.0,0.418,0.319,0.316,0.316,0.316,0.316,0.316,0.316,0.316,
1.0,0.328,0.316,0.316,0.316,0.316,0.316,0.316,0.316,0.316,
1.0,0.408,0.345,0.324,0.322,0.322,0.322,0.322,0.322,0.322,
1.0,0.345,0.319,0.32,0.319,0.319,0.319,0.319,0.319,0.319,
1.0,0.317,0.312,0.312,0.312,0.312,0.312,0.312,0.312,0.312,
1.0,0.344,0.319,0.317,0.317,0.317,0.317,0.317,0.317,0.317,
1.0,0.462,0.324,0.323,0.323,0.323,0.323,0.323,0.356,0.323,
1.0,0.354,0.312,0.31,0.31,0.31,0.31,0.31,0.31,0.31,
1.0,0.339,0.317,0.317,0.317,0.317,0.317,0.317,0.317,0.317,
1.0,0.352,0.31,0.309,0.309,0.309,0.309,0.309,0.309,0.309,
1.0,0.333,0.317,0.317,0.317,0.317,0.317,0.317,0.317,0.317,
1.0,0.346,0.362,0.322,0.312,0.312,0.312,0.312,0.312,0.312,
1.0,0.362,0.316,0.313,0.313,0.313,0.313,0.313,0.313,0.313,
1.0,0.444,0.364,0.33,0.33,0.33,0.33,0.33,0.33,0.33,
1.0,0.329,0.36,0.317,0.317,0.317,0.317,0.317,0.317,0.317,

1.0,0.366,0.303,0.303,0.303,0.303,0.303,0.303,0.303,0.303,
1.0,0.319,0.311,0.311,0.311,0.311,0.311,0.311,0.311,0.311,
1.0,0.345,0.308,0.308,0.308,0.308,0.308,0.308,0.308,0.308,
1.0,0.309,0.308,0.308,0.308,0.308,0.308,0.308,0.308,0.308,
1.0,0.311,0.307,0.307,0.307,0.307,0.307,0.307,0.307,0.307,
1.0,0.321,0.311,0.311,0.311,0.311,0.311,0.311,0.311,0.311,
1.0,0.317,0.309,0.309,0.309,0.309,0.309,0.309,0.309,0.309,
1.0,0.322,0.311,0.311,0.311,0.311,0.311,0.311,0.311,0.311,
1.0,0.317,0.311,0.311,0.311,0.311,0.311,0.311,0.311,0.311,
1.0,0.307,0.305,0.305,0.305,0.305,0.305,0.305,0.305,0.305,
1.0,0.402,0.313,0.312,0.312,0.312,0.312,0.312,0.312,0.312,
1.0,0.303,0.303,0.303,0.303,0.303,0.303,0.303,0.303,0.303,
1.0,0.308,0.306,0.306,0.306,0.306,0.306,0.306,0.306,0.306,
1.0,0.302,0.302,0.302,0.302,0.302,0.302,0.302,0.302,0.302,
1.0,0.314,0.31,0.31,0.31,0.31,0.31,0.31,0.31,0.31,
1.0,0.345,0.313,0.336,0.316,0.314,0.314,0.314,0.314,0.314,
1.0,0.301,0.301,0.301,0.301,0.301,0.301,0.301,0.301,0.301,
1.0,0.322,0.34,0.312,0.311,0.311,0.311,0.311,0.311,0.311,
1.0,0.304,0.303,0.303,0.303,0.303,0.303,0.303,0.303,0.303,
1.0,0.303,0.302,0.302,0.302,0.302,0.302,0.302,0.302,0.302,
1.0,0.308,0.305,0.305,0.305,0.305,0.305,0.305,0.305,0.305,
1.0,0.304,0.304,0.304,0.304,0.304,0.304,0.304,0.304,0.304,
1.0,0.313,0.306,0.306,0.306,0.306,0.306,0.306,0.306,0.306,
1.0,0.378,0.312,0.312,0.312,0.312,0.312,0.312,0.312,0.312,
1.0,0.313,0.308,0.308,0.308,0.308,0.308,0.308,0.308,0.308,
1.0,0.319,0.312,0.312,0.312,0.312,0.312,0.312,0.312,0.312,
1.0,0.318,0.309,0.309,0.309,0.309,0.309,0.309,0.309,0.309,
1.0,0.313,0.309,0.309,0.309,0.309,0.309,0.309,0.309,0.309,
1.0,0.441,0.309,0.309,0.309,0.309,0.309,0.309,0.309,0.309,
1.0,0.347,0.307,0.307,0.307,0.307,0.307,0.307,0.307,0.307,
1.0,0.382,0.304,0.304,0.304,0.304,0.304,0.304,0.304,0.304,
1.0,0.322,0.311,0.311,0.311,0.311,0.311,0.311,0.311,0.311,
1.0,0.309,0.306,0.306,0.306,0.306,0.306,0.306,0.306,0.306,
1.0,0.323,0.313,0.312,0.312,0.312,0.312,0.312,0.312,0.312,
1.0,0.322,0.311,0.311,0.311,0.311,0.311,0.311,0.311,0.311,
1.0,0.314,0.309,0.309,0.309,0.309,0.309,0.309,0.309,0.309,
1.0,0.319,0.31,0.31,0.31,0.31,0.31,0.31,0.31,0.31,
1.0,0.322,0.312,0.312,0.312,0.312,0.312,0.312,0.312,0.312,
1.0,0.324,0.308,0.307,0.307,0.307,0.307,0.307,0.307,0.307,
1.0,0.343,0.313,0.312,0.312,0.312,0.312,0.312,0.312,0.312,
1.0,0.337,0.308,0.308,0.308,0.308,0.308,0.308,0.308,0.308,
1.0,0.308,0.305,0.305,0.305,0.305,0.305,0.305,0.305,0.305,
1.0,0.346,0.311,0.311,0.311,0.311,0.311,0.311,0.311,0.311,
1.0,0.307,0.305,0.305,0.305,0.305,0.305,0.305,0.305,0.305,
1.0,0.316,0.309,0.309,0.309,0.309,0.309,0.309,0.309,0.309,
1.0,0.317,0.309,0.309,0.309,0.309,0.309,0.309,0.309,0.309,
1.0,0.309,0.307,0.307,0.307,0.307,0.307,0.307,0.307,0.307,
1.0,0.301,0.301,0.301,0.301,0.301,0.301,0.301,0.301,0.301,
1.0,0.375,0.314,0.313,0.313,0.313,0.313,0.313,0.313,0.313,
1.0,0.302,0.302,0.302,0.302,0.302,0.302,0.302,0.302,0.302,
1.0,0.386,0.311,0.31,0.31,0.31,0.31,0.31,0.31,0.31,
1.0,0.335,0.311,0.311,0.311,0.311,0.311,0.311,0.311,0.311,
1.0,0.308,0.306,0.306,0.306,0.306,0.306,0.306,0.306,0.306,
1.0,0.308,0.305,0.305,0.305,0.305,0.305,0.305,0.305,0.305,
1.0,0.312,0.309,0.308,0.308,0.308,0.308,0.308,0.308,0.308,
1.0,0.33,0.309,0.309,0.309,0.309,0.309,0.309,0.309,0.309,
1.0,0.306,0.304,0.304,0.304,0.304,0.304,0.304,0.304,0.304,
1.0,0.32,0.312,0.311,0.311,0.311,0.311,0.311,0.311,0.311,
1.0,0.307,0.307,0.307,0.307,0.307,0.307,0.307,0.307,0.307,
1.0,0.421,0.312,0.312,0.312,0.312,0.312,0.312,0.312,0.312,
1.0,0.313,0.31,0.31,0.31,0.31,0.31,0.31,0.31,0.31,
1.0,0.379,0.312,0.312,0.312,0.312,0.312,0.312,0.312,0.312,
1.0,0.381,0.313,0.312,0.312,0.312,0.312,0.312,0.312,0.312,
1.0,0.309,0.306,0.306,0.306,0.306,0.306,0.306,0.306,0.306,
1.0,0.31,0.306,0.306,0.306,0.306,0.306,0.306,0.306,0.306,
1.0,0.317,0.309,0.309,0.309,0.309,0.309,0.309,0.309,0.309,
1.0,0.303,0.302,0.302,0.302,0.302,0.302,0.302,0.302,0.302,
1.0,0.321,0.31,0.31,0.31,0.31,0.31,0.31,0.31,0.31,
1.0,0.3,0.3,0.3,0.3,0.3,0.3,0.3,0.3,0.3,
1.0,0.339,0.311,0.311,0.311,0.311,0.311,0.311,0.311,0.311,
1.0,0.31,0.308,0.308,0.308,0.308,0.308,0.308,0.308,0.308,
1.0,0.381,0.311,0.304,0.304,0.304,0.304,0.304,0.304,0.304,
1.0,0.318,0.31,0.309,0.309,0.309,0.309,0.309,0.309,0.309,
1.0,0.328,0.314,0.314,0.314,0.314,0.314,0.314,0.314,0.314,
1.0,0.315,0.31,0.31,0.31,0.31,0.31,0.31,0.31,0.31,
1.0,0.308,0.306,0.306,0.306,0.306,0.306,0.306,0.306,0.306,
1.0,0.406,0.315,0.312,0.312,0.312,0.312,0.312,0.312,0.312,
1.0,0.314,0.308,0.308,0.308,0.308,0.308,0.308,0.308,0.308,
1.0,0.321,0.312,0.312,0.312,0.312,0.312,0.312,0.312,0.312,
1.0,0.303,0.302,0.302,0.302,0.302,0.302,0.302,0.302,0.302,
1.0,0.318,0.311,0.311,0.311,0.311,0.311,0.311,0.311,0.311,
1.0,0.388,0.309,0.309,0.309,0.309,0.309,0.309,0.309,0.309,
1.0,0.3,0.3,0.3,0.3,0.3,0.3,0.3,0.3,0.3,
1.0,0.391,0.309,0.309,0.309,0.309,0.309,0.309,0.309,0.309,
1.0,0.319,0.312,0.312,0.312,0.312,0.312,0.312,0.312,0.312,
1.0,0.35,0.308,0.308,0.308,0.308,0.308,0.308,0.308,0.308,
1.0,0.3,0.3,0.3,0.3,0.3,0.3,0.3,0.3,0.3,
1.0,0.307,0.305,0.305,0.305,0.305,0.305,0.305,0.305,0.305,
1.0,0.3,0.3,0.3,0.3,0.3,0.3,0.3,0.3,0.3,
1.0,0.352,0.312,0.309,0.309,0.309,0.309,0.309,0.309,0.309,
1.0,0.306,0.305,0.305,0.305,0.305,0.305,0.305,0.305,0.305,
1.0,0.391,0.319,0.312,0.313,0.313,0.312,0.313,0.312,0.313,
1.0,0.383,0.312,0.312,0.312,0.312,0.312,0.312,0.312,0.312,
1.0,0.312,0.307,0.307,0.307,0.307,0.307,0.307,0.307,0.307,
1.0,0.512,0.309,0.307,0.307,0.307,0.307,0.307,0.307,0.307,
1.0,0.308,0.306,0.306,0.306,0.306,0.306,0.306,0.306,0.306,
1.0,0.311,0.307,0.307,0.307,0.307,0.307,0.307,0.307,0.307,
1.0,0.318,0.309,0.309,0.309,0.309,0.309,0.309,0.309,0.309,
1.0,0.305,0.304,0.304,0.304,0.304,0.304,0.304,0.304,0.304,
1.0,0.306,0.305,0.305,0.305,0.305,0.305,0.305,0.305,0.305,
1.0,0.453,0.339,0.342,0.312,0.312,0.312,0.312,0.312,0.312,
1.0,0.321,0.31,0.31,0.31,0.31,0.31,0.31,0.31,0.31,
1.0,0.307,0.306,0.306,0.306,0.306,0.306,0.306,0.306,0.306,
1.0,0.32,0.311,0.311,0.311,0.311,0.311,0.311,0.311,0.311,
1.0,0.348,0.311,0.311,0.311,0.311,0.311,0.311,0.311,0.311,
1.0,0.314,0.31,0.31,0.31,0.31,0.31,0.31,0.31,0.31,
1.0,0.316,0.309,0.309,0.309,0.309,0.309,0.309,0.309,0.309,
1.0,0.3,0.3,0.3,0.3,0.3,0.3,0.3,0.3,0.3,
1.0,0.313,0.308,0.308,0.308,0.308,0.308,0.308,0.308,0.308,
1.0,0.319,0.307,0.307,0.307,0.307,0.307,0.307,0.307,0.307,
1.0,0.304,0.304,0.304,0.304,0.304,0.304,0.304,0.304,0.304,
1.0,0.321,0.311,0.311,0.311,0.311,0.311,0.311,0.311,0.311,
1.0,0.431,0.309,0.309,0.309,0.309,0.309,0.309,0.309,0.309,
1.0,0.307,0.303,0.303,0.303,0.303,0.303,0.303,0.303,0.303,
1.0,0.324,0.312,0.312,0.312,0.312,0.312,0.312,0.312,0.312,
1.0,0.365,0.314,0.313,0.313,0.313,0.313,0.313,0.313,0.313,
1.0,0.309,0.306,0.306,0.306,0.306,0.306,0.306,0.306,0.306,
1.0,0.316,0.31,0.31,0.31,0.31,0.31,0.31,0.31,0.31,
1.0,0.319,0.31,0.31,0.31,0.31,0.31,0.31,0.31,0.31,
1.0,0.318,0.313,0.313,0.313,0.313,0.313,0.313,0.313,0.313,
1.0,0.318,0.311,0.311,0.311,0.311,0.311,0.311,0.311,0.311,
1.0,0.307,0.306,0.306,0.306,0.306,0.306,0.306,0.306,0.306,
1.0,0.3,0.3,0.3,0.3,0.3,0.3,0.3,0.3,0.3,
1.0,0.304,0.304,0.304,0.304,0.304,0.304,0.304,0.304,0.304,
1.0,0.321,0.31,0.31,0.31,0.31,0.31,0.31,0.31,0.31,
1.0,0.307,0.305,0.305,0.305,0.305,0.305,0.305,0.305,0.305,
1.0,0.324,0.312,0.312,0.312,0.312,0.312,0.312,0.312,0.312,
1.0,0.319,0.311,0.311,0.311,0.311,0.311,0.311,0.311,0.311,
1.0,0.315,0.309,0.309,0.309,0.309,0.309,0.309,0.309,0.309,
1.0,0.338,0.307,0.307,0.307,0.307,0.307,0.307,0.307,0.307,
1.0,0.344,0.312,0.312,0.312,0.312,0.312,0.312,0.312,0.312,
1.0,0.424,0.337,0.312,0.312,0.312,0.312,0.312,0.312,0.312,
1.0,0.315,0.31,0.313,0.31,0.31,0.31,0.31,0.31,0.31,
1.0,0.308,0.306,0.306,0.306,0.306,0.306,0.306,0.306,0.306,
1.0,0.315,0.309,0.309,0.309,0.309,0.309,0.309,0.309,0.309,
1.0,0.382,0.311,0.311,0.311,0.311,0.311,0.311,0.311,0.311,
1.0,0.311,0.309,0.309,0.309,0.309,0.309,0.309,0.309,0.309,
1.0,0.308,0.305,0.305,0.305,0.305,0.305,0.305,0.305,0.305,
1.0,0.303,0.303,0.303,0.303,0.303,0.303,0.303,0.303,0.303,
1.0,0.309,0.306,0.306,0.306,0.306,0.306,0.306,0.306,0.306,
1.0,0.474,0.352,0.308,0.308,0.308,0.308,0.308,0.308,0.308,
1.0,0.318,0.311,0.311,0.311,0.311,0.311,0.311,0.311,0.311,
1.0,0.31,0.308,0.308,0.308,0.308,0.308,0.308,0.308,0.308,
1.0,0.321,0.312,0.312,0.312,0.312,0.312,0.312,0.312,0.312,
1.0,0.306,0.305,0.305,0.305,0.305,0.305,0.305,0.305,0.305,
1.0,0.331,0.313,0.313,0.313,0.313,0.313,0.313,0.313,0.313,
1.0,0.316,0.309,0.309,0.309,0.309,0.309,0.309,0.309,0.309,
1.0,0.428,0.312,0.311,0.311,0.311,0.311,0.311,0.311,0.311,
1.0,0.309,0.307,0.307,0.307,0.307,0.307,0.307,0.307,0.307,
1.0,0.503,0.309,0.309,0.309,0.309,0.309,0.309,0.309,0.309,
1.0,0.355,0.309,0.309,0.309,0.309,0.309,0.309,0.309,0.309,
1.0,0.383,0.313,0.31,0.31,0.31,0.31,0.31,0.31,0.31,
1.0,0.3,0.3,0.3,0.3,0.3,0.3,0.3,0.3,0.3,
1.0,0.314,0.309,0.309,0.309,0.309,0.309,0.309,0.309,0.309,
1.0,0.342,0.312,0.312,0.312,0.312,0.312,0.312,0.312,0.312,
1.0,0.32,0.311,0.31,0.31,0.31,0.31,0.31,0.31,0.31,
1.0,0.394,0.311,0.311,0.311,0.311,0.311,0.311,0.311,0.311,
1.0,0.341,0.313,0.313,0.313,0.313,0.313,0.313,0.313,0.313,
1.0,0.446,0.311,0.311,0.311,0.311,0.311,0.311,0.311,0.311,
1.0,0.311,0.306,0.306,0.306,0.306,0.306,0.306,0.306,0.306,
1.0,0.316,0.31,0.31,0.31,0.31,0.31,0.31,0.31,0.31,
1.0,0.308,0.307,0.307,0.307,0.307,0.307,0.307,0.307,0.307,
1.0,0.322,0.312,0.312,0.312,0.312,0.312,0.312,0.312,0.312,
1.0,0.338,0.31,0.31,0.31,0.31,0.31,0.31,0.31,0.31,
1.0,0.346,0.307,0.307,0.307,0.307,0.307,0.307,0.307,0.307,
1.0,0.302,0.301,0.301,0.301,0.301,0.301,0.301,0.301,0.301,
1.0,0.318,0.31,0.31,0.31,0.31,0.31,0.31,0.31,0.31,
1.0,0.312,0.31,0.31,0.31,0.31,0.31,0.31,0.31,0.31,
1.0,0.313,0.307,0.307,0.307,0.307,0.307,0.307,0.307,0.307,
1.0,0.318,0.311,0.311,0.311,0.311,0.311,0.311,0.311,0.311,
1.0,0.318,0.309,0.309,0.309,0.309,0.309,0.309,0.309,0.309,
1.0,0.309,0.307,0.307,0.307,0.307,0.307,0.307,0.307,0.307,
1.0,0.324,0.313,0.313,0.313,0.313,0.313,0.313,0.313,0.313,
1.0,0.303,0.303,0.303,0.303,0.303,0.303,0.303,0.303,0.303,
1.0,0.318,0.386,0.348,0.326,0.312,0.313,0.313,0.313,0.313,
1.0,0.318,0.309,0.308,0.308,0.308,0.308,0.308,0.308,0.308,
1.0,0.301,0.301,0.301,0.301,0.301,0.301,0.301,0.301,0.301,
1.0,0.317,0.31,0.31,0.31,0.31,0.31,0.31,0.31,0.31,
1.0,0.32,0.312,0.312,0.312,0.312,0.312,0.312,0.312,0.312,
1.0,0.321,0.312,0.312,0.312,0.312,0.312,0.312,0.312,0.312,
1.0,0.309,0.306,0.306,0.306,0.306,0.306,0.306,0.306,0.306,
1.0,0.32,0.311,0.311,0.311,0.311,0.311,0.311,0.311,0.311,
1.0,0.315,0.309,0.309,0.309,0.309,0.309,0.309,0.309,0.309,
1.0,0.314,0.308,0.308,0.308,0.308,0.308,0.308,0.308,0.308,
1.0,0.302,0.302,0.302,0.302,0.302,0.302,0.302,0.302,0.302,
1.0,0.351,0.313,0.313,0.313,0.313,0.313,0.313,0.313,0.313,
1.0,0.319,0.31,0.31,0.31,0.31,0.31,0.31,0.31,0.31,
1.0,0.308,0.306,0.306,0.306,0.306,0.306,0.306,0.306,0.306,
1.0,0.305,0.305,0.305,0.305,0.305,0.305,0.305,0.305,0.305,
1.0,0.316,0.31,0.31,0.31,0.31,0.31,0.31,0.31,0.31,
1.0,0.322,0.31,0.31,0.31,0.31,0.31,0.31,0.31,0.31,
1.0,0.317,0.311,0.311,0.311,0.311,0.311,0.311,0.311,0.311,
1.0,0.344,0.311,0.311,0.311,0.311,0.311,0.311,0.311,0.311,
1.0,0.364,0.315,0.314,0.314,0.314,0.314,0.314,0.314,0.314,
1.0,0.308,0.307,0.307,0.307,0.307,0.307,0.307,0.307,0.307,
1.0,0.304,0.304,0.304,0.304,0.304,0.304,0.304,0.304,0.304,
1.0,0.314,0.311,0.311,0.311,0.311,0.311,0.311,0.311,0.311,
1.0,0.372,0.315,0.315,0.315,0.315,0.315,0.315,0.315,0.315,
1.0,0.306,0.305,0.305,0.305,0.305,0.305,0.305,0.305,0.305,
1.0,0.491,0.308,0.306,0.306,0.306,0.306,0.306,0.306,0.306,
1.0,0.318,0.31,0.31,0.31,0.31,0.31,0.31,0.31,0.31,
1.0,0.311,0.306,0.306,0.306,0.306,0.306,0.306,0.306,0.306,
1.0,0.302,0.302,0.302,0.302,0.302,0.302,0.302,0.302,0.302,
1.0,0.305,0.304,0.304,0.304,0.304,0.304,0.304,0.304,0.304,
1.0,0.353,0.312,0.312,0.312,0.312,0.312,0.312,0.312,0.312,
1.0,0.322,0.312,0.312,0.312,0.312,0.312,0.312,0.312,0.312,
1.0,0.302,0.302,0.302,0.302,0.302,0.302,0.302,0.302,0.302,
1.0,0.315,0.309,0.309,0.309,0.309,0.309,0.309,0.309,0.309,
1.0,0.342,0.308,0.308,0.308,0.308,0.308,0.308,0.308,0.308,
1.0,0.317,0.31,0.31,0.31,0.31,0.31,0.31,0.31,0.31,
1.0,0.306,0.305,0.305,0.305,0.305,0.305,0.305,0.305,0.305,
1.0,0.315,0.308,0.308,0.308,0.308,0.308,0.308,0.308,0.308,
1.0,0.31,0.308,0.308,0.308,0.308,0.308,0.308,0.308,0.308,
1.0,0.322,0.312,0.312,0.312,0.312,0.312,0.312,0.312,0.312,
1.0,0.306,0.305,0.305,0.305,0.305,0.305,0.305,0.305,0.305,
1.0,0.323,0.312,0.312,0.312,0.312,0.312,0.312,0.312,0.312,
1.0,0.306,0.305,0.305,0.305,0.305,0.305,0.305,0.305,0.305,
1.0,0.308,0.306,0.306,0.306,0.306,0.306,0.306,0.306,0.306,
1.0,0.305,0.304,0.304,0.304,0.304,0.304,0.304,0.304,0.304,
1.0,0.3,0.3,0.3,0.3,0.3,0.3,0.3,0.3,0.3,
1.0,0.401,0.312,0.312,0.312,0.312,0.312,0.312,0.312,0.312,
1.0,0.314,0.309,0.309,0.309,0.309,0.309,0.309,0.309,0.309,
1.0,0.35,0.31,0.31,0.31,0.31,0.31,0.31,0.31,0.31,
1.0,0.32,0.31,0.31,0.31,0.31,0.31,0.31,0.31,0.31,
1.0,0.317,0.31,0.31,0.31,0.31,0.31,0.31,0.31,0.31,
1.0,0.309,0.308,0.308,0.354,0.307,0.307,0.307,0.307,0.307,
1.0,0.377,0.313,0.312,0.312,0.312,0.312,0.312,0.312,0.312,
1.0,0.305,0.303,0.303,0.303,0.303,0.303,0.303,0.303,0.303,
1.0,0.308,0.306,0.306,0.306,0.306,0.306,0.306,0.306,0.306,
1.0,0.307,0.305,0.305,0.305,0.305,0.305,0.305,0.305,0.305,
1.0,0.321,0.311,0.311,0.311,0.311,0.311,0.311,0.311,0.311,
1.0,0.461,0.304,0.304,0.304,0.304,0.304,0.304,0.304,0.304,
1.0,0.324,0.312,0.312,0.312,0.312,0.312,0.312,0.312,0.312,
1.0,0.318,0.309,0.309,0.309,0.309,0.309,0.309,0.309,0.309,
1.0,0.306,0.305,0.305,0.305,0.305,0.305,0.305,0.305,0.305,
1.0,0.319,0.311,0.311,0.311,0.311,0.311,0.311,0.311,0.311,
1.0,0.342,0.308,0.308,0.308,0.308,0.308,0.308,0.308,0.308,
1.0,0.346,0.307,0.306,0.306,0.306,0.306,0.306,0.306,0.306,
1.0,0.322,0.312,0.312,0.312,0.312,0.312,0.312,0.312,0.312,
1.0,0.307,0.305,0.305,0.305,0.305,0.305,0.305,0.305,0.305,
1.0,0.304,0.303,0.303,0.303,0.303,0.303,0.303,0.303,0.303,
1.0,0.312,0.307,0.307,0.307,0.307,0.307,0.307,0.307,0.307,
1.0,0.363,0.322,0.304,0.304,0.304,0.304,0.304,0.304,0.304,
1.0,0.324,0.311,0.311,0.311,0.311,0.311,0.311,0.311,0.311,
1.0,0.31,0.306,0.306,0.306,0.306,0.306,0.306,0.306,0.306,
1.0,0.305,0.304,0.304,0.304,0.304,0.304,0.304,0.304,0.304,
1.0,0.3,0.3,0.3,0.3,0.3,0.3,0.3,0.3,0.3,
1.0,0.32,0.311,0.311,0.311,0.311,0.311,0.311,0.311,0.311,
1.0,0.3,0.3,0.3,0.3,0.3,0.3,0.3,0.3,0.3,
1.0,0.32,0.31,0.31,0.31,0.31,0.31,0.31,0.31,0.31,
1.0,0.304,0.304,0.304,0.304,0.304,0.304,0.304,0.304,0.304,
1.0,0.315,0.309,0.309,0.309,0.309,0.309,0.309,0.309,0.309,
1.0,0.453,0.343,0.31,0.309,0.309,0.309,0.309,0.309,0.309,
1.0,0.316,0.308,0.308,0.308,0.308,0.308,0.308,0.308,0.308,
1.0,0.304,0.303,0.303,0.303,0.303,0.303,0.303,0.303,0.303,
1.0,0.324,0.312,0.312,0.312,0.312,0.312,0.312,0.312,0.312,
1.0,0.313,0.308,0.308,0.308,0.308,0.308,0.308,0.308,0.308,
1.0,0.318,0.312,0.312,0.312,0.312,0.312,0.312,0.312,0.312,
1.0,0.316,0.309,0.309,0.309,0.309,0.309,0.309,0.309,0.309,
1.0,0.323,0.311,0.311,0.311,0.311,0.311,0.311,0.311,0.311,
1.0,0.304,0.304,0.304,0.304,0.304,0.304,0.304,0.304,0.304,
1.0,0.311,0.308,0.308,0.308,0.308,0.308,0.308,0.308,0.308,
1.0,0.305,0.305,0.305,0.305,0.305,0.305,0.305,0.305,0.305,
1.0,0.342,0.311,0.311,0.311,0.311,0.311,0.311,0.311,0.311,
1.0,0.316,0.31,0.31,0.31,0.31,0.31,0.31,0.31,0.31,
1.0,0.3,0.3,0.3,0.3,0.3,0.3,0.3,0.3,0.3,
1.0,0.37,0.312,0.311,0.311,0.311,0.311,0.311,0.311,0.311,
1.0,0.306,0.305,0.305,0.305,0.305,0.305,0.305,0.305,0.305,
1.0,0.312,0.307,0.307,0.307,0.307,0.307,0.307,0.307,0.307,
1.0,0.439,0.312,0.309,0.309,0.309,0.309,0.309,0.309,0.309,
1.0,0.373,0.311,0.309,0.309,0.309,0.309,0.309,0.309,0.309,
1.0,0.3,0.3,0.3,0.3,0.3,0.3,0.3,0.3,0.3,
1.0,0.416,0.308,0.307,0.307,0.307,0.307,0.307,0.307,0.307,
1.0,0.315,0.308,0.308,0.308,0.308,0.308,0.308,0.308,0.308,
1.0,0.306,0.306,0.306,0.306,0.306,0.306,0.306,0.306,0.306,
1.0,0.318,0.31,0.31,0.31,0.31,0.31,0.31,0.31,0.31,
1.0,0.321,0.311,0.311,0.311,0.311,0.311,0.311,0.311,0.311,
1.0,0.313,0.307,0.307,0.307,0.307,0.307,0.307,0.307,0.307,
1.0,0.301,0.301,0.301,0.301,0.301,0.301,0.301,0.301,0.301,
1.0,0.314,0.307,0.307,0.307,0.307,0.307,0.307,0.307,0.307,
1.0,0.348,0.306,0.306,0.306,0.306,0.306,0.306,0.306,0.306,
1.0,0.38,0.311,0.31,0.31,0.31,0.31,0.31,0.31,0.31,
1.0,0.353,0.308,0.308,0.308,0.308,0.308,0.308,0.308,0.308,
1.0,0.319,0.31,0.309,0.309,0.309,0.309,0.309,0.309,0.309,
1.0,0.304,0.303,0.303,0.303,0.303,0.303,0.303,0.303,0.303,
1.0,0.304,0.303,0.303,0.303,0.303,0.303,0.303,0.303,0.303,
1.0,0.301,0.301,0.301,0.301,0.301,0.301,0.301,0.301,0.301,
1.0,0.313,0.308,0.308,0.308,0.308,0.308,0.308,0.308,0.308,
1.0,0.304,0.304,0.304,0.304,0.304,0.304,0.304,0.304,0.304,
1.0,0.315,0.308,0.308,0.308,0.308,0.308,0.308,0.308,0.308,
1.0,0.309,0.306,0.306,0.306,0.306,0.306,0.306,0.306,0.306,
1.0,0.314,0.308,0.308,0.308,0.308,0.308,0.308,0.308,0.308,
1.0,0.313,0.307,0.307,0.307,0.307,0.307,0.307,0.307,0.307,
1.0,0.312,0.309,0.309,0.309,0.309,0.309,0.309,0.309,0.309,
1.0,0.312,0.306,0.306,0.306,0.306,0.306,0.306,0.306,0.306,
1.0,0.367,0.319,0.31,0.31,0.31,0.31,0.31,0.31,0.31,
1.0,0.314,0.308,0.308,0.308,0.308,0.308,0.308,0.308,0.308,
1.0,0.347,0.305,0.305,0.305,0.305,0.305,0.305,0.305,0.305,
1.0,0.316,0.308,0.308,0.308,0.308,0.308,0.308,0.308,0.308,
1.0,0.395,0.308,0.308,0.308,0.308,0.308,0.308,0.308,0.308,
1.0,0.311,0.306,0.306,0.306,0.306,0.306,0.306,0.306,0.306,
1.0,0.315,0.309,0.309,0.309,0.309,0.309,0.309,0.309,0.309,
1.0,0.378,0.374,0.31,0.309,0.309,0.309,0.309,0.309,0.309,
1.0,0.311,0.313,0.307,0.307,0.307,0.307,0.307,0.307,0.307,
1.0,0.315,0.308,0.308,0.308,0.308,0.308,0.308,0.308,0.308,
1.0,0.354,0.305,0.305,0.305,0.305,0.305,0.305,0.305,0.305,
1.0,0.339,0.311,0.311,0.311,0.311,0.311,0.311,0.311,0.311,
1.0,0.305,0.304,0.304,0.304,0.304,0.304,0.304,0.304,0.304,
1.0,0.417,0.309,0.309,0.309,0.309,0.309,0.309,0.309,0.309,
1.0,0.307,0.305,0.305,0.305,0.305,0.305,0.305,0.305,0.305,
1.0,0.345,0.309,0.309,0.309,0.309,0.309,0.309,0.309,0.309,
1.0,0.318,0.309,0.309,0.309,0.309,0.309,0.309,0.309,0.309,
1.0,0.306,0.304,0.304,0.304,0.304,0.304,0.304,0.304,0.304,
1.0,0.398,0.307,0.307,0.307,0.307,0.307,0.307,0.307,0.307,
1.0,0.301,0.301,0.301,0.301,0.301,0.301,0.301,0.301,0.301,
1.0,0.439,0.306,0.306,0.306,0.306,0.306,0.306,0.306,0.306,
1.0,0.308,0.306,0.306,0.306,0.306,0.306,0.306,0.306,0.306,
1.0,0.304,0.304,0.304,0.304,0.304,0.304,0.304,0.304,0.304,
1.0,0.327,0.307,0.307,0.307,0.307,0.307,0.307,0.307,0.307,
1.0,0.307,0.305,0.305,0.305,0.305,0.305,0.305,0.305,0.305,
1.0,0.302,0.301,0.301,0.301,0.301,0.301,0.301,0.301,0.301,
1.0,0.306,0.305,0.305,0.305,0.305,0.305,0.305,0.305,0.305,
1.0,0.314,0.308,0.308,0.308,0.308,0.308,0.308,0.308,0.308,
1.0,0.434,0.309,0.309,0.309,0.309,0.309,0.309,0.309,0.309,
1.0,0.302,0.302,0.302,0.302,0.302,0.302,0.302,0.302,0.302,
1.0,0.302,0.302,0.302,0.302,0.302,0.302,0.302,0.302,0.302,
1.0,0.314,0.309,0.309,0.309,0.309,0.309,0.309,0.309,0.309,
1.0,0.313,0.307,0.307,0.307,0.307,0.307,0.307,0.307,0.307,
1.0,0.377,0.308,0.308,0.308,0.308,0.308,0.308,0.308,0.308,
1.0,0.317,0.309,0.309,0.309,0.309,0.309,0.309,0.309,0.309,
1.0,0.313,0.307,0.307,0.307,0.307,0.307,0.307,0.307,0.307,
1.0,0.353,0.309,0.309,0.309,0.309,0.309,0.309,0.309,0.309,
1.0,0.309,0.307,0.307,0.307,0.307,0.307,0.307,0.307,0.307,
1.0,0.318,0.31,0.31,0.31,0.31,0.31,0.31,0.31,0.31,
1.0,0.303,0.302,0.302,0.302,0.302,0.302,0.302,0.302,0.302,
1.0,0.3,0.3,0.3,0.3,0.3,0.3,0.3,0.3,0.3,
1.0,0.312,0.307,0.307,0.307,0.307,0.307,0.307,0.307,0.307,
1.0,0.301,0.301,0.301,0.301,0.301,0.301,0.301,0.301,0.301,
1.0,0.316,0.309,0.309,0.309,0.309,0.309,0.309,0.309,0.309,
1.0,0.304,0.303,0.303,0.303,0.303,0.303,0.303,0.303,0.303,
1.0,0.318,0.31,0.31,0.31,0.31,0.31,0.31,0.31,0.31,
1.0,0.303,0.303,0.303,0.303,0.303,0.303,0.303,0.303,0.303,
1.0,0.316,0.309,0.309,0.309,0.309,0.309,0.309,0.309,0.309,
1.0,0.313,0.307,0.307,0.307,0.307,0.307,0.307,0.307,0.307,
1.0,0.3,0.3,0.3,0.3,0.3,0.3,0.3,0.3,0.3,
1.0,0.312,0.308,0.308,0.308,0.308,0.308,0.308,0.308,0.308,
1.0,0.307,0.305,0.305,0.305,0.305,0.305,0.305,0.305,0.305,
1.0,0.31,0.307,0.307,0.307,0.307,0.307,0.307,0.307,0.307,
1.0,0.339,0.311,0.31,0.31,0.31,0.31,0.31,0.31,0.31,
1.0,0.308,0.306,0.306,0.306,0.306,0.306,0.306,0.306,0.306,
1.0,0.302,0.302,0.302,0.302,0.302,0.302,0.302,0.302,0.302,
1.0,0.303,0.302,0.302,0.302,0.302,0.302,0.302,0.302,0.302,
1.0,0.387,0.308,0.306,0.306,0.306,0.306,0.306,0.306,0.306,
1.0,0.314,0.307,0.307,0.307,0.307,0.307,0.307,0.307,0.307,
1.0,0.307,0.304,0.304,0.304,0.304,0.304,0.304,0.304,0.304,
1.0,0.342,0.314,0.309,0.309,0.309,0.309,0.309,0.309,0.309,
1.0,0.301,0.301,0.301,0.301,0.301,0.301,0.301,0.301,0.301,
1.0,0.316,0.309,0.309,0.309,0.309,0.309,0.309,0.309,0.309,
1.0,0.31,0.306,0.306,0.306,0.306,0.306,0.306,0.306,0.306,
1.0,0.318,0.31,0.31,0.31,0.31,0.31,0.31,0.31,0.31,
1.0,0.32,0.31,0.31,0.31,0.31,0.31,0.31,0.31,0.31,
1.0,0.318,0.308,0.308,0.308,0.308,0.308,0.308,0.308,0.308,
1.0,0.312,0.308,0.308,0.308,0.308,0.308,0.308,0.308,0.308,
1.0,0.306,0.305,0.305,0.305,0.305,0.305,0.305,0.305,0.305,
1.0,0.315,0.307,0.307,0.307,0.307,0.307,0.307,0.307,0.307,
1.0,0.388,0.309,0.309,0.309,0.309,0.309,0.309,0.309,0.309,
1.0,0.359,0.337,0.304,0.304,0.304,0.304,0.304,0.304,0.304,
1.0,0.318,0.309,0.309,0.309,0.309,0.309,0.309,0.309,0.309,
1.0,0.305,0.304,0.304,0.304,0.304,0.304,0.304,0.304,0.304,
1.0,0.316,0.31,0.309,0.309,0.309,0.309,0.309,0.309,0.309,
1.0,0.314,0.308,0.308,0.308,0.308,0.308,0.308,0.308,0.308,
1.0,0.312,0.308,0.308,0.308,0.308,0.308,0.308,0.308,0.308,
1.0,0.309,0.305,0.305,0.305,0.305,0.305,0.305,0.305,0.305,
1.0,0.315,0.308,0.308,0.308,0.308,0.308,0.308,0.308,0.308,
1.0,0.316,0.308,0.308,0.308,0.308,0.308,0.308,0.308,0.308,
1.0,0.351,0.306,0.303,0.303,0.303,0.303,0.303,0.303,0.303,
1.0,0.313,0.308,0.308,0.308,0.308,0.308,0.308,0.308,0.308,
1.0,0.303,0.303,0.303,0.303,0.303,0.303,0.303,0.303,0.303,
1.0,0.3,0.3,0.3,0.3,0.3,0.3,0.3,0.3,0.3,
1.0,0.303,0.303,0.303,0.303,0.303,0.303,0.303,0.303,0.303,
1.0,0.335,0.309,0.308,0.308,0.308,0.308,0.308,0.308,0.308,
1.0,0.31,0.307,0.307,0.307,0.307,0.307,0.307,0.307,0.307,
1.0,0.302,0.302,0.302,0.302,0.302,0.302,0.302,0.302,0.302,
1.0,0.316,0.309,0.309,0.309,0.309,0.309,0.309,0.309,0.309,
1.0,0.312,0.307,0.307,0.307,0.307,0.307,0.307,0.307,0.307,
1.0,0.304,0.304,0.304,0.304,0.304,0.304,0.304,0.304,0.304,
1.0,0.32,0.31,0.31,0.31,0.31,0.31,0.31,0.31,0.31,
1.0,0.301,0.301,0.301,0.301,0.301,0.301,0.301,0.301,0.301,
1.0,0.311,0.306,0.306,0.306,0.306,0.306,0.306,0.306,0.306,
1.0,0.304,0.304,0.304,0.304,0.304,0.304,0.304,0.304,0.304,
1.0,0.306,0.304,0.304,0.304,0.304,0.304,0.304,0.304,0.304,
1.0,0.307,0.305,0.305,0.305,0.305,0.305,0.305,0.305,0.305,
1.0,0.314,0.308,0.308,0.308,0.308,0.308,0.308,0.308,0.308,
1.0,0.303,0.303,0.303,0.303,0.303,0.303,0.303,0.303,0.303,
1.0,0.309,0.305,0.305,0.305,0.305,0.305,0.305,0.305,0.305,
1.0,0.326,0.307,0.307,0.307,0.307,0.307,0.307,0.307,0.307,
1.0,0.306,0.305,0.305,0.305,0.305,0.305,0.305,0.305,0.305,
1.0,0.417,0.308,0.308,0.308,0.308,0.308,0.308,0.308,0.308,
1.0,0.303,0.303,0.303,0.303,0.303,0.303,0.303,0.303,0.303,
1.0,0.312,0.307,0.307,0.307,0.307,0.307,0.307,0.307,0.307,
1.0,0.338,0.307,0.306,0.306,0.306,0.306,0.306,0.306,0.306,
1.0,0.306,0.305,0.305,0.305,0.305,0.305,0.305,0.305,0.305,
1.0,0.311,0.308,0.308,0.308,0.308,0.308,0.308,0.308,0.308,
1.0,0.314,0.309,0.309,0.309,0.309,0.309,0.309,0.309,0.309,
1.0,0.309,0.306,0.306,0.306,0.306,0.306,0.306,0.306,0.306,
1.0,0.303,0.303,0.303,0.303,0.303,0.303,0.303,0.303,0.303,
1.0,0.317,0.309,0.309,0.309,0.309,0.309,0.309,0.309,0.309,
1.0,0.317,0.31,0.31,0.31,0.31,0.31,0.31,0.31,0.31,
1.0,0.314,0.308,0.308,0.308,0.308,0.308,0.308,0.308,0.308,
1.0,0.309,0.306,0.306,0.306,0.306,0.306,0.306,0.306,0.306,
1.0,0.302,0.302,0.302,0.302,0.302,0.302,0.302,0.302,0.302,
1.0,0.307,0.305,0.305,0.305,0.305,0.305,0.305,0.305,0.305,
1.0,0.308,0.305,0.305,0.305,0.305,0.305,0.305,0.305,0.305,
1.0,0.301,0.3,0.3,0.3,0.3,0.3,0.3,0.3,0.3,
1.0,0.334,0.306,0.306,0.306,0.306,0.306,0.306,0.306,0.306,
1.0,0.31,0.306,0.306,0.306,0.306,0.306,0.306,0.306,0.306,
1.0,0.36,0.305,0.305,0.305,0.305,0.305,0.305,0.305,0.305,
1.0,0.302,0.302,0.302,0.302,0.302,0.302,0.302,0.302,0.302,
1.0,0.339,0.31,0.31,0.31,0.31,0.31,0.31,0.31,0.31,
1.0,0.313,0.308,0.308,0.308,0.308,0.308,0.308,0.308,0.308,
1.0,0.314,0.308,0.308,0.308,0.308,0.308,0.308,0.308,0.308,
1.0,0.418,0.307,0.307,0.307,0.307,0.307,0.307,0.307,0.307,
1.0,0.449,0.317,0.32,0.311,0.311,0.311,0.311,0.311,0.311,
1.0,0.309,0.307,0.307,0.307,0.307,0.307,0.307,0.307,0.307,
1.0,0.317,0.308,0.307,0.307,0.307,0.307,0.307,0.307,0.307,
1.0,0.304,0.303,0.303,0.303,0.303,0.303,0.303,0.303,0.303,
1.0,0.313,0.307,0.307,0.307,0.307,0.307,0.307,0.307,0.307,
1.0,0.307,0.307,0.307,0.307,0.307,0.307,0.307,0.307,0.307,
1.0,0.302,0.302,0.302,0.302,0.302,0.302,0.302,0.302,0.302,
1.0,0.305,0.304,0.304,0.304,0.304,0.304,0.304,0.304,0.304,
1.0,0.322,0.311,0.311,0.311,0.311,0.311,0.311,0.311,0.311,
1.0,0.31,0.306,0.306,0.306,0.306,0.306,0.306,0.306,0.306,
1.0,0.303,0.303,0.303,0.303,0.303,0.303,0.303,0.303,0.303,
1.0,0.31,0.307,0.307,0.307,0.307,0.307,0.307,0.307,0.307,
1.0,0.312,0.308,0.308,0.308,0.308,0.308,0.308,0.308,0.308,
1.0,0.314,0.307,0.307,0.307,0.307,0.307,0.307,0.307,0.307,
1.0,0.312,0.307,0.307,0.307,0.307,0.307,0.307,0.307,0.307,
1.0,0.316,0.308,0.308,0.308,0.308,0.308,0.308,0.308,0.308,
1.0,0.302,0.302,0.302,0.302,0.302,0.302,0.302,0.302,0.302,
1.0,0.314,0.308,0.308,0.308,0.308,0.308,0.308,0.308,0.308,
1.0,0.319,0.309,0.309,0.309,0.309,0.309,0.309,0.309,0.309,
1.0,0.32,0.31,0.31,0.31,0.31,0.31,0.31,0.31,0.31,
1.0,0.303,0.302,0.302,0.302,0.302,0.302,0.302,0.302,0.302,
1.0,0.307,0.306,0.306,0.306,0.306,0.306,0.306,0.306,0.306,
1.0,0.306,0.304,0.304,0.304,0.304,0.304,0.304,0.304,0.304,
1.0,0.311,0.307,0.307,0.307,0.307,0.307,0.307,0.307,0.307,
1.0,0.31,0.306,0.306,0.306,0.306,0.306,0.306,0.306,0.306,
1.0,0.45,0.306,0.306,0.306,0.306,0.306,0.306,0.306,0.306,
1.0,0.312,0.306,0.306,0.306,0.306,0.306,0.306,0.306,0.306,
1.0,0.319,0.31,0.309,0.309,0.309,0.309,0.309,0.309,0.309,
1.0,0.308,0.305,0.305,0.305,0.305,0.305,0.305,0.305,0.305,
1.0,0.327,0.361,0.305,0.304,0.304,0.304,0.304,0.304,0.304,
1.0,0.321,0.304,0.304,0.304,0.304,0.304,0.304,0.304,0.304,
1.0,0.309,0.307,0.307,0.307,0.307,0.307,0.307,0.307,0.307,
1.0,0.322,0.311,0.311,0.311,0.311,0.311,0.311,0.311,0.311,
1.0,0.346,0.305,0.305,0.305,0.305,0.305,0.305,0.305,0.305,
1.0,0.313,0.307,0.307,0.307,0.307,0.307,0.307,0.307,0.307,
1.0,0.455,0.306,0.306,0.306,0.306,0.306,0.306,0.306,0.306,
1.0,0.32,0.306,0.306,0.306,0.306,0.306,0.306,0.306,0.306,
1.0,0.313,0.306,0.306,0.306,0.306,0.306,0.306,0.306,0.306,
1.0,0.32,0.311,0.311,0.311,0.311,0.311,0.311,0.311,0.311,
1.0,0.328,0.313,0.313,0.313,0.313,0.313,0.313,0.313,0.313,
1.0,0.305,0.304,0.304,0.304,0.304,0.304,0.304,0.304,0.304,
1.0,0.368,0.311,0.31,0.31,0.31,0.31,0.31,0.31,0.31,
1.0,0.351,0.307,0.307,0.307,0.307,0.307,0.307,0.307,0.307,
1.0,0.462,0.312,0.311,0.311,0.311,0.311,0.311,0.311,0.311,
1.0,0.323,0.311,0.311,0.311,0.311,0.311,0.311,0.311,0.311,
1.0,0.325,0.313,0.313,0.313,0.313,0.313,0.313,0.313,0.313,
1.0,0.304,0.302,0.302,0.302,0.302,0.302,0.302,0.302,0.302,
1.0,0.314,0.308,0.308,0.308,0.308,0.308,0.308,0.308,0.308,
1.0,0.345,0.309,0.309,0.309,0.309,0.309,0.309,0.309,0.309,
1.0,0.303,0.303,0.303,0.303,0.303,0.303,0.303,0.303,0.303,
1.0,0.316,0.309,0.309,0.309,0.309,0.309,0.309,0.309,0.309,
1.0,0.316,0.309,0.309,0.309,0.309,0.309,0.309,0.309,0.309,
1.0,0.321,0.31,0.31,0.31,0.31,0.31,0.31,0.31,0.31,
1.0,0.368,0.31,0.309,0.309,0.309,0.309,0.309,0.309,0.309,
1.0,0.307,0.305,0.305,0.305,0.305,0.305,0.305,0.305,0.305,
1.0,0.32,0.313,0.312,0.312,0.312,0.312,0.312,0.312,0.312,
1.0,0.308,0.307,0.307,0.307,0.307,0.307,0.307,0.307,0.307,
1.0,0.318,0.309,0.309,0.309,0.309,0.309,0.309,0.309,0.309,
1.0,0.317,0.309,0.309,0.309,0.309,0.309,0.309,0.309,0.309,
1.0,0.311,0.307,0.307,0.307,0.307,0.307,0.307,0.307,0.307,
1.0,0.31,0.307,0.307,0.307,0.307,0.307,0.307,0.307,0.307,
1.0,0.3,0.3,0.3,0.3,0.3,0.3,0.3,0.3,0.3,
1.0,0.326,0.403,0.314,0.313,0.313,0.313,0.313,0.313,0.313,
1.0,0.324,0.313,0.313,0.313,0.313,0.313,0.313,0.313,0.313,
1.0,0.322,0.313,0.313,0.313,0.313,0.313,0.313,0.313,0.313,
1.0,0.3,0.3,0.3,0.3,0.3,0.3,0.3,0.3,0.3,
1.0,0.405,0.312,0.311,0.311,0.311,0.311,0.311,0.311,0.311,
1.0,0.317,0.311,0.311,0.311,0.311,0.311,0.311,0.311,0.311,
1.0,0.309,0.308,0.308,0.308,0.308,0.308,0.308,0.308,0.308,
1.0,0.316,0.309,0.309,0.309,0.309,0.309,0.309,0.309,0.309,
1.0,0.315,0.308,0.308,0.308,0.308,0.308,0.308,0.308,0.308,
1.0,0.301,0.301,0.301,0.301,0.301,0.301,0.301,0.301,0.301,
1.0,0.315,0.308,0.308,0.308,0.308,0.308,0.308,0.308,0.308,
1.0,0.302,0.302,0.302,0.302,0.302,0.302,0.302,0.302,0.302,
1.0,0.317,0.309,0.309,0.309,0.309,0.309,0.309,0.309,0.309,
1.0,0.305,0.304,0.304,0.304,0.304,0.304,0.304,0.304,0.304,
1.0,0.304,0.303,0.303,0.303,0.303,0.303,0.303,0.303,0.303,
1.0,0.308,0.306,0.306,0.306,0.306,0.306,0.306,0.306,0.306,


