0.0,0.168,0.061,0.058,0.058,0.058,0.058,0.058,0.058,0.058,
0.0,0.022,0.013,0.013,0.013,0.013,0.013,0.013,0.013,0.013,
0.0,0.033,0.019,0.016,0.016,0.016,0.016,0.016,0.016,0.016,
0.0,-0.208,0.003,0.003,0.003,0.003,0.003,0.003,0.003,0.003,
0.0,-0.101,0.006,-0.003,0.0,0.0,0.0,0.0,0.0,0.0,
0.0,0.006,0.006,0.006,0.006,0.006,0.006,0.006,0.006,0.006,
0.0,0.108,0.056,0.056,0.056,0.056,0.056,0.056,0.056,0.056,
0.0,0.18,0.084,0.064,0.064,0.064,0.064,0.064,0.064,0.064,
0.0,-0.039,0.0,-0.003,0.0,0.0,0.0,0.0,0.0,0.0,
0.0,0.016,0.006,0.006,0.006,0.006,0.006,0.006,0.006,0.006,
0.0,0.066,0.028,0.028,0.028,0.028,0.028,0.028,0.028,0.028,
0.0,0.009,0.006,0.006,0.006,0.006,0.006,0.006,0.006,0.006,
0.0,0.072,0.035,0.035,0.035,0.035,0.035,0.035,0.035,0.035,
0.0,0.163,0.074,0.074,0.074,0.074,0.074,0.074,0.074,0.074,
0.0,0.003,0.003,0.0,0.0,0.0,0.0,0.0,0.0,0.0,
0.0,-0.102,-0.055,-0.052,0.006,0.003,0.003,0.003,0.003,0.003,
0.0,0.21,0.101,0.088,0.088,0.088,0.088,0.088,0.088,0.088,
0.0,0.233,0.176,0.065,0.062,0.062,0.062,0.062,0.062,0.062,
0.0,0.23,0.111,0.049,0.049,0.049,0.049,0.049,0.049,0.049,
0.0,0.109,0.059,0.059,0.059,0.059,0.059,0.059,0.059,0.059,
0.0,0.17,0.034,0.031,0.031,0.031,0.031,0.031,0.031,0.031,
0.0,0.135,0.078,0.075,0.075,0.075,0.075,0.075,0.075,0.075,
0.0,0.163,0.081,0.07,0.07,0.07,0.07,0.07,0.07,0.07,
0.0,0.039,0.01,0.01,0.01,0.01,0.01,0.01,0.01,0.01,
0.0,0.011,0.006,0.003,0.013,0.013,0.013,0.013,0.013,0.013,
0.0,0.18,0.038,0.038,0.038,0.038,0.038,0.038,0.038,0.038,
0.0,0.089,0.022,0.022,0.022,0.022,0.022,0.022,0.022,0.022,
0.0,0.09,0.013,0.013,0.013,0.013,0.013,0.013,0.013,0.013,
0.0,0.003,0.035,0.009,0.006,-0.079,-0.051,-0.071,-0.132,0.013,
0.0,0.065,0.006,0.003,0.003,0.003,0.003,0.003,0.003,0.003,
0.0,0.049,0.003,0.016,0.01,0.01,0.01,0.01,0.01,0.01,
0.0,0.094,0.171,0.038,0.038,0.038,0.038,0.038,0.038,0.038,
0.0,0.059,-0.191,0.013,0.013,0.013,0.013,0.013,0.013,0.013,
0.0,0.123,0.031,0.028,0.028,0.028,0.028,0.028,0.028,0.028,
0.0,0.013,0.013,0.013,0.013,0.013,0.013,0.013,0.013,0.013,
0.0,0.106,0.047,0.047,0.047,0.047,0.047,0.047,0.047,0.047,
0.0,0.074,0.034,0.031,0.031,0.031,0.031,0.031,0.031,0.031,
0.0,0.083,0.046,0.046,0.046,0.046,0.046,0.046,0.046,0.046,
0.0,0.11,0.022,0.025,0.025,0.025,0.025,0.025,0.025,0.025,
0.0,0.003,0.003,0.003,0.003,0.003,0.003,0.003,0.003,0.003,
0.0,0.294,0.148,0.088,0.083,0.083,0.083,0.083,0.083,0.083,
0.0,0.132,0.069,0.01,0.01,0.01,0.01,0.01,0.01,0.01,
0.0,0.284,0.031,0.031,0.028,0.028,0.028,0.028,0.028,0.028,
0.0,0.261,0.056,0.053,0.053,0.053,0.053,0.053,0.053,0.053,
0.0,0.056,0.022,0.019,0.019,0.019,0.019,0.019,0.019,0.019,
0.0,0.314,0.149,0.149,0.142,0.142,0.142,0.142,0.142,0.142,
0.0,-0.034,0.016,0.013,0.013,0.013,0.003,0.003,0.003,0.003,
0.0,0.215,0.191,0.037,0.037,0.037,0.037,0.037,0.037,0.037,
0.0,0.353,0.063,0.01,0.01,0.01,0.01,0.01,0.01,0.01,
0.0,0.114,0.041,0.035,0.035,0.035,0.035,0.035,0.035,0.035,
0.0,0.212,0.046,0.025,0.025,0.025,0.025,0.025,0.025,0.025,
0.0,0.025,-0.08,0.033,-0.003,-0.025,-0.003,-0.006,-0.003,-0.006,
0.0,0.213,0.09,0.028,0.028,0.028,0.028,0.028,0.028,0.028,
0.0,0.027,0.003,0.0,0.0,0.0,0.0,0.0,0.0,0.0,
0.0,0.236,0.13,0.128,0.125,0.125,0.125,0.125,0.125,0.125,
0.0,-0.003,-0.003,-0.003,-0.003,-0.003,-0.003,-0.003,-0.003,-0.003,
0.0,-0.049,0.025,0.025,0.025,0.025,0.025,0.025,0.025,0.025,
0.0,0.257,0.248,0.148,0.037,0.037,0.075,0.037,0.037,0.037,
0.0,-0.047,-0.133,0.006,-0.084,0.003,0.006,0.006,0.006,0.006,
0.0,0.111,0.162,0.09,0.022,0.022,0.022,0.022,0.022,0.022,
0.0,-0.144,-0.24,0.0,0.045,0.025,0.034,0.031,0.04,0.04,
0.0,0.169,0.2,0.202,0.046,0.043,0.043,0.043,0.043,0.043,
0.0,-0.06,0.031,0.028,0.028,0.028,0.028,0.028,0.028,0.028,
0.0,0.261,0.041,0.038,0.038,0.038,0.038,0.038,0.038,0.038,
0.0,0.128,0.243,0.19,0.114,0.066,0.063,0.063,0.063,0.063,
0.0,0.031,0.013,0.016,0.016,0.016,0.016,0.016,0.016,0.016,
0.0,0.117,0.062,0.062,0.062,0.062,0.062,0.062,0.062,0.062,
0.0,0.015,0.028,0.028,0.028,0.028,0.028,0.028,0.028,0.028,
0.0,0.093,0.053,0.053,0.053,0.053,0.053,0.053,0.053,0.053,
0.0,0.108,0.037,0.031,0.031,0.031,0.031,0.031,0.031,0.031,
0.0,0.189,0.043,0.043,0.043,0.049,0.046,0.043,0.043,0.043,
0.0,0.133,0.078,0.075,0.075,0.075,0.075,0.075,0.075,0.075,
0.0,0.119,0.037,0.031,0.031,0.031,0.031,0.031,0.031,0.031,
0.0,0.266,0.037,0.022,0.022,0.022,0.022,0.022,0.022,0.022,
0.0,0.234,0.025,0.022,0.022,0.022,0.022,0.022,0.022,0.022,
0.0,0.161,0.248,0.08,0.043,0.043,0.043,0.043,0.043,0.043,
0.0,0.33,-0.246,0.287,0.041,0.041,0.041,0.041,0.041,0.041,
0.0,0.13,0.04,0.037,0.037,0.037,0.037,0.037,0.037,0.037,
0.0,-0.176,0.15,0.0,0.0,0.0,0.0,0.0,0.0,0.0,
0.0,0.156,0.157,0.049,0.224,0.04,0.04,0.04,0.04,0.04,
0.0,0.108,0.056,0.056,0.056,0.056,0.056,0.056,0.056,0.056,
0.0,0.08,0.025,0.019,0.019,0.019,0.019,0.019,0.019,0.019,
0.0,0.129,0.059,0.059,0.059,0.059,0.059,0.059,0.059,0.059,
0.0,-0.164,0.006,0.01,0.01,0.01,0.01,0.01,0.01,0.01,
0.0,0.105,0.056,0.047,0.047,0.047,0.047,0.047,0.047,0.047,
0.0,0.043,0.003,0.003,0.003,0.003,0.003,0.003,0.003,0.003,
0.0,0.0,0.0,0.0,0.0,0.0,0.0,0.0,0.0,0.0,
0.0,0.093,0.034,0.034,0.034,0.034,0.034,0.034,0.034,0.034,
0.0,0.022,0.003,0.003,0.003,0.003,0.003,0.003,0.003,0.003,
0.0,0.012,0.013,0.003,0.003,0.003,0.003,0.003,0.003,0.003,
0.0,0.022,0.167,0.01,0.01,0.01,0.01,0.013,0.013,0.01,
0.0,-0.198,-0.309,0.01,0.003,0.006,0.006,0.006,0.006,0.006,
0.0,0.12,0.034,0.028,0.028,0.028,0.028,0.028,0.028,0.028,
0.0,0.044,0.038,0.035,0.035,0.035,0.035,0.035,0.035,0.035,
0.0,-0.254,0.061,0.052,0.052,0.052,0.052,0.052,0.052,0.052,
0.0,0.331,0.09,0.068,0.065,0.065,0.065,0.065,0.065,0.065,
0.0,0.111,0.047,0.061,0.041,0.041,0.041,0.041,0.041,0.041,
0.0,0.012,0.013,0.013,0.013,0.013,0.013,0.013,0.013,0.013,
0.0,0.076,0.032,0.032,0.032,0.032,0.032,0.032,0.032,0.032,
0.0,0.081,0.043,0.043,0.043,0.043,0.043,0.043,0.043,0.043,


