0.0,0.114,0.658,0.228,
0.0,0.039,0.739,0.223,
0.0,0.063,0.703,0.234,
0.001,0.125,0.689,0.185,
0.0,0.032,0.692,0.276,
0.002,0.102,0.729,0.167,
0.0,0.105,0.677,0.219,
0.001,0.267,0.536,0.195,
0.0,0.109,0.651,0.239,
0.0,0.018,0.695,0.287,
0.006,0.357,0.506,0.13,
0.0,0.082,0.669,0.249,
0.0,0.216,0.611,0.173,
0.0,0.213,0.659,0.128,
0.0,0.079,0.689,0.232,
0.003,0.342,0.537,0.118,
0.0,0.384,0.463,0.153,
0.0,0.178,0.737,0.085,
0.0,0.058,0.741,0.201,
0.01,0.32,0.498,0.172,
0.002,0.24,0.69,0.068,
0.0,0.242,0.558,0.2,
0.0,0.325,0.608,0.067,
0.0,0.279,0.521,0.2,
0.007,0.267,0.66,0.067,
0.001,0.233,0.567,0.199,
0.0,0.217,0.632,0.15,
0.001,0.269,0.588,0.142,
0.001,0.225,0.556,0.218,
0.0,0.363,0.585,0.052,
0.001,0.185,0.579,0.235,
0.001,0.201,0.626,0.172,
0.0,0.192,0.643,0.166,
0.0,0.04,0.726,0.234,
0.023,0.548,0.361,0.068,
0.0,0.146,0.619,0.235,
0.0,0.136,0.798,0.066,
0.009,0.435,0.497,0.059,
0.035,0.501,0.403,0.061,
0.005,0.443,0.482,0.069,
0.009,0.276,0.661,0.054,
0.001,0.362,0.479,0.158,
0.001,0.201,0.729,0.069,
0.038,0.533,0.39,0.038,
0.016,0.516,0.395,0.073,
0.005,0.328,0.593,0.074,
0.0,0.275,0.585,0.14,
0.005,0.278,0.58,0.138,
0.001,0.297,0.652,0.051,
0.002,0.363,0.57,0.065,
0.003,0.318,0.506,0.174,
0.0,0.136,0.663,0.201,
0.006,0.319,0.609,0.067,
0.0,0.218,0.717,0.065,
0.002,0.291,0.64,0.067,
0.0,0.247,0.686,0.067,
0.006,0.13,0.796,0.069,
0.0,0.205,0.73,0.065,
0.001,0.141,0.79,0.068,
0.006,0.249,0.583,0.162,
0.0,0.175,0.76,0.065,
0.0,0.225,0.711,0.065,
0.0,0.09,0.809,0.101,
0.0,0.167,0.649,0.184,
0.001,0.174,0.651,0.174,
0.019,0.551,0.39,0.039,
0.003,0.266,0.663,0.068,
0.001,0.186,0.669,0.144,
0.01,0.451,0.488,0.052,
0.0,0.048,0.625,0.326,
0.057,0.489,0.406,0.049,
0.0,0.071,0.629,0.3,
0.0,0.029,0.737,0.233,
0.002,0.176,0.638,0.185,
0.062,0.545,0.355,0.038,
0.002,0.199,0.649,0.149,
0.0,0.127,0.807,0.066,
0.02,0.56,0.353,0.067,
0.023,0.454,0.438,0.085,
0.0,0.219,0.713,0.068,
0.049,0.473,0.435,0.043,
0.001,0.321,0.627,0.051,
0.001,0.417,0.535,0.047,
0.013,0.522,0.399,0.067,
0.002,0.262,0.679,0.057,
0.032,0.467,0.448,0.054,
0.0,0.238,0.697,0.065,
0.0,0.289,0.553,0.158,
0.0,0.186,0.746,0.068,
0.096,0.658,0.188,0.058,
0.012,0.51,0.409,0.069,
0.0,0.104,0.83,0.067,
0.046,0.488,0.381,0.085,
0.058,0.517,0.379,0.046,
0.005,0.466,0.459,0.07,
0.001,0.079,0.651,0.27,
0.002,0.352,0.488,0.158,
0.008,0.237,0.622,0.133,
0.002,0.291,0.638,0.068,
0.005,0.307,0.638,0.05,
0.074,0.676,0.228,0.021,
0.0,0.147,0.79,0.064,
0.041,0.454,0.456,0.049,
0.034,0.476,0.396,0.093,
0.006,0.215,0.594,0.185,
0.036,0.412,0.438,0.115,
0.01,0.318,0.621,0.051,
0.06,0.583,0.311,0.046,
0.046,0.508,0.361,0.085,
0.011,0.142,0.782,0.065,
0.0,0.137,0.794,0.068,
0.025,0.44,0.485,0.05,
0.093,0.597,0.244,0.067,
0.001,0.076,0.633,0.289,
0.075,0.553,0.33,0.042,
0.003,0.116,0.731,0.15,
0.014,0.334,0.599,0.054,
0.083,0.625,0.264,0.028,
0.059,0.522,0.319,0.1,
0.0,0.104,0.801,0.095,
0.025,0.528,0.376,0.07,
0.047,0.522,0.331,0.1,
0.06,0.605,0.249,0.086,
0.056,0.542,0.349,0.054,
0.0,0.361,0.567,0.071,
0.079,0.615,0.258,0.048,
0.004,0.167,0.709,0.12,
0.036,0.482,0.387,0.096,
0.051,0.488,0.359,0.102,
0.021,0.483,0.427,0.07,
0.074,0.605,0.264,0.057,
0.082,0.539,0.333,0.045,
0.011,0.203,0.586,0.2,
0.0,0.167,0.765,0.068,
0.027,0.447,0.441,0.085,
0.0,0.036,0.762,0.201,
0.039,0.479,0.385,0.097,
0.026,0.36,0.501,0.112,
0.101,0.679,0.173,0.047,
0.012,0.284,0.582,0.122,
0.026,0.499,0.426,0.049,
0.046,0.493,0.359,0.102,
0.057,0.49,0.405,0.047,
0.043,0.607,0.294,0.056,
0.044,0.564,0.35,0.043,
0.027,0.549,0.373,0.051,
0.03,0.579,0.325,0.067,
0.042,0.554,0.344,0.059,
0.06,0.647,0.241,0.052,
0.071,0.565,0.309,0.055,
0.05,0.485,0.418,0.046,
0.055,0.551,0.352,0.041,
0.027,0.499,0.429,0.046,
0.033,0.536,0.38,0.051,
0.051,0.634,0.246,0.068,
0.009,0.368,0.555,0.069,
0.088,0.46,0.365,0.087,
0.151,0.714,0.098,0.037,
0.046,0.601,0.294,0.059,
0.0,0.033,0.718,0.249,
0.053,0.642,0.252,0.052,
0.008,0.471,0.454,0.067,
0.039,0.486,0.372,0.104,
0.048,0.553,0.344,0.056,
0.0,0.022,0.797,0.181,
0.051,0.465,0.406,0.078,
0.0,0.295,0.635,0.07,
0.046,0.616,0.273,0.064,
0.004,0.095,0.634,0.267,
0.043,0.528,0.374,0.054,
0.032,0.52,0.397,0.051,
0.028,0.521,0.383,0.068,
0.0,0.09,0.842,0.067,
0.021,0.338,0.521,0.12,
0.041,0.523,0.386,0.051,
0.05,0.541,0.363,0.047,
0.013,0.41,0.529,0.048,
0.121,0.62,0.212,0.048,
0.006,0.08,0.732,0.182,
0.0,0.147,0.781,0.072,
0.01,0.39,0.53,0.07,
0.032,0.356,0.565,0.047,
0.015,0.443,0.492,0.05,
0.0,0.303,0.629,0.068,
0.019,0.439,0.491,0.052,
0.101,0.698,0.162,0.039,
0.002,0.346,0.58,0.071,
0.002,0.127,0.644,0.227,
0.093,0.668,0.204,0.035,
0.048,0.528,0.366,0.059,
0.043,0.625,0.275,0.058,
0.066,0.545,0.308,0.08,
0.13,0.652,0.173,0.045,
0.0,0.199,0.661,0.14,
0.035,0.552,0.344,0.069,
0.01,0.405,0.475,0.109,
0.064,0.571,0.32,0.044,
0.085,0.529,0.325,0.062,
0.111,0.684,0.164,0.042,
0.0,0.332,0.548,0.12,
0.067,0.532,0.363,0.038,
0.06,0.663,0.23,0.047,
0.092,0.618,0.248,0.042,
0.05,0.587,0.306,0.057,
0.16,0.659,0.136,0.045,
0.0,0.283,0.549,0.167,
0.064,0.528,0.342,0.066,
0.097,0.607,0.264,0.033,
0.05,0.523,0.321,0.106,
0.05,0.614,0.27,0.067,
0.043,0.524,0.393,0.039,
0.058,0.513,0.343,0.086,
0.06,0.653,0.228,0.059,
0.068,0.565,0.301,0.065,
0.038,0.441,0.481,0.04,
0.049,0.535,0.29,0.126,
0.004,0.196,0.675,0.125,
0.133,0.588,0.219,0.06,
0.014,0.552,0.369,0.065,
0.076,0.591,0.289,0.044,
0.063,0.514,0.38,0.043,
0.042,0.56,0.34,0.058,
0.021,0.183,0.597,0.199,
0.057,0.573,0.311,0.06,
0.002,0.098,0.726,0.175,
0.001,0.123,0.651,0.226,
0.041,0.628,0.264,0.067,
0.065,0.531,0.363,0.042,
0.033,0.422,0.446,0.1,
0.035,0.54,0.371,0.054,
0.028,0.553,0.361,0.059,
0.027,0.531,0.372,0.07,
0.0,0.222,0.653,0.125,
0.126,0.552,0.286,0.037,
0.042,0.569,0.338,0.051,
0.072,0.631,0.252,0.045,
0.046,0.521,0.377,0.056,
0.146,0.661,0.174,0.019,
0.041,0.534,0.373,0.052,
0.126,0.723,0.114,0.037,
0.054,0.551,0.339,0.057,
0.042,0.298,0.607,0.053,
0.023,0.122,0.558,0.297,
0.047,0.5,0.323,0.13,
0.005,0.221,0.599,0.176,
0.046,0.48,0.419,0.055,
0.027,0.529,0.384,0.06,
0.038,0.598,0.301,0.063,
0.025,0.474,0.448,0.053,
0.086,0.62,0.251,0.043,
0.0,0.098,0.83,0.072,
0.084,0.661,0.211,0.044,
0.014,0.259,0.669,0.057,
0.079,0.423,0.382,0.117,
0.07,0.458,0.429,0.043,
0.051,0.638,0.257,0.054,
0.023,0.535,0.392,0.05,
0.085,0.648,0.205,0.062,
0.064,0.688,0.202,0.045,
0.095,0.637,0.227,0.042,
0.013,0.183,0.604,0.2,
0.009,0.488,0.435,0.068,
0.02,0.454,0.464,0.062,
0.085,0.619,0.252,0.043,
0.009,0.46,0.464,0.067,
0.058,0.479,0.42,0.043,
0.008,0.239,0.617,0.136,
0.023,0.495,0.432,0.05,
0.036,0.513,0.391,0.06,
0.045,0.663,0.241,0.052,
0.092,0.57,0.24,0.098,
0.019,0.433,0.481,0.067,
0.034,0.54,0.372,0.054,
0.068,0.615,0.262,0.054,
0.03,0.565,0.346,0.06,
0.013,0.495,0.427,0.065,
0.053,0.49,0.417,0.039,
0.132,0.67,0.15,0.048,
0.034,0.548,0.363,0.055,
0.052,0.642,0.254,0.052,
0.092,0.615,0.243,0.05,
0.001,0.273,0.555,0.171,
0.007,0.398,0.529,0.067,
0.114,0.671,0.194,0.021,
0.106,0.676,0.155,0.062,
0.064,0.536,0.318,0.082,
0.106,0.58,0.283,0.031,
0.034,0.484,0.423,0.06,
0.022,0.517,0.395,0.067,
0.134,0.701,0.128,0.036,
0.082,0.661,0.207,0.05,
0.126,0.68,0.144,0.05,
0.101,0.632,0.223,0.044,
0.064,0.478,0.322,0.136,
0.054,0.577,0.298,0.071,
0.093,0.641,0.221,0.045,
0.042,0.475,0.428,0.055,
0.12,0.534,0.247,0.099,
0.028,0.234,0.593,0.145,
0.004,0.337,0.589,0.07,
0.045,0.512,0.387,0.056,
0.023,0.228,0.614,0.135,
0.11,0.685,0.157,0.048,
0.052,0.606,0.283,0.059,
0.001,0.054,0.719,0.226,
0.038,0.495,0.417,0.05,
0.011,0.292,0.625,0.071,
0.087,0.62,0.242,0.051,
0.098,0.643,0.224,0.035,
0.096,0.444,0.391,0.069,
0.086,0.634,0.228,0.051,
0.002,0.317,0.614,0.068,
0.099,0.615,0.239,0.047,
0.048,0.56,0.34,0.052,
0.096,0.689,0.168,0.048,
0.117,0.652,0.178,0.053,
0.101,0.674,0.188,0.037,
0.11,0.496,0.301,0.092,
0.116,0.699,0.145,0.041,
0.056,0.503,0.393,0.049,
0.032,0.4,0.524,0.044,
0.023,0.4,0.527,0.05,
0.087,0.602,0.26,0.051,
0.017,0.489,0.428,0.067,
0.019,0.463,0.46,0.058,
0.082,0.626,0.241,0.05,
0.107,0.676,0.181,0.035,
0.045,0.505,0.373,0.078,
0.035,0.308,0.606,0.051,
0.063,0.42,0.395,0.122,
0.136,0.674,0.149,0.041,
0.151,0.699,0.113,0.037,
0.014,0.203,0.715,0.068,
0.094,0.666,0.197,0.044,
0.071,0.47,0.375,0.084,
0.126,0.642,0.194,0.039,
0.081,0.621,0.243,0.055,
0.033,0.428,0.489,0.05,
0.044,0.546,0.353,0.058,
0.034,0.536,0.364,0.066,
0.102,0.693,0.169,0.036,
0.05,0.516,0.321,0.114,
0.103,0.582,0.277,0.038,
0.121,0.673,0.165,0.041,
0.047,0.615,0.283,0.054,
0.078,0.634,0.245,0.043,
0.053,0.587,0.301,0.059,
0.004,0.178,0.754,0.065,
0.089,0.708,0.167,0.036,
0.019,0.312,0.612,0.056,
0.071,0.614,0.239,0.077,
0.13,0.698,0.132,0.039,
0.044,0.635,0.26,0.061,
0.067,0.317,0.534,0.083,
0.123,0.684,0.153,0.039,
0.037,0.491,0.415,0.057,
0.01,0.225,0.605,0.159,
0.092,0.518,0.356,0.034,
0.041,0.51,0.397,0.051,
0.023,0.489,0.437,0.05,
0.076,0.682,0.199,0.043,
0.038,0.408,0.508,0.046,
0.085,0.534,0.312,0.069,
0.035,0.312,0.597,0.055,
0.101,0.666,0.16,0.073,
0.005,0.118,0.666,0.21,
0.061,0.616,0.258,0.064,
0.034,0.56,0.345,0.061,
0.095,0.503,0.362,0.04,
0.054,0.636,0.256,0.054,
0.126,0.613,0.225,0.035,
0.131,0.705,0.127,0.038,
0.051,0.55,0.349,0.05,
0.175,0.517,0.233,0.075,
0.06,0.628,0.249,0.062,
0.001,0.149,0.653,0.197,
0.038,0.553,0.353,0.056,
0.011,0.328,0.608,0.053,
0.033,0.523,0.385,0.059,
0.066,0.637,0.253,0.045,
0.059,0.407,0.428,0.106,
0.129,0.549,0.29,0.033,
0.061,0.614,0.269,0.057,
0.125,0.48,0.358,0.037,
0.087,0.574,0.244,0.095,
0.109,0.464,0.369,0.058,
0.045,0.593,0.313,0.049,
0.1,0.647,0.214,0.039,
0.043,0.624,0.279,0.054,
0.081,0.6,0.248,0.071,
0.031,0.389,0.481,0.1,
0.038,0.55,0.351,0.061,
0.056,0.457,0.441,0.045,
0.028,0.512,0.401,0.059,
0.094,0.484,0.32,0.101,
0.028,0.443,0.472,0.057,
0.137,0.596,0.232,0.034,
0.041,0.499,0.415,0.045,
0.054,0.535,0.357,0.055,
0.084,0.526,0.308,0.081,
0.115,0.635,0.15,0.101,
0.08,0.62,0.251,0.05,
0.098,0.583,0.288,0.032,
0.09,0.601,0.253,0.057,
0.086,0.61,0.252,0.051,
0.003,0.214,0.718,0.066,
0.028,0.451,0.465,0.056,
0.066,0.426,0.464,0.044,
0.063,0.605,0.257,0.076,
0.071,0.49,0.399,0.04,
0.003,0.269,0.578,0.15,
0.042,0.473,0.386,0.099,
0.162,0.519,0.229,0.09,
0.041,0.596,0.295,0.068,
0.077,0.572,0.269,0.082,
0.033,0.529,0.382,0.056,
0.088,0.616,0.247,0.048,
0.078,0.645,0.226,0.05,
0.007,0.463,0.461,0.068,
0.027,0.391,0.524,0.058,
0.0,0.102,0.829,0.069,
0.03,0.527,0.404,0.039,
0.066,0.424,0.383,0.126,
0.118,0.513,0.309,0.06,
0.012,0.374,0.549,0.065,
0.11,0.6,0.24,0.049,
0.073,0.639,0.244,0.044,
0.093,0.662,0.195,0.05,
0.079,0.569,0.277,0.075,
0.087,0.414,0.432,0.066,
0.115,0.653,0.18,0.052,
0.039,0.525,0.382,0.054,
0.028,0.614,0.292,0.067,
0.001,0.175,0.657,0.168,
0.021,0.221,0.648,0.11,
0.069,0.563,0.291,0.077,
0.032,0.419,0.494,0.055,
0.095,0.598,0.258,0.048,
0.074,0.516,0.32,0.091,
0.058,0.44,0.458,0.043,
0.136,0.689,0.138,0.038,
0.103,0.577,0.207,0.112,
0.075,0.649,0.228,0.048,
0.005,0.365,0.564,0.067,
0.109,0.48,0.341,0.07,
0.008,0.258,0.662,0.071,
0.107,0.599,0.256,0.038,
0.052,0.43,0.477,0.042,
0.099,0.633,0.214,0.054,
0.017,0.246,0.584,0.152,
0.029,0.554,0.353,0.065,
0.065,0.391,0.427,0.117,
0.001,0.081,0.852,0.067,
0.114,0.691,0.158,0.037,
0.039,0.365,0.547,0.048,
0.012,0.382,0.54,0.066,
0.023,0.537,0.372,0.068,
0.115,0.659,0.172,0.054,
0.002,0.105,0.716,0.177,
0.003,0.161,0.708,0.128,
0.082,0.602,0.284,0.032,
0.027,0.283,0.593,0.096,
0.026,0.38,0.529,0.065,
0.1,0.649,0.199,0.052,
0.073,0.627,0.244,0.056,
0.044,0.63,0.264,0.062,
0.075,0.433,0.383,0.109,
0.131,0.645,0.184,0.039,
0.027,0.581,0.323,0.069,
0.094,0.605,0.262,0.039,
0.006,0.263,0.675,0.057,
0.102,0.537,0.328,0.032,
0.019,0.502,0.426,0.052,
0.014,0.42,0.499,0.067,
0.093,0.667,0.195,0.045,
0.088,0.502,0.371,0.039,
0.029,0.55,0.359,0.062,
0.067,0.507,0.306,0.12,
0.117,0.669,0.177,0.038,
0.112,0.627,0.222,0.039,
0.076,0.549,0.333,0.042,
0.003,0.335,0.507,0.155,
0.114,0.52,0.334,0.033,
0.074,0.512,0.378,0.036,
0.09,0.469,0.341,0.1,
0.062,0.502,0.392,0.043,
0.079,0.583,0.306,0.032,
0.078,0.549,0.328,0.045,
0.15,0.552,0.264,0.033,
0.063,0.523,0.363,0.051,
0.022,0.524,0.386,0.068,
0.025,0.52,0.403,0.052,
0.075,0.566,0.316,0.042,
0.097,0.569,0.3,0.034,
0.001,0.234,0.696,0.068,
0.058,0.556,0.348,0.038,
0.076,0.604,0.26,0.061,
0.036,0.554,0.358,0.053,
0.144,0.516,0.287,0.053,
0.055,0.412,0.427,0.106,
0.044,0.137,0.591,0.227,
0.102,0.617,0.242,0.039,
0.0,0.083,0.728,0.189,
0.021,0.312,0.614,0.053,
0.053,0.509,0.386,0.052,
0.027,0.225,0.595,0.153,
0.111,0.495,0.36,0.033,
0.036,0.498,0.38,0.086,
0.029,0.429,0.419,0.123,
0.033,0.426,0.487,0.054,
0.056,0.581,0.304,0.059,
0.024,0.41,0.505,0.061,
0.035,0.502,0.411,0.053,
0.091,0.584,0.266,0.059,
0.023,0.396,0.53,0.052,
0.107,0.529,0.332,0.033,
0.047,0.556,0.35,0.047,
0.025,0.34,0.583,0.051,
0.093,0.523,0.348,0.036,
0.091,0.547,0.329,0.033,
0.029,0.519,0.338,0.113,
0.022,0.421,0.494,0.063,
0.104,0.672,0.188,0.036,
0.124,0.369,0.418,0.089,
0.037,0.39,0.521,0.052,
0.064,0.625,0.254,0.057,
0.069,0.513,0.373,0.045,
0.054,0.634,0.248,0.064,
0.038,0.358,0.561,0.042,
0.107,0.508,0.346,0.039,
0.009,0.277,0.661,0.053,
0.141,0.658,0.16,0.041,
0.081,0.568,0.296,0.055,
0.075,0.365,0.461,0.099,
0.024,0.426,0.492,0.058,
0.041,0.407,0.446,0.105,
0.042,0.527,0.395,0.036,
0.049,0.648,0.252,0.05,
0.038,0.594,0.308,0.06,
0.047,0.48,0.384,0.09,
0.177,0.426,0.329,0.068,
0.131,0.47,0.361,0.037,
0.008,0.197,0.683,0.113,
0.018,0.323,0.601,0.059,
0.039,0.427,0.438,0.096,
0.032,0.414,0.509,0.044,
0.075,0.485,0.404,0.037,
0.082,0.524,0.299,0.095,
0.076,0.675,0.202,0.047,
0.063,0.431,0.425,0.081,
0.024,0.361,0.557,0.059,
0.014,0.324,0.606,0.057,
0.033,0.509,0.416,0.043,
0.061,0.596,0.288,0.056,
0.049,0.63,0.26,0.061,
0.079,0.484,0.401,0.037,
0.013,0.461,0.463,0.063,
0.039,0.403,0.448,0.11,
0.12,0.654,0.176,0.05,
0.062,0.562,0.319,0.057,
0.088,0.371,0.419,0.122,
0.006,0.285,0.564,0.146,
0.075,0.512,0.363,0.051,
0.053,0.482,0.375,0.09,
0.119,0.28,0.526,0.075,
0.122,0.476,0.363,0.04,
0.123,0.571,0.229,0.077,
0.106,0.586,0.269,0.039,
0.039,0.53,0.382,0.049,
0.019,0.473,0.459,0.049,
0.0,0.02,0.733,0.246,
0.027,0.31,0.606,0.057,
0.092,0.511,0.358,0.04,
0.05,0.477,0.435,0.038,
0.084,0.657,0.209,0.05,
0.11,0.666,0.174,0.05,
0.264,0.385,0.291,0.06,
0.087,0.657,0.209,0.047,
0.046,0.337,0.565,0.052,
0.0,0.085,0.817,0.098,
0.113,0.698,0.151,0.038,
0.075,0.485,0.4,0.04,
0.102,0.309,0.503,0.086,
0.033,0.516,0.394,0.057,
0.031,0.517,0.387,0.066,
0.023,0.519,0.4,0.059,
0.113,0.412,0.402,0.073,
0.088,0.63,0.246,0.036,
0.019,0.313,0.602,0.067,
0.073,0.683,0.193,0.05,
0.004,0.207,0.726,0.063,
0.057,0.471,0.428,0.044,
0.011,0.474,0.449,0.066,
0.072,0.439,0.395,0.094,
0.049,0.585,0.311,0.054,
0.009,0.458,0.48,0.053,
0.059,0.421,0.445,0.075,
0.064,0.575,0.316,0.044,
0.128,0.679,0.154,0.039,
0.096,0.602,0.272,0.03,
0.135,0.425,0.381,0.059,
0.067,0.521,0.354,0.057,
0.024,0.578,0.332,0.067,
0.026,0.108,0.629,0.237,
0.004,0.112,0.796,0.087,
0.176,0.408,0.316,0.099,
0.119,0.69,0.154,0.037,
0.01,0.229,0.699,0.062,
0.045,0.369,0.54,0.046,
0.058,0.617,0.277,0.048,
0.134,0.662,0.165,0.039,
0.075,0.553,0.327,0.045,
0.126,0.571,0.266,0.036,
0.125,0.572,0.244,0.059,
0.043,0.414,0.457,0.086,
0.055,0.604,0.287,0.054,
0.051,0.5,0.395,0.054,
0.077,0.668,0.203,0.051,
0.033,0.63,0.27,0.067,
0.052,0.627,0.256,0.065,
0.08,0.474,0.356,0.09,
0.054,0.486,0.411,0.048,
0.014,0.405,0.514,0.066,
0.076,0.611,0.259,0.053,
0.032,0.244,0.588,0.136,
0.125,0.678,0.158,0.039,
0.08,0.642,0.234,0.044,
0.116,0.558,0.295,0.032,
0.0,0.12,0.767,0.114,
0.107,0.472,0.383,0.037,
0.021,0.549,0.368,0.062,
0.056,0.607,0.281,0.056,
0.053,0.567,0.322,0.057,
0.051,0.584,0.307,0.057,
0.015,0.483,0.445,0.056,
0.0,0.161,0.769,0.07,
0.003,0.1,0.734,0.164,
0.08,0.615,0.257,0.048,
0.062,0.567,0.313,0.058,
0.047,0.585,0.3,0.068,
0.098,0.663,0.203,0.036,
0.056,0.644,0.24,0.06,
0.051,0.565,0.339,0.046,
0.014,0.481,0.457,0.048,
0.08,0.489,0.392,0.039,
0.037,0.449,0.474,0.039,
0.097,0.568,0.302,0.033,
0.042,0.512,0.37,0.076,
0.029,0.497,0.405,0.07,
0.117,0.669,0.171,0.043,
0.012,0.294,0.63,0.063,
0.106,0.675,0.165,0.055,
0.09,0.546,0.283,0.08,
0.04,0.535,0.368,0.058,
0.039,0.499,0.419,0.043,
0.046,0.572,0.343,0.039,
0.083,0.586,0.285,0.046,
0.051,0.582,0.314,0.053,
0.169,0.616,0.173,0.042,
0.152,0.456,0.359,0.033,
0.116,0.665,0.178,0.041,
0.032,0.414,0.5,0.054,
0.069,0.61,0.279,0.043,
0.03,0.567,0.336,0.067,
0.083,0.368,0.463,0.086,
0.089,0.398,0.467,0.045,
0.016,0.496,0.422,0.066,
0.102,0.607,0.246,0.044,
0.184,0.518,0.239,0.059,
0.021,0.15,0.647,0.182,
0.133,0.696,0.125,0.046,
0.106,0.509,0.349,0.036,
0.031,0.521,0.397,0.051,
0.021,0.51,0.418,0.051,
0.133,0.621,0.203,0.043,
0.069,0.584,0.303,0.043,
0.009,0.341,0.581,0.069,
0.026,0.384,0.545,0.045,
0.096,0.595,0.269,0.04,
0.125,0.664,0.168,0.043,
0.08,0.564,0.306,0.049,
0.073,0.471,0.416,0.039,
0.179,0.524,0.242,0.055,
0.054,0.675,0.226,0.045,
0.05,0.381,0.522,0.047,
0.102,0.674,0.178,0.046,
0.12,0.544,0.305,0.03,
0.085,0.622,0.251,0.041,
0.068,0.571,0.285,0.076,
0.028,0.381,0.484,0.107,
0.01,0.382,0.541,0.067,
0.138,0.438,0.35,0.074,
0.078,0.477,0.403,0.042,
0.033,0.429,0.483,0.056,
0.109,0.374,0.473,0.044,
0.036,0.454,0.472,0.037,
0.08,0.546,0.331,0.043,
0.167,0.479,0.323,0.031,
0.036,0.375,0.483,0.105,
0.118,0.527,0.264,0.091,
0.032,0.568,0.355,0.045,
0.092,0.66,0.197,0.052,
0.109,0.692,0.163,0.037,
0.08,0.61,0.271,0.039,
0.117,0.701,0.146,0.036,
0.031,0.46,0.4,0.11,
0.081,0.512,0.363,0.044,
0.125,0.621,0.213,0.041,
0.085,0.471,0.377,0.067,
0.095,0.633,0.22,0.052,
0.062,0.542,0.322,0.074,
0.082,0.619,0.261,0.038,
0.116,0.341,0.447,0.095,
0.11,0.69,0.159,0.041,
0.073,0.626,0.254,0.047,
0.031,0.373,0.551,0.044,
0.132,0.632,0.201,0.035,
0.045,0.425,0.487,0.043,
0.102,0.667,0.179,0.051,
0.022,0.264,0.558,0.156,
0.048,0.519,0.34,0.092,
0.093,0.67,0.201,0.037,
0.001,0.294,0.606,0.1,
0.063,0.502,0.393,0.042,
0.056,0.5,0.359,0.085,
0.041,0.556,0.347,0.057,
0.01,0.251,0.684,0.055,
0.096,0.605,0.251,0.049,
0.071,0.497,0.393,0.039,
0.081,0.652,0.218,0.049,
0.149,0.487,0.33,0.034,
0.01,0.23,0.617,0.142,
0.006,0.29,0.639,0.065,
0.037,0.61,0.288,0.066,
0.298,0.352,0.284,0.065,
0.096,0.412,0.413,0.078,
0.047,0.421,0.491,0.041,
0.117,0.71,0.125,0.048,
0.064,0.604,0.278,0.053,
0.094,0.479,0.39,0.036,
0.02,0.3,0.518,0.162,
0.067,0.522,0.361,0.05,
0.052,0.354,0.549,0.045,
0.128,0.55,0.248,0.074,
0.018,0.455,0.413,0.115,
0.093,0.536,0.332,0.039,
0.026,0.533,0.381,0.06,
0.106,0.625,0.216,0.053,
0.022,0.398,0.519,0.061,
0.107,0.539,0.317,0.037,
0.084,0.67,0.187,0.059,
0.025,0.331,0.593,0.052,
0.063,0.54,0.345,0.052,
0.025,0.381,0.52,0.074,
0.061,0.594,0.298,0.047,
0.08,0.515,0.349,0.056,
0.105,0.676,0.178,0.041,
0.066,0.483,0.41,0.041,
0.057,0.582,0.291,0.071,
0.067,0.487,0.4,0.046,
0.087,0.587,0.293,0.033,
0.081,0.688,0.189,0.043,
0.091,0.646,0.207,0.057,
0.013,0.379,0.548,0.061,
0.148,0.477,0.303,0.072,
0.063,0.606,0.277,0.054,
0.111,0.28,0.525,0.084,
0.025,0.379,0.548,0.048,
0.052,0.574,0.319,0.055,
0.066,0.589,0.273,0.071,
0.143,0.405,0.359,0.092,
0.076,0.68,0.19,0.054,
0.062,0.43,0.467,0.04,
0.085,0.514,0.331,0.071,
0.065,0.394,0.453,0.088,
0.146,0.423,0.33,0.101,
0.134,0.335,0.455,0.076,
0.134,0.685,0.142,0.039,
0.123,0.548,0.289,0.039,
0.017,0.475,0.454,0.053,
0.072,0.401,0.444,0.082,
0.054,0.582,0.301,0.062,
0.024,0.294,0.573,0.109,
0.069,0.611,0.261,0.059,
0.065,0.61,0.27,0.056,
0.035,0.448,0.472,0.045,
0.051,0.512,0.38,0.056,
0.101,0.566,0.254,0.078,
0.042,0.545,0.364,0.048,
0.048,0.628,0.258,0.065,
0.058,0.545,0.353,0.044,
0.211,0.443,0.29,0.056,
0.077,0.641,0.244,0.037,
0.03,0.532,0.377,0.06,
0.091,0.599,0.254,0.056,
0.088,0.659,0.208,0.045,
0.092,0.595,0.265,0.048,
0.107,0.687,0.166,0.04,
0.07,0.501,0.385,0.045,
0.005,0.257,0.629,0.109,
0.015,0.555,0.36,0.07,
0.048,0.468,0.446,0.038,
0.112,0.671,0.168,0.049,
0.037,0.276,0.54,0.147,
0.033,0.331,0.592,0.044,
0.119,0.634,0.21,0.037,
0.069,0.547,0.315,0.069,
0.024,0.371,0.492,0.113,
0.049,0.353,0.556,0.042,
0.11,0.328,0.482,0.081,
0.026,0.23,0.619,0.125,
0.068,0.619,0.274,0.04,
0.066,0.483,0.399,0.051,
0.035,0.548,0.362,0.056,
0.056,0.572,0.316,0.056,
0.078,0.595,0.281,0.045,
0.115,0.57,0.278,0.038,
0.012,0.291,0.647,0.05,
0.002,0.11,0.655,0.233,
0.106,0.67,0.186,0.039,
0.008,0.264,0.595,0.134,
0.031,0.471,0.446,0.052,
0.036,0.501,0.419,0.044,
0.035,0.495,0.42,0.05,
0.042,0.524,0.378,0.056,
0.018,0.235,0.68,0.067,
0.113,0.622,0.218,0.047,
0.0,0.073,0.852,0.075,
0.127,0.677,0.159,0.037,
0.086,0.55,0.323,0.04,
0.056,0.461,0.437,0.045,
0.014,0.451,0.445,0.089,
0.004,0.33,0.599,0.068,
0.054,0.384,0.518,0.045,
0.041,0.606,0.302,0.051,
0.004,0.318,0.558,0.12,
0.077,0.573,0.303,0.047,
0.081,0.545,0.329,0.045,
0.106,0.517,0.299,0.078,
0.099,0.652,0.209,0.039,
0.082,0.57,0.306,0.042,
0.067,0.532,0.368,0.033,
0.059,0.544,0.353,0.044,
0.114,0.539,0.313,0.033,
0.097,0.691,0.165,0.047,
0.066,0.543,0.301,0.09,
0.019,0.426,0.512,0.042,
0.057,0.498,0.394,0.051,
0.061,0.485,0.401,0.053,
0.021,0.416,0.522,0.041,
0.079,0.369,0.453,0.099,
0.019,0.334,0.506,0.141,
0.111,0.63,0.217,0.043,
0.059,0.227,0.593,0.122,
0.011,0.287,0.649,0.053,
0.121,0.535,0.309,0.035,
0.229,0.378,0.324,0.068,
0.078,0.608,0.265,0.049,
0.074,0.681,0.191,0.054,
0.004,0.337,0.55,0.109,
0.06,0.679,0.205,0.055,
0.036,0.446,0.474,0.044,
0.065,0.484,0.404,0.047,
0.087,0.588,0.281,0.044,
0.048,0.311,0.587,0.054,
0.073,0.491,0.391,0.045,
0.061,0.438,0.412,0.09,
0.075,0.599,0.271,0.055,
0.012,0.326,0.607,0.054,
0.079,0.331,0.54,0.05,
0.07,0.523,0.32,0.087,
0.007,0.383,0.514,0.096,
0.024,0.423,0.498,0.056,
0.051,0.542,0.352,0.055,
0.049,0.552,0.326,0.074,
0.005,0.275,0.612,0.109,
0.011,0.249,0.684,0.055,
0.102,0.464,0.359,0.076,
0.147,0.608,0.197,0.047,
0.082,0.457,0.42,0.042,
0.076,0.597,0.276,0.052,
0.046,0.448,0.465,0.041,
0.122,0.588,0.242,0.048,
0.074,0.578,0.29,0.058,
0.054,0.391,0.512,0.042,
0.039,0.559,0.343,0.059,
0.055,0.33,0.518,0.096,
0.071,0.426,0.459,0.043,
0.068,0.622,0.263,0.048,
0.069,0.392,0.473,0.066,
0.108,0.558,0.293,0.042,
0.091,0.657,0.209,0.044,
0.269,0.303,0.366,0.062,
0.031,0.258,0.645,0.066,
0.099,0.407,0.449,0.045,
0.104,0.657,0.186,0.052,
0.083,0.669,0.2,0.048,
0.082,0.444,0.429,0.045,
0.062,0.56,0.334,0.044,
0.01,0.223,0.659,0.109,
0.113,0.617,0.227,0.043,
0.028,0.515,0.404,0.054,
0.151,0.609,0.188,0.052,
0.104,0.514,0.348,0.034,
0.022,0.425,0.504,0.048,
0.0,0.207,0.722,0.071,
0.06,0.565,0.327,0.048,
0.047,0.299,0.541,0.113,
0.109,0.308,0.5,0.083,
0.023,0.326,0.587,0.064,
0.02,0.341,0.592,0.048,
0.066,0.472,0.419,0.043,
0.084,0.47,0.364,0.082,
0.037,0.492,0.42,0.051,
0.031,0.461,0.393,0.116,
0.109,0.644,0.204,0.044,
0.13,0.53,0.279,0.061,
0.054,0.628,0.264,0.054,
0.09,0.35,0.515,0.045,
0.064,0.346,0.514,0.077,
0.067,0.605,0.279,0.049,
0.073,0.435,0.456,0.037,
0.019,0.412,0.528,0.04,
0.029,0.394,0.535,0.042,
0.026,0.491,0.427,0.057,
0.066,0.489,0.407,0.037,
0.049,0.4,0.51,0.042,
0.053,0.279,0.578,0.09,
0.037,0.337,0.565,0.061,
0.044,0.518,0.389,0.049,
0.008,0.282,0.623,0.088,
0.075,0.566,0.306,0.053,
0.017,0.39,0.549,0.044,
0.08,0.464,0.411,0.045,
0.034,0.569,0.332,0.065,
0.14,0.552,0.242,0.066,
0.023,0.478,0.445,0.054,
0.108,0.57,0.276,0.045,
0.016,0.283,0.583,0.118,
0.121,0.419,0.38,0.08,
0.122,0.382,0.415,0.081,
0.062,0.461,0.374,0.103,
0.051,0.352,0.523,0.073,
0.079,0.374,0.455,0.092,
0.051,0.433,0.472,0.044,
0.048,0.423,0.479,0.051,
0.012,0.413,0.482,0.093,
0.06,0.589,0.31,0.042,
0.055,0.477,0.408,0.06,
0.051,0.593,0.311,0.046,
0.015,0.33,0.582,0.073,
0.005,0.433,0.492,0.07,
0.059,0.517,0.374,0.05,
0.037,0.395,0.523,0.045,
0.11,0.561,0.238,0.091,
0.015,0.31,0.574,0.102,
0.07,0.46,0.417,0.053,
0.021,0.403,0.533,0.043,
0.051,0.521,0.376,0.052,
0.17,0.287,0.458,0.085,
0.079,0.354,0.456,0.11,
0.211,0.426,0.314,0.049,
0.143,0.551,0.25,0.056,
0.052,0.383,0.507,0.057,
0.031,0.339,0.579,0.051,
0.006,0.474,0.45,0.07,
0.0,0.091,0.839,0.07,
0.347,0.268,0.328,0.057,
0.018,0.427,0.514,0.04,
0.029,0.51,0.41,0.051,
0.109,0.597,0.251,0.043,
0.055,0.578,0.31,0.057,
0.044,0.528,0.338,0.091,
0.028,0.416,0.436,0.12,
0.111,0.516,0.302,0.071,
0.12,0.557,0.273,0.051,
0.003,0.363,0.583,0.051,
0.059,0.583,0.306,0.053,
0.059,0.64,0.251,0.05,
0.058,0.548,0.337,0.057,
0.036,0.531,0.373,0.06,
0.022,0.478,0.45,0.05,
0.085,0.584,0.283,0.048,
0.03,0.534,0.376,0.059,
0.056,0.552,0.338,0.055,
0.001,0.313,0.582,0.104,
0.043,0.44,0.472,0.045,
0.033,0.383,0.535,0.05,
0.072,0.361,0.455,0.113,
0.098,0.599,0.259,0.043,
0.113,0.48,0.358,0.049,
0.348,0.306,0.299,0.048,
0.021,0.398,0.522,0.059,
0.202,0.468,0.291,0.039,
0.045,0.443,0.452,0.059,
0.059,0.438,0.459,0.044,
0.058,0.533,0.364,0.045,
0.143,0.519,0.3,0.038,
0.052,0.569,0.303,0.076,
0.029,0.431,0.498,0.042,

0.002,0.14,0.631,0.227,
0.019,0.221,0.541,0.219,
0.005,0.089,0.672,0.235,
0.0,0.16,0.655,0.186,
0.011,0.199,0.638,0.152,
0.0,0.129,0.703,0.168,
0.004,0.126,0.651,0.219,
0.011,0.375,0.419,0.194,
0.0,0.057,0.701,0.242,
0.008,0.082,0.704,0.207,
0.113,0.388,0.362,0.136,
0.0,0.07,0.656,0.274,
0.041,0.308,0.479,0.172,
0.146,0.351,0.375,0.128,
0.001,0.085,0.669,0.245,
0.062,0.42,0.368,0.15,
0.034,0.491,0.318,0.158,
0.01,0.42,0.503,0.067,
0.001,0.048,0.742,0.209,
0.102,0.326,0.396,0.176,
0.014,0.205,0.714,0.068,
0.004,0.232,0.564,0.2,
0.014,0.418,0.502,0.067,
0.001,0.296,0.503,0.2,
0.051,0.359,0.524,0.067,
0.016,0.307,0.476,0.201,
0.09,0.315,0.449,0.146,
0.015,0.315,0.529,0.142,
0.023,0.302,0.458,0.218,
0.315,0.407,0.228,0.05,
0.004,0.2,0.481,0.315,
0.018,0.22,0.588,0.174,
0.013,0.239,0.582,0.166,
0.006,0.131,0.719,0.144,
0.191,0.522,0.219,0.068,
0.082,0.277,0.511,0.129,
0.033,0.308,0.595,0.064,
0.099,0.432,0.412,0.057,
0.289,0.452,0.174,0.084,
0.152,0.591,0.185,0.073,
0.243,0.465,0.241,0.052,
0.002,0.301,0.54,0.158,
0.007,0.161,0.744,0.088,
0.218,0.513,0.176,0.093,
0.07,0.55,0.31,0.069,
0.055,0.542,0.331,0.071,
0.033,0.528,0.299,0.14,
0.066,0.357,0.439,0.139,
0.087,0.474,0.388,0.051,
0.095,0.642,0.198,0.065,
0.029,0.355,0.44,0.176,
0.019,0.238,0.525,0.218,
0.012,0.323,0.598,0.067,
0.004,0.295,0.636,0.065,
0.01,0.372,0.551,0.067,
0.002,0.234,0.697,0.067,
0.011,0.195,0.725,0.069,
0.03,0.31,0.595,0.065,
0.01,0.333,0.589,0.068,
0.048,0.253,0.537,0.163,
0.018,0.263,0.654,0.065,
0.018,0.238,0.679,0.065,
0.004,0.412,0.517,0.067,
0.031,0.224,0.561,0.184,
0.018,0.177,0.538,0.267,
0.461,0.371,0.129,0.039,
0.021,0.239,0.672,0.068,
0.011,0.289,0.556,0.144,
0.098,0.527,0.322,0.053,
0.002,0.074,0.594,0.33,
0.266,0.349,0.337,0.049,
0.003,0.071,0.63,0.296,
0.011,0.147,0.639,0.203,
0.001,0.197,0.618,0.185,
0.69,0.184,0.09,0.036,
0.014,0.328,0.509,0.149,
0.015,0.254,0.666,0.065,
0.029,0.475,0.429,0.067,
0.487,0.301,0.185,0.027,
0.0,0.19,0.703,0.106,
0.473,0.292,0.192,0.043,
0.133,0.468,0.349,0.05,
0.215,0.561,0.178,0.047,
0.052,0.567,0.315,0.067,
0.029,0.378,0.536,0.057,
0.094,0.404,0.448,0.054,
0.003,0.361,0.572,0.065,
0.001,0.222,0.62,0.158,
0.0,0.124,0.807,0.068,
0.462,0.333,0.146,0.059,
0.046,0.616,0.269,0.068,
0.004,0.308,0.621,0.067,
0.487,0.246,0.242,0.025,
0.453,0.286,0.214,0.047,
0.021,0.439,0.471,0.07,
0.006,0.098,0.575,0.322,
0.003,0.271,0.568,0.158,
0.012,0.243,0.606,0.139,
0.0,0.145,0.773,0.082,
0.067,0.429,0.454,0.05,
0.549,0.305,0.124,0.022,
0.016,0.27,0.651,0.064,
0.182,0.42,0.349,0.049,
0.102,0.483,0.31,0.105,
0.005,0.225,0.584,0.185,
0.169,0.367,0.342,0.122,
0.14,0.364,0.446,0.05,
0.586,0.273,0.098,0.044,
0.313,0.416,0.187,0.084,
0.0,0.123,0.808,0.068,
0.013,0.241,0.679,0.067,
0.101,0.403,0.447,0.05,
0.443,0.407,0.081,0.069,
0.005,0.159,0.614,0.222,
0.499,0.272,0.185,0.043,
0.005,0.164,0.681,0.15,
0.039,0.356,0.551,0.054,
0.393,0.365,0.209,0.033,
0.348,0.294,0.249,0.109,
0.004,0.268,0.658,0.07,
0.084,0.616,0.23,0.07,
0.291,0.388,0.221,0.1,
0.323,0.475,0.116,0.086,
0.494,0.337,0.115,0.054,
0.046,0.546,0.337,0.071,
0.416,0.368,0.165,0.05,
0.075,0.319,0.491,0.116,
0.232,0.424,0.249,0.095,
0.379,0.312,0.231,0.078,
0.058,0.543,0.328,0.071,
0.251,0.497,0.195,0.057,
0.414,0.329,0.212,0.045,
0.003,0.235,0.56,0.202,
0.011,0.211,0.71,0.068,
0.396,0.381,0.193,0.03,
0.001,0.056,0.733,0.21,
0.289,0.402,0.231,0.077,
0.085,0.367,0.435,0.112,
0.58,0.272,0.101,0.047,
0.028,0.249,0.58,0.143,
0.083,0.534,0.334,0.049,
0.276,0.317,0.304,0.103,
0.291,0.315,0.347,0.047,
0.209,0.458,0.277,0.056,
0.196,0.419,0.343,0.043,
0.401,0.403,0.144,0.051,
0.333,0.458,0.141,0.068,
0.214,0.477,0.249,0.06,
0.309,0.473,0.165,0.052,
0.229,0.442,0.249,0.08,
0.381,0.361,0.213,0.046,
0.185,0.475,0.299,0.041,
0.118,0.546,0.29,0.045,
0.317,0.459,0.174,0.051,
0.421,0.404,0.106,0.068,
0.018,0.415,0.499,0.069,
0.332,0.286,0.296,0.087,
0.687,0.249,0.029,0.036,
0.302,0.506,0.133,0.058,
0.008,0.03,0.699,0.263,
0.317,0.475,0.155,0.052,
0.041,0.544,0.349,0.067,
0.423,0.305,0.211,0.061,
0.239,0.484,0.221,0.056,
0.005,0.104,0.724,0.167,
0.395,0.405,0.174,0.026,
0.005,0.284,0.642,0.07,
0.508,0.331,0.097,0.064,
0.023,0.115,0.596,0.266,
0.386,0.407,0.153,0.054,
0.285,0.484,0.179,0.051,
0.188,0.528,0.216,0.068,
0.004,0.152,0.779,0.065,
0.088,0.371,0.425,0.116,
0.353,0.455,0.141,0.051,
0.281,0.49,0.183,0.047,
0.102,0.455,0.394,0.048,
0.479,0.362,0.111,0.048,
0.033,0.079,0.669,0.219,
0.0,0.179,0.749,0.072,
0.042,0.579,0.309,0.07,
0.204,0.356,0.392,0.047,
0.074,0.546,0.329,0.05,
0.007,0.247,0.678,0.068,
0.11,0.532,0.307,0.052,
0.543,0.309,0.109,0.039,
0.052,0.566,0.311,0.071,
0.006,0.077,0.628,0.289,
0.706,0.199,0.059,0.037,
0.263,0.501,0.177,0.059,
0.322,0.489,0.131,0.058,
0.281,0.399,0.236,0.084,
0.524,0.337,0.092,0.047,
0.012,0.271,0.576,0.14,
0.163,0.611,0.159,0.068,
0.085,0.472,0.334,0.109,
0.265,0.328,0.363,0.044,
0.309,0.345,0.269,0.077,
0.465,0.375,0.118,0.041,
0.009,0.408,0.462,0.12,
0.351,0.363,0.247,0.038,
0.416,0.382,0.153,0.049,
0.579,0.281,0.099,0.042,
0.427,0.424,0.092,0.057,
0.456,0.394,0.106,0.045,
0.01,0.253,0.57,0.167,
0.455,0.318,0.185,0.042,
0.585,0.236,0.146,0.033,
0.147,0.47,0.277,0.106,
0.228,0.549,0.156,0.067,
0.315,0.399,0.247,0.039,
0.304,0.376,0.236,0.084,
0.339,0.462,0.14,0.059,
0.233,0.572,0.13,0.065,
0.356,0.31,0.294,0.04,
0.156,0.573,0.145,0.126,
0.037,0.298,0.54,0.125,
0.495,0.277,0.181,0.047,
0.377,0.412,0.147,0.065,
0.458,0.374,0.124,0.045,
0.262,0.307,0.388,0.043,
0.252,0.515,0.174,0.058,
0.029,0.209,0.562,0.2,
0.204,0.547,0.19,0.06,
0.025,0.198,0.602,0.175,
0.0,0.031,0.71,0.258,
0.175,0.573,0.186,0.067,
0.339,0.327,0.292,0.042,
0.247,0.319,0.337,0.097,
0.271,0.512,0.164,0.054,
0.249,0.546,0.146,0.059,
0.175,0.584,0.171,0.07,
0.005,0.221,0.649,0.125,
0.449,0.216,0.298,0.036,
0.297,0.489,0.163,0.051,
0.231,0.474,0.251,0.045,
0.206,0.543,0.196,0.056,
0.583,0.245,0.152,0.02,
0.192,0.498,0.258,0.052,
0.483,0.38,0.1,0.037,
0.143,0.501,0.3,0.057,
0.164,0.299,0.484,0.053,
0.011,0.205,0.578,0.206,
0.25,0.363,0.256,0.131,
0.027,0.281,0.517,0.175,
0.283,0.514,0.148,0.055,
0.125,0.461,0.353,0.06,
0.212,0.549,0.177,0.063,
0.257,0.495,0.195,0.053,
0.422,0.432,0.103,0.043,
0.006,0.211,0.717,0.067,
0.328,0.464,0.164,0.044,
0.057,0.322,0.564,0.057,
0.305,0.311,0.268,0.117,
0.194,0.339,0.424,0.043,
0.266,0.526,0.154,0.054,
0.293,0.503,0.155,0.05,
0.365,0.444,0.128,0.062,
0.533,0.349,0.073,0.045,
0.511,0.346,0.101,0.042,
0.082,0.211,0.56,0.146,
0.019,0.513,0.4,0.068,
0.109,0.512,0.317,0.062,
0.43,0.404,0.122,0.043,
0.056,0.579,0.297,0.067,
0.264,0.324,0.369,0.043,
0.037,0.247,0.58,0.136,
0.304,0.509,0.138,0.05,
0.116,0.425,0.398,0.06,
0.15,0.489,0.31,0.052,
0.386,0.326,0.192,0.097,
0.044,0.392,0.498,0.067,
0.24,0.48,0.226,0.054,
0.248,0.512,0.186,0.054,
0.174,0.542,0.225,0.06,
0.082,0.55,0.303,0.065,
0.301,0.401,0.259,0.039,
0.552,0.336,0.064,0.048,
0.255,0.525,0.165,0.055,
0.171,0.48,0.298,0.052,
0.402,0.405,0.143,0.05,
0.001,0.171,0.657,0.171,
0.091,0.567,0.275,0.067,
0.5,0.312,0.167,0.021,
0.646,0.245,0.092,0.016,
0.262,0.419,0.235,0.084,
0.503,0.291,0.175,0.031,
0.218,0.562,0.161,0.06,
0.047,0.424,0.462,0.067,
0.473,0.398,0.093,0.036,
0.295,0.554,0.101,0.05,
0.595,0.287,0.07,0.049,
0.424,0.406,0.126,0.044,
0.194,0.361,0.309,0.136,
0.32,0.461,0.166,0.053,
0.377,0.399,0.179,0.045,
0.266,0.52,0.16,0.055,
0.413,0.28,0.209,0.098,
0.023,0.338,0.494,0.145,
0.092,0.581,0.258,0.07,
0.16,0.511,0.273,0.056,
0.025,0.173,0.652,0.149,
0.462,0.398,0.093,0.048,
0.172,0.463,0.306,0.059,
0.052,0.108,0.662,0.178,
0.278,0.555,0.117,0.05,
0.064,0.432,0.432,0.071,
0.34,0.455,0.154,0.051,
0.598,0.293,0.074,0.035,
0.356,0.305,0.283,0.056,
0.303,0.453,0.194,0.049,
0.066,0.561,0.305,0.068,
0.413,0.419,0.121,0.047,
0.17,0.42,0.358,0.052,
0.514,0.34,0.1,0.046,
0.287,0.548,0.113,0.053,
0.389,0.427,0.147,0.037,
0.267,0.371,0.271,0.092,
0.502,0.362,0.094,0.042,
0.179,0.333,0.439,0.049,
0.268,0.28,0.408,0.044,
0.044,0.424,0.482,0.05,
0.306,0.463,0.182,0.049,
0.048,0.467,0.419,0.067,
0.171,0.522,0.25,0.058,
0.354,0.477,0.119,0.05,
0.513,0.358,0.094,0.035,
0.195,0.482,0.246,0.077,
0.079,0.316,0.553,0.051,
0.172,0.388,0.318,0.122,
0.521,0.329,0.109,0.041,
0.584,0.292,0.086,0.038,
0.019,0.146,0.767,0.068,
0.263,0.506,0.188,0.044,
0.328,0.33,0.283,0.059,
0.351,0.426,0.184,0.039,
0.506,0.324,0.115,0.055,
0.095,0.369,0.485,0.05,
0.233,0.517,0.192,0.058,
0.235,0.544,0.155,0.066,
0.426,0.425,0.113,0.036,
0.154,0.458,0.274,0.114,
0.437,0.38,0.144,0.038,
0.291,0.528,0.139,0.041,
0.253,0.534,0.16,0.054,
0.383,0.422,0.152,0.043,
0.105,0.548,0.288,0.059,
0.001,0.14,0.779,0.08,
0.615,0.276,0.073,0.036,
0.054,0.311,0.578,0.056,
0.213,0.535,0.175,0.077,
0.411,0.413,0.137,0.039,
0.201,0.57,0.167,0.061,
0.182,0.248,0.468,0.102,
0.474,0.377,0.11,0.039,
0.203,0.515,0.225,0.057,
0.055,0.278,0.507,0.159,
0.403,0.278,0.284,0.034,
0.209,0.514,0.227,0.051,
0.323,0.492,0.134,0.05,
0.405,0.46,0.092,0.043,
0.173,0.335,0.446,0.046,
0.276,0.341,0.308,0.074,
0.093,0.282,0.57,0.055,
0.434,0.415,0.127,0.023,
0.004,0.056,0.726,0.214,
0.225,0.542,0.17,0.064,
0.132,0.536,0.272,0.061,
0.337,0.284,0.339,0.04,
0.254,0.535,0.157,0.054,
0.445,0.339,0.181,0.035,
0.41,0.439,0.113,0.038,
0.192,0.493,0.265,0.05,
0.398,0.331,0.193,0.078,
0.214,0.578,0.146,0.062,
0.098,0.125,0.575,0.202,
0.153,0.486,0.305,0.056,
0.102,0.325,0.52,0.053,
0.106,0.362,0.472,0.059,
0.269,0.466,0.219,0.045,
0.245,0.301,0.348,0.106,
0.377,0.335,0.255,0.033,
0.217,0.512,0.214,0.057,
0.355,0.318,0.29,0.037,
0.27,0.422,0.214,0.095,
0.377,0.324,0.246,0.053,
0.265,0.516,0.17,0.049,
0.369,0.458,0.134,0.039,
0.202,0.56,0.184,0.054,
0.512,0.275,0.191,0.022,
0.168,0.402,0.332,0.099,
0.291,0.509,0.14,0.061,
0.162,0.363,0.429,0.045,
0.098,0.379,0.464,0.059,
0.258,0.392,0.248,0.101,
0.079,0.373,0.491,0.057,
0.33,0.337,0.298,0.034,
0.158,0.457,0.341,0.045,
0.279,0.493,0.173,0.055,
0.295,0.358,0.267,0.08,
0.377,0.343,0.179,0.101,
0.255,0.549,0.145,0.05,
0.491,0.25,0.228,0.032,
0.303,0.401,0.22,0.076,
0.206,0.463,0.28,0.051,
0.029,0.166,0.736,0.069,
0.248,0.555,0.141,0.056,
0.186,0.327,0.442,0.045,
0.24,0.517,0.148,0.095,
0.259,0.352,0.349,0.04,
0.031,0.269,0.549,0.15,
0.219,0.355,0.328,0.099,
0.353,0.351,0.206,0.09,
0.153,0.608,0.171,0.068,
0.304,0.375,0.239,0.082,
0.119,0.489,0.337,0.056,
0.286,0.519,0.146,0.048,
0.252,0.54,0.158,0.05,
0.055,0.514,0.362,0.068,
0.167,0.526,0.249,0.058,
0.004,0.105,0.821,0.07,
0.213,0.449,0.299,0.039,
0.171,0.339,0.365,0.126,
0.256,0.41,0.254,0.08,
0.022,0.438,0.475,0.065,
0.356,0.441,0.153,0.049,
0.32,0.483,0.153,0.044,
0.275,0.563,0.112,0.05,
0.369,0.365,0.195,0.071,
0.286,0.326,0.328,0.061,
0.386,0.438,0.125,0.051,
0.108,0.485,0.353,0.054,
0.135,0.619,0.179,0.067,
0.055,0.152,0.622,0.171,
0.038,0.162,0.627,0.173,
0.274,0.415,0.233,0.077,
0.238,0.529,0.178,0.055,
0.317,0.394,0.241,0.048,
0.202,0.355,0.34,0.103,
0.225,0.323,0.409,0.043,
0.409,0.432,0.121,0.038,
0.239,0.421,0.228,0.112,
0.47,0.368,0.113,0.048,
0.072,0.591,0.27,0.067,
0.274,0.369,0.283,0.074,
0.041,0.427,0.461,0.071,
0.379,0.317,0.266,0.038,
0.176,0.418,0.364,0.042,
0.369,0.453,0.125,0.054,
0.032,0.149,0.627,0.193,
0.215,0.573,0.147,0.065,
0.251,0.319,0.313,0.117,
0.022,0.168,0.743,0.067,
0.555,0.31,0.099,0.036,
0.187,0.31,0.454,0.048,
0.057,0.494,0.383,0.065,
0.077,0.532,0.323,0.068,
0.553,0.351,0.043,0.054,
0.052,0.136,0.632,0.179,
0.046,0.214,0.613,0.127,
0.344,0.395,0.229,0.032,
0.126,0.346,0.438,0.09,
0.055,0.37,0.51,0.065,
0.261,0.533,0.153,0.052,
0.327,0.493,0.124,0.056,
0.347,0.478,0.113,0.062,
0.24,0.33,0.321,0.109,
0.276,0.448,0.237,0.039,
0.142,0.594,0.195,0.069,
0.401,0.447,0.113,0.039,
0.046,0.349,0.548,0.057,
0.35,0.399,0.219,0.032,
0.132,0.561,0.254,0.052,
0.046,0.451,0.438,0.066,
0.305,0.464,0.186,0.045,
0.332,0.284,0.345,0.039,
0.273,0.532,0.133,0.062,
0.228,0.377,0.273,0.122,
0.416,0.446,0.101,0.038,
0.495,0.372,0.095,0.039,
0.304,0.516,0.138,0.042,
0.076,0.306,0.457,0.161,
0.347,0.321,0.299,0.033,
0.351,0.35,0.263,0.036,
0.2,0.353,0.342,0.105,
0.196,0.35,0.411,0.043,
0.382,0.354,0.232,0.032,
0.281,0.546,0.128,0.045,
0.322,0.342,0.303,0.033,
0.174,0.46,0.315,0.051,
0.094,0.435,0.403,0.068,
0.18,0.542,0.226,0.052,
0.254,0.499,0.205,0.042,
0.357,0.36,0.248,0.034,
0.003,0.218,0.711,0.068,
0.306,0.414,0.241,0.038,
0.213,0.588,0.138,0.061,
0.111,0.489,0.347,0.053,
0.471,0.298,0.186,0.045,
0.167,0.399,0.328,0.106,
0.11,0.141,0.556,0.192,
0.323,0.502,0.136,0.039,
0.023,0.075,0.681,0.222,
0.062,0.352,0.533,0.053,
0.148,0.496,0.304,0.052,
0.03,0.156,0.662,0.152,
0.329,0.355,0.283,0.033,
0.284,0.421,0.21,0.085,
0.103,0.351,0.416,0.131,
0.173,0.485,0.288,0.054,
0.19,0.579,0.172,0.059,
0.132,0.519,0.288,0.061,
0.11,0.521,0.317,0.053,
0.351,0.423,0.18,0.046,
0.051,0.419,0.477,0.052,
0.312,0.332,0.322,0.033,
0.264,0.492,0.197,0.047,
0.082,0.304,0.553,0.06,
0.277,0.338,0.349,0.036,
0.353,0.332,0.282,0.033,
0.146,0.455,0.285,0.114,
0.107,0.378,0.452,0.063,
0.311,0.47,0.184,0.036,
0.266,0.336,0.31,0.087,
0.087,0.371,0.49,0.052,
0.17,0.584,0.19,0.057,
0.209,0.365,0.381,0.045,
0.135,0.612,0.189,0.064,
0.208,0.401,0.349,0.042,
0.26,0.359,0.342,0.039,
0.037,0.427,0.482,0.053,
0.321,0.501,0.137,0.041,
0.4,0.372,0.185,0.043,
0.21,0.335,0.357,0.098,
0.178,0.496,0.269,0.058,
0.232,0.319,0.346,0.104,
0.132,0.443,0.388,0.037,
0.148,0.53,0.272,0.05,
0.201,0.569,0.17,0.06,
0.22,0.43,0.263,0.087,
0.377,0.324,0.233,0.066,
0.31,0.308,0.345,0.037,
0.1,0.27,0.526,0.105,
0.108,0.499,0.334,0.059,
0.146,0.48,0.278,0.096,
0.179,0.389,0.387,0.044,
0.289,0.331,0.343,0.037,
0.345,0.328,0.231,0.095,
0.244,0.588,0.121,0.047,
0.166,0.385,0.368,0.082,
0.211,0.562,0.168,0.059,
0.133,0.295,0.515,0.057,
0.204,0.51,0.243,0.043,
0.163,0.502,0.28,0.055,
0.184,0.582,0.173,0.061,
0.275,0.387,0.301,0.037,
0.144,0.52,0.274,0.063,
0.12,0.33,0.441,0.108,
0.266,0.505,0.178,0.05,
0.163,0.438,0.342,0.057,
0.172,0.31,0.396,0.122,
0.088,0.345,0.421,0.146,
0.23,0.419,0.3,0.051,
0.182,0.423,0.305,0.09,
0.254,0.235,0.433,0.078,
0.248,0.368,0.344,0.04,
0.283,0.437,0.205,0.076,
0.396,0.451,0.113,0.039,
0.171,0.608,0.172,0.049,
0.071,0.409,0.471,0.049,
0.012,0.059,0.706,0.223,
0.084,0.308,0.548,0.059,
0.236,0.382,0.342,0.04,
0.262,0.324,0.376,0.038,
0.284,0.559,0.107,0.05,
0.402,0.418,0.13,0.05,
0.327,0.347,0.265,0.061,
0.305,0.535,0.113,0.047,
0.087,0.321,0.54,0.052,
0.012,0.224,0.693,0.07,
0.553,0.316,0.093,0.038,
0.191,0.368,0.401,0.04,
0.212,0.287,0.418,0.083,
0.121,0.475,0.346,0.057,
0.274,0.497,0.165,0.064,
0.1,0.427,0.414,0.059,
0.271,0.342,0.312,0.075,
0.313,0.481,0.17,0.036,
0.025,0.175,0.733,0.067,
0.235,0.556,0.159,0.05,
0.064,0.278,0.599,0.059,
0.167,0.398,0.391,0.044,
0.071,0.569,0.293,0.066,
0.167,0.364,0.379,0.09,
0.15,0.51,0.285,0.054,
0.177,0.544,0.226,0.053,
0.201,0.442,0.286,0.071,
0.202,0.552,0.203,0.044,
0.347,0.461,0.153,0.039,
0.3,0.416,0.254,0.03,
0.344,0.337,0.268,0.052,
0.149,0.426,0.368,0.057,
0.18,0.599,0.154,0.067,
0.079,0.179,0.522,0.22,
0.056,0.175,0.7,0.069,
0.308,0.334,0.262,0.096,
0.411,0.426,0.125,0.037,
0.111,0.326,0.506,0.057,
0.154,0.352,0.448,0.046,
0.263,0.518,0.171,0.048,
0.319,0.478,0.164,0.039,
0.226,0.361,0.368,0.045,
0.266,0.506,0.191,0.036,
0.285,0.446,0.21,0.06,
0.186,0.437,0.291,0.086,
0.23,0.568,0.147,0.054,
0.23,0.494,0.222,0.054,
0.348,0.466,0.135,0.051,
0.169,0.614,0.151,0.067,
0.163,0.575,0.196,0.066,
0.109,0.361,0.429,0.1,
0.228,0.461,0.264,0.048,
0.068,0.575,0.291,0.066,
0.327,0.513,0.107,0.053,
0.141,0.239,0.483,0.138,
0.292,0.492,0.177,0.039,
0.488,0.371,0.098,0.044,
0.389,0.293,0.286,0.032,
0.047,0.4,0.44,0.113,
0.257,0.36,0.345,0.037,
0.305,0.492,0.141,0.062,
0.319,0.499,0.126,0.056,
0.403,0.436,0.103,0.057,
0.166,0.492,0.285,0.057,
0.186,0.467,0.291,0.056,
0.02,0.209,0.701,0.07,
0.029,0.162,0.659,0.15,
0.29,0.474,0.188,0.048,
0.166,0.504,0.272,0.058,
0.187,0.578,0.167,0.068,
0.374,0.471,0.12,0.036,
0.346,0.463,0.133,0.059,
0.273,0.484,0.197,0.046,
0.082,0.419,0.451,0.048,
0.277,0.306,0.377,0.039,
0.099,0.398,0.464,0.039,
0.248,0.41,0.309,0.033,
0.103,0.485,0.304,0.108,
0.088,0.468,0.374,0.07,
0.261,0.527,0.168,0.043,
0.094,0.531,0.312,0.063,
0.541,0.327,0.076,0.055,
0.281,0.403,0.239,0.077,
0.214,0.509,0.22,0.057,
0.101,0.449,0.406,0.044,
0.221,0.512,0.228,0.039,
0.312,0.46,0.182,0.046,
0.16,0.475,0.312,0.053,
0.374,0.401,0.154,0.071,
0.301,0.322,0.344,0.033,
0.336,0.486,0.138,0.04,
0.243,0.408,0.295,0.054,
0.26,0.443,0.254,0.043,
0.124,0.607,0.204,0.065,
0.132,0.295,0.483,0.091,
0.173,0.301,0.481,0.045,
0.083,0.503,0.348,0.066,
0.314,0.477,0.165,0.044,
0.298,0.389,0.249,0.064,
0.067,0.12,0.588,0.226,
0.51,0.351,0.093,0.046,
0.22,0.347,0.395,0.038,
0.148,0.474,0.327,0.051,
0.244,0.542,0.162,0.051,
0.284,0.524,0.148,0.043,
0.552,0.296,0.108,0.043,
0.051,0.478,0.402,0.069,
0.092,0.459,0.404,0.045,
0.406,0.468,0.085,0.04,
0.282,0.564,0.111,0.043,
0.206,0.457,0.288,0.049,
0.221,0.399,0.34,0.039,
0.367,0.348,0.231,0.054,
0.263,0.475,0.218,0.045,
0.108,0.294,0.546,0.052,
0.308,0.514,0.131,0.046,
0.241,0.427,0.3,0.033,
0.263,0.531,0.165,0.041,
0.262,0.439,0.224,0.074,
0.109,0.416,0.368,0.107,
0.117,0.564,0.252,0.067,
0.19,0.379,0.357,0.074,
0.206,0.326,0.425,0.043,
0.125,0.51,0.309,0.056,
0.119,0.314,0.523,0.044,
0.22,0.435,0.308,0.037,
0.212,0.506,0.24,0.043,
0.298,0.354,0.317,0.03,
0.067,0.398,0.427,0.108,
0.251,0.396,0.262,0.091,
0.485,0.356,0.114,0.045,
0.225,0.615,0.108,0.052,
0.425,0.423,0.116,0.036,
0.225,0.47,0.266,0.039,
0.587,0.309,0.068,0.036,
0.092,0.385,0.404,0.12,
0.179,0.374,0.403,0.044,
0.411,0.419,0.128,0.042,
0.284,0.403,0.248,0.064,
0.21,0.582,0.156,0.052,
0.171,0.497,0.258,0.074,
0.334,0.491,0.137,0.038,
0.213,0.344,0.357,0.086,
0.327,0.482,0.151,0.041,
0.284,0.432,0.237,0.047,
0.137,0.431,0.388,0.044,
0.308,0.489,0.167,0.035,
0.13,0.341,0.486,0.043,
0.376,0.457,0.117,0.05,
0.079,0.267,0.493,0.161,
0.143,0.554,0.211,0.092,
0.351,0.491,0.122,0.037,
0.168,0.493,0.239,0.1,
0.148,0.439,0.371,0.042,
0.192,0.444,0.279,0.085,
0.197,0.5,0.246,0.057,
0.048,0.414,0.486,0.052,
0.248,0.502,0.201,0.049,
0.18,0.353,0.428,0.039,
0.263,0.573,0.115,0.049,
0.209,0.386,0.371,0.034,
0.018,0.204,0.636,0.142,
0.152,0.375,0.41,0.063,
0.214,0.55,0.171,0.065,
0.366,0.278,0.286,0.071,
0.166,0.416,0.342,0.076,
0.224,0.363,0.372,0.041,
0.481,0.371,0.1,0.048,
0.183,0.578,0.186,0.053,
0.289,0.325,0.35,0.036,
0.038,0.274,0.526,0.162,
0.459,0.401,0.09,0.05,
0.207,0.323,0.425,0.045,
0.24,0.429,0.252,0.079,
0.199,0.401,0.284,0.116,
0.332,0.334,0.295,0.039,
0.091,0.547,0.302,0.06,
0.243,0.549,0.154,0.053,
0.173,0.492,0.275,0.061,
0.223,0.407,0.332,0.037,
0.53,0.3,0.11,0.06,
0.159,0.347,0.446,0.048,
0.215,0.495,0.238,0.052,
0.225,0.385,0.318,0.071,
0.168,0.509,0.276,0.047,
0.131,0.454,0.359,0.056,
0.425,0.396,0.137,0.042,
0.184,0.375,0.401,0.041,
0.351,0.4,0.181,0.067,
0.122,0.411,0.421,0.046,
0.232,0.451,0.283,0.033,
0.288,0.509,0.161,0.043,
0.216,0.575,0.152,0.057,
0.167,0.546,0.226,0.061,
0.251,0.412,0.264,0.072,
0.195,0.562,0.188,0.054,
0.227,0.301,0.396,0.077,
0.202,0.384,0.368,0.046,
0.135,0.485,0.325,0.055,
0.255,0.474,0.183,0.087,
0.243,0.309,0.356,0.093,
0.363,0.483,0.099,0.054,
0.083,0.414,0.463,0.04,
0.258,0.441,0.232,0.069,
0.185,0.41,0.317,0.087,
0.235,0.378,0.286,0.101,
0.2,0.375,0.344,0.081,
0.417,0.42,0.124,0.039,
0.233,0.464,0.264,0.039,
0.301,0.506,0.139,0.053,
0.175,0.37,0.37,0.084,
0.135,0.584,0.218,0.062,
0.095,0.372,0.424,0.109,
0.297,0.531,0.115,0.057,
0.226,0.533,0.186,0.056,
0.123,0.377,0.454,0.045,
0.084,0.453,0.407,0.056,
0.241,0.456,0.225,0.078,
0.186,0.451,0.315,0.048,
0.225,0.53,0.179,0.066,
0.269,0.525,0.162,0.044,
0.384,0.344,0.226,0.045,
0.468,0.404,0.09,0.037,
0.126,0.442,0.372,0.06,
0.313,0.525,0.105,0.056,
0.508,0.367,0.08,0.045,
0.265,0.479,0.207,0.049,
0.306,0.517,0.137,0.039,
0.276,0.437,0.243,0.045,
0.095,0.434,0.362,0.109,
0.08,0.637,0.213,0.07,
0.27,0.351,0.341,0.038,
0.395,0.442,0.114,0.049,
0.049,0.323,0.484,0.144,
0.153,0.326,0.476,0.046,
0.384,0.46,0.119,0.037,
0.21,0.414,0.306,0.07,
0.123,0.408,0.357,0.113,
0.261,0.334,0.363,0.042,
0.18,0.26,0.457,0.102,
0.031,0.17,0.665,0.133,
0.316,0.511,0.134,0.04,
0.201,0.49,0.258,0.051,
0.171,0.532,0.241,0.056,
0.151,0.543,0.25,0.056,
0.184,0.498,0.273,0.045,
0.257,0.457,0.248,0.038,
0.133,0.335,0.483,0.049,
0.057,0.113,0.61,0.22,
0.371,0.467,0.123,0.039,
0.097,0.377,0.392,0.134,
0.133,0.635,0.181,0.052,
0.096,0.426,0.435,0.043,
0.176,0.466,0.307,0.05,
0.16,0.493,0.291,0.056,
0.089,0.285,0.569,0.057,
0.249,0.539,0.165,0.047,
0.009,0.201,0.723,0.067,
0.363,0.468,0.131,0.037,
0.354,0.475,0.131,0.04,
0.205,0.383,0.366,0.045,
0.091,0.538,0.282,0.089,
0.023,0.278,0.632,0.067,
0.116,0.396,0.444,0.044,
0.126,0.53,0.292,0.051,
0.142,0.462,0.276,0.12,
0.154,0.502,0.298,0.047,
0.565,0.279,0.111,0.045,
0.23,0.405,0.287,0.078,
0.325,0.524,0.112,0.039,
0.279,0.425,0.254,0.042,
0.208,0.438,0.321,0.033,
0.223,0.448,0.285,0.044,
0.187,0.436,0.345,0.033,
0.273,0.546,0.135,0.047,
0.233,0.473,0.204,0.09,
0.119,0.442,0.399,0.04,
0.143,0.47,0.336,0.051,
0.119,0.465,0.364,0.052,
0.132,0.477,0.35,0.04,
0.173,0.364,0.359,0.104,
0.07,0.314,0.474,0.141,
0.273,0.532,0.153,0.043,
0.068,0.275,0.511,0.146,
0.086,0.374,0.487,0.053,
0.217,0.384,0.364,0.035,
0.322,0.363,0.239,0.076,
0.183,0.543,0.226,0.049,
0.243,0.585,0.118,0.054,
0.098,0.425,0.368,0.109,
0.212,0.552,0.182,0.055,
0.139,0.328,0.487,0.046,
0.099,0.348,0.499,0.054,
0.178,0.442,0.336,0.044,
0.067,0.307,0.56,0.066,
0.236,0.462,0.257,0.045,
0.15,0.397,0.368,0.085,
0.186,0.572,0.188,0.054,
0.164,0.424,0.366,0.046,
0.109,0.365,0.476,0.049,
0.253,0.43,0.23,0.087,
0.188,0.531,0.185,0.095,
0.162,0.559,0.223,0.056,
0.165,0.533,0.247,0.055,
0.155,0.442,0.312,0.091,
0.153,0.344,0.4,0.103,
0.093,0.402,0.45,0.055,
0.214,0.415,0.296,0.075,
0.218,0.595,0.141,0.047,
0.272,0.362,0.329,0.038,
0.222,0.482,0.244,0.051,
0.088,0.372,0.496,0.044,
0.313,0.495,0.144,0.048,
0.221,0.527,0.193,0.058,
0.089,0.339,0.531,0.042,
0.171,0.528,0.243,0.059,
0.117,0.33,0.467,0.087,
0.181,0.303,0.468,0.048,
0.239,0.567,0.146,0.048,
0.218,0.368,0.356,0.058,
0.19,0.428,0.34,0.042,
0.276,0.466,0.215,0.044,
0.335,0.304,0.293,0.069,
0.101,0.29,0.542,0.066,
0.15,0.351,0.453,0.047,
0.318,0.551,0.08,0.052,
0.443,0.416,0.092,0.048,
0.153,0.307,0.495,0.045,
0.203,0.547,0.207,0.044,
0.141,0.348,0.408,0.103,
0.294,0.488,0.174,0.044,
0.255,0.542,0.149,0.054,
0.457,0.39,0.103,0.051,
0.157,0.428,0.381,0.034,
0.085,0.336,0.52,0.059,
0.016,0.162,0.747,0.075,
0.188,0.514,0.249,0.048,
0.114,0.311,0.458,0.116,
0.176,0.251,0.475,0.098,
0.122,0.351,0.477,0.05,
0.116,0.454,0.383,0.047,
0.106,0.427,0.424,0.043,
0.25,0.39,0.282,0.078,
0.101,0.47,0.378,0.051,
0.198,0.394,0.292,0.115,
0.267,0.534,0.154,0.044,
0.228,0.461,0.255,0.056,
0.161,0.593,0.192,0.054,
0.19,0.271,0.49,0.05,
0.166,0.361,0.396,0.076,
0.177,0.503,0.271,0.048,
0.297,0.362,0.306,0.036,
0.127,0.363,0.47,0.04,
0.108,0.433,0.417,0.042,
0.128,0.571,0.244,0.057,
0.167,0.427,0.369,0.037,
0.18,0.41,0.368,0.041,
0.132,0.35,0.425,0.093,
0.11,0.614,0.214,0.061,
0.194,0.568,0.189,0.049,
0.138,0.395,0.383,0.084,
0.201,0.506,0.238,0.054,
0.183,0.458,0.316,0.043,
0.162,0.31,0.483,0.045,
0.126,0.6,0.209,0.065,
0.225,0.44,0.269,0.066,
0.119,0.474,0.353,0.054,
0.166,0.432,0.356,0.045,
0.053,0.216,0.606,0.125,
0.236,0.38,0.307,0.078,
0.215,0.305,0.399,0.081,
0.083,0.378,0.436,0.103,
0.235,0.278,0.438,0.049,
0.216,0.345,0.348,0.091,
0.073,0.351,0.524,0.053,
0.15,0.335,0.464,0.051,
0.208,0.477,0.229,0.086,
0.182,0.48,0.296,0.042,
0.158,0.489,0.294,0.06,
0.178,0.463,0.314,0.045,
0.127,0.372,0.456,0.046,
0.042,0.447,0.443,0.068,
0.244,0.531,0.175,0.049,
0.167,0.382,0.405,0.045,
0.187,0.469,0.254,0.091,
0.105,0.355,0.44,0.099,
0.083,0.393,0.471,0.053,
0.147,0.422,0.39,0.042,
0.117,0.475,0.356,0.052,
0.186,0.234,0.484,0.096,
0.11,0.262,0.509,0.12,
0.287,0.391,0.274,0.048,
0.262,0.466,0.216,0.056,
0.28,0.416,0.249,0.056,
0.106,0.294,0.521,0.079,
0.139,0.612,0.179,0.07,
0.054,0.153,0.726,0.067,
0.407,0.265,0.269,0.059,
0.334,0.474,0.151,0.04,
0.158,0.499,0.292,0.051,
0.191,0.466,0.3,0.043,
0.343,0.47,0.13,0.057,
0.149,0.361,0.395,0.095,
0.059,0.351,0.465,0.125,
0.215,0.415,0.298,0.071,
0.221,0.499,0.229,0.051,
0.125,0.555,0.269,0.051,
0.212,0.476,0.259,0.054,
0.201,0.554,0.195,0.051,
0.209,0.561,0.173,0.057,
0.128,0.475,0.338,0.06,
0.171,0.492,0.287,0.05,
0.153,0.518,0.28,0.048,
0.341,0.505,0.094,0.059,
0.103,0.494,0.348,0.055,
0.153,0.425,0.32,0.102,
0.093,0.315,0.538,0.055,
0.061,0.384,0.501,0.054,
0.138,0.355,0.397,0.109,
0.183,0.508,0.266,0.043,
0.225,0.412,0.315,0.048,
0.357,0.287,0.288,0.067,
0.172,0.436,0.334,0.058,
0.205,0.472,0.284,0.038,
0.224,0.543,0.176,0.057,
0.2,0.324,0.432,0.043,
0.158,0.49,0.307,0.045,
0.239,0.352,0.372,0.038,
0.251,0.485,0.188,0.076,
0.157,0.418,0.383,0.042,


