0.0,0.0,0.0,0.0,0.0,0.0,0.0,0.0,0.0,0.0,
0.0,0.0,0.0,0.0,0.0,0.0,0.0,0.0,0.0,0.0,
0.0,0.0,0.0,0.0,0.0,0.0,0.0,0.0,0.0,0.0,
0.0,0.0,0.0,0.0,0.0,0.0,0.0,0.0,0.0,0.0,
0.0,0.0,0.0,0.0,0.0,0.0,0.0,0.0,0.0,0.0,
0.0,0.0,0.0,0.0,0.0,0.0,0.0,0.0,0.0,0.0,
0.0,0.0,0.0,0.0,0.0,0.0,0.0,0.0,0.0,0.0,
0.0,0.0,0.0,0.0,0.0,0.0,0.0,0.0,0.0,0.0,
0.0,0.0,0.0,0.0,0.0,0.0,0.0,0.0,0.0,0.0,
0.0,0.0,0.0,0.0,0.0,0.0,0.0,0.0,0.0,0.0,
0.0,0.0,0.0,0.0,0.0,0.0,0.0,0.0,0.0,0.0,
0.0,0.0,0.0,0.0,0.0,0.0,0.0,0.0,0.0,0.0,
0.0,0.0,0.0,0.0,0.0,0.0,0.0,0.0,0.0,0.0,
0.0,0.0,0.0,0.0,0.0,0.0,0.0,0.0,0.0,0.0,
0.0,0.0,0.0,0.0,0.0,0.0,0.0,0.0,0.0,0.0,
0.0,0.0,0.0,0.0,0.0,0.0,0.0,0.0,0.0,0.0,
0.0,0.0,0.0,0.0,0.0,0.0,0.0,0.0,0.0,0.0,
0.0,0.0,0.0,0.0,0.0,0.0,0.0,0.0,0.0,0.0,
0.0,0.0,0.0,0.0,0.0,0.0,0.0,0.0,0.0,0.0,
0.0,0.0,0.0,0.0,0.0,0.0,0.0,0.0,0.0,0.0,
0.0,0.0,0.0,0.0,0.0,0.0,0.0,0.0,0.0,0.0,
0.0,0.0,0.0,0.0,0.0,0.0,0.0,0.0,0.0,0.0,
0.0,0.0,0.0,0.0,0.0,0.0,0.0,0.0,0.0,0.0,
0.0,0.0,0.0,0.0,0.0,0.0,0.0,0.0,0.0,0.0,
0.0,0.0,0.0,0.0,0.0,0.0,0.0,0.0,0.0,0.0,
0.0,0.0,0.0,0.0,0.0,0.0,0.0,0.0,0.0,0.0,
0.0,0.0,0.0,0.0,0.0,0.0,0.0,0.0,0.0,0.0,
0.0,0.0,0.0,0.0,0.0,0.0,0.0,0.0,0.0,0.0,
0.0,0.0,0.0,0.0,0.0,0.0,0.0,0.0,0.0,0.0,
0.0,0.0,0.0,0.0,0.0,0.0,0.0,0.0,0.0,0.0,
0.0,0.0,0.0,0.0,0.0,0.0,0.0,0.0,0.0,0.0,
0.0,0.0,0.0,0.0,0.0,0.0,0.0,0.0,0.0,0.0,
0.0,0.0,0.0,0.0,0.0,0.0,0.0,0.0,0.0,0.0,
0.0,0.0,0.0,0.0,0.0,0.0,0.0,0.0,0.0,0.0,
0.0,0.0,0.0,0.0,0.0,0.0,0.0,0.0,0.0,0.0,
0.0,0.0,0.0,0.0,0.0,0.0,0.0,0.0,0.0,0.0,
0.0,0.0,0.0,0.0,0.0,0.0,0.0,0.0,0.0,0.0,
0.0,0.0,0.0,0.0,0.0,0.0,0.0,0.0,0.0,0.0,
0.0,0.0,0.0,0.0,0.0,0.0,0.0,0.0,0.0,0.0,
0.0,0.0,0.0,0.0,0.0,0.0,0.0,0.0,0.0,0.0,
0.0,0.0,0.0,0.0,0.0,0.0,0.0,0.0,0.0,0.0,
0.0,0.0,0.0,0.0,0.0,0.0,0.0,0.0,0.0,0.0,
0.0,0.0,0.0,0.0,0.0,0.0,0.0,0.0,0.0,0.0,
0.0,0.0,0.0,0.0,0.0,0.0,0.0,0.0,0.0,0.0,
0.0,0.0,0.0,0.0,0.0,0.0,0.0,0.0,0.0,0.0,
0.0,0.0,0.0,0.0,0.0,0.0,0.0,0.0,0.0,0.0,
0.0,0.0,0.0,0.0,0.0,0.0,0.0,0.0,0.0,0.0,
0.0,0.0,0.0,0.0,0.0,0.0,0.0,0.0,0.0,0.0,
0.0,0.0,0.0,0.0,0.0,0.0,0.0,0.0,0.0,0.0,
0.0,0.0,0.0,0.0,0.0,0.0,0.0,0.0,0.0,0.0,
0.0,0.0,0.0,0.0,0.0,0.0,0.0,0.0,0.0,0.0,
0.0,0.0,0.0,0.0,0.0,0.0,0.0,0.0,0.0,0.0,
0.0,0.0,0.0,0.0,0.0,0.0,0.0,0.0,0.0,0.0,
0.0,0.0,0.0,0.0,0.0,0.0,0.0,0.0,0.0,0.0,
0.0,0.0,0.0,0.0,0.0,0.0,0.0,0.0,0.0,0.0,
0.0,0.0,0.0,0.0,0.0,0.0,0.0,0.0,0.0,0.0,
0.0,0.0,0.0,0.0,0.0,0.0,0.0,0.0,0.0,0.0,
0.0,0.0,0.0,0.0,0.0,0.0,0.0,0.0,0.0,0.0,
0.0,0.0,0.0,0.0,0.0,0.0,0.0,0.0,0.0,0.0,
0.0,0.0,0.0,0.0,0.0,0.0,0.0,0.0,0.0,0.0,
0.0,0.0,0.0,0.0,0.0,0.0,0.0,0.0,0.0,0.0,
0.0,0.0,0.0,0.0,0.0,0.0,0.0,0.0,0.0,0.0,
0.0,0.0,0.0,0.0,0.0,0.0,0.0,0.0,0.0,0.0,
0.0,0.0,0.0,0.0,0.0,0.0,0.0,0.0,0.0,0.0,
0.0,0.0,0.0,0.0,0.0,0.0,0.0,0.0,0.0,0.0,
0.0,0.0,0.0,0.0,0.0,0.0,0.0,0.0,0.0,0.0,
0.0,0.0,0.0,0.0,0.0,0.0,0.0,0.0,0.0,0.0,
0.0,0.0,0.0,0.0,0.0,0.0,0.0,0.0,0.0,0.0,
0.0,0.0,0.0,0.0,0.0,0.0,0.0,0.0,0.0,0.0,
0.0,0.0,0.0,0.0,0.0,0.0,0.0,0.0,0.0,0.0,
0.0,0.0,0.0,0.0,0.0,0.0,0.0,0.0,0.0,0.0,
0.0,0.0,0.0,0.0,0.0,0.0,0.0,0.0,0.0,0.0,
0.0,0.0,0.0,0.0,0.0,0.0,0.0,0.0,0.0,0.0,
0.0,0.0,0.0,0.0,0.0,0.0,0.0,0.0,0.0,0.0,
0.0,0.0,0.0,0.0,0.0,0.0,0.0,0.0,0.0,0.0,
0.0,0.0,0.0,0.0,0.0,0.0,0.0,0.0,0.0,0.0,
0.0,0.0,0.0,0.0,0.0,0.0,0.0,0.0,0.0,0.0,
0.0,0.0,0.0,0.0,0.0,0.0,0.0,0.0,0.0,0.0,
0.0,0.0,0.0,0.0,0.0,0.0,0.0,0.0,0.0,0.0,
0.0,0.0,0.0,0.0,0.0,0.0,0.0,0.0,0.0,0.0,
0.0,0.0,0.0,0.0,0.0,0.0,0.0,0.0,0.0,0.0,
0.0,0.0,0.0,0.0,0.0,0.0,0.0,0.0,0.0,0.0,
0.0,0.0,0.0,0.0,0.0,0.0,0.0,0.0,0.0,0.0,
0.0,0.0,0.0,0.0,0.0,0.0,0.0,0.0,0.0,0.0,
0.0,0.0,0.0,0.0,0.0,0.0,0.0,0.0,0.0,0.0,
0.0,0.0,0.0,0.0,0.0,0.0,0.0,0.0,0.0,0.0,
0.0,0.0,0.0,0.0,0.0,0.0,0.0,0.0,0.0,0.0,
0.0,0.0,0.0,0.0,0.0,0.0,0.0,0.0,0.0,0.0,
0.0,0.0,0.0,0.0,0.0,0.0,0.0,0.0,0.0,0.0,
0.0,0.0,0.0,0.0,0.0,0.0,0.0,0.0,0.0,0.0,
0.0,0.0,0.0,0.0,0.0,0.0,0.0,0.0,0.0,0.0,
0.0,0.0,0.0,0.0,0.0,0.0,0.0,0.0,0.0,0.0,
0.0,0.0,0.0,0.0,0.0,0.0,0.0,0.0,0.0,0.0,
0.0,0.0,0.0,0.0,0.0,0.0,0.0,0.0,0.0,0.0,
0.0,0.0,0.0,0.0,0.0,0.0,0.0,0.0,0.0,0.0,
0.0,0.0,0.0,0.0,0.0,0.0,0.0,0.0,0.0,0.0,
0.0,0.0,0.0,0.0,0.0,0.0,0.0,0.0,0.0,0.0,
0.0,0.0,0.0,0.0,0.0,0.0,0.0,0.0,0.0,0.0,
0.0,0.0,0.0,0.0,0.0,0.0,0.0,0.0,0.0,0.0,
0.0,0.0,0.0,0.0,0.0,0.0,0.0,0.0,0.0,0.0,
0.0,0.0,0.0,0.0,0.0,0.0,0.0,0.0,0.0,0.0,
0.0,0.0,0.0,0.0,0.0,0.0,0.0,0.0,0.0,0.0,
0.0,0.0,0.0,0.0,0.0,0.0,0.0,0.0,0.0,0.0,
0.0,0.0,0.0,0.0,0.0,0.0,0.0,0.0,0.0,0.0,
0.0,0.0,0.0,0.0,0.0,0.0,0.0,0.0,0.0,0.0,
0.0,0.0,0.0,0.0,0.0,0.0,0.0,0.0,0.0,0.0,
0.0,0.0,0.0,0.0,0.0,0.0,0.0,0.0,0.0,0.0,
0.0,0.0,0.0,0.0,0.0,0.0,0.0,0.0,0.0,0.0,
0.0,0.0,0.0,0.0,0.0,0.0,0.0,0.0,0.0,0.0,
0.0,0.0,0.0,0.0,0.0,0.0,0.0,0.0,0.0,0.0,
0.0,0.0,0.0,0.0,0.0,0.0,0.0,0.0,0.0,0.0,
0.0,0.0,0.0,0.0,0.0,0.0,0.0,0.0,0.0,0.0,
0.0,0.0,0.0,0.0,0.0,0.0,0.0,0.0,0.0,0.0,
0.0,0.0,0.0,0.0,0.0,0.0,0.0,0.0,0.0,0.0,
0.0,0.0,0.0,0.0,0.0,0.0,0.0,0.0,0.0,0.0,
0.0,0.0,0.0,0.0,0.0,0.0,0.0,0.0,0.0,0.0,
0.0,0.0,0.0,0.0,0.0,0.0,0.0,0.0,0.0,0.0,
0.0,0.0,0.0,0.0,0.0,0.0,0.0,0.0,0.0,0.0,
0.0,0.0,0.0,0.0,0.0,0.0,0.0,0.0,0.0,0.0,
0.0,0.0,0.0,0.0,0.0,0.0,0.0,0.0,0.0,0.0,
0.0,0.0,0.0,0.0,0.0,0.0,0.0,0.0,0.0,0.0,
0.0,0.0,0.0,0.0,0.0,0.0,0.0,0.0,0.0,0.0,
0.0,0.0,0.0,0.0,0.0,0.0,0.0,0.0,0.0,0.0,
0.0,0.0,0.0,0.0,0.0,0.0,0.0,0.0,0.0,0.0,
0.0,0.0,0.0,0.0,0.0,0.0,0.0,0.0,0.0,0.0,
0.0,0.0,0.0,0.0,0.0,0.0,0.0,0.0,0.0,0.0,
0.0,0.0,0.0,0.0,0.0,0.0,0.0,0.0,0.0,0.0,
0.0,0.0,0.0,0.0,0.0,0.0,0.0,0.0,0.0,0.0,
0.0,0.0,0.0,0.0,0.0,0.0,0.0,0.0,0.0,0.0,
0.0,0.0,0.0,0.0,0.0,0.0,0.0,0.0,0.0,0.0,
0.0,0.0,0.0,0.0,0.0,0.0,0.0,0.0,0.0,0.0,
0.0,0.0,0.0,0.0,0.0,0.0,0.0,0.0,0.0,0.0,
0.0,0.0,0.0,0.0,0.0,0.0,0.0,0.0,0.0,0.0,
0.0,0.0,0.0,0.0,0.0,0.0,0.0,0.0,0.0,0.0,
0.0,0.0,0.0,0.0,0.0,0.0,0.0,0.0,0.0,0.0,
0.0,0.0,0.0,0.0,0.0,0.0,0.0,0.0,0.0,0.0,
0.0,0.0,0.0,0.0,0.0,0.0,0.0,0.0,0.0,0.0,
0.0,0.0,0.0,0.0,0.0,0.0,0.0,0.0,0.0,0.0,
0.0,0.0,0.0,0.0,0.0,0.0,0.0,0.0,0.0,0.0,
0.0,0.0,0.0,0.0,0.0,0.0,0.0,0.0,0.0,0.0,
0.0,0.0,0.0,0.0,0.0,0.0,0.0,0.0,0.0,0.0,
0.0,0.0,0.0,0.0,0.0,0.0,0.0,0.0,0.0,0.0,
0.0,0.0,0.0,0.0,0.0,0.0,0.0,0.0,0.0,0.0,
0.0,0.0,0.0,0.0,0.0,0.0,0.0,0.0,0.0,0.0,
0.0,0.0,0.0,0.0,0.0,0.0,0.0,0.0,0.0,0.0,
0.0,0.0,0.0,0.0,0.0,0.0,0.0,0.0,0.0,0.0,
0.0,0.0,0.0,0.0,0.0,0.0,0.0,0.0,0.0,0.0,
0.0,0.0,0.0,0.0,0.0,0.0,0.0,0.0,0.0,0.0,
0.0,0.0,0.0,0.0,0.0,0.0,0.0,0.0,0.0,0.0,
0.0,0.0,0.0,0.0,0.0,0.0,0.0,0.0,0.0,0.0,
0.0,0.0,0.0,0.0,0.0,0.0,0.0,0.0,0.0,0.0,
0.0,0.0,0.0,0.0,0.0,0.0,0.0,0.0,0.0,0.0,
0.0,0.0,0.0,0.0,0.0,0.0,0.0,0.0,0.0,0.0,
0.0,0.0,0.0,0.0,0.0,0.0,0.0,0.0,0.0,0.0,
0.0,0.0,0.0,0.0,0.0,0.0,0.0,0.0,0.0,0.0,
0.0,0.0,0.0,0.0,0.0,0.0,0.0,0.0,0.0,0.0,
0.0,0.0,0.0,0.0,0.0,0.0,0.0,0.0,0.0,0.0,
0.0,0.0,0.0,0.0,0.0,0.0,0.0,0.0,0.0,0.0,
0.0,0.0,0.0,0.0,0.0,0.0,0.0,0.0,0.0,0.0,
0.0,0.0,0.0,0.0,0.0,0.0,0.0,0.0,0.0,0.0,
0.0,0.0,0.0,0.0,0.0,0.0,0.0,0.0,0.0,0.0,
0.0,0.0,0.0,0.0,0.0,0.0,0.0,0.0,0.0,0.0,
0.0,0.0,0.0,0.0,0.0,0.0,0.0,0.0,0.0,0.0,
0.0,0.0,0.0,0.0,0.0,0.0,0.0,0.0,0.0,0.0,
0.0,0.0,0.0,0.0,0.0,0.0,0.0,0.0,0.0,0.0,
0.0,0.0,0.0,0.0,0.0,0.0,0.0,0.0,0.0,0.0,
0.0,0.0,0.0,0.0,0.0,0.0,0.0,0.0,0.0,0.0,
0.0,0.0,0.0,0.0,0.0,0.0,0.0,0.0,0.0,0.0,
0.0,0.0,0.0,0.0,0.0,0.0,0.0,0.0,0.0,0.0,
0.0,0.0,0.0,0.0,0.0,0.0,0.0,0.0,0.0,0.0,
0.0,0.0,0.0,0.0,0.0,0.0,0.0,0.0,0.0,0.0,
0.0,0.0,0.0,0.0,0.0,0.0,0.0,0.0,0.0,0.0,
0.0,0.0,0.0,0.0,0.0,0.0,0.0,0.0,0.0,0.0,
0.0,0.0,0.0,0.0,0.0,0.0,0.0,0.0,0.0,0.0,
0.0,0.0,0.0,0.0,0.0,0.0,0.0,0.0,0.0,0.0,
0.0,0.0,0.0,0.0,0.0,0.0,0.0,0.0,0.0,0.0,
0.0,0.0,0.0,0.0,0.0,0.0,0.0,0.0,0.0,0.0,
0.0,0.0,0.0,0.0,0.0,0.0,0.0,0.0,0.0,0.0,
0.0,0.0,0.0,0.0,0.0,0.0,0.0,0.0,0.0,0.0,
0.0,0.0,0.0,0.0,0.0,0.0,0.0,0.0,0.0,0.0,
0.0,0.0,0.0,0.0,0.0,0.0,0.0,0.0,0.0,0.0,
0.0,0.0,0.0,0.0,0.0,0.0,0.0,0.0,0.0,0.0,
0.0,0.0,0.0,0.0,0.0,0.0,0.0,0.0,0.0,0.0,
0.0,0.0,0.0,0.0,0.0,0.0,0.0,0.0,0.0,0.0,
0.0,0.0,0.0,0.0,0.0,0.0,0.0,0.0,0.0,0.0,
0.0,0.0,0.0,0.0,0.0,0.0,0.0,0.0,0.0,0.0,
0.0,0.0,0.0,0.0,0.0,0.0,0.0,0.0,0.0,0.0,
0.0,0.0,0.0,0.0,0.0,0.0,0.0,0.0,0.0,0.0,
0.0,0.0,0.0,0.0,0.0,0.0,0.0,0.0,0.0,0.0,
0.0,0.0,0.0,0.0,0.0,0.0,0.0,0.0,0.0,0.0,
0.0,0.0,0.0,0.0,0.0,0.0,0.0,0.0,0.0,0.0,
0.0,0.0,0.0,0.0,0.0,0.0,0.0,0.0,0.0,0.0,
0.0,0.0,0.0,0.0,0.0,0.0,0.0,0.0,0.0,0.0,
0.0,0.0,0.0,0.0,0.0,0.0,0.0,0.0,0.0,0.0,
0.0,0.0,0.0,0.0,0.0,0.0,0.0,0.0,0.0,0.0,
0.0,0.0,0.0,0.0,0.0,0.0,0.0,0.0,0.0,0.0,
0.0,0.0,0.0,0.0,0.0,0.0,0.0,0.0,0.0,0.0,
0.0,0.0,0.0,0.0,0.0,0.0,0.0,0.0,0.0,0.0,
0.0,0.0,0.0,0.0,0.0,0.0,0.0,0.0,0.0,0.0,
0.0,0.0,0.0,0.0,0.0,0.0,0.0,0.0,0.0,0.0,
0.0,0.0,0.0,0.0,0.0,0.0,0.0,0.0,0.0,0.0,
0.0,0.0,0.0,0.0,0.0,0.0,0.0,0.0,0.0,0.0,
0.0,0.0,0.0,0.0,0.0,0.0,0.0,0.0,0.0,0.0,
0.0,0.0,0.0,0.0,0.0,0.0,0.0,0.0,0.0,0.0,
0.0,0.0,0.0,0.0,0.0,0.0,0.0,0.0,0.0,0.0,
0.0,0.0,0.0,0.0,0.0,0.0,0.0,0.0,0.0,0.0,
0.0,0.0,0.0,0.0,0.0,0.0,0.0,0.0,0.0,0.0,
0.0,0.0,0.0,0.0,0.0,0.0,0.0,0.0,0.0,0.0,
0.0,0.0,0.0,0.0,0.0,0.0,0.0,0.0,0.0,0.0,
0.0,0.0,0.0,0.0,0.0,0.0,0.0,0.0,0.0,0.0,
0.0,0.0,0.0,0.0,0.0,0.0,0.0,0.0,0.0,0.0,
0.0,0.0,0.0,0.0,0.0,0.0,0.0,0.0,0.0,0.0,
0.0,0.0,0.0,0.0,0.0,0.0,0.0,0.0,0.0,0.0,
0.0,0.0,0.0,0.0,0.0,0.0,0.0,0.0,0.0,0.0,
0.0,0.0,0.0,0.0,0.0,0.0,0.0,0.0,0.0,0.0,
0.0,0.0,0.0,0.0,0.0,0.0,0.0,0.0,0.0,0.0,
0.0,0.0,0.0,0.0,0.0,0.0,0.0,0.0,0.0,0.0,
0.0,0.0,0.0,0.0,0.0,0.0,0.0,0.0,0.0,0.0,
0.0,0.0,0.0,0.0,0.0,0.0,0.0,0.0,0.0,0.0,
0.0,0.0,0.0,0.0,0.0,0.0,0.0,0.0,0.0,0.0,
0.0,0.0,0.0,0.0,0.0,0.0,0.0,0.0,0.0,0.0,
0.0,0.0,0.0,0.0,0.0,0.0,0.0,0.0,0.0,0.0,
0.0,0.0,0.0,0.0,0.0,0.0,0.0,0.0,0.0,0.0,
0.0,0.0,0.0,0.0,0.0,0.0,0.0,0.0,0.0,0.0,
0.0,0.0,0.0,0.0,0.0,0.0,0.0,0.0,0.0,0.0,
0.0,0.0,0.0,0.0,0.0,0.0,0.0,0.0,0.0,0.0,
0.0,0.0,0.0,0.0,0.0,0.0,0.0,0.0,0.0,0.0,
0.0,0.0,0.0,0.0,0.0,0.0,0.0,0.0,0.0,0.0,
0.0,0.0,0.0,0.0,0.0,0.0,0.0,0.0,0.0,0.0,
0.0,0.0,0.0,0.0,0.0,0.0,0.0,0.0,0.0,0.0,
0.0,0.0,0.0,0.0,0.0,0.0,0.0,0.0,0.0,0.0,
0.0,0.0,0.0,0.0,0.0,0.0,0.0,0.0,0.0,0.0,
0.0,0.0,0.0,0.0,0.0,0.0,0.0,0.0,0.0,0.0,
0.0,0.0,0.0,0.0,0.0,0.0,0.0,0.0,0.0,0.0,
0.0,0.0,0.0,0.0,0.0,0.0,0.0,0.0,0.0,0.0,
0.0,0.0,0.0,0.0,0.0,0.0,0.0,0.0,0.0,0.0,
0.0,0.0,0.0,0.0,0.0,0.0,0.0,0.0,0.0,0.0,
0.0,0.0,0.0,0.0,0.0,0.0,0.0,0.0,0.0,0.0,
0.0,0.0,0.0,0.0,0.0,0.0,0.0,0.0,0.0,0.0,
0.0,0.0,0.0,0.0,0.0,0.0,0.0,0.0,0.0,0.0,
0.0,0.0,0.0,0.0,0.0,0.0,0.0,0.0,0.0,0.0,
0.0,0.0,0.0,0.0,0.0,0.0,0.0,0.0,0.0,0.0,
0.0,0.0,0.0,0.0,0.0,0.0,0.0,0.0,0.0,0.0,
0.0,0.0,0.0,0.0,0.0,0.0,0.0,0.0,0.0,0.0,
0.0,0.0,0.0,0.0,0.0,0.0,0.0,0.0,0.0,0.0,
0.0,0.0,0.0,0.0,0.0,0.0,0.0,0.0,0.0,0.0,
0.0,0.0,0.0,0.0,0.0,0.0,0.0,0.0,0.0,0.0,
0.0,0.0,0.0,0.0,0.0,0.0,0.0,0.0,0.0,0.0,
0.0,0.0,0.0,0.0,0.0,0.0,0.0,0.0,0.0,0.0,
0.0,0.0,0.0,0.0,0.0,0.0,0.0,0.0,0.0,0.0,
0.0,0.0,0.0,0.0,0.0,0.0,0.0,0.0,0.0,0.0,
0.0,0.0,0.0,0.0,0.0,0.0,0.0,0.0,0.0,0.0,
0.0,0.0,0.0,0.0,0.0,0.0,0.0,0.0,0.0,0.0,
0.0,0.0,0.0,0.0,0.0,0.0,0.0,0.0,0.0,0.0,
0.0,0.0,0.0,0.0,0.0,0.0,0.0,0.0,0.0,0.0,
0.0,0.0,0.0,0.0,0.0,0.0,0.0,0.0,0.0,0.0,
0.0,0.0,0.0,0.0,0.0,0.0,0.0,0.0,0.0,0.0,
0.0,0.0,0.0,0.0,0.0,0.0,0.0,0.0,0.0,0.0,
0.0,0.0,0.0,0.0,0.0,0.0,0.0,0.0,0.0,0.0,
0.0,0.0,0.0,0.0,0.0,0.0,0.0,0.0,0.0,0.0,
0.0,0.0,0.0,0.0,0.0,0.0,0.0,0.0,0.0,0.0,
0.0,0.0,0.0,0.0,0.0,0.0,0.0,0.0,0.0,0.0,
0.0,0.0,0.0,0.0,0.0,0.0,0.0,0.0,0.0,0.0,
0.0,0.0,0.0,0.0,0.0,0.0,0.0,0.0,0.0,0.0,
0.0,0.0,0.0,0.0,0.0,0.0,0.0,0.0,0.0,0.0,
0.0,0.0,0.0,0.0,0.0,0.0,0.0,0.0,0.0,0.0,
0.0,0.0,0.0,0.0,0.0,0.0,0.0,0.0,0.0,0.0,
0.0,0.0,0.0,0.0,0.0,0.0,0.0,0.0,0.0,0.0,
0.0,0.0,0.0,0.0,0.0,0.0,0.0,0.0,0.0,0.0,
0.0,0.0,0.0,0.0,0.0,0.0,0.0,0.0,0.0,0.0,
0.0,0.0,0.0,0.0,0.0,0.0,0.0,0.0,0.0,0.0,
0.0,0.0,0.0,0.0,0.0,0.0,0.0,0.0,0.0,0.0,
0.0,0.0,0.0,0.0,0.0,0.0,0.0,0.0,0.0,0.0,
0.0,0.0,0.0,0.0,0.0,0.0,0.0,0.0,0.0,0.0,
0.0,0.0,0.0,0.0,0.0,0.0,0.0,0.0,0.0,0.0,
0.0,0.0,0.0,0.0,0.0,0.0,0.0,0.0,0.0,0.0,
0.0,0.0,0.0,0.0,0.0,0.0,0.0,0.0,0.0,0.0,
0.0,0.0,0.0,0.0,0.0,0.0,0.0,0.0,0.0,0.0,
0.0,0.0,0.0,0.0,0.0,0.0,0.0,0.0,0.0,0.0,
0.0,0.0,0.0,0.0,0.0,0.0,0.0,0.0,0.0,0.0,
0.0,0.0,0.0,0.0,0.0,0.0,0.0,0.0,0.0,0.0,
0.0,0.0,0.0,0.0,0.0,0.0,0.0,0.0,0.0,0.0,
0.0,0.0,0.0,0.0,0.0,0.0,0.0,0.0,0.0,0.0,
0.0,0.0,0.0,0.0,0.0,0.0,0.0,0.0,0.0,0.0,
0.0,0.0,0.0,0.0,0.0,0.0,0.0,0.0,0.0,0.0,
0.0,0.0,0.0,0.0,0.0,0.0,0.0,0.0,0.0,0.0,
0.0,0.0,0.0,0.0,0.0,0.0,0.0,0.0,0.0,0.0,
0.0,0.0,0.0,0.0,0.0,0.0,0.0,0.0,0.0,0.0,
0.0,0.0,0.0,0.0,0.0,0.0,0.0,0.0,0.0,0.0,
0.0,0.0,0.0,0.0,0.0,0.0,0.0,0.0,0.0,0.0,
0.0,0.0,0.0,0.0,0.0,0.0,0.0,0.0,0.0,0.0,
0.0,0.0,0.0,0.0,0.0,0.0,0.0,0.0,0.0,0.0,
0.0,0.0,0.0,0.0,0.0,0.0,0.0,0.0,0.0,0.0,
0.0,0.0,0.0,0.0,0.0,0.0,0.0,0.0,0.0,0.0,
0.0,0.0,0.0,0.0,0.0,0.0,0.0,0.0,0.0,0.0,
0.0,0.0,0.0,0.0,0.0,0.0,0.0,0.0,0.0,0.0,
0.0,0.0,0.0,0.0,0.0,0.0,0.0,0.0,0.0,0.0,
0.0,0.0,0.0,0.0,0.0,0.0,0.0,0.0,0.0,0.0,
0.0,0.0,0.0,0.0,0.0,0.0,0.0,0.0,0.0,0.0,
0.0,0.0,0.0,0.0,0.0,0.0,0.0,0.0,0.0,0.0,
0.0,0.0,0.0,0.0,0.0,0.0,0.0,0.0,0.0,0.0,
0.0,0.0,0.0,0.0,0.0,0.0,0.0,0.0,0.0,0.0,
0.0,0.0,0.0,0.0,0.0,0.0,0.0,0.0,0.0,0.0,
0.0,0.0,0.0,0.0,0.0,0.0,0.0,0.0,0.0,0.0,
0.0,0.0,0.0,0.0,0.0,0.0,0.0,0.0,0.0,0.0,
0.0,0.0,0.0,0.0,0.0,0.0,0.0,0.0,0.0,0.0,
0.0,0.0,0.0,0.0,0.0,0.0,0.0,0.0,0.0,0.0,
0.0,0.0,0.0,0.0,0.0,0.0,0.0,0.0,0.0,0.0,
0.0,0.0,0.0,0.0,0.0,0.0,0.0,0.0,0.0,0.0,
0.0,0.0,0.0,0.0,0.0,0.0,0.0,0.0,0.0,0.0,
0.0,0.0,0.0,0.0,0.0,0.0,0.0,0.0,0.0,0.0,
0.0,0.0,0.0,0.0,0.0,0.0,0.0,0.0,0.0,0.0,
0.0,0.0,0.0,0.0,0.0,0.0,0.0,0.0,0.0,0.0,
0.0,0.0,0.0,0.0,0.0,0.0,0.0,0.0,0.0,0.0,
0.0,0.0,0.0,0.0,0.0,0.0,0.0,0.0,0.0,0.0,
0.0,0.0,0.0,0.0,0.0,0.0,0.0,0.0,0.0,0.0,
0.0,0.0,0.0,0.0,0.0,0.0,0.0,0.0,0.0,0.0,
0.0,0.0,0.0,0.0,0.0,0.0,0.0,0.0,0.0,0.0,
0.0,0.0,0.0,0.0,0.0,0.0,0.0,0.0,0.0,0.0,
0.0,0.0,0.0,0.0,0.0,0.0,0.0,0.0,0.0,0.0,
0.0,0.0,0.0,0.0,0.0,0.0,0.0,0.0,0.0,0.0,
0.0,0.0,0.0,0.0,0.0,0.0,0.0,0.0,0.0,0.0,
0.0,0.0,0.0,0.0,0.0,0.0,0.0,0.0,0.0,0.0,
0.0,0.0,0.0,0.0,0.0,0.0,0.0,0.0,0.0,0.0,
0.0,0.0,0.0,0.0,0.0,0.0,0.0,0.0,0.0,0.0,
0.0,0.0,0.0,0.0,0.0,0.0,0.0,0.0,0.0,0.0,
0.0,0.0,0.0,0.0,0.0,0.0,0.0,0.0,0.0,0.0,
0.0,0.0,0.0,0.0,0.0,0.0,0.0,0.0,0.0,0.0,
0.0,0.0,0.0,0.0,0.0,0.0,0.0,0.0,0.0,0.0,
0.0,0.0,0.0,0.0,0.0,0.0,0.0,0.0,0.0,0.0,
0.0,0.0,0.0,0.0,0.0,0.0,0.0,0.0,0.0,0.0,
0.0,0.0,0.0,0.0,0.0,0.0,0.0,0.0,0.0,0.0,
0.0,0.0,0.0,0.0,0.0,0.0,0.0,0.0,0.0,0.0,
0.0,0.0,0.0,0.0,0.0,0.0,0.0,0.0,0.0,0.0,
0.0,0.0,0.0,0.0,0.0,0.0,0.0,0.0,0.0,0.0,
0.0,0.0,0.0,0.0,0.0,0.0,0.0,0.0,0.0,0.0,
0.0,0.0,0.0,0.0,0.0,0.0,0.0,0.0,0.0,0.0,
0.0,0.0,0.0,0.0,0.0,0.0,0.0,0.0,0.0,0.0,
0.0,0.0,0.0,0.0,0.0,0.0,0.0,0.0,0.0,0.0,
0.0,0.0,0.0,0.0,0.0,0.0,0.0,0.0,0.0,0.0,
0.0,0.0,0.0,0.0,0.0,0.0,0.0,0.0,0.0,0.0,
0.0,0.0,0.0,0.0,0.0,0.0,0.0,0.0,0.0,0.0,
0.0,0.0,0.0,0.0,0.0,0.0,0.0,0.0,0.0,0.0,
0.0,0.0,0.0,0.0,0.0,0.0,0.0,0.0,0.0,0.0,
0.0,0.0,0.0,0.0,0.0,0.0,0.0,0.0,0.0,0.0,
0.0,0.0,0.0,0.0,0.0,0.0,0.0,0.0,0.0,0.0,
0.0,0.0,0.0,0.0,0.0,0.0,0.0,0.0,0.0,0.0,
0.0,0.0,0.0,0.0,0.0,0.0,0.0,0.0,0.0,0.0,
0.0,0.0,0.0,0.0,0.0,0.0,0.0,0.0,0.0,0.0,
0.0,0.0,0.0,0.0,0.0,0.0,0.0,0.0,0.0,0.0,
0.0,0.0,0.0,0.0,0.0,0.0,0.0,0.0,0.0,0.0,
0.0,0.0,0.0,0.0,0.0,0.0,0.0,0.0,0.0,0.0,
0.0,0.0,0.0,0.0,0.0,0.0,0.0,0.0,0.0,0.0,
0.0,0.0,0.0,0.0,0.0,0.0,0.0,0.0,0.0,0.0,
0.0,0.0,0.0,0.0,0.0,0.0,0.0,0.0,0.0,0.0,
0.0,0.0,0.0,0.0,0.0,0.0,0.0,0.0,0.0,0.0,
0.0,0.0,0.0,0.0,0.0,0.0,0.0,0.0,0.0,0.0,
0.0,0.0,0.0,0.0,0.0,0.0,0.0,0.0,0.0,0.0,
0.0,0.0,0.0,0.0,0.0,0.0,0.0,0.0,0.0,0.0,
0.0,0.0,0.0,0.0,0.0,0.0,0.0,0.0,0.0,0.0,
0.0,0.0,0.0,0.0,0.0,0.0,0.0,0.0,0.0,0.0,
0.0,0.0,0.0,0.0,0.0,0.0,0.0,0.0,0.0,0.0,
0.0,0.0,0.0,0.0,0.0,0.0,0.0,0.0,0.0,0.0,
0.0,0.0,0.0,0.0,0.0,0.0,0.0,0.0,0.0,0.0,
0.0,0.0,0.0,0.0,0.0,0.0,0.0,0.0,0.0,0.0,
0.0,0.0,0.0,0.0,0.0,0.0,0.0,0.0,0.0,0.0,
0.0,0.0,0.0,0.0,0.0,0.0,0.0,0.0,0.0,0.0,
0.0,0.0,0.0,0.0,0.0,0.0,0.0,0.0,0.0,0.0,
0.0,0.0,0.0,0.0,0.0,0.0,0.0,0.0,0.0,0.0,
0.0,0.0,0.0,0.0,0.0,0.0,0.0,0.0,0.0,0.0,
0.0,0.0,0.0,0.0,0.0,0.0,0.0,0.0,0.0,0.0,
0.0,0.0,0.0,0.0,0.0,0.0,0.0,0.0,0.0,0.0,
0.0,0.0,0.0,0.0,0.0,0.0,0.0,0.0,0.0,0.0,
0.0,0.0,0.0,0.0,0.0,0.0,0.0,0.0,0.0,0.0,
0.0,0.0,0.0,0.0,0.0,0.0,0.0,0.0,0.0,0.0,
0.0,0.0,0.0,0.0,0.0,0.0,0.0,0.0,0.0,0.0,
0.0,0.0,0.0,0.0,0.0,0.0,0.0,0.0,0.0,0.0,
0.0,0.0,0.0,0.0,0.0,0.0,0.0,0.0,0.0,0.0,
0.0,0.0,0.0,0.0,0.0,0.0,0.0,0.0,0.0,0.0,
0.0,0.0,0.0,0.0,0.0,0.0,0.0,0.0,0.0,0.0,
0.0,0.0,0.0,0.0,0.0,0.0,0.0,0.0,0.0,0.0,
0.0,0.0,0.0,0.0,0.0,0.0,0.0,0.0,0.0,0.0,
0.0,0.0,0.0,0.0,0.0,0.0,0.0,0.0,0.0,0.0,
0.0,0.0,0.0,0.0,0.0,0.0,0.0,0.0,0.0,0.0,
0.0,0.0,0.0,0.0,0.0,0.0,0.0,0.0,0.0,0.0,
0.0,0.0,0.0,0.0,0.0,0.0,0.0,0.0,0.0,0.0,
0.0,0.0,0.0,0.0,0.0,0.0,0.0,0.0,0.0,0.0,
0.0,0.0,0.0,0.0,0.0,0.0,0.0,0.0,0.0,0.0,
0.0,0.0,0.0,0.0,0.0,0.0,0.0,0.0,0.0,0.0,
0.0,0.0,0.0,0.0,0.0,0.0,0.0,0.0,0.0,0.0,
0.0,0.0,0.0,0.0,0.0,0.0,0.0,0.0,0.0,0.0,
0.0,0.0,0.0,0.0,0.0,0.0,0.0,0.0,0.0,0.0,
0.0,0.0,0.0,0.0,0.0,0.0,0.0,0.0,0.0,0.0,
0.0,0.0,0.0,0.0,0.0,0.0,0.0,0.0,0.0,0.0,
0.0,0.0,0.0,0.0,0.0,0.0,0.0,0.0,0.0,0.0,
0.0,0.0,0.0,0.0,0.0,0.0,0.0,0.0,0.0,0.0,
0.0,0.0,0.0,0.0,0.0,0.0,0.0,0.0,0.0,0.0,
0.0,0.0,0.0,0.0,0.0,0.0,0.0,0.0,0.0,0.0,
0.0,0.0,0.0,0.0,0.0,0.0,0.0,0.0,0.0,0.0,
0.0,0.0,0.0,0.0,0.0,0.0,0.0,0.0,0.0,0.0,
0.0,0.0,0.0,0.0,0.0,0.0,0.0,0.0,0.0,0.0,
0.0,0.0,0.0,0.0,0.0,0.0,0.0,0.0,0.0,0.0,
0.0,0.0,0.0,0.0,0.0,0.0,0.0,0.0,0.0,0.0,
0.0,0.0,0.0,0.0,0.0,0.0,0.0,0.0,0.0,0.0,
0.0,0.0,0.0,0.0,0.0,0.0,0.0,0.0,0.0,0.0,
0.0,0.0,0.0,0.0,0.0,0.0,0.0,0.0,0.0,0.0,
0.0,0.0,0.0,0.0,0.0,0.0,0.0,0.0,0.0,0.0,
0.0,0.0,0.0,0.0,0.0,0.0,0.0,0.0,0.0,0.0,
0.0,0.0,0.0,0.0,0.0,0.0,0.0,0.0,0.0,0.0,
0.0,0.0,0.0,0.0,0.0,0.0,0.0,0.0,0.0,0.0,
0.0,0.0,0.0,0.0,0.0,0.0,0.0,0.0,0.0,0.0,
0.0,0.0,0.0,0.0,0.0,0.0,0.0,0.0,0.0,0.0,
0.0,0.0,0.0,0.0,0.0,0.0,0.0,0.0,0.0,0.0,
0.0,0.0,0.0,0.0,0.0,0.0,0.0,0.0,0.0,0.0,
0.0,0.0,0.0,0.0,0.0,0.0,0.0,0.0,0.0,0.0,
0.0,0.0,0.0,0.0,0.0,0.0,0.0,0.0,0.0,0.0,
0.0,0.0,0.0,0.0,0.0,0.0,0.0,0.0,0.0,0.0,
0.0,0.0,0.0,0.0,0.0,0.0,0.0,0.0,0.0,0.0,
0.0,0.0,0.0,0.0,0.0,0.0,0.0,0.0,0.0,0.0,
0.0,0.0,0.0,0.0,0.0,0.0,0.0,0.0,0.0,0.0,
0.0,0.0,0.0,0.0,0.0,0.0,0.0,0.0,0.0,0.0,
0.0,0.0,0.0,0.0,0.0,0.0,0.0,0.0,0.0,0.0,
0.0,0.0,0.0,0.0,0.0,0.0,0.0,0.0,0.0,0.0,
0.0,0.0,0.0,0.0,0.0,0.0,0.0,0.0,0.0,0.0,
0.0,0.0,0.0,0.0,0.0,0.0,0.0,0.0,0.0,0.0,
0.0,0.0,0.0,0.0,0.0,0.0,0.0,0.0,0.0,0.0,
0.0,0.0,0.0,0.0,0.0,0.0,0.0,0.0,0.0,0.0,
0.0,0.0,0.0,0.0,0.0,0.0,0.0,0.0,0.0,0.0,
0.0,0.0,0.0,0.0,0.0,0.0,0.0,0.0,0.0,0.0,
0.0,0.0,0.0,0.0,0.0,0.0,0.0,0.0,0.0,0.0,
0.0,0.0,0.0,0.0,0.0,0.0,0.0,0.0,0.0,0.0,
0.0,0.0,0.0,0.0,0.0,0.0,0.0,0.0,0.0,0.0,
0.0,0.0,0.0,0.0,0.0,0.0,0.0,0.0,0.0,0.0,
0.0,0.0,0.0,0.0,0.0,0.0,0.0,0.0,0.0,0.0,
0.0,0.0,0.0,0.0,0.0,0.0,0.0,0.0,0.0,0.0,
0.0,0.0,0.0,0.0,0.0,0.0,0.0,0.0,0.0,0.0,
0.0,0.0,0.0,0.0,0.0,0.0,0.0,0.0,0.0,0.0,
0.0,0.0,0.0,0.0,0.0,0.0,0.0,0.0,0.0,0.0,
0.0,0.0,0.0,0.0,0.0,0.0,0.0,0.0,0.0,0.0,
0.0,0.0,0.0,0.0,0.0,0.0,0.0,0.0,0.0,0.0,
0.0,0.0,0.0,0.0,0.0,0.0,0.0,0.0,0.0,0.0,
0.0,0.0,0.0,0.0,0.0,0.0,0.0,0.0,0.0,0.0,
0.0,0.0,0.0,0.0,0.0,0.0,0.0,0.0,0.0,0.0,
0.0,0.0,0.0,0.0,0.0,0.0,0.0,0.0,0.0,0.0,
0.0,0.0,0.0,0.0,0.0,0.0,0.0,0.0,0.0,0.0,
0.0,0.0,0.0,0.0,0.0,0.0,0.0,0.0,0.0,0.0,
0.0,0.0,0.0,0.0,0.0,0.0,0.0,0.0,0.0,0.0,
0.0,0.0,0.0,0.0,0.0,0.0,0.0,0.0,0.0,0.0,
0.0,0.0,0.0,0.0,0.0,0.0,0.0,0.0,0.0,0.0,
0.0,0.0,0.0,0.0,0.0,0.0,0.0,0.0,0.0,0.0,
0.0,0.0,0.0,0.0,0.0,0.0,0.0,0.0,0.0,0.0,
0.0,0.0,0.0,0.0,0.0,0.0,0.0,0.0,0.0,0.0,
0.0,0.0,0.0,0.0,0.0,0.0,0.0,0.0,0.0,0.0,
0.0,0.0,0.0,0.0,0.0,0.0,0.0,0.0,0.0,0.0,
0.0,0.0,0.0,0.0,0.0,0.0,0.0,0.0,0.0,0.0,
0.0,0.0,0.0,0.0,0.0,0.0,0.0,0.0,0.0,0.0,
0.0,0.0,0.0,0.0,0.0,0.0,0.0,0.0,0.0,0.0,
0.0,0.0,0.0,0.0,0.0,0.0,0.0,0.0,0.0,0.0,
0.0,0.0,0.0,0.0,0.0,0.0,0.0,0.0,0.0,0.0,
0.0,0.0,0.0,0.0,0.0,0.0,0.0,0.0,0.0,0.0,
0.0,0.0,0.0,0.0,0.0,0.0,0.0,0.0,0.0,0.0,
0.0,0.0,0.0,0.0,0.0,0.0,0.0,0.0,0.0,0.0,
0.0,0.0,0.0,0.0,0.0,0.0,0.0,0.0,0.0,0.0,
0.0,0.0,0.0,0.0,0.0,0.0,0.0,0.0,0.0,0.0,
0.0,0.0,0.0,0.0,0.0,0.0,0.0,0.0,0.0,0.0,
0.0,0.0,0.0,0.0,0.0,0.0,0.0,0.0,0.0,0.0,
0.0,0.0,0.0,0.0,0.0,0.0,0.0,0.0,0.0,0.0,
0.0,0.0,0.0,0.0,0.0,0.0,0.0,0.0,0.0,0.0,
0.0,0.0,0.0,0.0,0.0,0.0,0.0,0.0,0.0,0.0,
0.0,0.0,0.0,0.0,0.0,0.0,0.0,0.0,0.0,0.0,
0.0,0.0,0.0,0.0,0.0,0.0,0.0,0.0,0.0,0.0,
0.0,0.0,0.0,0.0,0.0,0.0,0.0,0.0,0.0,0.0,
0.0,0.0,0.0,0.0,0.0,0.0,0.0,0.0,0.0,0.0,
0.0,0.0,0.0,0.0,0.0,0.0,0.0,0.0,0.0,0.0,
0.0,0.0,0.0,0.0,0.0,0.0,0.0,0.0,0.0,0.0,
0.0,0.0,0.0,0.0,0.0,0.0,0.0,0.0,0.0,0.0,
0.0,0.0,0.0,0.0,0.0,0.0,0.0,0.0,0.0,0.0,
0.0,0.0,0.0,0.0,0.0,0.0,0.0,0.0,0.0,0.0,
0.0,0.0,0.0,0.0,0.0,0.0,0.0,0.0,0.0,0.0,
0.0,0.0,0.0,0.0,0.0,0.0,0.0,0.0,0.0,0.0,
0.0,0.0,0.0,0.0,0.0,0.0,0.0,0.0,0.0,0.0,
0.0,0.0,0.0,0.0,0.0,0.0,0.0,0.0,0.0,0.0,
0.0,0.0,0.0,0.0,0.0,0.0,0.0,0.0,0.0,0.0,
0.0,0.0,0.0,0.0,0.0,0.0,0.0,0.0,0.0,0.0,
0.0,0.0,0.0,0.0,0.0,0.0,0.0,0.0,0.0,0.0,
0.0,0.0,0.0,0.0,0.0,0.0,0.0,0.0,0.0,0.0,
0.0,0.0,0.0,0.0,0.0,0.0,0.0,0.0,0.0,0.0,
0.0,0.0,0.0,0.0,0.0,0.0,0.0,0.0,0.0,0.0,
0.0,0.0,0.0,0.0,0.0,0.0,0.0,0.0,0.0,0.0,
0.0,0.0,0.0,0.0,0.0,0.0,0.0,0.0,0.0,0.0,
0.0,0.0,0.0,0.0,0.0,0.0,0.0,0.0,0.0,0.0,
0.0,0.0,0.0,0.0,0.0,0.0,0.0,0.0,0.0,0.0,
0.0,0.0,0.0,0.0,0.0,0.0,0.0,0.0,0.0,0.0,
0.0,0.0,0.0,0.0,0.0,0.0,0.0,0.0,0.0,0.0,
0.0,0.0,0.0,0.0,0.0,0.0,0.0,0.0,0.0,0.0,
0.0,0.0,0.0,0.0,0.0,0.0,0.0,0.0,0.0,0.0,
0.0,0.0,0.0,0.0,0.0,0.0,0.0,0.0,0.0,0.0,
0.0,0.0,0.0,0.0,0.0,0.0,0.0,0.0,0.0,0.0,
0.0,0.0,0.0,0.0,0.0,0.0,0.0,0.0,0.0,0.0,
0.0,0.0,0.0,0.0,0.0,0.0,0.0,0.0,0.0,0.0,

0.0,-0.131,0.005,-0.136,-0.228,-0.243,-0.286,-0.19,-0.172,-0.235,
0.0,0.072,0.103,0.11,0.047,0.013,0.014,0.012,0.012,0.012,
0.0,-0.017,0.122,0.115,0.131,-0.05,-0.127,0.18,0.016,0.032,
0.0,-0.027,-0.049,0.009,-0.082,-0.037,0.004,0.042,-0.016,-0.004,
0.0,0.021,0.046,-0.051,0.076,0.004,0.027,0.075,0.039,0.111,
0.0,0.115,0.028,0.022,0.017,0.017,0.017,0.017,0.017,0.017,
0.0,-0.128,0.022,-0.022,-0.077,-0.018,0.035,-0.03,0.067,0.087,
0.0,-0.133,-0.164,-0.04,-0.043,0.0,0.017,-0.0,0.006,0.017,
0.0,0.086,-0.049,0.101,0.091,-0.12,0.072,0.095,0.022,0.053,
0.0,0.091,-0.001,0.002,-0.033,-0.029,-0.076,0.029,0.007,0.106,
0.0,0.037,0.085,-0.01,0.027,-0.004,-0.067,0.102,0.049,-0.0,
0.0,-0.165,-0.131,-0.214,-0.012,-0.008,-0.009,-0.003,-0.003,-0.003,
0.0,0.061,-0.025,0.136,0.004,0.122,-0.136,-0.02,-0.023,-0.077,
0.0,0.056,-0.066,0.002,-0.015,-0.021,-0.019,0.092,0.052,0.019,
0.0,-0.119,0.053,-0.07,0.0,-0.082,-0.052,0.065,-0.044,-0.089,
0.0,0.077,-0.073,-0.079,0.086,0.032,0.028,0.028,0.007,0.005,
0.0,0.132,0.208,-0.038,0.058,-0.011,-0.086,0.115,-0.027,0.095,
0.0,0.063,-0.006,0.026,0.008,0.013,0.022,-0.01,-0.033,-0.037,
0.0,0.021,-0.01,-0.025,0.035,0.034,-0.061,0.157,-0.058,-0.04,
0.0,0.024,-0.005,-0.024,-0.096,0.089,0.169,0.069,0.032,0.071,
0.0,-0.049,-0.081,0.011,-0.021,-0.157,-0.003,-0.096,-0.02,-0.017,
0.0,-0.017,-0.004,-0.026,0.03,0.123,-0.019,-0.042,0.007,-0.057,
0.0,-0.026,-0.124,-0.119,0.18,0.048,-0.01,0.058,0.014,0.017,
0.0,0.017,0.018,0.04,0.042,0.042,0.042,0.042,0.042,0.042,
0.0,-0.114,-0.105,-0.083,0.11,-0.047,-0.054,-0.162,-0.11,0.05,
0.0,0.04,-0.025,-0.115,0.168,-0.195,-0.005,-0.06,-0.005,-0.004,
0.0,0.148,-0.005,-0.101,-0.209,0.057,0.086,0.125,-0.067,-0.018,
0.0,-0.111,0.083,-0.041,-0.138,-0.054,-0.004,-0.148,0.011,0.037,
0.0,-0.001,-0.001,-0.026,0.022,-0.072,-0.09,-0.05,-0.12,-0.073,
0.0,0.066,-0.061,0.022,-0.056,-0.011,0.032,0.013,-0.076,-0.088,
0.0,-0.11,0.002,0.002,-0.084,-0.028,-0.029,0.08,0.069,-0.035,
0.0,-0.003,0.161,-0.002,-0.062,-0.028,0.118,-0.009,0.12,0.045,
0.0,-0.015,-0.087,0.008,0.001,0.077,0.016,0.005,0.002,0.071,
0.0,0.006,0.019,0.082,0.064,0.143,-0.125,0.008,0.036,-0.047,
0.0,-0.024,0.133,-0.101,-0.067,0.067,0.051,0.137,0.023,-0.019,
0.0,-0.028,0.062,0.103,-0.161,0.029,0.043,-0.161,-0.107,-0.121,
0.0,-0.116,-0.027,0.05,-0.038,-0.122,-0.033,0.2,-0.05,-0.016,
0.0,-0.047,-0.096,0.082,-0.073,-0.017,-0.12,0.075,0.071,-0.171,
-0.007,0.058,-0.052,-0.081,0.038,-0.012,-0.112,0.001,-0.074,0.026,
0.0,-0.054,-0.062,-0.221,0.099,-0.043,-0.052,-0.131,0.022,-0.132,
0.0,0.175,0.097,0.052,0.016,0.013,0.013,0.013,0.013,0.013,
0.0,0.01,-0.044,-0.019,-0.021,0.08,0.009,-0.063,-0.061,-0.083,
0.0,-0.014,0.066,0.065,-0.017,0.071,-0.003,0.034,-0.004,-0.035,
0.0,-0.028,0.044,-0.11,-0.074,-0.014,-0.012,-0.014,-0.012,-0.147,
0.0,0.023,0.034,0.031,0.03,0.03,0.03,0.03,0.03,0.03,
0.0,-0.071,-0.079,0.007,0.015,0.008,0.133,-0.083,0.077,0.053,
0.0,-0.22,-0.105,0.01,-0.102,-0.001,-0.0,-0.0,-0.0,-0.0,
0.0,0.022,-0.01,0.02,-0.003,0.123,-0.006,-0.074,0.017,-0.065,
0.0,0.028,-0.003,-0.015,0.01,-0.009,0.071,-0.015,-0.111,-0.128,
0.0,-0.092,-0.089,-0.1,-0.13,-0.174,0.011,-0.096,-0.005,0.012,
0.0,0.133,-0.205,-0.22,0.003,0.033,0.082,0.058,0.169,0.101,
0.0,0.131,-0.137,0.005,-0.181,-0.096,0.014,0.01,0.014,0.013,
0.0,-0.02,-0.001,0.046,0.031,-0.049,0.033,-0.032,0.022,0.029,
0.0,-0.116,-0.032,0.074,-0.019,0.048,-0.102,-0.097,-0.039,-0.032,
0.0,-0.006,-0.004,-0.003,-0.003,-0.003,-0.003,-0.003,-0.003,-0.003,
0.0,0.042,-0.007,0.059,0.04,0.024,-0.053,0.014,0.072,0.124,
0.0,-0.194,-0.203,-0.172,0.147,0.148,0.105,0.003,0.058,0.011,
0.0,0.03,-0.097,0.062,0.018,-0.017,-0.057,0.02,-0.072,-0.005,
0.0,-0.036,0.092,-0.201,-0.082,0.114,0.037,0.027,-0.192,-0.057,
0.0,0.092,0.022,-0.136,-0.014,-0.253,0.002,-0.014,0.041,0.038,
0.0,0.1,-0.019,-0.142,-0.184,-0.046,-0.128,0.063,-0.081,0.075,
0.0,0.111,0.027,0.022,0.022,0.022,0.022,0.022,0.022,0.022,
0.0,-0.0,0.056,-0.066,0.163,-0.06,-0.034,-0.036,-0.065,0.068,
0.0,-0.008,-0.248,-0.134,0.01,0.033,-0.056,-0.015,0.029,0.025,
0.0,-0.026,0.033,-0.0,-0.0,-0.0,-0.0,-0.0,-0.0,-0.0,
0.0,-0.01,-0.021,-0.09,-0.021,0.151,0.121,0.053,0.017,-0.166,
0.0,-0.076,0.072,-0.012,-0.063,-0.007,-0.058,-0.009,-0.045,0.033,
0.0,0.0,0.08,-0.118,-0.035,0.086,-0.081,-0.079,0.155,-0.047,
0.0,-0.03,-0.014,0.017,0.019,0.019,0.019,0.019,0.019,0.019,
0.0,0.09,0.109,0.036,0.037,0.006,-0.0,0.165,0.029,0.131,
0.0,-0.014,-0.026,0.061,-0.091,0.106,-0.025,-0.126,-0.077,0.094,
0.0,0.063,-0.101,0.016,0.077,0.099,0.083,0.031,0.051,-0.016,
0.0,-0.081,0.002,-0.128,-0.006,0.103,-0.022,-0.1,0.22,0.043,
0.0,-0.08,-0.113,-0.018,-0.023,0.001,-0.02,-0.01,0.001,-0.008,
0.0,0.001,0.033,-0.194,-0.053,-0.067,0.09,0.089,0.052,-0.041,
0.0,-0.019,-0.012,-0.01,-0.01,-0.01,-0.01,-0.01,-0.01,-0.01,
0.0,0.08,-0.01,-0.094,-0.01,0.116,-0.001,-0.072,0.052,-0.089,
0.0,-0.061,-0.07,-0.014,-0.04,-0.11,0.227,-0.016,-0.013,-0.021,
0.0,0.093,-0.163,-0.044,-0.127,-0.127,-0.137,-0.094,-0.089,-0.048,
0.0,0.042,0.179,-0.045,0.072,0.092,-0.124,-0.045,-0.013,-0.012,
0.0,-0.104,-0.079,-0.108,-0.189,-0.043,-0.123,-0.08,-0.018,-0.068,
0.0,0.081,0.083,-0.012,-0.001,0.115,0.031,-0.192,-0.068,-0.003,
0.0,-0.012,-0.065,0.125,0.127,0.039,-0.051,0.032,-0.075,0.099,
0.0,-0.155,0.068,0.017,0.06,0.066,-0.044,-0.106,0.076,0.041,
0.0,-0.188,-0.209,0.052,-0.015,0.175,0.189,0.052,0.079,-0.005,
0.0,-0.089,-0.198,0.056,-0.068,-0.126,0.169,-0.08,0.016,-0.051,
0.0,-0.073,0.074,-0.155,-0.148,-0.139,0.044,-0.067,-0.143,-0.125,
0.0,-0.008,0.137,0.003,0.185,0.187,-0.164,-0.13,-0.036,-0.119,
0.0,-0.159,-0.165,-0.063,-0.144,-0.149,-0.179,-0.123,-0.126,-0.049,
0.0,-0.003,0.06,0.05,0.174,0.194,0.177,0.15,0.11,0.053,
0.0,0.061,-0.066,0.114,0.01,0.026,0.052,-0.126,0.156,-0.052,
0.0,0.091,-0.022,-0.031,0.057,0.067,-0.062,0.054,0.047,0.08,
0.0,-0.015,0.0,-0.159,-0.062,-0.032,0.047,-0.049,0.033,0.167,
0.0,-0.0,0.018,-0.029,0.022,-0.032,-0.106,-0.062,-0.077,-0.012,
0.0,0.045,0.026,-0.109,-0.062,-0.084,-0.109,-0.065,-0.026,-0.122,
0.0,-0.107,-0.055,-0.044,-0.094,-0.176,-0.131,-0.123,0.071,0.074,
0.0,-0.209,-0.101,-0.126,-0.284,-0.02,-0.006,-0.006,-0.006,-0.006,
0.0,-0.012,-0.066,-0.222,-0.086,0.017,0.089,0.113,-0.026,-0.042,
0.0,0.074,-0.071,-0.062,0.073,-0.034,-0.02,0.012,-0.114,-0.036,
0.0,-0.029,-0.089,0.067,-0.157,0.104,0.043,-0.033,-0.057,0.006,
0.0,-0.017,-0.08,0.095,-0.038,0.071,0.012,-0.095,-0.047,-0.002,
0.0,-0.06,-0.052,-0.166,0.014,-0.023,-0.071,-0.038,-0.002,-0.082,
0.0,-0.071,0.157,0.13,-0.005,-0.219,-0.203,-0.065,0.022,0.045,
0.0,0.038,-0.088,0.054,-0.02,0.009,0.027,-0.043,-0.026,0.059,
0.0,-0.048,0.141,0.019,-0.05,-0.026,-0.129,-0.086,-0.119,-0.11,
0.0,-0.078,0.005,0.006,0.007,0.007,0.007,0.007,0.007,0.007,
0.0,-0.098,0.065,-0.078,0.037,-0.019,-0.063,-0.014,0.142,0.035,
0.0,0.062,-0.112,-0.093,0.093,-0.015,-0.083,0.078,-0.194,-0.115,
0.0,-0.111,0.199,0.139,0.081,0.017,0.05,0.054,0.143,0.063,
0.0,-0.111,-0.221,-0.127,-0.084,-0.081,0.021,0.024,-0.004,-0.005,
0.0,0.088,0.067,0.04,0.111,0.07,-0.037,0.191,0.125,0.172,
0.0,0.06,0.068,0.172,-0.18,-0.013,0.022,-0.046,-0.039,-0.01,
0.0,-0.005,0.023,-0.122,-0.003,0.137,0.148,0.031,-0.021,-0.023,
0.0,0.0,-0.026,0.01,0.081,0.032,-0.084,0.089,-0.011,0.114,
0.0,-0.009,-0.066,-0.066,-0.029,0.007,-0.036,-0.147,-0.045,0.011,
0.0,-0.068,0.154,0.062,0.03,0.289,0.305,0.157,0.164,0.16,
0.0,-0.102,-0.016,0.05,0.028,-0.023,-0.095,-0.064,-0.063,0.122,
0.0,0.039,-0.138,-0.06,-0.044,0.023,-0.077,-0.078,-0.039,-0.021,
0.0,-0.005,0.135,0.134,0.039,0.026,0.048,0.027,0.027,0.027,
0.0,-0.106,-0.041,0.029,-0.04,-0.047,-0.069,-0.076,0.064,0.049,
0.0,-0.1,0.038,-0.072,-0.122,-0.124,0.044,-0.073,-0.169,0.089,
0.0,0.062,-0.23,-0.057,-0.177,-0.244,-0.133,0.001,0.023,-0.076,
0.0,0.005,0.001,0.02,0.151,0.086,-0.042,-0.002,-0.046,0.053,
0.0,0.059,0.028,-0.19,-0.112,0.091,0.039,0.132,-0.108,0.043,
0.0,-0.062,0.13,-0.053,0.035,0.116,-0.079,-0.027,0.049,0.179,
0.0,0.037,-0.034,0.025,-0.014,-0.094,-0.068,-0.075,-0.193,-0.155,
0.0,0.056,0.056,0.053,0.053,0.053,0.053,0.053,0.053,0.053,
0.0,-0.015,0.004,-0.036,-0.091,-0.015,-0.094,-0.023,0.133,0.099,
0.0,0.0,0.029,0.028,0.027,0.027,0.027,0.027,0.027,0.027,
0.0,0.022,0.048,-0.034,0.047,-0.079,-0.089,-0.078,0.045,-0.002,
0.0,-0.022,0.03,-0.071,-0.016,0.115,-0.148,-0.098,0.011,-0.069,
0.0,0.0,-0.015,-0.095,0.021,-0.009,-0.001,0.027,0.029,0.01,
0.0,-0.002,-0.042,-0.0,-0.076,0.063,-0.068,-0.176,0.176,0.06,
0.0,-0.048,-0.144,0.13,-0.031,-0.172,0.14,-0.072,0.122,0.005,
0.0,0.038,-0.087,-0.064,-0.141,-0.043,-0.086,-0.09,-0.045,0.008,
0.0,0.032,0.06,0.044,0.07,-0.01,0.024,0.025,0.04,-0.012,
0.0,0.101,0.036,0.014,0.101,-0.037,0.058,-0.086,0.028,0.011,
0.0,0.082,-0.055,-0.038,-0.157,-0.061,0.064,-0.08,-0.006,-0.164,
0.0,0.033,-0.023,-0.093,-0.029,-0.052,-0.065,-0.01,-0.05,-0.053,
0.0,0.088,-0.131,0.034,-0.013,0.02,-0.037,-0.069,0.058,-0.045,
0.0,0.017,0.004,-0.061,-0.131,-0.057,-0.089,-0.055,-0.043,0.031,
0.0,0.081,0.064,0.058,0.003,0.033,0.016,0.064,0.102,-0.053,
0.0,-0.061,-0.088,-0.138,0.079,0.201,-0.016,0.106,-0.026,0.088,
0.0,-0.074,-0.091,-0.119,-0.03,0.121,0.078,-0.011,-0.006,-0.08,
0.0,-0.109,0.02,0.004,-0.097,0.047,-0.119,0.092,0.005,-0.176,
0.0,-0.022,-0.069,-0.037,0.068,-0.035,-0.06,-0.002,-0.022,-0.076,
0.0,0.01,-0.009,0.061,-0.011,-0.086,-0.015,0.023,-0.052,-0.01,
0.0,-0.016,-0.031,0.002,-0.097,-0.027,0.05,-0.109,0.014,-0.006,
0.0,0.05,0.068,0.088,0.13,0.291,0.226,0.163,0.014,-0.002,
0.0,0.011,-0.008,-0.016,-0.028,0.064,0.034,0.043,-0.007,-0.017,
0.0,0.159,0.094,0.084,0.084,0.084,0.084,0.084,0.084,0.084,
0.0,-0.032,0.128,0.151,-0.02,-0.119,-0.006,-0.033,0.015,-0.002,
0.0,-0.015,0.034,0.098,-0.112,0.051,-0.044,0.019,0.035,0.024,
0.0,0.071,0.133,0.008,0.083,-0.023,0.048,0.071,0.049,-0.037,
0.0,-0.171,-0.136,-0.113,-0.023,-0.037,0.031,-0.044,-0.069,-0.186,
0.0,-0.08,0.032,-0.142,0.07,0.09,0.004,-0.006,0.042,-0.089,
0.0,-0.011,0.043,0.014,-0.041,0.012,-0.07,-0.047,-0.021,0.035,
0.0,-0.066,-0.017,0.103,0.019,0.128,0.057,0.097,0.046,0.003,
0.0,0.02,-0.006,0.002,0.0,0.0,0.0,0.0,0.0,0.0,
0.0,0.158,0.058,0.03,0.045,0.042,0.043,0.043,0.043,0.043,
0.0,-0.02,-0.028,0.087,-0.022,0.023,0.022,-0.107,0.058,-0.038,
0.0,-0.023,-0.024,0.016,-0.116,0.113,-0.093,-0.075,-0.059,-0.15,
0.0,0.034,0.046,0.113,0.041,0.013,0.045,0.03,-0.004,-0.024,
0.0,-0.14,-0.009,0.039,0.252,0.076,0.04,0.039,0.039,0.039,
0.0,-0.005,0.031,-0.027,-0.017,-0.034,0.043,0.055,-0.004,0.014,
0.0,-0.09,-0.028,0.022,-0.0,0.058,0.044,0.098,-0.056,0.019,
0.0,0.006,-0.065,0.019,0.122,0.066,0.043,-0.068,0.026,0.004,
0.0,-0.078,-0.09,0.039,-0.051,-0.044,0.17,0.121,-0.051,-0.091,
0.0,-0.022,0.024,0.067,-0.158,-0.082,0.005,-0.07,0.039,-0.007,
0.0,-0.087,0.016,0.128,-0.012,0.05,-0.189,0.09,-0.121,-0.097,
0.0,-0.075,-0.016,0.024,-0.102,0.038,-0.017,0.001,-0.018,-0.062,
0.0,-0.125,-0.068,-0.004,-0.052,-0.14,0.07,-0.093,-0.114,-0.091,
0.0,0.087,0.041,0.116,0.111,-0.017,0.001,-0.01,-0.156,0.06,
0.0,-0.058,-0.018,0.028,-0.017,-0.04,0.03,0.096,-0.018,-0.011,
0.0,0.011,0.007,0.167,0.008,0.006,0.006,0.006,0.006,0.006,
0.0,-0.038,-0.032,0.0,0.013,0.013,0.013,0.013,0.013,0.013,
0.0,0.198,-0.01,0.124,-0.003,-0.052,0.051,0.268,0.046,0.038,
0.0,0.106,-0.065,0.074,-0.03,-0.131,0.149,0.041,0.023,-0.073,
0.0,-0.029,-0.001,-0.059,-0.158,-0.14,-0.04,-0.123,-0.1,-0.023,
0.0,0.117,-0.123,-0.115,0.204,0.158,0.0,0.114,-0.15,-0.162,
0.0,-0.026,0.056,-0.069,0.046,-0.06,-0.066,-0.135,-0.071,-0.142,
0.0,0.006,-0.099,-0.092,0.002,-0.121,-0.007,-0.096,-0.055,-0.21,
0.0,-0.112,-0.053,0.104,0.059,-0.032,0.152,-0.132,-0.098,0.025,
0.0,0.117,0.112,-0.05,0.034,-0.177,0.146,0.206,0.022,-0.053,
0.0,-0.024,-0.046,0.038,0.01,0.015,0.123,0.174,0.026,-0.038,
0.0,0.18,0.008,0.106,0.004,-0.006,0.066,0.008,0.004,0.004,
0.0,0.174,0.005,0.088,-0.008,-0.086,-0.05,-0.01,0.012,-0.022,
0.0,-0.066,-0.06,-0.01,0.023,-0.025,-0.061,-0.031,-0.122,-0.042,
0.0,0.054,0.007,-0.031,-0.081,0.016,0.038,0.046,0.131,0.009,
0.0,0.475,0.281,0.325,0.159,0.154,0.154,0.154,0.154,0.154,
0.0,0.107,0.206,0.12,0.103,0.133,-0.059,0.023,0.041,0.015,
0.0,0.102,-0.066,0.139,0.057,-0.193,-0.252,-0.313,-0.096,-0.188,
0.0,0.029,-0.154,-0.082,-0.004,-0.107,-0.069,0.051,-0.049,-0.079,
0.0,0.004,0.03,0.038,0.04,0.04,0.04,0.04,0.04,0.04,
0.0,0.018,-0.003,-0.071,-0.121,-0.057,0.028,0.108,0.033,-0.082,
0.0,0.037,-0.003,-0.031,-0.061,-0.044,-0.109,-0.035,-0.128,0.012,
0.0,-0.043,0.083,0.055,0.085,0.019,0.017,0.019,0.019,0.018,
0.0,-0.013,0.11,0.003,0.108,-0.005,0.095,0.066,0.125,0.06,
0.0,-0.105,-0.03,-0.038,0.124,0.126,0.017,0.005,-0.146,-0.167,
0.0,-0.01,-0.072,-0.015,-0.003,-0.031,-0.061,-0.04,0.004,0.0,
0.0,0.058,0.056,0.058,-0.009,0.047,0.044,-0.068,0.074,0.109,
0.0,0.195,-0.144,0.071,-0.009,0.0,-0.123,0.13,0.06,0.047,
0.0,0.055,0.02,-0.058,-0.063,0.02,-0.095,0.096,-0.059,-0.113,
0.0,0.015,-0.074,0.126,-0.05,0.065,-0.039,0.082,-0.067,-0.019,
0.0,0.02,0.002,-0.123,0.028,0.048,0.028,-0.149,0.069,0.046,
0.0,-0.002,0.03,-0.024,0.035,0.042,0.157,0.024,-0.068,0.12,
0.0,0.147,0.021,0.003,0.002,0.002,0.002,0.002,0.002,0.002,
0.0,0.08,-0.062,-0.039,-0.092,0.052,0.075,-0.023,0.065,-0.057,
0.0,-0.142,-0.001,0.142,-0.018,-0.025,0.028,0.032,-0.055,0.029,
0.0,0.055,0.013,-0.146,0.014,0.203,0.124,0.082,-0.015,0.007,
0.0,-0.009,-0.113,0.028,-0.039,0.069,0.015,0.054,-0.022,-0.017,
0.0,-0.058,0.099,0.056,-0.032,0.05,0.056,-0.059,-0.007,-0.008,
0.0,-0.114,0.004,0.083,-0.019,-0.025,-0.044,-0.092,-0.067,-0.066,
0.0,-0.015,0.008,0.099,0.044,-0.071,0.043,-0.068,0.067,-0.065,
0.0,-0.023,0.078,-0.021,0.142,0.016,0.081,0.058,0.024,0.002,
0.0,0.11,0.058,0.057,0.057,0.057,0.057,0.057,0.057,0.057,
0.0,-0.0,-0.009,0.027,-0.121,0.026,-0.078,0.019,-0.068,0.092,
0.0,-0.038,-0.028,-0.133,-0.151,-0.154,-0.176,-0.163,-0.06,-0.139,
0.0,0.076,0.003,0.226,0.087,0.036,-0.07,-0.011,-0.066,0.094,
0.0,-0.002,-0.014,0.059,-0.098,-0.193,-0.009,0.029,-0.057,-0.174,
0.0,0.027,-0.102,0.057,-0.1,-0.048,-0.081,-0.036,-0.068,-0.083,
0.0,0.082,-0.024,0.064,-0.098,-0.05,0.09,-0.11,0.049,0.035,
0.0,0.028,0.076,-0.072,0.124,0.036,0.018,0.034,0.101,0.065,
0.0,-0.147,-0.007,-0.049,-0.07,-0.006,-0.051,-0.162,0.04,0.055,
0.0,-0.018,0.086,0.047,-0.035,0.033,0.009,0.075,0.048,-0.035,
0.0,-0.062,-0.043,-0.011,0.002,-0.076,-0.148,-0.085,-0.207,0.176,
0.0,0.049,0.05,-0.107,-0.05,-0.092,0.012,0.008,0.011,0.011,
0.0,-0.031,-0.004,-0.017,0.073,0.089,0.004,-0.102,-0.019,0.063,
0.0,-0.067,-0.007,-0.045,0.207,-0.033,0.017,-0.134,-0.111,-0.01,
0.0,-0.032,0.03,0.007,0.08,0.031,-0.001,-0.008,-0.078,-0.031,
0.0,0.003,-0.037,-0.072,-0.011,-0.015,0.042,0.05,0.113,-0.047,
0.0,0.068,-0.007,0.011,-0.019,-0.04,-0.01,-0.03,0.072,-0.075,
0.0,0.113,-0.048,0.121,-0.099,-0.011,0.081,-0.112,-0.077,0.071,
0.0,0.059,0.074,0.009,-0.041,-0.01,-0.072,0.024,0.04,-0.1,
0.0,0.184,-0.109,-0.102,0.071,0.004,0.097,-0.114,0.033,-0.104,
0.0,0.138,-0.063,-0.129,-0.054,-0.12,0.061,0.074,-0.137,-0.2,
0.0,-0.07,-0.031,-0.008,-0.107,-0.072,0.047,0.088,-0.01,0.042,
0.0,0.019,0.141,0.078,0.113,-0.134,-0.238,-0.055,-0.158,-0.094,
0.0,-0.207,-0.037,-0.121,-0.186,-0.185,-0.121,-0.204,-0.146,-0.057,
0.0,-0.154,0.0,0.031,0.031,0.031,0.031,0.031,0.031,0.031,
0.0,0.027,-0.167,-0.293,0.119,0.031,-0.004,-0.092,-0.063,-0.184,
0.0,-0.11,-0.139,-0.01,0.08,-0.242,0.014,0.185,0.061,0.155,
0.0,-0.023,0.01,-0.164,0.046,0.006,0.048,0.059,0.189,0.133,
0.0,-0.157,0.037,-0.179,-0.109,0.087,0.082,0.002,-0.005,-0.006,
0.0,-0.108,0.209,0.135,0.034,0.031,0.031,0.031,0.031,0.031,
0.0,-0.03,0.033,0.058,-0.112,-0.015,-0.015,0.074,-0.029,-0.076,
0.0,-0.075,0.021,-0.159,0.113,-0.027,-0.014,0.059,0.088,-0.047,
0.0,0.11,-0.07,-0.047,0.014,0.025,-0.021,-0.05,0.104,0.13,
0.0,-0.161,-0.028,-0.02,-0.027,0.025,0.046,-0.014,-0.145,-0.152,
0.0,0.086,-0.027,-0.06,-0.06,0.073,0.037,-0.041,0.083,0.142,
0.0,-0.048,0.011,0.028,-0.064,-0.048,0.091,0.066,-0.033,-0.001,
0.0,0.168,-0.008,-0.013,0.005,0.03,0.03,0.03,0.03,0.03,
0.0,0.044,0.053,0.055,0.047,0.047,0.047,0.047,0.047,0.047,
0.0,-0.004,-0.003,-0.034,0.097,0.078,-0.01,0.133,0.051,-0.04,
0.0,0.139,0.054,0.053,0.053,0.053,0.053,0.053,0.053,0.053,
0.0,-0.02,-0.067,0.018,0.132,0.02,0.021,0.023,0.023,0.022,
0.0,0.003,-0.097,-0.02,-0.052,-0.016,-0.052,-0.016,-0.052,-0.016,
0.0,-0.143,-0.057,0.007,0.031,-0.182,0.199,0.014,0.026,-0.007,
0.0,0.099,0.037,-0.169,0.025,-0.08,-0.102,0.185,-0.067,-0.138,
0.0,0.013,-0.021,-0.02,0.051,-0.078,-0.027,-0.057,-0.086,-0.059,
0.0,-0.007,0.02,0.02,0.02,0.02,0.02,0.02,0.02,0.02,
0.0,0.084,0.03,0.051,-0.082,0.009,0.094,0.08,0.088,-0.062,
0.0,-0.013,-0.01,0.032,0.014,-0.075,-0.073,-0.088,-0.104,0.034,
0.0,0.154,-0.054,-0.021,0.087,-0.027,-0.065,-0.028,-0.048,0.046,
0.0,-0.0,0.004,0.02,0.015,0.086,0.035,-0.035,-0.03,-0.089,
0.0,-0.038,-0.035,-0.214,-0.143,-0.133,-0.009,0.001,0.001,0.001,
0.0,0.09,-0.007,0.026,0.131,0.073,-0.024,-0.059,0.018,0.006,
0.0,-0.065,-0.021,-0.083,0.08,0.054,0.149,-0.07,-0.16,-0.072,
0.0,-0.026,-0.1,0.138,-0.037,-0.044,-0.091,-0.022,-0.039,0.195,
0.0,-0.026,-0.101,0.006,0.003,0.04,0.068,-0.032,0.024,0.007,
0.0,-0.036,-0.003,0.213,0.272,0.179,0.128,0.06,0.002,0.0,
0.0,-0.014,0.017,-0.001,0.041,0.068,0.033,0.065,0.008,0.006,
0.0,0.024,-0.055,-0.045,-0.141,-0.037,0.014,0.134,-0.069,0.087,
0.0,-0.071,0.129,-0.068,0.161,0.089,-0.096,-0.104,-0.055,-0.009,
0.0,0.025,-0.012,0.053,-0.021,-0.018,0.063,-0.195,0.068,0.112,
0.0,-0.007,0.153,-0.043,0.128,0.028,0.123,0.003,-0.035,-0.018,
0.0,0.013,0.018,0.013,0.017,-0.097,-0.001,-0.263,-0.051,-0.095,
0.0,0.071,-0.089,0.07,-0.002,-0.037,-0.026,-0.012,-0.041,-0.029,
0.0,0.026,0.051,0.001,0.007,0.006,0.006,0.006,0.006,0.006,
0.0,-0.076,-0.053,-0.002,-0.033,-0.027,0.081,-0.039,-0.002,-0.002,
0.0,-0.01,-0.043,-0.007,0.017,0.116,0.168,0.147,-0.029,0.042,
0.0,-0.049,-0.021,0.078,0.054,-0.056,0.029,0.042,-0.058,0.047,
0.0,-0.095,0.016,-0.038,-0.032,-0.085,-0.03,0.146,0.081,0.022,
0.0,0.083,-0.102,-0.023,0.084,0.14,-0.087,0.038,-0.087,-0.092,
0.0,-0.054,-0.043,0.033,0.038,-0.075,-0.002,-0.012,-0.056,0.019,
0.0,0.024,-0.03,0.011,-0.099,0.109,-0.0,-0.056,-0.02,0.027,
0.0,-0.013,0.028,-0.07,0.034,-0.146,0.025,0.136,0.051,0.059,
0.0,0.028,-0.044,0.101,-0.036,-0.036,-0.147,-0.199,0.055,0.109,
0.0,-0.129,-0.237,-0.256,0.098,0.018,0.025,-0.083,-0.118,-0.013,
0.0,-0.061,0.001,0.173,-0.066,0.026,-0.096,-0.011,-0.046,0.028,
0.0,0.043,0.199,0.018,0.203,-0.145,-0.131,-0.129,0.008,0.015,
0.0,-0.237,0.028,0.015,-0.007,-0.006,-0.005,-0.006,-0.005,-0.006,
0.0,-0.061,-0.035,-0.11,-0.138,-0.066,-0.06,-0.201,-0.073,0.02,
0.0,-0.115,-0.115,0.064,0.002,0.23,0.004,0.16,-0.024,-0.06,
0.0,-0.064,0.058,-0.047,-0.009,-0.105,-0.093,-0.048,-0.073,-0.035,
0.0,0.031,-0.045,-0.091,-0.033,-0.125,-0.062,0.097,-0.021,-0.031,
0.0,-0.193,-0.079,-0.008,-0.01,-0.075,-0.21,-0.101,-0.018,-0.032,
0.0,0.016,-0.086,0.014,-0.122,-0.068,0.061,0.063,0.207,0.016,
0.0,0.011,-0.048,0.184,-0.002,-0.024,0.093,0.013,0.094,-0.018,
0.0,-0.054,0.059,0.107,0.044,0.062,-0.007,-0.005,-0.006,-0.006,
0.0,-0.091,-0.018,-0.16,0.059,-0.139,0.01,0.034,0.241,-0.091,
0.0,-0.091,-0.047,-0.008,0.052,-0.037,-0.071,0.044,-0.136,0.024,
0.0,0.029,-0.116,0.092,-0.137,-0.089,0.093,0.074,-0.052,-0.114,
0.0,0.154,0.039,0.041,0.098,0.035,0.035,0.035,0.035,0.035,
0.0,0.011,-0.006,0.178,0.009,0.054,-0.17,0.199,-0.117,-0.08,
0.0,-0.164,-0.022,0.074,-0.034,-0.021,0.069,-0.019,-0.075,-0.072,
0.0,0.118,-0.061,0.06,0.053,-0.133,-0.022,0.113,-0.281,-0.236,
0.0,-0.072,0.061,-0.145,-0.088,-0.1,0.01,-0.031,0.033,0.005,
0.0,-0.012,0.015,0.027,-0.042,-0.011,-0.004,-0.014,0.098,-0.18,
0.0,0.073,0.072,-0.034,0.164,-0.003,-0.009,-0.037,-0.05,-0.036,
0.0,-0.244,-0.187,0.064,-0.199,-0.001,-0.019,0.005,0.005,0.003,
0.0,-0.088,0.017,0.119,0.211,0.012,-0.079,0.006,0.011,0.012,
0.0,0.001,-0.056,0.08,-0.073,0.047,0.06,0.151,0.058,-0.063,
0.0,-0.083,0.009,0.014,0.014,0.014,0.014,0.014,0.014,0.014,
0.0,-0.026,0.032,-0.14,0.016,0.104,0.105,0.057,0.01,0.021,
0.0,0.021,-0.027,-0.211,-0.071,0.153,-0.141,0.095,-0.204,-0.128,
0.0,0.064,-0.008,-0.009,-0.01,-0.01,-0.01,-0.01,-0.01,-0.01,
0.0,-0.169,-0.072,-0.022,-0.066,0.008,-0.218,-0.002,-0.172,0.009,
0.0,-0.032,-0.155,0.093,0.169,0.043,0.019,0.002,0.136,-0.028,
0.0,0.041,0.03,0.031,0.031,0.031,0.031,0.031,0.031,0.031,
0.0,-0.017,0.126,-0.003,0.067,0.031,-0.069,0.013,-0.132,-0.134,
0.0,0.089,0.115,0.004,0.001,0.001,0.001,0.001,0.001,0.001,
0.0,0.096,-0.009,-0.039,-0.01,-0.133,0.133,-0.136,-0.123,-0.158,
0.0,-0.005,-0.065,0.065,0.005,-0.102,-0.049,0.114,0.067,0.047,
0.0,-0.075,0.012,0.011,0.012,0.012,0.012,0.012,0.012,0.012,
0.0,0.007,0.086,0.007,-0.096,0.004,0.005,0.005,0.005,0.005,
0.0,0.032,0.05,0.013,0.01,0.009,0.009,0.009,0.009,0.009,
0.0,-0.083,0.027,-0.133,-0.045,0.117,0.167,-0.115,-0.03,0.132,
0.0,-0.005,0.007,0.009,0.003,0.003,0.003,0.003,0.003,0.003,
0.0,-0.034,0.014,0.026,0.03,0.019,0.02,0.02,0.02,0.02,
0.0,0.026,0.02,0.075,-0.148,0.018,-0.066,0.023,0.084,0.024,
0.0,0.181,-0.048,-0.201,-0.025,0.088,-0.036,-0.037,-0.052,-0.135,
0.0,-0.082,-0.007,0.053,0.086,-0.045,0.148,0.083,-0.06,0.027,
0.0,-0.106,-0.041,0.018,0.061,-0.073,-0.026,-0.041,0.109,0.024,
0.0,-0.146,-0.114,-0.101,0.068,0.082,0.083,0.064,0.132,-0.039,
0.0,-0.082,-0.089,0.066,-0.226,0.082,-0.017,-0.005,-0.248,-0.062,
0.0,0.014,0.027,0.056,0.188,-0.076,-0.211,-0.117,0.074,-0.026,
0.0,-0.1,-0.041,-0.142,0.043,0.001,0.07,0.099,0.089,0.053,
0.0,-0.116,-0.008,0.083,-0.025,0.112,0.012,0.03,0.056,-0.02,
0.0,0.013,-0.005,-0.101,-0.053,0.006,0.038,-0.098,-0.037,-0.105,
0.0,0.03,0.001,0.001,0.001,0.001,0.001,0.001,0.001,0.001,
0.0,-0.045,0.066,-0.05,-0.063,0.045,-0.039,-0.034,-0.132,-0.02,
0.0,0.015,0.142,0.119,0.042,0.075,0.027,0.06,0.004,-0.001,
0.0,0.07,0.052,0.038,0.038,0.038,0.038,0.038,0.038,0.038,
0.0,-0.035,-0.061,0.041,-0.072,-0.02,0.005,-0.079,0.049,0.002,
0.0,0.096,0.021,0.021,0.021,0.021,0.021,0.021,0.021,0.021,
0.0,0.029,0.13,0.081,-0.043,0.012,-0.154,-0.055,-0.113,-0.088,
0.0,-0.022,0.132,-0.112,-0.001,0.155,-0.143,0.07,-0.085,-0.204,
0.0,-0.061,0.044,0.066,-0.054,0.044,0.099,0.034,0.079,-0.204,
0.0,0.034,-0.061,0.052,0.013,-0.046,-0.044,-0.055,-0.13,-0.044,
0.0,-0.099,0.023,0.091,0.043,-0.005,0.152,-0.01,-0.134,-0.09,
0.0,-0.028,-0.165,-0.024,0.0,-0.013,-0.079,-0.04,0.102,-0.087,
0.0,-0.109,-0.032,0.021,0.011,0.045,0.015,0.009,0.007,0.006,
0.0,-0.031,0.057,-0.011,0.069,-0.132,-0.074,-0.056,-0.002,-0.046,
0.0,0.002,-0.103,-0.129,-0.125,-0.01,-0.011,-0.175,-0.004,-0.074,
0.0,-0.057,-0.195,-0.093,-0.002,0.019,0.028,0.082,-0.074,-0.043,
0.0,0.062,-0.134,-0.208,0.168,0.158,-0.146,0.019,-0.063,-0.015,
0.0,0.154,-0.067,0.006,-0.119,-0.033,-0.113,-0.097,-0.104,0.086,
0.0,0.042,0.011,0.01,0.01,0.01,0.01,0.01,0.01,0.01,
0.0,-0.013,-0.097,-0.002,0.082,-0.115,0.023,0.076,0.075,-0.15,
0.0,0.01,0.015,-0.047,0.056,-0.049,0.068,-0.009,0.166,-0.023,
0.0,0.07,-0.006,-0.171,0.029,0.054,-0.019,-0.049,-0.012,-0.009,
0.0,0.04,-0.018,0.004,-0.094,0.019,0.004,-0.018,0.09,-0.015,
0.0,0.03,-0.036,0.007,0.028,0.082,-0.094,0.063,0.078,0.052,
0.0,-0.08,0.008,-0.086,-0.032,-0.095,0.089,-0.039,0.13,0.024,
0.0,0.085,-0.146,-0.057,0.125,-0.005,0.025,0.008,0.113,-0.139,
0.0,-0.15,-0.03,0.157,0.043,-0.116,0.152,-0.099,-0.047,0.004,
0.0,0.164,0.028,0.017,0.0,-0.009,-0.015,-0.046,-0.01,-0.022,
0.0,0.056,0.082,0.005,0.045,-0.112,-0.01,0.004,0.001,0.003,
0.0,-0.007,-0.002,-0.003,-0.003,-0.003,-0.003,-0.003,-0.003,-0.003,
0.0,-0.081,0.039,0.08,0.019,-0.072,-0.035,-0.062,0.038,-0.072,
0.0,-0.003,-0.113,-0.022,-0.069,-0.079,0.074,-0.073,0.151,0.104,
0.0,0.043,0.045,0.072,0.073,0.028,0.102,-0.096,-0.002,-0.13,
0.0,-0.044,0.071,-0.098,-0.082,-0.032,-0.024,-0.079,-0.032,0.042,
0.0,0.006,0.003,0.055,0.127,0.101,0.09,0.175,0.022,0.02,
0.0,-0.234,-0.183,0.005,-0.117,-0.018,-0.011,-0.005,-0.005,-0.005,
0.0,-0.177,-0.197,-0.061,-0.027,-0.097,-0.01,-0.005,-0.004,-0.005,
0.0,0.004,-0.031,-0.005,0.156,0.17,0.061,-0.085,0.097,0.065,
0.0,0.129,0.086,-0.049,0.027,-0.091,0.02,0.072,0.069,-0.043,
0.0,0.082,0.066,-0.066,-0.032,0.098,0.144,0.102,-0.089,0.142,
0.0,0.122,0.025,0.037,0.038,0.038,0.038,0.038,0.038,0.038,
0.0,0.006,-0.196,0.028,-0.021,0.056,0.031,0.034,0.031,0.033,
0.0,-0.215,-0.146,0.021,0.06,-0.017,0.085,0.081,0.119,0.072,
0.0,-0.027,-0.017,-0.065,0.072,-0.094,0.031,-0.067,-0.051,0.095,
0.0,0.056,0.04,0.039,-0.122,-0.025,-0.013,-0.124,-0.199,0.063,
0.0,-0.011,-0.005,-0.066,-0.043,0.017,0.056,0.092,0.14,0.026,
0.0,0.144,-0.09,0.104,-0.144,0.028,0.019,0.031,-0.017,-0.065,
0.0,0.026,-0.023,0.028,0.024,-0.034,0.014,0.027,-0.048,0.079,
0.0,0.049,0.094,0.098,0.09,0.089,0.067,0.034,-0.034,0.008,
0.0,0.107,0.121,0.126,0.034,0.033,0.033,0.033,0.033,0.033,
0.0,-0.102,0.05,0.029,0.027,0.027,0.027,0.027,0.027,0.027,
0.0,0.079,0.039,0.037,0.037,0.037,0.037,0.037,0.037,0.037,
0.0,0.125,0.229,-0.074,-0.144,-0.075,-0.096,-0.075,-0.033,-0.021,
0.0,0.158,0.143,0.268,0.04,0.158,0.125,0.013,0.012,0.012,
0.0,-0.027,0.061,-0.038,-0.04,-0.078,-0.162,-0.056,-0.073,-0.015,
0.0,-0.053,-0.136,-0.113,-0.035,0.001,-0.134,-0.081,-0.069,0.063,
0.0,0.065,0.034,-0.032,0.055,0.026,-0.096,-0.018,-0.069,0.013,
0.0,-0.094,0.079,-0.072,0.104,-0.016,-0.004,-0.056,-0.005,0.089,
0.0,0.067,0.081,-0.003,0.003,-0.211,-0.194,-0.157,-0.243,-0.187,
0.0,0.069,-0.184,-0.169,-0.017,-0.086,-0.087,-0.13,-0.045,0.061,
0.0,0.023,-0.038,0.202,-0.024,-0.076,-0.141,0.168,0.121,-0.115,
0.0,-0.161,0.072,0.104,-0.094,0.21,0.027,0.041,-0.148,0.047,
0.0,0.034,0.025,0.036,-0.059,-0.008,-0.109,-0.119,0.011,-0.092,
0.0,-0.055,-0.006,-0.063,-0.135,0.092,-0.029,0.041,-0.06,-0.023,
0.0,0.082,0.033,0.033,0.033,0.033,0.033,0.033,0.033,0.033,
0.0,0.026,0.059,-0.059,0.018,0.054,0.033,0.003,0.026,0.004,
0.0,0.155,-0.19,-0.104,0.019,0.193,0.003,0.101,0.039,0.006,
0.0,0.251,0.214,0.136,0.22,0.036,0.018,0.147,0.044,0.112,
0.0,-0.053,-0.009,0.052,-0.014,-0.024,0.027,-0.127,-0.012,0.094,
0.0,-0.026,0.078,0.001,0.06,0.158,-0.158,-0.158,-0.035,-0.007,
0.0,-0.077,0.194,0.057,0.013,-0.037,0.152,0.064,-0.113,-0.004,
0.0,-0.022,0.072,0.002,-0.101,-0.027,0.009,0.092,0.001,0.05,
0.0,-0.051,0.057,-0.042,-0.017,-0.062,0.043,0.114,-0.036,-0.112,
0.0,0.002,-0.012,0.027,-0.085,-0.0,0.022,-0.114,0.122,0.081,
0.0,0.014,0.069,0.188,0.203,-0.0,-0.001,-0.001,-0.001,-0.001,
0.0,-0.048,0.099,0.041,0.084,-0.102,-0.007,0.007,-0.007,0.009,
0.0,-0.025,0.099,0.162,0.009,0.009,0.009,0.009,0.009,0.009,
0.0,-0.014,-0.12,0.142,-0.007,0.052,-0.128,-0.071,0.148,0.114,
0.0,0.055,-0.055,0.103,-0.126,-0.077,0.091,0.068,-0.001,-0.076,
0.0,-0.094,0.051,-0.089,-0.065,-0.01,0.03,-0.045,0.022,0.026,
0.0,0.005,0.04,0.011,-0.047,-0.013,0.03,-0.081,-0.0,-0.029,
0.0,0.018,-0.021,-0.033,0.064,0.096,-0.111,-0.062,-0.055,-0.059,
0.0,-0.148,-0.146,-0.008,-0.038,-0.064,-0.103,-0.013,0.004,0.004,
0.0,-0.133,0.011,-0.091,0.146,-0.046,0.007,-0.117,0.005,-0.018,
0.0,0.055,-0.021,-0.016,0.034,0.049,0.053,0.129,0.03,-0.062,
0.0,0.022,0.099,0.123,0.046,-0.006,0.021,0.014,0.016,0.014,
0.0,0.006,0.07,0.015,0.088,-0.112,-0.052,-0.002,0.104,-0.104,
0.0,-0.089,-0.041,0.095,-0.092,0.03,-0.023,-0.003,0.081,0.099,
0.0,0.059,0.023,0.023,0.023,0.023,0.023,0.023,0.023,0.023,
0.0,0.051,0.091,-0.097,0.026,0.107,0.021,-0.029,0.093,0.036,
0.0,0.161,0.022,-0.123,-0.008,-0.05,0.032,0.061,0.012,0.068,
0.0,-0.07,-0.036,-0.07,-0.008,-0.005,-0.005,-0.005,-0.005,-0.005,
0.0,-0.003,-0.168,-0.13,-0.214,-0.208,-0.014,0.058,-0.089,-0.149,
0.0,0.017,-0.158,-0.1,-0.064,-0.066,-0.06,-0.167,-0.065,0.039,
0.0,-0.246,0.082,0.043,0.152,-0.05,-0.115,0.029,0.027,0.002,
0.0,0.002,-0.03,0.281,0.049,0.31,0.047,0.009,0.008,0.008,
0.0,-0.04,-0.071,0.114,-0.067,-0.041,0.069,-0.017,0.029,0.11,
0.0,-0.026,-0.084,-0.129,0.083,-0.11,-0.196,0.055,-0.047,-0.049,
0.0,0.015,0.012,0.013,0.013,0.013,0.013,0.013,0.013,0.013,
0.0,-0.067,0.031,-0.098,-0.17,0.006,-0.079,0.006,0.006,0.006,
0.0,-0.033,0.151,-0.003,0.011,0.216,-0.016,-0.13,-0.015,0.0,
0.0,-0.067,0.103,0.092,0.154,0.04,-0.101,0.187,-0.066,0.002,
0.0,-0.171,0.059,-0.24,-0.203,-0.064,-0.002,-0.001,-0.001,-0.001,
0.0,-0.056,0.011,0.13,-0.07,-0.101,0.017,0.035,-0.045,0.116,
0.0,0.187,0.23,0.282,0.211,0.16,0.198,0.195,0.114,0.059,
0.0,-0.046,-0.157,-0.222,-0.076,-0.213,-0.17,-0.319,-0.072,-0.048,
0.0,-0.066,-0.089,0.028,0.012,0.041,-0.002,0.033,-0.011,-0.15,
0.0,0.106,-0.004,0.002,0.002,0.002,0.002,0.002,0.002,0.002,
0.0,-0.177,0.023,-0.039,0.036,-0.089,-0.09,0.044,0.076,-0.085,
0.0,-0.106,0.088,0.211,0.328,0.275,0.047,0.017,0.017,0.017,
0.0,-0.004,0.066,-0.017,0.004,-0.076,0.048,-0.001,0.056,0.037,
0.0,0.036,0.028,-0.095,-0.025,-0.005,-0.007,0.018,0.048,0.051,
0.0,-0.011,-0.076,-0.104,-0.306,-0.147,-0.035,-0.238,-0.011,-0.018,
0.0,0.06,-0.107,0.011,-0.051,0.015,-0.115,-0.062,0.043,0.045,
0.0,-0.026,-0.013,-0.012,-0.012,-0.012,-0.012,-0.012,-0.012,-0.012,
0.0,0.082,-0.068,-0.173,0.017,0.029,0.025,0.024,0.03,0.021,
0.0,-0.016,-0.11,0.057,0.129,-0.08,0.097,0.06,0.146,0.059,
0.0,0.032,0.0,0.109,0.099,0.046,0.069,-0.105,0.1,0.082,
0.0,-0.005,-0.013,0.054,-0.113,-0.117,-0.079,-0.001,0.014,0.068,
0.0,-0.109,0.201,0.076,-0.152,-0.154,0.036,0.049,0.049,0.049,
0.0,0.039,-0.074,0.03,-0.032,0.003,-0.092,-0.038,-0.048,0.023,
0.0,-0.014,0.091,0.115,0.012,-0.019,-0.052,-0.025,-0.223,0.037,
0.0,0.256,0.087,0.046,0.042,0.041,0.041,0.041,0.041,0.041,
0.0,-0.109,0.014,-0.046,-0.022,0.05,0.077,0.049,0.057,0.123,
0.0,-0.133,-0.037,0.125,-0.005,0.238,-0.122,-0.045,0.019,-0.007,
0.0,0.003,0.138,0.014,0.051,0.016,0.028,0.001,0.075,-0.051,
0.0,0.034,-0.073,0.009,0.013,-0.036,-0.044,0.123,0.073,0.04,
0.0,0.062,-0.156,-0.145,-0.076,-0.129,-0.088,-0.19,-0.213,-0.092,
0.0,0.111,-0.118,-0.16,-0.141,0.021,0.113,0.079,-0.092,0.015,
0.0,0.061,-0.06,-0.128,0.094,0.005,-0.031,0.067,-0.104,0.114,
0.0,0.068,0.192,0.014,0.145,0.005,0.004,0.004,0.004,0.004,
0.0,-0.107,0.01,0.017,0.017,0.017,0.017,0.017,0.017,0.017,
0.0,0.019,-0.112,0.114,-0.1,-0.057,-0.113,-0.15,0.075,0.032,
0.0,0.087,0.002,-0.011,0.022,-0.055,0.126,0.011,0.002,0.011,
0.0,-0.077,0.021,-0.035,-0.051,-0.072,0.019,0.011,0.023,0.041,
0.0,-0.103,0.01,0.024,-0.066,0.096,0.05,-0.023,0.046,-0.001,
0.0,0.065,0.008,-0.06,-0.008,0.121,0.02,0.162,0.005,0.038,
0.0,-0.02,0.049,-0.022,0.023,0.1,0.047,0.01,0.015,-0.076,
0.0,-0.083,-0.212,0.242,0.125,0.004,0.057,0.084,0.007,-0.007,
0.0,-0.089,-0.018,0.06,-0.148,-0.012,0.06,0.022,0.001,-0.001,
0.0,0.011,0.189,0.054,0.013,0.002,0.002,0.002,0.002,0.002,
0.0,-0.087,-0.047,0.011,-0.02,-0.037,0.12,0.024,0.021,0.03,
0.0,-0.039,-0.072,-0.009,-0.095,-0.058,-0.025,-0.043,-0.01,-0.024,
0.0,0.043,-0.038,0.07,-0.036,0.052,0.063,-0.001,-0.102,-0.006,
0.0,-0.142,0.027,0.155,-0.064,0.052,-0.127,-0.057,-0.112,-0.019,
0.0,-0.077,-0.065,-0.004,0.074,0.021,-0.098,0.008,0.101,-0.092,
0.0,0.065,0.039,0.055,-0.055,-0.028,0.057,0.024,0.017,0.017,
0.0,-0.068,0.084,-0.107,0.04,0.085,0.026,0.054,-0.055,-0.083,
0.0,-0.035,-0.043,-0.051,-0.005,0.048,0.06,-0.009,0.025,0.002,
0.0,-0.066,0.002,0.015,-0.125,-0.044,-0.062,-0.031,0.007,-0.125,
0.0,-0.179,0.085,-0.075,0.014,-0.116,-0.015,-0.129,-0.012,-0.074,
0.0,0.008,-0.084,-0.023,-0.04,-0.085,-0.006,-0.043,-0.001,-0.035,
0.0,0.192,0.017,-0.002,-0.004,-0.004,-0.004,-0.004,-0.004,-0.004,
0.0,-0.133,0.007,-0.032,0.115,-0.084,0.063,0.185,0.042,0.005,
0.0,-0.067,-0.054,-0.127,-0.082,-0.058,-0.015,-0.2,-0.215,-0.048,
0.0,0.128,0.065,0.001,-0.001,-0.001,-0.001,-0.001,-0.001,-0.001,
0.0,-0.032,-0.048,-0.025,0.088,0.098,-0.063,-0.037,0.015,-0.043,
0.0,0.098,0.008,-0.02,-0.113,-0.096,-0.156,-0.103,-0.025,-0.081,
0.0,0.11,0.09,-0.039,0.051,-0.064,-0.086,0.049,-0.058,-0.042,
0.0,-0.014,0.007,-0.054,-0.163,-0.272,-0.293,-0.185,-0.111,-0.229,


