

Data analysis for each instance 
AVG,MED,MAX,MIN
0,0,0,0,0,0,0,0,0,0,
0,0,0,0,0,0,0,0,0,0,
0,0,0,0,0,0,0,0,0,0,
0,0,0,0,0,0,0,0,0,0,
0,0,0,0,0,0,0,0,0,0,
0,0,0,0,0,0,0,0,0,0,
0,0,0,0,0,0,0,0,0,0,
0,0,0,0,0,0,0,0,0,0,
0,0,0,0,0,0,0,0,0,0,
0,0,0,0,0,0,0,0,0,0,
0,0,0,0,0,0,0,0,0,0,
0,0,0,0,0,0,0,0,0,0,
0,0,0,0,0,0,0,0,0,0,
0,0,0,0,0,0,0,0,0,0,
0,0,0,0,0,0,0,0,0,0,
0,0,0,0,0,0,0,0,0,0,
0,0,0,0,0,0,0,0,0,0,
0,0,0,0,0,0,0,0,0,0,
0,0,0,0,0,0,0,0,0,0,
0,0,0,0,0,0,0,0,0,0,
0,0,0,0,0,0,0,0,0,0,
0,0,0,0,0,0,0,0,0,0,
0,0,0,0,0,0,0,0,0,0,
0,0,0,0,0,0,0,0,0,0,
0,0,0,0,0,0,0,0,0,0,
0,0,0,0,0,0,0,0,0,0,
0,0,0,0,0,0,0,0,0,0,
0,0,0,0,0,0,0,0,0,0,
0,0,0,0,0,0,0,0,0,0,
0,0,0,0,0,0,0,0,0,0,
0,0,0,0,0,0,0,0,0,0,
0,0,0,0,0,0,0,0,0,0,
0,0,0,0,0,0,0,0,0,0,
0,0,0,0,0,0,0,0,0,0,
0,0,0,0,0,0,0,0,0,0,
0,0,0,0,0,0,0,0,0,0,
0,0,0,0,0,0,0,0,0,0,
0,0,0,0,0,0,0,0,0,0,
0,0,0,0,0,0,0,0,0,0,
0,0,0,0,0,0,0,0,0,0,
0,0,0,0,0,0,0,0,0,0,
0,0,0,0,0,0,0,0,0,0,
0,0,0,0,0,0,0,0,0,0,
0,0,0,0,0,0,0,0,0,0,
0,0,0,0,0,0,0,0,0,0,
0,0,0,0,0,0,0,0,0,0,
0,0,0,0,0,0,0,0,0,0,
0,0,0,0,0,0,0,0,0,0,
0,0,0,0,0,0,0,0,0,0,
0,0,0,0,0,0,0,0,0,0,
0,0,0,0,0,0,0,0,0,0,
0,0,0,0,0,0,0,0,0,0,
0,0,0,0,0,0,0,0,0,0,
0,0,0,0,0,0,0,0,0,0,
0,0,0,0,0,0,0,0,0,0,
0,0,0,0,0,0,0,0,0,0,
0,0,0,0,0,0,0,0,0,0,
0,0,0,0,0,0,0,0,0,0,
0,0,0,0,0,0,0,0,0,0,
0,0,0,0,0,0,0,0,0,0,
0,0,0,0,0,0,0,0,0,0,
0,0,0,0,0,0,0,0,0,0,
0,0,0,0,0,0,0,0,0,0,
0,0,0,0,0,0,0,0,0,0,
0,0,0,0,0,0,0,0,0,0,
0,0,0,0,0,0,0,0,0,0,
0,0,0,0,0,0,0,0,0,0,
0,0,0,0,0,0,0,0,0,0,
0,0,0,0,0,0,0,0,0,0,
0,0,0,0,0,0,0,0,0,0,
0,0,0,0,0,0,0,0,0,0,
0,0,0,0,0,0,0,0,0,0,
0,0,0,0,0,0,0,0,0,0,
0,0,0,0,0,0,0,0,0,0,
0,0,0,0,0,0,0,0,0,0,
0,0,0,0,0,0,0,0,0,0,
0,0,0,0,0,0,0,0,0,0,
0,0,0,0,0,0,0,0,0,0,
0,0,0,0,0,0,0,0,0,0,
0,0,0,0,0,0,0,0,0,0,
0,0,0,0,0,0,0,0,0,0,
0,0,0,0,0,0,0,0,0,0,
0,0,0,0,0,0,0,0,0,0,
0,0,0,0,0,0,0,0,0,0,
0,0,0,0,0,0,0,0,0,0,
0,0,0,0,0,0,0,0,0,0,
0,0,0,0,0,0,0,0,0,0,
0,0,0,0,0,0,0,0,0,0,
0,0,0,0,0,0,0,0,0,0,
0,0,0,0,0,0,0,0,0,0,
0,0,0,0,0,0,0,0,0,0,
0,0,0,0,0,0,0,0,0,0,
0,0,0,0,0,0,0,0,0,0,
0,0,0,0,0,0,0,0,0,0,
0,0,0,0,0,0,0,0,0,0,
0,0,0,0,0,0,0,0,0,0,
0,0,0,0,0,0,0,0,0,0,
0,0,0,0,0,0,0,0,0,0,
0,0,0,0,0,0,0,0,0,0,
0,0,0,0,0,0,0,0,0,0,
0,0,0,0,0,0,0,0,0,0,
0,0,0,0,0,0,0,0,0,0,
0,0,0,0,0,0,0,0,0,0,
0,0,0,0,0,0,0,0,0,0,
0,0,0,0,0,0,0,0,0,0,
0,0,0,0,0,0,0,0,0,0,
0,0,0,0,0,0,0,0,0,0,
0,0,0,0,0,0,0,0,0,0,
0,0,0,0,0,0,0,0,0,0,
0,0,0,0,0,0,0,0,0,0,
0,0,0,0,0,0,0,0,0,0,
0,0,0,0,0,0,0,0,0,0,
0,0,0,0,0,0,0,0,0,0,
0,0,0,0,0,0,0,0,0,0,
0,0,0,0,0,0,0,0,0,0,
0,0,0,0,0,0,0,0,0,0,
0,0,0,0,0,0,0,0,0,0,
0,0,0,0,0,0,0,0,0,0,
0,0,0,0,0,0,0,0,0,0,
0,0,0,0,0,0,0,0,0,0,
0,0,0,0,0,0,0,0,0,0,
0,0,0,0,0,0,0,0,0,0,
0,0,0,0,0,0,0,0,0,0,
0,0,0,0,0,0,0,0,0,0,
0,0,0,0,0,0,0,0,0,0,
0,0,0,0,0,0,0,0,0,0,
0,0,0,0,0,0,0,0,0,0,
0,0,0,0,0,0,0,0,0,0,
0,0,0,0,0,0,0,0,0,0,
0,0,0,0,0,0,0,0,0,0,
0,0,0,0,0,0,0,0,0,0,
0,0,0,0,0,0,0,0,0,0,
0,0,0,0,0,0,0,0,0,0,
0,0,0,0,0,0,0,0,0,0,
0,0,0,0,0,0,0,0,0,0,
0,0,0,0,0,0,0,0,0,0,
0,0,0,0,0,0,0,0,0,0,
0,0,0,0,0,0,0,0,0,0,
0,0,0,0,0,0,0,0,0,0,
0,0,0,0,0,0,0,0,0,0,
0,0,0,0,0,0,0,0,0,0,
0,0,0,0,0,0,0,0,0,0,
0,0,0,0,0,0,0,0,0,0,
0,0,0,0,0,0,0,0,0,0,
0,0,0,0,0,0,0,0,0,0,
0,0,0,0,0,0,0,0,0,0,
0,0,0,0,0,0,0,0,0,0,
0,0,0,0,0,0,0,0,0,0,
0,0,0,0,0,0,0,0,0,0,
0,0,0,0,0,0,0,0,0,0,
0,0,0,0,0,0,0,0,0,0,
0,0,0,0,0,0,0,0,0,0,
0,0,0,0,0,0,0,0,0,0,
0,0,0,0,0,0,0,0,0,0,
0,0,0,0,0,0,0,0,0,0,
0,0,0,0,0,0,0,0,0,0,
0,0,0,0,0,0,0,0,0,0,
0,0,0,0,0,0,0,0,0,0,
0,0,0,0,0,0,0,0,0,0,
0,0,0,0,0,0,0,0,0,0,
0,0,0,0,0,0,0,0,0,0,
0,0,0,0,0,0,0,0,0,0,
0,0,0,0,0,0,0,0,0,0,
0,0,0,0,0,0,0,0,0,0,
0,0,0,0,0,0,0,0,0,0,
0,0,0,0,0,0,0,0,0,0,
0,0,0,0,0,0,0,0,0,0,
0,0,0,0,0,0,0,0,0,0,
0,0,0,0,0,0,0,0,0,0,
0,0,0,0,0,0,0,0,0,0,
0,0,0,0,0,0,0,0,0,0,
0,0,0,0,0,0,0,0,0,0,
0,0,0,0,0,0,0,0,0,0,
0,0,0,0,0,0,0,0,0,0,
0,0,0,0,0,0,0,0,0,0,
0,0,0,0,0,0,0,0,0,0,
0,0,0,0,0,0,0,0,0,0,
0,0,0,0,0,0,0,0,0,0,
0,0,0,0,0,0,0,0,0,0,
0,0,0,0,0,0,0,0,0,0,
0,0,0,0,0,0,0,0,0,0,
0,0,0,0,0,0,0,0,0,0,
0,0,0,0,0,0,0,0,0,0,
0,0,0,0,0,0,0,0,0,0,
0,0,0,0,0,0,0,0,0,0,
0,0,0,0,0,0,0,0,0,0,
0,0,0,0,0,0,0,0,0,0,
0,0,0,0,0,0,0,0,0,0,
0,0,0,0,0,0,0,0,0,0,
0,0,0,0,0,0,0,0,0,0,
0,0,0,0,0,0,0,0,0,0,
0,0,0,0,0,0,0,0,0,0,
0,0,0,0,0,0,0,0,0,0,
0,0,0,0,0,0,0,0,0,0,
0,0,0,0,0,0,0,0,0,0,
0,0,0,0,0,0,0,0,0,0,
0,0,0,0,0,0,0,0,0,0,
0,0,0,0,0,0,0,0,0,0,
0,0,0,0,0,0,0,0,0,0,
0,0,0,0,0,0,0,0,0,0,
0,0,0,0,0,0,0,0,0,0,
0,0,0,0,0,0,0,0,0,0,
0,0,0,0,0,0,0,0,0,0,
0,0,0,0,0,0,0,0,0,0,
0,0,0,0,0,0,0,0,0,0,
0,0,0,0,0,0,0,0,0,0,
0,0,0,0,0,0,0,0,0,0,
0,0,0,0,0,0,0,0,0,0,
0,0,0,0,0,0,0,0,0,0,
0,0,0,0,0,0,0,0,0,0,
0,0,0,0,0,0,0,0,0,0,
0,0,0,0,0,0,0,0,0,0,
0,0,0,0,0,0,0,0,0,0,
0,0,0,0,0,0,0,0,0,0,
0,0,0,0,0,0,0,0,0,0,
0,0,0,0,0,0,0,0,0,0,
0,0,0,0,0,0,0,0,0,0,
0,0,0,0,0,0,0,0,0,0,
0,0,0,0,0,0,0,0,0,0,
0,0,0,0,0,0,0,0,0,0,
0,0,0,0,0,0,0,0,0,0,
0,0,0,0,0,0,0,0,0,0,
0,0,0,0,0,0,0,0,0,0,
0,0,0,0,0,0,0,0,0,0,
0,0,0,0,0,0,0,0,0,0,
0,0,0,0,0,0,0,0,0,0,
0,0,0,0,0,0,0,0,0,0,
0,0,0,0,0,0,0,0,0,0,
0,0,0,0,0,0,0,0,0,0,
0,0,0,0,0,0,0,0,0,0,
0,0,0,0,0,0,0,0,0,0,
0,0,0,0,0,0,0,0,0,0,
0,0,0,0,0,0,0,0,0,0,
0,0,0,0,0,0,0,0,0,0,
0,0,0,0,0,0,0,0,0,0,
0,0,0,0,0,0,0,0,0,0,
0,0,0,0,0,0,0,0,0,0,
0,0,0,0,0,0,0,0,0,0,
0,0,0,0,0,0,0,0,0,0,
0,0,0,0,0,0,0,0,0,0,
0,0,0,0,0,0,0,0,0,0,
0,0,0,0,0,0,0,0,0,0,
0,0,0,0,0,0,0,0,0,0,
0,0,0,0,0,0,0,0,0,0,
0,0,0,0,0,0,0,0,0,0,
0,0,0,0,0,0,0,0,0,0,
0,0,0,0,0,0,0,0,0,0,
0,0,0,0,0,0,0,0,0,0,
0,0,0,0,0,0,0,0,0,0,
0,0,0,0,0,0,0,0,0,0,
0,0,0,0,0,0,0,0,0,0,
0,0,0,0,0,0,0,0,0,0,
0,0,0,0,0,0,0,0,0,0,
0,0,0,0,0,0,0,0,0,0,
0,0,0,0,0,0,0,0,0,0,
0,0,0,0,0,0,0,0,0,0,
0,0,0,0,0,0,0,0,0,0,
0,0,0,0,0,0,0,0,0,0,
0,0,0,0,0,0,0,0,0,0,
0,0,0,0,0,0,0,0,0,0,
0,0,0,0,0,0,0,0,0,0,
0,0,0,0,0,0,0,0,0,0,
0,0,0,0,0,0,0,0,0,0,
0,0,0,0,0,0,0,0,0,0,
0,0,0,0,0,0,0,0,0,0,
0,0,0,0,0,0,0,0,0,0,
0,0,0,0,0,0,0,0,0,0,
0,0,0,0,0,0,0,0,0,0,
0,0,0,0,0,0,0,0,0,0,
0,0,0,0,0,0,0,0,0,0,
0,0,0,0,0,0,0,0,0,0,
0,0,0,0,0,0,0,0,0,0,
0,0,0,0,0,0,0,0,0,0,
0,0,0,0,0,0,0,0,0,0,
0,0,0,0,0,0,0,0,0,0,
0,0,0,0,0,0,0,0,0,0,
0,0,0,0,0,0,0,0,0,0,
0,0,0,0,0,0,0,0,0,0,
0,0,0,0,0,0,0,0,0,0,
0,0,0,0,0,0,0,0,0,0,
0,0,0,0,0,0,0,0,0,0,
0,0,0,0,0,0,0,0,0,0,
0,0,0,0,0,0,0,0,0,0,
0,0,0,0,0,0,0,0,0,0,
0,0,0,0,0,0,0,0,0,0,
0,0,0,0,0,0,0,0,0,0,
0,0,0,0,0,0,0,0,0,0,
0,0,0,0,0,0,0,0,0,0,
0,0,0,0,0,0,0,0,0,0,
0,0,0,0,0,0,0,0,0,0,
0,0,0,0,0,0,0,0,0,0,
0,0,0,0,0,0,0,0,0,0,
0,0,0,0,0,0,0,0,0,0,
0,0,0,0,0,0,0,0,0,0,
0,0,0,0,0,0,0,0,0,0,
0,0,0,0,0,0,0,0,0,0,
0,0,0,0,0,0,0,0,0,0,
0,0,0,0,0,0,0,0,0,0,
0,0,0,0,0,0,0,0,0,0,
0,0,0,0,0,0,0,0,0,0,
0,0,0,0,0,0,0,0,0,0,
0,0,0,0,0,0,0,0,0,0,
0,0,0,0,0,0,0,0,0,0,
0,0,0,0,0,0,0,0,0,0,
0,0,0,0,0,0,0,0,0,0,
0,0,0,0,0,0,0,0,0,0,
0,0,0,0,0,0,0,0,0,0,
0,0,0,0,0,0,0,0,0,0,
0,0,0,0,0,0,0,0,0,0,
0,0,0,0,0,0,0,0,0,0,
0,0,0,0,0,0,0,0,0,0,
0,0,0,0,0,0,0,0,0,0,
0,0,0,0,0,0,0,0,0,0,
0,0,0,0,0,0,0,0,0,0,
0,0,0,0,0,0,0,0,0,0,
0,0,0,0,0,0,0,0,0,0,
0,0,0,0,0,0,0,0,0,0,
0,0,0,0,0,0,0,0,0,0,
0,0,0,0,0,0,0,0,0,0,
0,0,0,0,0,0,0,0,0,0,
0,0,0,0,0,0,0,0,0,0,
0,0,0,0,0,0,0,0,0,0,
0,0,0,0,0,0,0,0,0,0,
0,0,0,0,0,0,0,0,0,0,
0,0,0,0,0,0,0,0,0,0,
0,0,0,0,0,0,0,0,0,0,
0,0,0,0,0,0,0,0,0,0,
0,0,0,0,0,0,0,0,0,0,
0,0,0,0,0,0,0,0,0,0,
0,0,0,0,0,0,0,0,0,0,
0,0,0,0,0,0,0,0,0,0,
0,0,0,0,0,0,0,0,0,0,
0,0,0,0,0,0,0,0,0,0,
0,0,0,0,0,0,0,0,0,0,
0,0,0,0,0,0,0,0,0,0,
0,0,0,0,0,0,0,0,0,0,
0,0,0,0,0,0,0,0,0,0,
0,0,0,0,0,0,0,0,0,0,
0,0,0,0,0,0,0,0,0,0,
0,0,0,0,0,0,0,0,0,0,
0,0,0,0,0,0,0,0,0,0,
0,0,0,0,0,0,0,0,0,0,
0,0,0,0,0,0,0,0,0,0,
0,0,0,0,0,0,0,0,0,0,
0,0,0,0,0,0,0,0,0,0,
0,0,0,0,0,0,0,0,0,0,
0,0,0,0,0,0,0,0,0,0,
0,0,0,0,0,0,0,0,0,0,
0,0,0,0,0,0,0,0,0,0,
0,0,0,0,0,0,0,0,0,0,
0,0,0,0,0,0,0,0,0,0,
0,0,0,0,0,0,0,0,0,0,
0,0,0,0,0,0,0,0,0,0,
0,0,0,0,0,0,0,0,0,0,
0,0,0,0,0,0,0,0,0,0,
0,0,0,0,0,0,0,0,0,0,
0,0,0,0,0,0,0,0,0,0,
0,0,0,0,0,0,0,0,0,0,
0,0,0,0,0,0,0,0,0,0,
0,0,0,0,0,0,0,0,0,0,
0,0,0,0,0,0,0,0,0,0,
0,0,0,0,0,0,0,0,0,0,
0,0,0,0,0,0,0,0,0,0,
0,0,0,0,0,0,0,0,0,0,
0,0,0,0,0,0,0,0,0,0,
0,0,0,0,0,0,0,0,0,0,
0,0,0,0,0,0,0,0,0,0,
0,0,0,0,0,0,0,0,0,0,
0,0,0,0,0,0,0,0,0,0,
0,0,0,0,0,0,0,0,0,0,
0,0,0,0,0,0,0,0,0,0,
0,0,0,0,0,0,0,0,0,0,
0,0,0,0,0,0,0,0,0,0,
0,0,0,0,0,0,0,0,0,0,
0,0,0,0,0,0,0,0,0,0,
0,0,0,0,0,0,0,0,0,0,
0,0,0,0,0,0,0,0,0,0,
0,0,0,0,0,0,0,0,0,0,
0,0,0,0,0,0,0,0,0,0,
0,0,0,0,0,0,0,0,0,0,
0,0,0,0,0,0,0,0,0,0,
0,0,0,0,0,0,0,0,0,0,
0,0,0,0,0,0,0,0,0,0,
0,0,0,0,0,0,0,0,0,0,
0,0,0,0,0,0,0,0,0,0,
0,0,0,0,0,0,0,0,0,0,
0,0,0,0,0,0,0,0,0,0,
0,0,0,0,0,0,0,0,0,0,
0,0,0,0,0,0,0,0,0,0,
0,0,0,0,0,0,0,0,0,0,
0,0,0,0,0,0,0,0,0,0,
0,0,0,0,0,0,0,0,0,0,
0,0,0,0,0,0,0,0,0,0,
0,0,0,0,0,0,0,0,0,0,
0,0,0,0,0,0,0,0,0,0,
0,0,0,0,0,0,0,0,0,0,
0,0,0,0,0,0,0,0,0,0,
0,0,0,0,0,0,0,0,0,0,
0,0,0,0,0,0,0,0,0,0,
0,0,0,0,0,0,0,0,0,0,
0,0,0,0,0,0,0,0,0,0,
0,0,0,0,0,0,0,0,0,0,
0,0,0,0,0,0,0,0,0,0,
0,0,0,0,0,0,0,0,0,0,
0,0,0,0,0,0,0,0,0,0,
0,0,0,0,0,0,0,0,0,0,
0,0,0,0,0,0,0,0,0,0,
0,0,0,0,0,0,0,0,0,0,
0,0,0,0,0,0,0,0,0,0,
0,0,0,0,0,0,0,0,0,0,
0,0,0,0,0,0,0,0,0,0,
0,0,0,0,0,0,0,0,0,0,
0,0,0,0,0,0,0,0,0,0,
0,0,0,0,0,0,0,0,0,0,
0,0,0,0,0,0,0,0,0,0,
0,0,0,0,0,0,0,0,0,0,
0,0,0,0,0,0,0,0,0,0,
0,0,0,0,0,0,0,0,0,0,
0,0,0,0,0,0,0,0,0,0,
0,0,0,0,0,0,0,0,0,0,
0,0,0,0,0,0,0,0,0,0,
0,0,0,0,0,0,0,0,0,0,
0,0,0,0,0,0,0,0,0,0,
0,0,0,0,0,0,0,0,0,0,
0,0,0,0,0,0,0,0,0,0,
0,0,0,0,0,0,0,0,0,0,
0,0,0,0,0,0,0,0,0,0,
0,0,0,0,0,0,0,0,0,0,
0,0,0,0,0,0,0,0,0,0,
0,0,0,0,0,0,0,0,0,0,
0,0,0,0,0,0,0,0,0,0,
0,0,0,0,0,0,0,0,0,0,
0,0,0,0,0,0,0,0,0,0,
0,0,0,0,0,0,0,0,0,0,
0,0,0,0,0,0,0,0,0,0,
0,0,0,0,0,0,0,0,0,0,
0,0,0,0,0,0,0,0,0,0,
0,0,0,0,0,0,0,0,0,0,
0,0,0,0,0,0,0,0,0,0,
0,0,0,0,0,0,0,0,0,0,
0,0,0,0,0,0,0,0,0,0,
0,0,0,0,0,0,0,0,0,0,
0,0,0,0,0,0,0,0,0,0,
0,0,0,0,0,0,0,0,0,0,
0,0,0,0,0,0,0,0,0,0,
0,0,0,0,0,0,0,0,0,0,
0,0,0,0,0,0,0,0,0,0,
0,0,0,0,0,0,0,0,0,0,
0,0,0,0,0,0,0,0,0,0,
0,0,0,0,0,0,0,0,0,0,
0,0,0,0,0,0,0,0,0,0,
0,0,0,0,0,0,0,0,0,0,
0,0,0,0,0,0,0,0,0,0,
0,0,0,0,0,0,0,0,0,0,
0,0,0,0,0,0,0,0,0,0,
0,0,0,0,0,0,0,0,0,0,
0,0,0,0,0,0,0,0,0,0,
0,0,0,0,0,0,0,0,0,0,
0,0,0,0,0,0,0,0,0,0,
0,0,0,0,0,0,0,0,0,0,
0,0,0,0,0,0,0,0,0,0,
0,0,0,0,0,0,0,0,0,0,
0,0,0,0,0,0,0,0,0,0,
0,0,0,0,0,0,0,0,0,0,
0,0,0,0,0,0,0,0,0,0,
0,0,0,0,0,0,0,0,0,0,
0,0,0,0,0,0,0,0,0,0,
0,0,0,0,0,0,0,0,0,0,
0,0,0,0,0,0,0,0,0,0,
0,0,0,0,0,0,0,0,0,0,
0,0,0,0,0,0,0,0,0,0,
0,0,0,0,0,0,0,0,0,0,
0,0,0,0,0,0,0,0,0,0,
0,0,0,0,0,0,0,0,0,0,
0,0,0,0,0,0,0,0,0,0,
0,0,0,0,0,0,0,0,0,0,
0,0,0,0,0,0,0,0,0,0,
0,0,0,0,0,0,0,0,0,0,
0,0,0,0,0,0,0,0,0,0,
0,0,0,0,0,0,0,0,0,0,
0,0,0,0,0,0,0,0,0,0,
0,0,0,0,0,0,0,0,0,0,
0,0,0,0,0,0,0,0,0,0,
0,0,0,0,0,0,0,0,0,0,
0,0,0,0,0,0,0,0,0,0,
0,0,0,0,0,0,0,0,0,0,
0,0,0,0,0,0,0,0,0,0,
0,0,0,0,0,0,0,0,0,0,
0,0,0,0,0,0,0,0,0,0,
0,0,0,0,0,0,0,0,0,0,
0,0,0,0,0,0,0,0,0,0,
0,0,0,0,0,0,0,0,0,0,
0,0,0,0,0,0,0,0,0,0,
0,0,0,0,0,0,0,0,0,0,
0,0,0,0,0,0,0,0,0,0,
0,0,0,0,0,0,0,0,0,0,
0,0,0,0,0,0,0,0,0,0,
0,0,0,0,0,0,0,0,0,0,
0,0,0,0,0,0,0,0,0,0,
0,0,0,0,0,0,0,0,0,0,
0,0,0,0,0,0,0,0,0,0,
0,0,0,0,0,0,0,0,0,0,
0,0,0,0,0,0,0,0,0,0,
0,0,0,0,0,0,0,0,0,0,
0,0,0,0,0,0,0,0,0,0,
0,0,0,0,0,0,0,0,0,0,
0,0,0,0,0,0,0,0,0,0,
0,0,0,0,0,0,0,0,0,0,
0,0,0,0,0,0,0,0,0,0,
0,0,0,0,0,0,0,0,0,0,
0,0,0,0,0,0,0,0,0,0,
0,0,0,0,0,0,0,0,0,0,
0,0,0,0,0,0,0,0,0,0,
0,0,0,0,0,0,0,0,0,0,
0,0,0,0,0,0,0,0,0,0,
0,0,0,0,0,0,0,0,0,0,
0,0,0,0,0,0,0,0,0,0,
0,0,0,0,0,0,0,0,0,0,
0,0,0,0,0,0,0,0,0,0,
0,0,0,0,0,0,0,0,0,0,
0,0,0,0,0,0,0,0,0,0,
0,0,0,0,0,0,0,0,0,0,
0,0,0,0,0,0,0,0,0,0,
0,0,0,0,0,0,0,0,0,0,
0,0,0,0,0,0,0,0,0,0,
0,0,0,0,0,0,0,0,0,0,
0,0,0,0,0,0,0,0,0,0,
0,0,0,0,0,0,0,0,0,0,
0,0,0,0,0,0,0,0,0,0,
0,0,0,0,0,0,0,0,0,0,
0,0,0,0,0,0,0,0,0,0,
0,0,0,0,0,0,0,0,0,0,
0,0,0,0,0,0,0,0,0,0,
0,0,0,0,0,0,0,0,0,0,
0,0,0,0,0,0,0,0,0,0,
0,0,0,0,0,0,0,0,0,0,
0,0,0,0,0,0,0,0,0,0,
0,0,0,0,0,0,0,0,0,0,
0,0,0,0,0,0,0,0,0,0,
0,0,0,0,0,0,0,0,0,0,
0,0,0,0,0,0,0,0,0,0,
0,0,0,0,0,0,0,0,0,0,
0,0,0,0,0,0,0,0,0,0,
0,0,0,0,0,0,0,0,0,0,
0,0,0,0,0,0,0,0,0,0,
0,0,0,0,0,0,0,0,0,0,
0,0,0,0,0,0,0,0,0,0,
0,0,0,0,0,0,0,0,0,0,
0,0,0,0,0,0,0,0,0,0,
0,0,0,0,0,0,0,0,0,0,
0,0,0,0,0,0,0,0,0,0,
0,0,0,0,0,0,0,0,0,0,
0,0,0,0,0,0,0,0,0,0,
0,0,0,0,0,0,0,0,0,0,
0,0,0,0,0,0,0,0,0,0,
0,0,0,0,0,0,0,0,0,0,
0,0,0,0,0,0,0,0,0,0,
0,0,0,0,0,0,0,0,0,0,
0,0,0,0,0,0,0,0,0,0,
0,0,0,0,0,0,0,0,0,0,
0,0,0,0,0,0,0,0,0,0,
0,0,0,0,0,0,0,0,0,0,
0,0,0,0,0,0,0,0,0,0,
0,0,0,0,0,0,0,0,0,0,
0,0,0,0,0,0,0,0,0,0,
0,0,0,0,0,0,0,0,0,0,
0,0,0,0,0,0,0,0,0,0,
0,0,0,0,0,0,0,0,0,0,
0,0,0,0,0,0,0,0,0,0,
0,0,0,0,0,0,0,0,0,0,
0,0,0,0,0,0,0,0,0,0,
0,0,0,0,0,0,0,0,0,0,
0,0,0,0,0,0,0,0,0,0,
0,0,0,0,0,0,0,0,0,0,
0,0,0,0,0,0,0,0,0,0,
0,0,0,0,0,0,0,0,0,0,
0,0,0,0,0,0,0,0,0,0,
0,0,0,0,0,0,0,0,0,0,
0,0,0,0,0,0,0,0,0,0,
0,0,0,0,0,0,0,0,0,0,
0,0,0,0,0,0,0,0,0,0,
0,0,0,0,0,0,0,0,0,0,
0,0,0,0,0,0,0,0,0,0,
0,0,0,0,0,0,0,0,0,0,
0,0,0,0,0,0,0,0,0,0,
0,0,0,0,0,0,0,0,0,0,
0,0,0,0,0,0,0,0,0,0,
0,0,0,0,0,0,0,0,0,0,
0,0,0,0,0,0,0,0,0,0,
0,0,0,0,0,0,0,0,0,0,
0,0,0,0,0,0,0,0,0,0,
0,0,0,0,0,0,0,0,0,0,
0,0,0,0,0,0,0,0,0,0,
0,0,0,0,0,0,0,0,0,0,
0,0,0,0,0,0,0,0,0,0,
0,0,0,0,0,0,0,0,0,0,
0,0,0,0,0,0,0,0,0,0,
0,0,0,0,0,0,0,0,0,0,
0,0,0,0,0,0,0,0,0,0,
0,0,0,0,0,0,0,0,0,0,
0,0,0,0,0,0,0,0,0,0,
0,0,0,0,0,0,0,0,0,0,
0,0,0,0,0,0,0,0,0,0,
0,0,0,0,0,0,0,0,0,0,
0,0,0,0,0,0,0,0,0,0,
0,0,0,0,0,0,0,0,0,0,
0,0,0,0,0,0,0,0,0,0,
0,0,0,0,0,0,0,0,0,0,
0,0,0,0,0,0,0,0,0,0,
0,0,0,0,0,0,0,0,0,0,
0,0,0,0,0,0,0,0,0,0,
0,0,0,0,0,0,0,0,0,0,
0,0,0,0,0,0,0,0,0,0,
0,0,0,0,0,0,0,0,0,0,
0,0,0,0,0,0,0,0,0,0,
0,0,0,0,0,0,0,0,0,0,
0,0,0,0,0,0,0,0,0,0,
0,0,0,0,0,0,0,0,0,0,
0,0,0,0,0,0,0,0,0,0,
0,0,0,0,0,0,0,0,0,0,
0,0,0,0,0,0,0,0,0,0,
0,0,0,0,0,0,0,0,0,0,
0,0,0,0,0,0,0,0,0,0,
0,0,0,0,0,0,0,0,0,0,
0,0,0,0,0,0,0,0,0,0,
0,0,0,0,0,0,0,0,0,0,
0,0,0,0,0,0,0,0,0,0,
0,0,0,0,0,0,0,0,0,0,
0,0,0,0,0,0,0,0,0,0,
0,0,0,0,0,0,0,0,0,0,
0,0,0,0,0,0,0,0,0,0,
0,0,0,0,0,0,0,0,0,0,
0,0,0,0,0,0,0,0,0,0,
0,0,0,0,0,0,0,0,0,0,
0,0,0,0,0,0,0,0,0,0,
0,0,0,0,0,0,0,0,0,0,
0,0,0,0,0,0,0,0,0,0,
0,0,0,0,0,0,0,0,0,0,
0,0,0,0,0,0,0,0,0,0,
0,0,0,0,0,0,0,0,0,0,
0,0,0,0,0,0,0,0,0,0,
0,0,0,0,0,0,0,0,0,0,
0,0,0,0,0,0,0,0,0,0,
0,0,0,0,0,0,0,0,0,0,
0,0,0,0,0,0,0,0,0,0,
0,0,0,0,0,0,0,0,0,0,
0,0,0,0,0,0,0,0,0,0,
0,0,0,0,0,0,0,0,0,0,
0,0,0,0,0,0,0,0,0,0,
0,0,0,0,0,0,0,0,0,0,
0,0,0,0,0,0,0,0,0,0,
0,0,0,0,0,0,0,0,0,0,
0,0,0,0,0,0,0,0,0,0,
0,0,0,0,0,0,0,0,0,0,
0,0,0,0,0,0,0,0,0,0,
0,0,0,0,0,0,0,0,0,0,
0,0,0,0,0,0,0,0,0,0,
0,0,0,0,0,0,0,0,0,0,
0,0,0,0,0,0,0,0,0,0,
0,0,0,0,0,0,0,0,0,0,
0,0,0,0,0,0,0,0,0,0,
0,0,0,0,0,0,0,0,0,0,
0,0,0,0,0,0,0,0,0,0,
0,0,0,0,0,0,0,0,0,0,
0,0,0,0,0,0,0,0,0,0,
0,0,0,0,0,0,0,0,0,0,
0,0,0,0,0,0,0,0,0,0,
0,0,0,0,0,0,0,0,0,0,
0,0,0,0,0,0,0,0,0,0,
0,0,0,0,0,0,0,0,0,0,
0,0,0,0,0,0,0,0,0,0,
0,0,0,0,0,0,0,0,0,0,
0,0,0,0,0,0,0,0,0,0,
0,0,0,0,0,0,0,0,0,0,
0,0,0,0,0,0,0,0,0,0,
0,0,0,0,0,0,0,0,0,0,
0,0,0,0,0,0,0,0,0,0,
0,0,0,0,0,0,0,0,0,0,
0,0,0,0,0,0,0,0,0,0,
0,0,0,0,0,0,0,0,0,0,
0,0,0,0,0,0,0,0,0,0,
0,0,0,0,0,0,0,0,0,0,
0,0,0,0,0,0,0,0,0,0,
0,0,0,0,0,0,0,0,0,0,
0,0,0,0,0,0,0,0,0,0,
0,0,0,0,0,0,0,0,0,0,
0,0,0,0,0,0,0,0,0,0,
0,0,0,0,0,0,0,0,0,0,
0,0,0,0,0,0,0,0,0,0,
0,0,0,0,0,0,0,0,0,0,
0,0,0,0,0,0,0,0,0,0,
0,0,0,0,0,0,0,0,0,0,
0,0,0,0,0,0,0,0,0,0,
0,0,0,0,0,0,0,0,0,0,
0,0,0,0,0,0,0,0,0,0,
0,0,0,0,0,0,0,0,0,0,
0,0,0,0,0,0,0,0,0,0,
0,0,0,0,0,0,0,0,0,0,
0,0,0,0,0,0,0,0,0,0,
0,0,0,0,0,0,0,0,0,0,
0,0,0,0,0,0,0,0,0,0,
0,0,0,0,0,0,0,0,0,0,
0,0,0,0,0,0,0,0,0,0,
0,0,0,0,0,0,0,0,0,0,
0,0,0,0,0,0,0,0,0,0,
0,0,0,0,0,0,0,0,0,0,
0,0,0,0,0,0,0,0,0,0,
0,0,0,0,0,0,0,0,0,0,
0,0,0,0,0,0,0,0,0,0,
0,0,0,0,0,0,0,0,0,0,
0,0,0,0,0,0,0,0,0,0,
0,0,0,0,0,0,0,0,0,0,
0,0,0,0,0,0,0,0,0,0,
0,0,0,0,0,0,0,0,0,0,
0,0,0,0,0,0,0,0,0,0,
0,0,0,0,0,0,0,0,0,0,
0,0,0,0,0,0,0,0,0,0,
0,0,0,0,0,0,0,0,0,0,
0,0,0,0,0,0,0,0,0,0,
0,0,0,0,0,0,0,0,0,0,
0,0,0,0,0,0,0,0,0,0,
0,0,0,0,0,0,0,0,0,0,
0,0,0,0,0,0,0,0,0,0,
0,0,0,0,0,0,0,0,0,0,
0,0,0,0,0,0,0,0,0,0,
0,0,0,0,0,0,0,0,0,0,
0,0,0,0,0,0,0,0,0,0,
0,0,0,0,0,0,0,0,0,0,
0,0,0,0,0,0,0,0,0,0,
0,0,0,0,0,0,0,0,0,0,
0,0,0,0,0,0,0,0,0,0,
0,0,0,0,0,0,0,0,0,0,
0,0,0,0,0,0,0,0,0,0,
0,0,0,0,0,0,0,0,0,0,
0,0,0,0,0,0,0,0,0,0,
0,0,0,0,0,0,0,0,0,0,
0,0,0,0,0,0,0,0,0,0,
0,0,0,0,0,0,0,0,0,0,
0,0,0,0,0,0,0,0,0,0,
0,0,0,0,0,0,0,0,0,0,
0,0,0,0,0,0,0,0,0,0,
0,0,0,0,0,0,0,0,0,0,
0,0,0,0,0,0,0,0,0,0,
0,0,0,0,0,0,0,0,0,0,
0,0,0,0,0,0,0,0,0,0,
0,0,0,0,0,0,0,0,0,0,
0,0,0,0,0,0,0,0,0,0,
0,0,0,0,0,0,0,0,0,0,
0,0,0,0,0,0,0,0,0,0,
0,0,0,0,0,0,0,0,0,0,
0,0,0,0,0,0,0,0,0,0,
0,0,0,0,0,0,0,0,0,0,
0,0,0,0,0,0,0,0,0,0,
0,0,0,0,0,0,0,0,0,0,
0,0,0,0,0,0,0,0,0,0,
0,0,0,0,0,0,0,0,0,0,
0,0,0,0,0,0,0,0,0,0,
0,0,0,0,0,0,0,0,0,0,
0,0,0,0,0,0,0,0,0,0,
0,0,0,0,0,0,0,0,0,0,
0,0,0,0,0,0,0,0,0,0,
0,0,0,0,0,0,0,0,0,0,
0,0,0,0,0,0,0,0,0,0,
0,0,0,0,0,0,0,0,0,0,
0,0,0,0,0,0,0,0,0,0,
0,0,0,0,0,0,0,0,0,0,
0,0,0,0,0,0,0,0,0,0,
0,0,0,0,0,0,0,0,0,0,
0,0,0,0,0,0,0,0,0,0,
0,0,0,0,0,0,0,0,0,0,
0,0,0,0,0,0,0,0,0,0,
0,0,0,0,0,0,0,0,0,0,
0,0,0,0,0,0,0,0,0,0,
0,0,0,0,0,0,0,0,0,0,
0,0,0,0,0,0,0,0,0,0,
0,0,0,0,0,0,0,0,0,0,
0,0,0,0,0,0,0,0,0,0,
0,0,0,0,0,0,0,0,0,0,
0,0,0,0,0,0,0,0,0,0,
0,0,0,0,0,0,0,0,0,0,
0,0,0,0,0,0,0,0,0,0,
0,0,0,0,0,0,0,0,0,0,
0,0,0,0,0,0,0,0,0,0,
0,0,0,0,0,0,0,0,0,0,
0,0,0,0,0,0,0,0,0,0,
0,0,0,0,0,0,0,0,0,0,
0,0,0,0,0,0,0,0,0,0,
0,0,0,0,0,0,0,0,0,0,
0,0,0,0,0,0,0,0,0,0,
0,0,0,0,0,0,0,0,0,0,
0,0,0,0,0,0,0,0,0,0,
0,0,0,0,0,0,0,0,0,0,
0,0,0,0,0,0,0,0,0,0,
0,0,0,0,0,0,0,0,0,0,
0,0,0,0,0,0,0,0,0,0,
0,0,0,0,0,0,0,0,0,0,
0,0,0,0,0,0,0,0,0,0,
0,0,0,0,0,0,0,0,0,0,
0,0,0,0,0,0,0,0,0,0,
0,0,0,0,0,0,0,0,0,0,
0,0,0,0,0,0,0,0,0,0,
0,0,0,0,0,0,0,0,0,0,
0,0,0,0,0,0,0,0,0,0,
0,0,0,0,0,0,0,0,0,0,
0,0,0,0,0,0,0,0,0,0,
0,0,0,0,0,0,0,0,0,0,
0,0,0,0,0,0,0,0,0,0,
0,0,0,0,0,0,0,0,0,0,
0,0,0,0,0,0,0,0,0,0,
0,0,0,0,0,0,0,0,0,0,
0,0,0,0,0,0,0,0,0,0,
0,0,0,0,0,0,0,0,0,0,
0,0,0,0,0,0,0,0,0,0,
0,0,0,0,0,0,0,0,0,0,
0,0,0,0,0,0,0,0,0,0,
0,0,0,0,0,0,0,0,0,0,
0,0,0,0,0,0,0,0,0,0,
0,0,0,0,0,0,0,0,0,0,
0,0,0,0,0,0,0,0,0,0,
0,0,0,0,0,0,0,0,0,0,
0,0,0,0,0,0,0,0,0,0,
0,0,0,0,0,0,0,0,0,0,
0,0,0,0,0,0,0,0,0,0,
0,0,0,0,0,0,0,0,0,0,
0,0,0,0,0,0,0,0,0,0,
0,0,0,0,0,0,0,0,0,0,
0,0,0,0,0,0,0,0,0,0,
0,0,0,0,0,0,0,0,0,0,
0,0,0,0,0,0,0,0,0,0,
0,0,0,0,0,0,0,0,0,0,
0,0,0,0,0,0,0,0,0,0,
0,0,0,0,0,0,0,0,0,0,
0,0,0,0,0,0,0,0,0,0,
0,0,0,0,0,0,0,0,0,0,
0,0,0,0,0,0,0,0,0,0,
0,0,0,0,0,0,0,0,0,0,
0,0,0,0,0,0,0,0,0,0,
0,0,0,0,0,0,0,0,0,0,
0,0,0,0,0,0,0,0,0,0,
0,0,0,0,0,0,0,0,0,0,
0,0,0,0,0,0,0,0,0,0,
0,0,0,0,0,0,0,0,0,0,
0,0,0,0,0,0,0,0,0,0,
0,0,0,0,0,0,0,0,0,0,
0,0,0,0,0,0,0,0,0,0,
0,0,0,0,0,0,0,0,0,0,
0,0,0,0,0,0,0,0,0,0,
0,0,0,0,0,0,0,0,0,0,
0,0,0,0,0,0,0,0,0,0,
0,0,0,0,0,0,0,0,0,0,
0,0,0,0,0,0,0,0,0,0,
0,0,0,0,0,0,0,0,0,0,
0,0,0,0,0,0,0,0,0,0,
0,0,0,0,0,0,0,0,0,0,
0,0,0,0,0,0,0,0,0,0,
0,0,0,0,0,0,0,0,0,0,
0,0,0,0,0,0,0,0,0,0,
0,0,0,0,0,0,0,0,0,0,
0,0,0,0,0,0,0,0,0,0,
0,0,0,0,0,0,0,0,0,0,
0,0,0,0,0,0,0,0,0,0,
0,0,0,0,0,0,0,0,0,0,
0,0,0,0,0,0,0,0,0,0,
0,0,0,0,0,0,0,0,0,0,
0,0,0,0,0,0,0,0,0,0,
0,0,0,0,0,0,0,0,0,0,
0,0,0,0,0,0,0,0,0,0,
0,0,0,0,0,0,0,0,0,0,
0,0,0,0,0,0,0,0,0,0,
0,0,0,0,0,0,0,0,0,0,
0,0,0,0,0,0,0,0,0,0,
0,0,0,0,0,0,0,0,0,0,
0,0,0,0,0,0,0,0,0,0,
0,0,0,0,0,0,0,0,0,0,
0,0,0,0,0,0,0,0,0,0,
0,0,0,0,0,0,0,0,0,0,
0,0,0,0,0,0,0,0,0,0,
0,0,0,0,0,0,0,0,0,0,
0,0,0,0,0,0,0,0,0,0,
0,0,0,0,0,0,0,0,0,0,
0,0,0,0,0,0,0,0,0,0,
0,0,0,0,0,0,0,0,0,0,
0,0,0,0,0,0,0,0,0,0,
0,0,0,0,0,0,0,0,0,0,
0,0,0,0,0,0,0,0,0,0,
0,0,0,0,0,0,0,0,0,0,
0,0,0,0,0,0,0,0,0,0,
0,0,0,0,0,0,0,0,0,0,
0,0,0,0,0,0,0,0,0,0,
0,0,0,0,0,0,0,0,0,0,
0,0,0,0,0,0,0,0,0,0,
0,0,0,0,0,0,0,0,0,0,
0,0,0,0,0,0,0,0,0,0,
0,0,0,0,0,0,0,0,0,0,
0,0,0,0,0,0,0,0,0,0,
0,0,0,0,0,0,0,0,0,0,
0,0,0,0,0,0,0,0,0,0,
0,0,0,0,0,0,0,0,0,0,
0,0,0,0,0,0,0,0,0,0,
0,0,0,0,0,0,0,0,0,0,
0,0,0,0,0,0,0,0,0,0,
0,0,0,0,0,0,0,0,0,0,
0,0,0,0,0,0,0,0,0,0,
0,0,0,0,0,0,0,0,0,0,
0,0,0,0,0,0,0,0,0,0,
0,0,0,0,0,0,0,0,0,0,
0,0,0,0,0,0,0,0,0,0,
0,0,0,0,0,0,0,0,0,0,
0,0,0,0,0,0,0,0,0,0,
0,0,0,0,0,0,0,0,0,0,
0,0,0,0,0,0,0,0,0,0,
0,0,0,0,0,0,0,0,0,0,
0,0,0,0,0,0,0,0,0,0,
0,0,0,0,0,0,0,0,0,0,
0,0,0,0,0,0,0,0,0,0,
0,0,0,0,0,0,0,0,0,0,
0,0,0,0,0,0,0,0,0,0,
0,0,0,0,0,0,0,0,0,0,
0,0,0,0,0,0,0,0,0,0,
0,0,0,0,0,0,0,0,0,0,
0,0,0,0,0,0,0,0,0,0,
0,0,0,0,0,0,0,0,0,0,
0,0,0,0,0,0,0,0,0,0,
0,0,0,0,0,0,0,0,0,0,
0,0,0,0,0,0,0,0,0,0,
0,0,0,0,0,0,0,0,0,0,
0,0,0,0,0,0,0,0,0,0,
0,0,0,0,0,0,0,0,0,0,
0,0,0,0,0,0,0,0,0,0,
0,0,0,0,0,0,0,0,0,0,
0,0,0,0,0,0,0,0,0,0,
0,0,0,0,0,0,0,0,0,0,
0,0,0,0,0,0,0,0,0,0,
0,0,0,0,0,0,0,0,0,0,
0,0,0,0,0,0,0,0,0,0,
0,0,0,0,0,0,0,0,0,0,
0,0,0,0,0,0,0,0,0,0,
0,0,0,0,0,0,0,0,0,0,
0,0,0,0,0,0,0,0,0,0,
0,0,0,0,0,0,0,0,0,0,
0,0,0,0,0,0,0,0,0,0,
0,0,0,0,0,0,0,0,0,0,
0,0,0,0,0,0,0,0,0,0,
0,0,0,0,0,0,0,0,0,0,
0,0,0,0,0,0,0,0,0,0,
0,0,0,0,0,0,0,0,0,0,
0,0,0,0,0,0,0,0,0,0,
0,0,0,0,0,0,0,0,0,0,
0,0,0,0,0,0,0,0,0,0,
0,0,0,0,0,0,0,0,0,0,
0,0,0,0,0,0,0,0,0,0,
0,0,0,0,0,0,0,0,0,0,
0,0,0,0,0,0,0,0,0,0,
0,0,0,0,0,0,0,0,0,0,
0,0,0,0,0,0,0,0,0,0,
0,0,0,0,0,0,0,0,0,0,
0,0,0,0,0,0,0,0,0,0,
0,0,0,0,0,0,0,0,0,0,
0,0,0,0,0,0,0,0,0,0,
0,0,0,0,0,0,0,0,0,0,
0,0,0,0,0,0,0,0,0,0,
0,0,0,0,0,0,0,0,0,0,
0,0,0,0,0,0,0,0,0,0,
0,0,0,0,0,0,0,0,0,0,
0,0,0,0,0,0,0,0,0,0,
0,0,0,0,0,0,0,0,0,0,
0,0,0,0,0,0,0,0,0,0,
0,0,0,0,0,0,0,0,0,0,
0,0,0,0,0,0,0,0,0,0,
0,0,0,0,0,0,0,0,0,0,
0,0,0,0,0,0,0,0,0,0,
0,0,0,0,0,0,0,0,0,0,
0,0,0,0,0,0,0,0,0,0,
0,0,0,0,0,0,0,0,0,0,
0,0,0,0,0,0,0,0,0,0,
0,0,0,0,0,0,0,0,0,0,
0,0,0,0,0,0,0,0,0,0,
0,0,0,0,0,0,0,0,0,0,
0,0,0,0,0,0,0,0,0,0,
0,0,0,0,0,0,0,0,0,0,
0,0,0,0,0,0,0,0,0,0,
0,0,0,0,0,0,0,0,0,0,
0,0,0,0,0,0,0,0,0,0,
0,0,0,0,0,0,0,0,0,0,
0,0,0,0,0,0,0,0,0,0,
0,0,0,0,0,0,0,0,0,0,
0,0,0,0,0,0,0,0,0,0,
0,0,0,0,0,0,0,0,0,0,
0,0,0,0,0,0,0,0,0,0,
0,0,0,0,0,0,0,0,0,0,
0,0,0,0,0,0,0,0,0,0,
0,0,0,0,0,0,0,0,0,0,
0,0,0,0,0,0,0,0,0,0,
0,0,0,0,0,0,0,0,0,0,
0,0,0,0,0,0,0,0,0,0,
0,0,0,0,0,0,0,0,0,0,
0,0,0,0,0,0,0,0,0,0,
0,0,0,0,0,0,0,0,0,0,
0,0,0,0,0,0,0,0,0,0,
0,0,0,0,0,0,0,0,0,0,


0,0,0,0,0,0,0,0,0,0,
0,0,0,0,0,0,0,0,0,0,
0,0,0,0,0,0,0,0,0,0,
0,0,0,0,0,0,0,0,0,0,
0,0,0,0,0,0,0,0,0,0,
0,0,0,0,0,0,0,0,0,0,
0,0,0,0,0,0,0,0,0,0,
0,0,0,0,0,0,0,0,0,0,
0,0,0,0,0,0,0,0,0,0,
0,0,0,0,0,0,0,0,0,0,
0,0,0,0,0,0,0,0,0,0,
0,0,0,0,0,0,0,0,0,0,
0,0,0,0,0,0,0,0,0,0,
0,0,0,0,0,0,0,0,0,0,
0,0,0,0,0,0,0,0,0,0,
0,0,0,0,0,0,0,0,0,0,
0,0,0,0,0,0,0,0,0,0,
0,0,0,0,0,0,0,0,0,0,
0,0,0,0,0,0,0,0,0,0,
0,0,0,0,0,0,0,0,0,0,
0,0,0,0,0,0,0,0,0,0,
0,0,0,0,0,0,0,0,0,0,
0,0,0,0,0,0,0,0,0,0,
0,0,0,0,0,0,0,0,0,0,
0,0,0,0,0,0,0,0,0,0,
0,0,0,0,0,0,0,0,0,0,
0,0,0,0,0,0,0,0,0,0,
0,0,0,0,0,0,0,0,0,0,
0,0,0,0,0,0,0,0,0,0,
0,0,0,0,0,0,0,0,0,0,
0,0,0,0,0,0,0,0,0,0,
0,0,0,0,0,0,0,0,0,0,
0,0,0,0,0,0,0,0,0,0,
0,0,0,0,0,0,0,0,0,0,
0,0,0,0,0,0,0,0,0,0,
0,0,0,0,0,0,0,0,0,0,
0,0,0,0,0,0,0,0,0,0,
0,0,0,0,0,0,0,0,0,0,
0,0,0,0,0,0,0,0,0,0,
0,0,0,0,0,0,0,0,0,0,
0,0,0,0,0,0,0,0,0,0,
0,0,0,0,0,0,0,0,0,0,
0,0,0,0,0,0,0,0,0,0,
0,0,0,0,0,0,0,0,0,0,
0,0,0,0,0,0,0,0,0,0,
0,0,0,0,0,0,0,0,0,0,
0,0,0,0,0,0,0,0,0,0,
0,0,0,0,0,0,0,0,0,0,
0,0,0,0,0,0,0,0,0,0,
0,0,0,0,0,0,0,0,0,0,
0,0,0,0,0,0,0,0,0,0,
0,0,0,0,0,0,0,0,0,0,
0,0,0,0,0,0,0,0,0,0,
0,0,0,0,0,0,0,0,0,0,
0,0,0,0,0,0,0,0,0,0,
0,0,0,0,0,0,0,0,0,0,
0,0,0,0,0,0,0,0,0,0,
0,0,0,0,0,0,0,0,0,0,
0,0,0,0,0,0,0,0,0,0,
0,0,0,0,0,0,0,0,0,0,
0,0,0,0,0,0,0,0,0,0,
0,0,0,0,0,0,0,0,0,0,
0,0,0,0,0,0,0,0,0,0,
0,0,0,0,0,0,0,0,0,0,
0,0,0,0,0,0,0,0,0,0,
0,0,0,0,0,0,0,0,0,0,
0,0,0,0,0,0,0,0,0,0,
0,0,0,0,0,0,0,0,0,0,
0,0,0,0,0,0,0,0,0,0,
0,0,0,0,0,0,0,0,0,0,
0,0,0,0,0,0,0,0,0,0,
0,0,0,0,0,0,0,0,0,0,
0,0,0,0,0,0,0,0,0,0,
0,0,0,0,0,0,0,0,0,0,
0,0,0,0,0,0,0,0,0,0,
0,0,0,0,0,0,0,0,0,0,
0,0,0,0,0,0,0,0,0,0,
0,0,0,0,0,0,0,0,0,0,
0,0,0,0,0,0,0,0,0,0,
0,0,0,0,0,0,0,0,0,0,
0,0,0,0,0,0,0,0,0,0,
0,0,0,0,0,0,0,0,0,0,
0,0,0,0,0,0,0,0,0,0,
0,0,0,0,0,0,0,0,0,0,
0,0,0,0,0,0,0,0,0,0,
0,0,0,0,0,0,0,0,0,0,
0,0,0,0,0,0,0,0,0,0,
0,0,0,0,0,0,0,0,0,0,
0,0,0,0,0,0,0,0,0,0,
0,0,0,0,0,0,0,0,0,0,
0,0,0,0,0,0,0,0,0,0,
0,0,0,0,0,0,0,0,0,0,
0,0,0,0,0,0,0,0,0,0,
0,0,0,0,0,0,0,0,0,0,
0,0,0,0,0,0,0,0,0,0,
0,0,0,0,0,0,0,0,0,0,
0,0,0,0,0,0,0,0,0,0,
0,0,0,0,0,0,0,0,0,0,
0,0,0,0,0,0,0,0,0,0,
0,0,0,0,0,0,0,0,0,0,
0,0,0,0,0,0,0,0,0,0,
0,0,0,0,0,0,0,0,0,0,
0,0,0,0,0,0,0,0,0,0,
0,0,0,0,0,0,0,0,0,0,
0,0,0,0,0,0,0,0,0,0,
0,0,0,0,0,0,0,0,0,0,
0,0,0,0,0,0,0,0,0,0,
0,0,0,0,0,0,0,0,0,0,
0,0,0,0,0,0,0,0,0,0,
0,0,0,0,0,0,0,0,0,0,
0,0,0,0,0,0,0,0,0,0,
0,0,0,0,0,0,0,0,0,0,
0,0,0,0,0,0,0,0,0,0,
0,0,0,0,0,0,0,0,0,0,
0,0,0,0,0,0,0,0,0,0,
0,0,0,0,0,0,0,0,0,0,
0,0,0,0,0,0,0,0,0,0,
0,0,0,0,0,0,0,0,0,0,
0,0,0,0,0,0,0,0,0,0,
0,0,0,0,0,0,0,0,0,0,
0,0,0,0,0,0,0,0,0,0,
0,0,0,0,0,0,0,0,0,0,
0,0,0,0,0,0,0,0,0,0,
0,0,0,0,0,0,0,0,0,0,
0,0,0,0,0,0,0,0,0,0,
0,0,0,0,0,0,0,0,0,0,
0,0,0,0,0,0,0,0,0,0,
0,0,0,0,0,0,0,0,0,0,
0,0,0,0,0,0,0,0,0,0,
0,0,0,0,0,0,0,0,0,0,
0,0,0,0,0,0,0,0,0,0,
0,0,0,0,0,0,0,0,0,0,
0,0,0,0,0,0,0,0,0,0,
0,0,0,0,0,0,0,0,0,0,
0,0,0,0,0,0,0,0,0,0,
0,0,0,0,0,0,0,0,0,0,
0,0,0,0,0,0,0,0,0,0,
0,0,0,0,0,0,0,0,0,0,
0,0,0,0,0,0,0,0,0,0,
0,0,0,0,0,0,0,0,0,0,
0,0,0,0,0,0,0,0,0,0,
0,0,0,0,0,0,0,0,0,0,
0,0,0,0,0,0,0,0,0,0,
0,0,0,0,0,0,0,0,0,0,
0,0,0,0,0,0,0,0,0,0,
0,0,0,0,0,0,0,0,0,0,
0,0,0,0,0,0,0,0,0,0,
0,0,0,0,0,0,0,0,0,0,
0,0,0,0,0,0,0,0,0,0,
0,0,0,0,0,0,0,0,0,0,
0,0,0,0,0,0,0,0,0,0,
0,0,0,0,0,0,0,0,0,0,
0,0,0,0,0,0,0,0,0,0,
0,0,0,0,0,0,0,0,0,0,
0,0,0,0,0,0,0,0,0,0,
0,0,0,0,0,0,0,0,0,0,
0,0,0,0,0,0,0,0,0,0,
0,0,0,0,0,0,0,0,0,0,
0,0,0,0,0,0,0,0,0,0,
0,0,0,0,0,0,0,0,0,0,
0,0,0,0,0,0,0,0,0,0,
0,0,0,0,0,0,0,0,0,0,
0,0,0,0,0,0,0,0,0,0,
0,0,0,0,0,0,0,0,0,0,
0,0,0,0,0,0,0,0,0,0,
0,0,0,0,0,0,0,0,0,0,
0,0,0,0,0,0,0,0,0,0,
0,0,0,0,0,0,0,0,0,0,
0,0,0,0,0,0,0,0,0,0,
0,0,0,0,0,0,0,0,0,0,
0,0,0,0,0,0,0,0,0,0,
0,0,0,0,0,0,0,0,0,0,
0,0,0,0,0,0,0,0,0,0,
0,0,0,0,0,0,0,0,0,0,
0,0,0,0,0,0,0,0,0,0,
0,0,0,0,0,0,0,0,0,0,
0,0,0,0,0,0,0,0,0,0,
0,0,0,0,0,0,0,0,0,0,
0,0,0,0,0,0,0,0,0,0,
0,0,0,0,0,0,0,0,0,0,
0,0,0,0,0,0,0,0,0,0,
0,0,0,0,0,0,0,0,0,0,
0,0,0,0,0,0,0,0,0,0,
0,0,0,0,0,0,0,0,0,0,
0,0,0,0,0,0,0,0,0,0,
0,0,0,0,0,0,0,0,0,0,
0,0,0,0,0,0,0,0,0,0,
0,0,0,0,0,0,0,0,0,0,
0,0,0,0,0,0,0,0,0,0,
0,0,0,0,0,0,0,0,0,0,
0,0,0,0,0,0,0,0,0,0,
0,0,0,0,0,0,0,0,0,0,
0,0,0,0,0,0,0,0,0,0,
0,0,0,0,0,0,0,0,0,0,
0,0,0,0,0,0,0,0,0,0,
0,0,0,0,0,0,0,0,0,0,
0,0,0,0,0,0,0,0,0,0,
0,0,0,0,0,0,0,0,0,0,
0,0,0,0,0,0,0,0,0,0,
0,0,0,0,0,0,0,0,0,0,
0,0,0,0,0,0,0,0,0,0,
0,0,0,0,0,0,0,0,0,0,
0,0,0,0,0,0,0,0,0,0,
0,0,0,0,0,0,0,0,0,0,
0,0,0,0,0,0,0,0,0,0,
0,0,0,0,0,0,0,0,0,0,
0,0,0,0,0,0,0,0,0,0,
0,0,0,0,0,0,0,0,0,0,
0,0,0,0,0,0,0,0,0,0,
0,0,0,0,0,0,0,0,0,0,
0,0,0,0,0,0,0,0,0,0,
0,0,0,0,0,0,0,0,0,0,
0,0,0,0,0,0,0,0,0,0,
0,0,0,0,0,0,0,0,0,0,
0,0,0,0,0,0,0,0,0,0,
0,0,0,0,0,0,0,0,0,0,
0,0,0,0,0,0,0,0,0,0,
0,0,0,0,0,0,0,0,0,0,
0,0,0,0,0,0,0,0,0,0,
0,0,0,0,0,0,0,0,0,0,
0,0,0,0,0,0,0,0,0,0,
0,0,0,0,0,0,0,0,0,0,
0,0,0,0,0,0,0,0,0,0,
0,0,0,0,0,0,0,0,0,0,
0,0,0,0,0,0,0,0,0,0,
0,0,0,0,0,0,0,0,0,0,
0,0,0,0,0,0,0,0,0,0,
0,0,0,0,0,0,0,0,0,0,
0,0,0,0,0,0,0,0,0,0,
0,0,0,0,0,0,0,0,0,0,
0,0,0,0,0,0,0,0,0,0,
0,0,0,0,0,0,0,0,0,0,
0,0,0,0,0,0,0,0,0,0,
0,0,0,0,0,0,0,0,0,0,
0,0,0,0,0,0,0,0,0,0,
0,0,0,0,0,0,0,0,0,0,
0,0,0,0,0,0,0,0,0,0,
0,0,0,0,0,0,0,0,0,0,
0,0,0,0,0,0,0,0,0,0,
0,0,0,0,0,0,0,0,0,0,
0,0,0,0,0,0,0,0,0,0,
0,0,0,0,0,0,0,0,0,0,
0,0,0,0,0,0,0,0,0,0,
0,0,0,0,0,0,0,0,0,0,
0,0,0,0,0,0,0,0,0,0,
0,0,0,0,0,0,0,0,0,0,
0,0,0,0,0,0,0,0,0,0,
0,0,0,0,0,0,0,0,0,0,
0,0,0,0,0,0,0,0,0,0,
0,0,0,0,0,0,0,0,0,0,
0,0,0,0,0,0,0,0,0,0,
0,0,0,0,0,0,0,0,0,0,
0,0,0,0,0,0,0,0,0,0,
0,0,0,0,0,0,0,0,0,0,
0,0,0,0,0,0,0,0,0,0,
0,0,0,0,0,0,0,0,0,0,
0,0,0,0,0,0,0,0,0,0,
0,0,0,0,0,0,0,0,0,0,
0,0,0,0,0,0,0,0,0,0,
0,0,0,0,0,0,0,0,0,0,
0,0,0,0,0,0,0,0,0,0,
0,0,0,0,0,0,0,0,0,0,
0,0,0,0,0,0,0,0,0,0,
0,0,0,0,0,0,0,0,0,0,
0,0,0,0,0,0,0,0,0,0,
0,0,0,0,0,0,0,0,0,0,
0,0,0,0,0,0,0,0,0,0,
0,0,0,0,0,0,0,0,0,0,
0,0,0,0,0,0,0,0,0,0,
0,0,0,0,0,0,0,0,0,0,
0,0,0,0,0,0,0,0,0,0,
0,0,0,0,0,0,0,0,0,0,
0,0,0,0,0,0,0,0,0,0,
0,0,0,0,0,0,0,0,0,0,
0,0,0,0,0,0,0,0,0,0,
0,0,0,0,0,0,0,0,0,0,
0,0,0,0,0,0,0,0,0,0,
0,0,0,0,0,0,0,0,0,0,
0,0,0,0,0,0,0,0,0,0,
0,0,0,0,0,0,0,0,0,0,
0,0,0,0,0,0,0,0,0,0,
0,0,0,0,0,0,0,0,0,0,
0,0,0,0,0,0,0,0,0,0,
0,0,0,0,0,0,0,0,0,0,
0,0,0,0,0,0,0,0,0,0,
0,0,0,0,0,0,0,0,0,0,
0,0,0,0,0,0,0,0,0,0,
0,0,0,0,0,0,0,0,0,0,
0,0,0,0,0,0,0,0,0,0,
0,0,0,0,0,0,0,0,0,0,
0,0,0,0,0,0,0,0,0,0,
0,0,0,0,0,0,0,0,0,0,
0,0,0,0,0,0,0,0,0,0,
0,0,0,0,0,0,0,0,0,0,
0,0,0,0,0,0,0,0,0,0,
0,0,0,0,0,0,0,0,0,0,
0,0,0,0,0,0,0,0,0,0,
0,0,0,0,0,0,0,0,0,0,
0,0,0,0,0,0,0,0,0,0,
0,0,0,0,0,0,0,0,0,0,
0,0,0,0,0,0,0,0,0,0,
0,0,0,0,0,0,0,0,0,0,
0,0,0,0,0,0,0,0,0,0,
0,0,0,0,0,0,0,0,0,0,
0,0,0,0,0,0,0,0,0,0,
0,0,0,0,0,0,0,0,0,0,
0,0,0,0,0,0,0,0,0,0,
0,0,0,0,0,0,0,0,0,0,
0,0,0,0,0,0,0,0,0,0,
0,0,0,0,0,0,0,0,0,0,
0,0,0,0,0,0,0,0,0,0,
0,0,0,0,0,0,0,0,0,0,
0,0,0,0,0,0,0,0,0,0,
0,0,0,0,0,0,0,0,0,0,
0,0,0,0,0,0,0,0,0,0,
0,0,0,0,0,0,0,0,0,0,
0,0,0,0,0,0,0,0,0,0,
0,0,0,0,0,0,0,0,0,0,
0,0,0,0,0,0,0,0,0,0,
0,0,0,0,0,0,0,0,0,0,
0,0,0,0,0,0,0,0,0,0,
0,0,0,0,0,0,0,0,0,0,
0,0,0,0,0,0,0,0,0,0,
0,0,0,0,0,0,0,0,0,0,
0,0,0,0,0,0,0,0,0,0,
0,0,0,0,0,0,0,0,0,0,
0,0,0,0,0,0,0,0,0,0,
0,0,0,0,0,0,0,0,0,0,
0,0,0,0,0,0,0,0,0,0,
0,0,0,0,0,0,0,0,0,0,
0,0,0,0,0,0,0,0,0,0,
0,0,0,0,0,0,0,0,0,0,
0,0,0,0,0,0,0,0,0,0,
0,0,0,0,0,0,0,0,0,0,
0,0,0,0,0,0,0,0,0,0,
0,0,0,0,0,0,0,0,0,0,
0,0,0,0,0,0,0,0,0,0,
0,0,0,0,0,0,0,0,0,0,
0,0,0,0,0,0,0,0,0,0,
0,0,0,0,0,0,0,0,0,0,
0,0,0,0,0,0,0,0,0,0,
0,0,0,0,0,0,0,0,0,0,
0,0,0,0,0,0,0,0,0,0,
0,0,0,0,0,0,0,0,0,0,
0,0,0,0,0,0,0,0,0,0,
0,0,0,0,0,0,0,0,0,0,
0,0,0,0,0,0,0,0,0,0,
0,0,0,0,0,0,0,0,0,0,
0,0,0,0,0,0,0,0,0,0,
0,0,0,0,0,0,0,0,0,0,
0,0,0,0,0,0,0,0,0,0,
0,0,0,0,0,0,0,0,0,0,
0,0,0,0,0,0,0,0,0,0,
0,0,0,0,0,0,0,0,0,0,
0,0,0,0,0,0,0,0,0,0,
0,0,0,0,0,0,0,0,0,0,
0,0,0,0,0,0,0,0,0,0,
0,0,0,0,0,0,0,0,0,0,
0,0,0,0,0,0,0,0,0,0,
0,0,0,0,0,0,0,0,0,0,
0,0,0,0,0,0,0,0,0,0,
0,0,0,0,0,0,0,0,0,0,
0,0,0,0,0,0,0,0,0,0,
0,0,0,0,0,0,0,0,0,0,
0,0,0,0,0,0,0,0,0,0,
0,0,0,0,0,0,0,0,0,0,
0,0,0,0,0,0,0,0,0,0,
0,0,0,0,0,0,0,0,0,0,
0,0,0,0,0,0,0,0,0,0,
0,0,0,0,0,0,0,0,0,0,
0,0,0,0,0,0,0,0,0,0,
0,0,0,0,0,0,0,0,0,0,
0,0,0,0,0,0,0,0,0,0,
0,0,0,0,0,0,0,0,0,0,
0,0,0,0,0,0,0,0,0,0,
0,0,0,0,0,0,0,0,0,0,
0,0,0,0,0,0,0,0,0,0,
0,0,0,0,0,0,0,0,0,0,
0,0,0,0,0,0,0,0,0,0,
0,0,0,0,0,0,0,0,0,0,
0,0,0,0,0,0,0,0,0,0,
0,0,0,0,0,0,0,0,0,0,
0,0,0,0,0,0,0,0,0,0,
0,0,0,0,0,0,0,0,0,0,
0,0,0,0,0,0,0,0,0,0,
0,0,0,0,0,0,0,0,0,0,
0,0,0,0,0,0,0,0,0,0,
0,0,0,0,0,0,0,0,0,0,
0,0,0,0,0,0,0,0,0,0,
0,0,0,0,0,0,0,0,0,0,
0,0,0,0,0,0,0,0,0,0,
0,0,0,0,0,0,0,0,0,0,
0,0,0,0,0,0,0,0,0,0,
0,0,0,0,0,0,0,0,0,0,
0,0,0,0,0,0,0,0,0,0,
0,0,0,0,0,0,0,0,0,0,
0,0,0,0,0,0,0,0,0,0,
0,0,0,0,0,0,0,0,0,0,
0,0,0,0,0,0,0,0,0,0,
0,0,0,0,0,0,0,0,0,0,
0,0,0,0,0,0,0,0,0,0,
0,0,0,0,0,0,0,0,0,0,
0,0,0,0,0,0,0,0,0,0,
0,0,0,0,0,0,0,0,0,0,
0,0,0,0,0,0,0,0,0,0,
0,0,0,0,0,0,0,0,0,0,
0,0,0,0,0,0,0,0,0,0,
0,0,0,0,0,0,0,0,0,0,
0,0,0,0,0,0,0,0,0,0,
0,0,0,0,0,0,0,0,0,0,
0,0,0,0,0,0,0,0,0,0,
0,0,0,0,0,0,0,0,0,0,
0,0,0,0,0,0,0,0,0,0,
0,0,0,0,0,0,0,0,0,0,
0,0,0,0,0,0,0,0,0,0,
0,0,0,0,0,0,0,0,0,0,
0,0,0,0,0,0,0,0,0,0,
0,0,0,0,0,0,0,0,0,0,
0,0,0,0,0,0,0,0,0,0,
0,0,0,0,0,0,0,0,0,0,
0,0,0,0,0,0,0,0,0,0,
0,0,0,0,0,0,0,0,0,0,
0,0,0,0,0,0,0,0,0,0,
0,0,0,0,0,0,0,0,0,0,
0,0,0,0,0,0,0,0,0,0,
0,0,0,0,0,0,0,0,0,0,
0,0,0,0,0,0,0,0,0,0,
0,0,0,0,0,0,0,0,0,0,
0,0,0,0,0,0,0,0,0,0,
0,0,0,0,0,0,0,0,0,0,
0,0,0,0,0,0,0,0,0,0,
0,0,0,0,0,0,0,0,0,0,
0,0,0,0,0,0,0,0,0,0,
0,0,0,0,0,0,0,0,0,0,
0,0,0,0,0,0,0,0,0,0,
0,0,0,0,0,0,0,0,0,0,
0,0,0,0,0,0,0,0,0,0,
0,0,0,0,0,0,0,0,0,0,
0,0,0,0,0,0,0,0,0,0,
0,0,0,0,0,0,0,0,0,0,
0,0,0,0,0,0,0,0,0,0,
0,0,0,0,0,0,0,0,0,0,
0,0,0,0,0,0,0,0,0,0,
0,0,0,0,0,0,0,0,0,0,
0,0,0,0,0,0,0,0,0,0,
0,0,0,0,0,0,0,0,0,0,
0,0,0,0,0,0,0,0,0,0,
0,0,0,0,0,0,0,0,0,0,
0,0,0,0,0,0,0,0,0,0,
0,0,0,0,0,0,0,0,0,0,
0,0,0,0,0,0,0,0,0,0,
0,0,0,0,0,0,0,0,0,0,
0,0,0,0,0,0,0,0,0,0,
0,0,0,0,0,0,0,0,0,0,
0,0,0,0,0,0,0,0,0,0,
0,0,0,0,0,0,0,0,0,0,
0,0,0,0,0,0,0,0,0,0,
0,0,0,0,0,0,0,0,0,0,
0,0,0,0,0,0,0,0,0,0,
0,0,0,0,0,0,0,0,0,0,
0,0,0,0,0,0,0,0,0,0,
0,0,0,0,0,0,0,0,0,0,
0,0,0,0,0,0,0,0,0,0,
0,0,0,0,0,0,0,0,0,0,
0,0,0,0,0,0,0,0,0,0,
0,0,0,0,0,0,0,0,0,0,
0,0,0,0,0,0,0,0,0,0,
0,0,0,0,0,0,0,0,0,0,
0,0,0,0,0,0,0,0,0,0,
0,0,0,0,0,0,0,0,0,0,
0,0,0,0,0,0,0,0,0,0,
0,0,0,0,0,0,0,0,0,0,
0,0,0,0,0,0,0,0,0,0,
0,0,0,0,0,0,0,0,0,0,
0,0,0,0,0,0,0,0,0,0,
0,0,0,0,0,0,0,0,0,0,
0,0,0,0,0,0,0,0,0,0,
0,0,0,0,0,0,0,0,0,0,
0,0,0,0,0,0,0,0,0,0,
0,0,0,0,0,0,0,0,0,0,
0,0,0,0,0,0,0,0,0,0,
0,0,0,0,0,0,0,0,0,0,
0,0,0,0,0,0,0,0,0,0,
0,0,0,0,0,0,0,0,0,0,
0,0,0,0,0,0,0,0,0,0,
0,0,0,0,0,0,0,0,0,0,
0,0,0,0,0,0,0,0,0,0,
0,0,0,0,0,0,0,0,0,0,
0,0,0,0,0,0,0,0,0,0,
0,0,0,0,0,0,0,0,0,0,
0,0,0,0,0,0,0,0,0,0,
0,0,0,0,0,0,0,0,0,0,
0,0,0,0,0,0,0,0,0,0,
0,0,0,0,0,0,0,0,0,0,
0,0,0,0,0,0,0,0,0,0,
0,0,0,0,0,0,0,0,0,0,
0,0,0,0,0,0,0,0,0,0,
0,0,0,0,0,0,0,0,0,0,
0,0,0,0,0,0,0,0,0,0,
0,0,0,0,0,0,0,0,0,0,
0,0,0,0,0,0,0,0,0,0,
0,0,0,0,0,0,0,0,0,0,
0,0,0,0,0,0,0,0,0,0,
0,0,0,0,0,0,0,0,0,0,
0,0,0,0,0,0,0,0,0,0,
0,0,0,0,0,0,0,0,0,0,
0,0,0,0,0,0,0,0,0,0,
0,0,0,0,0,0,0,0,0,0,
0,0,0,0,0,0,0,0,0,0,
0,0,0,0,0,0,0,0,0,0,
0,0,0,0,0,0,0,0,0,0,
0,0,0,0,0,0,0,0,0,0,
0,0,0,0,0,0,0,0,0,0,
0,0,0,0,0,0,0,0,0,0,
0,0,0,0,0,0,0,0,0,0,
0,0,0,0,0,0,0,0,0,0,
0,0,0,0,0,0,0,0,0,0,
0,0,0,0,0,0,0,0,0,0,
0,0,0,0,0,0,0,0,0,0,
0,0,0,0,0,0,0,0,0,0,
0,0,0,0,0,0,0,0,0,0,
0,0,0,0,0,0,0,0,0,0,
0,0,0,0,0,0,0,0,0,0,
0,0,0,0,0,0,0,0,0,0,
0,0,0,0,0,0,0,0,0,0,
0,0,0,0,0,0,0,0,0,0,
0,0,0,0,0,0,0,0,0,0,
0,0,0,0,0,0,0,0,0,0,
0,0,0,0,0,0,0,0,0,0,
0,0,0,0,0,0,0,0,0,0,
0,0,0,0,0,0,0,0,0,0,
0,0,0,0,0,0,0,0,0,0,
0,0,0,0,0,0,0,0,0,0,
0,0,0,0,0,0,0,0,0,0,
0,0,0,0,0,0,0,0,0,0,
0,0,0,0,0,0,0,0,0,0,
0,0,0,0,0,0,0,0,0,0,
0,0,0,0,0,0,0,0,0,0,
0,0,0,0,0,0,0,0,0,0,
0,0,0,0,0,0,0,0,0,0,
0,0,0,0,0,0,0,0,0,0,
0,0,0,0,0,0,0,0,0,0,
0,0,0,0,0,0,0,0,0,0,
0,0,0,0,0,0,0,0,0,0,
0,0,0,0,0,0,0,0,0,0,
0,0,0,0,0,0,0,0,0,0,
0,0,0,0,0,0,0,0,0,0,
0,0,0,0,0,0,0,0,0,0,
0,0,0,0,0,0,0,0,0,0,
0,0,0,0,0,0,0,0,0,0,
0,0,0,0,0,0,0,0,0,0,
0,0,0,0,0,0,0,0,0,0,
0,0,0,0,0,0,0,0,0,0,
0,0,0,0,0,0,0,0,0,0,
0,0,0,0,0,0,0,0,0,0,
0,0,0,0,0,0,0,0,0,0,
0,0,0,0,0,0,0,0,0,0,
0,0,0,0,0,0,0,0,0,0,
0,0,0,0,0,0,0,0,0,0,
0,0,0,0,0,0,0,0,0,0,
0,0,0,0,0,0,0,0,0,0,
0,0,0,0,0,0,0,0,0,0,
0,0,0,0,0,0,0,0,0,0,
0,0,0,0,0,0,0,0,0,0,
0,0,0,0,0,0,0,0,0,0,
0,0,0,0,0,0,0,0,0,0,
0,0,0,0,0,0,0,0,0,0,
0,0,0,0,0,0,0,0,0,0,
0,0,0,0,0,0,0,0,0,0,
0,0,0,0,0,0,0,0,0,0,
0,0,0,0,0,0,0,0,0,0,
0,0,0,0,0,0,0,0,0,0,
0,0,0,0,0,0,0,0,0,0,
0,0,0,0,0,0,0,0,0,0,
0,0,0,0,0,0,0,0,0,0,
0,0,0,0,0,0,0,0,0,0,
0,0,0,0,0,0,0,0,0,0,
0,0,0,0,0,0,0,0,0,0,
0,0,0,0,0,0,0,0,0,0,
0,0,0,0,0,0,0,0,0,0,
0,0,0,0,0,0,0,0,0,0,
0,0,0,0,0,0,0,0,0,0,
0,0,0,0,0,0,0,0,0,0,
0,0,0,0,0,0,0,0,0,0,
0,0,0,0,0,0,0,0,0,0,
0,0,0,0,0,0,0,0,0,0,
0,0,0,0,0,0,0,0,0,0,
0,0,0,0,0,0,0,0,0,0,
0,0,0,0,0,0,0,0,0,0,
0,0,0,0,0,0,0,0,0,0,
0,0,0,0,0,0,0,0,0,0,
0,0,0,0,0,0,0,0,0,0,
0,0,0,0,0,0,0,0,0,0,
0,0,0,0,0,0,0,0,0,0,
0,0,0,0,0,0,0,0,0,0,
0,0,0,0,0,0,0,0,0,0,
0,0,0,0,0,0,0,0,0,0,
0,0,0,0,0,0,0,0,0,0,
0,0,0,0,0,0,0,0,0,0,
0,0,0,0,0,0,0,0,0,0,
0,0,0,0,0,0,0,0,0,0,
0,0,0,0,0,0,0,0,0,0,
0,0,0,0,0,0,0,0,0,0,
0,0,0,0,0,0,0,0,0,0,
0,0,0,0,0,0,0,0,0,0,
0,0,0,0,0,0,0,0,0,0,
0,0,0,0,0,0,0,0,0,0,
0,0,0,0,0,0,0,0,0,0,
0,0,0,0,0,0,0,0,0,0,
0,0,0,0,0,0,0,0,0,0,
0,0,0,0,0,0,0,0,0,0,
0,0,0,0,0,0,0,0,0,0,
0,0,0,0,0,0,0,0,0,0,
0,0,0,0,0,0,0,0,0,0,
0,0,0,0,0,0,0,0,0,0,
0,0,0,0,0,0,0,0,0,0,
0,0,0,0,0,0,0,0,0,0,
0,0,0,0,0,0,0,0,0,0,
0,0,0,0,0,0,0,0,0,0,
0,0,0,0,0,0,0,0,0,0,
0,0,0,0,0,0,0,0,0,0,
0,0,0,0,0,0,0,0,0,0,
0,0,0,0,0,0,0,0,0,0,
0,0,0,0,0,0,0,0,0,0,
0,0,0,0,0,0,0,0,0,0,
0,0,0,0,0,0,0,0,0,0,
0,0,0,0,0,0,0,0,0,0,
0,0,0,0,0,0,0,0,0,0,
0,0,0,0,0,0,0,0,0,0,
0,0,0,0,0,0,0,0,0,0,
0,0,0,0,0,0,0,0,0,0,
0,0,0,0,0,0,0,0,0,0,
0,0,0,0,0,0,0,0,0,0,
0,0,0,0,0,0,0,0,0,0,
0,0,0,0,0,0,0,0,0,0,
0,0,0,0,0,0,0,0,0,0,
0,0,0,0,0,0,0,0,0,0,
0,0,0,0,0,0,0,0,0,0,
0,0,0,0,0,0,0,0,0,0,
0,0,0,0,0,0,0,0,0,0,
0,0,0,0,0,0,0,0,0,0,
0,0,0,0,0,0,0,0,0,0,
0,0,0,0,0,0,0,0,0,0,
0,0,0,0,0,0,0,0,0,0,
0,0,0,0,0,0,0,0,0,0,
0,0,0,0,0,0,0,0,0,0,
0,0,0,0,0,0,0,0,0,0,
0,0,0,0,0,0,0,0,0,0,
0,0,0,0,0,0,0,0,0,0,
0,0,0,0,0,0,0,0,0,0,
0,0,0,0,0,0,0,0,0,0,
0,0,0,0,0,0,0,0,0,0,
0,0,0,0,0,0,0,0,0,0,
0,0,0,0,0,0,0,0,0,0,
0,0,0,0,0,0,0,0,0,0,
0,0,0,0,0,0,0,0,0,0,
0,0,0,0,0,0,0,0,0,0,
0,0,0,0,0,0,0,0,0,0,
0,0,0,0,0,0,0,0,0,0,
0,0,0,0,0,0,0,0,0,0,
0,0,0,0,0,0,0,0,0,0,
0,0,0,0,0,0,0,0,0,0,
0,0,0,0,0,0,0,0,0,0,
0,0,0,0,0,0,0,0,0,0,
0,0,0,0,0,0,0,0,0,0,
0,0,0,0,0,0,0,0,0,0,
0,0,0,0,0,0,0,0,0,0,
0,0,0,0,0,0,0,0,0,0,
0,0,0,0,0,0,0,0,0,0,
0,0,0,0,0,0,0,0,0,0,
0,0,0,0,0,0,0,0,0,0,
0,0,0,0,0,0,0,0,0,0,
0,0,0,0,0,0,0,0,0,0,
0,0,0,0,0,0,0,0,0,0,
0,0,0,0,0,0,0,0,0,0,
0,0,0,0,0,0,0,0,0,0,
0,0,0,0,0,0,0,0,0,0,
0,0,0,0,0,0,0,0,0,0,
0,0,0,0,0,0,0,0,0,0,
0,0,0,0,0,0,0,0,0,0,
0,0,0,0,0,0,0,0,0,0,
0,0,0,0,0,0,0,0,0,0,
0,0,0,0,0,0,0,0,0,0,
0,0,0,0,0,0,0,0,0,0,
0,0,0,0,0,0,0,0,0,0,
0,0,0,0,0,0,0,0,0,0,
0,0,0,0,0,0,0,0,0,0,
0,0,0,0,0,0,0,0,0,0,
0,0,0,0,0,0,0,0,0,0,
0,0,0,0,0,0,0,0,0,0,
0,0,0,0,0,0,0,0,0,0,
0,0,0,0,0,0,0,0,0,0,
0,0,0,0,0,0,0,0,0,0,
0,0,0,0,0,0,0,0,0,0,
0,0,0,0,0,0,0,0,0,0,
0,0,0,0,0,0,0,0,0,0,
0,0,0,0,0,0,0,0,0,0,
0,0,0,0,0,0,0,0,0,0,
0,0,0,0,0,0,0,0,0,0,
0,0,0,0,0,0,0,0,0,0,
0,0,0,0,0,0,0,0,0,0,
0,0,0,0,0,0,0,0,0,0,
0,0,0,0,0,0,0,0,0,0,
0,0,0,0,0,0,0,0,0,0,
0,0,0,0,0,0,0,0,0,0,
0,0,0,0,0,0,0,0,0,0,
0,0,0,0,0,0,0,0,0,0,
0,0,0,0,0,0,0,0,0,0,
0,0,0,0,0,0,0,0,0,0,
0,0,0,0,0,0,0,0,0,0,
0,0,0,0,0,0,0,0,0,0,
0,0,0,0,0,0,0,0,0,0,
0,0,0,0,0,0,0,0,0,0,
0,0,0,0,0,0,0,0,0,0,
0,0,0,0,0,0,0,0,0,0,
0,0,0,0,0,0,0,0,0,0,
0,0,0,0,0,0,0,0,0,0,
0,0,0,0,0,0,0,0,0,0,
0,0,0,0,0,0,0,0,0,0,
0,0,0,0,0,0,0,0,0,0,
0,0,0,0,0,0,0,0,0,0,
0,0,0,0,0,0,0,0,0,0,
0,0,0,0,0,0,0,0,0,0,
0,0,0,0,0,0,0,0,0,0,
0,0,0,0,0,0,0,0,0,0,
0,0,0,0,0,0,0,0,0,0,
0,0,0,0,0,0,0,0,0,0,
0,0,0,0,0,0,0,0,0,0,
0,0,0,0,0,0,0,0,0,0,
0,0,0,0,0,0,0,0,0,0,
0,0,0,0,0,0,0,0,0,0,
0,0,0,0,0,0,0,0,0,0,
0,0,0,0,0,0,0,0,0,0,
0,0,0,0,0,0,0,0,0,0,
0,0,0,0,0,0,0,0,0,0,
0,0,0,0,0,0,0,0,0,0,
0,0,0,0,0,0,0,0,0,0,
0,0,0,0,0,0,0,0,0,0,
0,0,0,0,0,0,0,0,0,0,
0,0,0,0,0,0,0,0,0,0,
0,0,0,0,0,0,0,0,0,0,
0,0,0,0,0,0,0,0,0,0,
0,0,0,0,0,0,0,0,0,0,
0,0,0,0,0,0,0,0,0,0,
0,0,0,0,0,0,0,0,0,0,
0,0,0,0,0,0,0,0,0,0,
0,0,0,0,0,0,0,0,0,0,
0,0,0,0,0,0,0,0,0,0,
0,0,0,0,0,0,0,0,0,0,
0,0,0,0,0,0,0,0,0,0,
0,0,0,0,0,0,0,0,0,0,
0,0,0,0,0,0,0,0,0,0,
0,0,0,0,0,0,0,0,0,0,
0,0,0,0,0,0,0,0,0,0,
0,0,0,0,0,0,0,0,0,0,
0,0,0,0,0,0,0,0,0,0,
0,0,0,0,0,0,0,0,0,0,
0,0,0,0,0,0,0,0,0,0,
0,0,0,0,0,0,0,0,0,0,
0,0,0,0,0,0,0,0,0,0,
0,0,0,0,0,0,0,0,0,0,
0,0,0,0,0,0,0,0,0,0,
0,0,0,0,0,0,0,0,0,0,
0,0,0,0,0,0,0,0,0,0,
0,0,0,0,0,0,0,0,0,0,
0,0,0,0,0,0,0,0,0,0,
0,0,0,0,0,0,0,0,0,0,
0,0,0,0,0,0,0,0,0,0,
0,0,0,0,0,0,0,0,0,0,
0,0,0,0,0,0,0,0,0,0,
0,0,0,0,0,0,0,0,0,0,
0,0,0,0,0,0,0,0,0,0,
0,0,0,0,0,0,0,0,0,0,
0,0,0,0,0,0,0,0,0,0,
0,0,0,0,0,0,0,0,0,0,
0,0,0,0,0,0,0,0,0,0,
0,0,0,0,0,0,0,0,0,0,
0,0,0,0,0,0,0,0,0,0,
0,0,0,0,0,0,0,0,0,0,
0,0,0,0,0,0,0,0,0,0,
0,0,0,0,0,0,0,0,0,0,
0,0,0,0,0,0,0,0,0,0,
0,0,0,0,0,0,0,0,0,0,
0,0,0,0,0,0,0,0,0,0,
0,0,0,0,0,0,0,0,0,0,
0,0,0,0,0,0,0,0,0,0,
0,0,0,0,0,0,0,0,0,0,
0,0,0,0,0,0,0,0,0,0,
0,0,0,0,0,0,0,0,0,0,
0,0,0,0,0,0,0,0,0,0,
0,0,0,0,0,0,0,0,0,0,
0,0,0,0,0,0,0,0,0,0,
0,0,0,0,0,0,0,0,0,0,
0,0,0,0,0,0,0,0,0,0,
0,0,0,0,0,0,0,0,0,0,
0,0,0,0,0,0,0,0,0,0,
0,0,0,0,0,0,0,0,0,0,
0,0,0,0,0,0,0,0,0,0,
0,0,0,0,0,0,0,0,0,0,
0,0,0,0,0,0,0,0,0,0,
0,0,0,0,0,0,0,0,0,0,
0,0,0,0,0,0,0,0,0,0,
0,0,0,0,0,0,0,0,0,0,
0,0,0,0,0,0,0,0,0,0,
0,0,0,0,0,0,0,0,0,0,
0,0,0,0,0,0,0,0,0,0,
0,0,0,0,0,0,0,0,0,0,
0,0,0,0,0,0,0,0,0,0,
0,0,0,0,0,0,0,0,0,0,
0,0,0,0,0,0,0,0,0,0,
0,0,0,0,0,0,0,0,0,0,
0,0,0,0,0,0,0,0,0,0,
0,0,0,0,0,0,0,0,0,0,
0,0,0,0,0,0,0,0,0,0,
0,0,0,0,0,0,0,0,0,0,
0,0,0,0,0,0,0,0,0,0,
0,0,0,0,0,0,0,0,0,0,
0,0,0,0,0,0,0,0,0,0,
0,0,0,0,0,0,0,0,0,0,
0,0,0,0,0,0,0,0,0,0,
0,0,0,0,0,0,0,0,0,0,
0,0,0,0,0,0,0,0,0,0,
0,0,0,0,0,0,0,0,0,0,
0,0,0,0,0,0,0,0,0,0,
0,0,0,0,0,0,0,0,0,0,
0,0,0,0,0,0,0,0,0,0,
0,0,0,0,0,0,0,0,0,0,
0,0,0,0,0,0,0,0,0,0,
0,0,0,0,0,0,0,0,0,0,
0,0,0,0,0,0,0,0,0,0,
0,0,0,0,0,0,0,0,0,0,
0,0,0,0,0,0,0,0,0,0,
0,0,0,0,0,0,0,0,0,0,
0,0,0,0,0,0,0,0,0,0,
0,0,0,0,0,0,0,0,0,0,
0,0,0,0,0,0,0,0,0,0,
0,0,0,0,0,0,0,0,0,0,
0,0,0,0,0,0,0,0,0,0,
0,0,0,0,0,0,0,0,0,0,
0,0,0,0,0,0,0,0,0,0,
0,0,0,0,0,0,0,0,0,0,
0,0,0,0,0,0,0,0,0,0,
0,0,0,0,0,0,0,0,0,0,
0,0,0,0,0,0,0,0,0,0,
0,0,0,0,0,0,0,0,0,0,
0,0,0,0,0,0,0,0,0,0,
0,0,0,0,0,0,0,0,0,0,
0,0,0,0,0,0,0,0,0,0,
0,0,0,0,0,0,0,0,0,0,
0,0,0,0,0,0,0,0,0,0,
0,0,0,0,0,0,0,0,0,0,
0,0,0,0,0,0,0,0,0,0,
0,0,0,0,0,0,0,0,0,0,
0,0,0,0,0,0,0,0,0,0,
0,0,0,0,0,0,0,0,0,0,
0,0,0,0,0,0,0,0,0,0,
0,0,0,0,0,0,0,0,0,0,
0,0,0,0,0,0,0,0,0,0,
0,0,0,0,0,0,0,0,0,0,
0,0,0,0,0,0,0,0,0,0,
0,0,0,0,0,0,0,0,0,0,
0,0,0,0,0,0,0,0,0,0,
0,0,0,0,0,0,0,0,0,0,
0,0,0,0,0,0,0,0,0,0,
0,0,0,0,0,0,0,0,0,0,
0,0,0,0,0,0,0,0,0,0,
0,0,0,0,0,0,0,0,0,0,
0,0,0,0,0,0,0,0,0,0,
0,0,0,0,0,0,0,0,0,0,
0,0,0,0,0,0,0,0,0,0,
0,0,0,0,0,0,0,0,0,0,
0,0,0,0,0,0,0,0,0,0,
0,0,0,0,0,0,0,0,0,0,
0,0,0,0,0,0,0,0,0,0,
0,0,0,0,0,0,0,0,0,0,
0,0,0,0,0,0,0,0,0,0,
0,0,0,0,0,0,0,0,0,0,
0,0,0,0,0,0,0,0,0,0,
0,0,0,0,0,0,0,0,0,0,
0,0,0,0,0,0,0,0,0,0,
0,0,0,0,0,0,0,0,0,0,
0,0,0,0,0,0,0,0,0,0,
0,0,0,0,0,0,0,0,0,0,
0,0,0,0,0,0,0,0,0,0,
0,0,0,0,0,0,0,0,0,0,
0,0,0,0,0,0,0,0,0,0,
0,0,0,0,0,0,0,0,0,0,
0,0,0,0,0,0,0,0,0,0,
0,0,0,0,0,0,0,0,0,0,
0,0,0,0,0,0,0,0,0,0,
0,0,0,0,0,0,0,0,0,0,
0,0,0,0,0,0,0,0,0,0,
0,0,0,0,0,0,0,0,0,0,
0,0,0,0,0,0,0,0,0,0,
0,0,0,0,0,0,0,0,0,0,
0,0,0,0,0,0,0,0,0,0,
0,0,0,0,0,0,0,0,0,0,
0,0,0,0,0,0,0,0,0,0,
0,0,0,0,0,0,0,0,0,0,
0,0,0,0,0,0,0,0,0,0,
0,0,0,0,0,0,0,0,0,0,
0,0,0,0,0,0,0,0,0,0,
0,0,0,0,0,0,0,0,0,0,
0,0,0,0,0,0,0,0,0,0,
0,0,0,0,0,0,0,0,0,0,
0,0,0,0,0,0,0,0,0,0,
0,0,0,0,0,0,0,0,0,0,
0,0,0,0,0,0,0,0,0,0,
0,0,0,0,0,0,0,0,0,0,
0,0,0,0,0,0,0,0,0,0,
0,0,0,0,0,0,0,0,0,0,
0,0,0,0,0,0,0,0,0,0,
0,0,0,0,0,0,0,0,0,0,
0,0,0,0,0,0,0,0,0,0,
0,0,0,0,0,0,0,0,0,0,
0,0,0,0,0,0,0,0,0,0,
0,0,0,0,0,0,0,0,0,0,
0,0,0,0,0,0,0,0,0,0,
0,0,0,0,0,0,0,0,0,0,
0,0,0,0,0,0,0,0,0,0,
0,0,0,0,0,0,0,0,0,0,
0,0,0,0,0,0,0,0,0,0,
0,0,0,0,0,0,0,0,0,0,
0,0,0,0,0,0,0,0,0,0,
0,0,0,0,0,0,0,0,0,0,
0,0,0,0,0,0,0,0,0,0,
0,0,0,0,0,0,0,0,0,0,
0,0,0,0,0,0,0,0,0,0,
0,0,0,0,0,0,0,0,0,0,
0,0,0,0,0,0,0,0,0,0,
0,0,0,0,0,0,0,0,0,0,
0,0,0,0,0,0,0,0,0,0,
0,0,0,0,0,0,0,0,0,0,
0,0,0,0,0,0,0,0,0,0,
0,0,0,0,0,0,0,0,0,0,
0,0,0,0,0,0,0,0,0,0,
0,0,0,0,0,0,0,0,0,0,
0,0,0,0,0,0,0,0,0,0,
0,0,0,0,0,0,0,0,0,0,
0,0,0,0,0,0,0,0,0,0,
0,0,0,0,0,0,0,0,0,0,
0,0,0,0,0,0,0,0,0,0,
0,0,0,0,0,0,0,0,0,0,
0,0,0,0,0,0,0,0,0,0,
0,0,0,0,0,0,0,0,0,0,
0,0,0,0,0,0,0,0,0,0,
0,0,0,0,0,0,0,0,0,0,
0,0,0,0,0,0,0,0,0,0,
0,0,0,0,0,0,0,0,0,0,
0,0,0,0,0,0,0,0,0,0,
0,0,0,0,0,0,0,0,0,0,
0,0,0,0,0,0,0,0,0,0,
0,0,0,0,0,0,0,0,0,0,
0,0,0,0,0,0,0,0,0,0,
0,0,0,0,0,0,0,0,0,0,
0,0,0,0,0,0,0,0,0,0,
0,0,0,0,0,0,0,0,0,0,
0,0,0,0,0,0,0,0,0,0,
0,0,0,0,0,0,0,0,0,0,
0,0,0,0,0,0,0,0,0,0,
0,0,0,0,0,0,0,0,0,0,
0,0,0,0,0,0,0,0,0,0,
0,0,0,0,0,0,0,0,0,0,
0,0,0,0,0,0,0,0,0,0,
0,0,0,0,0,0,0,0,0,0,
0,0,0,0,0,0,0,0,0,0,
0,0,0,0,0,0,0,0,0,0,
0,0,0,0,0,0,0,0,0,0,
0,0,0,0,0,0,0,0,0,0,
0,0,0,0,0,0,0,0,0,0,
0,0,0,0,0,0,0,0,0,0,
0,0,0,0,0,0,0,0,0,0,
0,0,0,0,0,0,0,0,0,0,
0,0,0,0,0,0,0,0,0,0,
0,0,0,0,0,0,0,0,0,0,
0,0,0,0,0,0,0,0,0,0,
0,0,0,0,0,0,0,0,0,0,
0,0,0,0,0,0,0,0,0,0,
0,0,0,0,0,0,0,0,0,0,
0,0,0,0,0,0,0,0,0,0,
0,0,0,0,0,0,0,0,0,0,
0,0,0,0,0,0,0,0,0,0,
0,0,0,0,0,0,0,0,0,0,
0,0,0,0,0,0,0,0,0,0,
0,0,0,0,0,0,0,0,0,0,
0,0,0,0,0,0,0,0,0,0,
0,0,0,0,0,0,0,0,0,0,
0,0,0,0,0,0,0,0,0,0,
0,0,0,0,0,0,0,0,0,0,
0,0,0,0,0,0,0,0,0,0,
0,0,0,0,0,0,0,0,0,0,
0,0,0,0,0,0,0,0,0,0,
0,0,0,0,0,0,0,0,0,0,
0,0,0,0,0,0,0,0,0,0,
0,0,0,0,0,0,0,0,0,0,
0,0,0,0,0,0,0,0,0,0,
0,0,0,0,0,0,0,0,0,0,
0,0,0,0,0,0,0,0,0,0,
0,0,0,0,0,0,0,0,0,0,
0,0,0,0,0,0,0,0,0,0,


0,18,6,7,3,4,10,4,4,7,
0,9,4,5,4,3,3,2,3,2,
0,18,14,8,7,6,8,7,8,8,
0,11,22,12,17,11,15,15,13,9,
0,10,16,18,17,11,18,11,8,12,
0,22,15,25,12,18,23,18,19,21,
0,0,0,0,0,0,0,0,0,0,
0,16,19,13,7,12,10,14,10,15,
0,12,9,8,4,7,4,2,3,2,
0,0,1,1,1,1,1,1,1,1,
0,3,7,3,2,4,3,3,3,3,
0,0,7,6,3,4,2,1,1,1,
0,10,13,8,14,9,7,10,13,7,
0,1,1,0,0,0,0,0,2,5,
0,18,17,20,17,19,18,15,23,16,
0,22,28,25,17,23,26,16,25,14,
0,10,10,6,8,4,9,4,7,8,
0,6,15,13,11,14,5,10,11,8,
0,6,7,5,7,3,6,3,3,2,
0,16,13,18,11,11,8,11,11,8,
0,35,23,23,21,10,17,24,38,21,
0,6,5,5,2,6,3,7,4,1,
0,0,2,1,2,0,1,0,1,0,
0,2,2,5,4,3,2,1,3,2,
0,0,0,0,0,0,0,0,0,0,
0,14,21,25,14,15,7,19,11,15,
0,36,29,23,41,25,36,25,24,30,
0,15,15,19,17,21,16,12,21,16,
0,4,0,0,2,2,2,1,0,2,
0,4,7,7,3,4,1,1,4,2,
0,18,13,10,8,9,11,9,6,8,
0,8,3,3,2,2,2,2,2,2,
0,8,13,5,11,9,14,9,11,8,
0,4,1,1,1,1,1,1,1,1,
0,9,8,7,5,1,2,3,1,0,
0,8,11,9,9,10,7,8,4,6,
0,22,12,15,26,15,19,25,26,27,
0,8,6,9,12,11,7,15,10,11,
0,3,5,3,5,4,2,2,2,2,
0,1,1,0,0,2,2,0,0,1,
0,7,4,6,3,8,5,5,3,5,
0,9,3,6,2,2,2,2,2,2,
0,14,11,20,18,14,11,16,17,10,
0,8,13,14,15,14,13,16,11,10,
0,9,3,3,7,5,3,3,2,3,
0,4,1,3,3,3,0,0,4,5,
0,7,8,9,6,5,7,6,4,7,
0,25,21,25,16,23,17,28,25,17,
0,23,21,17,6,19,8,9,14,11,
0,3,6,3,4,4,4,7,3,4,
0,0,1,0,1,0,1,1,1,0,
0,7,13,5,10,10,11,15,9,13,
0,1,0,0,0,0,0,1,0,0,
0,20,12,13,11,4,10,5,12,9,
0,9,16,21,11,15,19,10,16,10,
0,9,8,12,10,6,11,7,11,7,
0,9,10,13,4,4,6,2,3,3,
0,1,1,0,0,1,0,0,1,1,
0,2,0,0,0,0,0,0,0,0,
0,9,3,2,2,7,4,3,4,3,
0,0,2,0,0,0,0,0,0,0,
0,1,1,2,0,2,2,2,2,2,
0,1,0,0,0,0,0,0,0,0,
0,5,0,5,1,3,4,3,2,3,
0,35,20,18,12,19,9,13,16,13,
0,1,0,0,0,0,0,0,0,0,
0,10,8,9,2,5,12,8,10,6,
0,10,15,13,13,15,9,12,12,8,
0,6,8,3,2,5,5,4,4,1,
0,8,5,2,4,1,3,4,3,5,
0,1,1,1,1,1,1,1,1,1,
0,15,9,19,9,15,20,14,17,12,
0,1,2,1,0,1,1,0,0,0,
0,22,19,20,9,14,15,14,14,10,
0,9,12,11,17,6,8,8,10,7,
0,8,11,6,11,12,11,10,9,14,
0,13,13,16,19,9,11,11,13,9,
0,21,8,7,9,8,7,6,7,7,
0,16,11,17,11,11,17,8,10,9,
0,7,4,2,7,3,5,9,5,3,
0,8,11,10,9,12,7,8,17,6,
0,4,7,4,4,2,2,2,2,2,
0,26,32,19,31,34,22,22,26,24,
0,10,15,7,6,5,8,5,4,5,
0,20,24,19,18,23,14,16,19,13,
0,0,0,0,0,0,0,0,0,0,
0,1,5,3,2,0,0,0,0,0,
0,16,17,21,19,11,11,8,16,5,
0,1,0,0,0,0,0,0,0,0,
0,12,9,7,9,8,8,8,8,8,
0,18,16,16,12,18,11,14,22,21,
0,33,15,18,17,16,17,18,16,24,
0,2,2,2,2,2,2,1,1,1,
0,21,21,12,9,19,26,18,19,13,
0,10,13,4,3,3,3,4,5,2,
0,4,1,0,0,0,1,4,0,0,
0,0,0,2,0,0,0,1,0,1,
0,28,29,32,28,20,31,18,27,26,
0,4,9,9,11,6,6,8,5,12,
0,3,2,3,4,3,4,3,5,3,
0,0,0,0,0,0,0,0,0,0,
0,4,5,5,1,1,3,6,2,0,
0,3,5,1,4,9,7,8,6,9,
0,3,8,4,3,2,2,2,1,1,
0,19,17,19,4,12,18,15,17,14,
0,6,3,2,2,3,2,3,2,3,
0,9,10,15,7,13,6,6,7,7,
0,3,2,2,0,0,0,0,0,0,
0,10,2,9,9,6,3,8,6,8,
0,13,6,8,7,8,10,7,6,7,
0,3,2,2,2,2,2,2,2,2,
0,29,29,25,35,24,25,28,21,29,
0,1,4,5,0,2,1,1,1,1,
0,2,6,12,10,5,8,20,15,5,
0,7,11,15,6,8,14,7,11,4,
0,16,25,13,12,15,10,10,17,14,
0,1,0,0,0,0,0,0,0,0,
0,3,6,3,3,4,4,4,5,4,
0,20,13,8,4,7,4,2,7,7,
0,7,6,5,8,3,6,7,6,6,
0,0,2,3,2,2,2,2,2,2,
0,6,2,3,4,4,2,2,4,4,
0,28,26,32,28,27,36,34,22,29,
0,1,1,0,1,0,0,0,0,0,
0,4,11,12,6,8,6,7,7,7,
0,6,6,3,4,6,6,9,8,9,
0,11,0,2,5,4,2,7,4,10,
0,10,5,7,6,8,9,9,4,9,
0,9,2,5,4,5,4,7,8,5,
0,10,11,14,13,14,11,12,12,12,
0,2,0,0,0,1,0,0,1,3,
0,33,28,23,33,18,30,26,14,28,
0,38,43,42,29,35,38,32,34,40,
0,16,16,11,7,7,10,4,7,7,
0,0,0,0,0,0,0,0,0,0,
0,4,5,5,4,4,4,3,3,3,
0,3,1,4,2,3,4,3,2,4,
0,7,2,6,5,5,5,5,5,5,
0,13,8,15,12,13,12,14,10,10,
0,2,10,10,9,10,5,7,8,8,
0,11,7,7,9,6,11,9,12,13,
0,14,13,22,21,9,17,11,17,16,
0,4,17,13,11,13,12,3,13,8,
0,0,0,0,0,0,0,0,0,0,
0,21,13,12,12,13,8,10,10,8,
0,11,14,6,7,13,13,5,9,4,
0,3,4,9,8,11,5,7,7,7,
0,3,11,8,4,3,5,2,3,2,
0,15,4,1,0,0,0,0,0,0,
0,25,20,17,23,17,28,18,26,16,
0,7,2,5,0,4,3,2,2,2,
0,1,5,2,0,1,2,4,4,2,
0,16,9,8,6,1,2,2,0,4,
0,6,3,3,3,3,3,3,3,3,
0,17,7,9,10,3,1,1,6,5,
0,2,1,0,0,1,0,0,1,1,
0,17,9,3,7,4,11,1,2,7,
0,6,8,6,4,2,4,3,2,3,
0,4,2,1,0,0,0,4,4,2,
0,23,10,13,18,8,6,9,15,13,
0,8,3,1,2,2,1,3,2,1,
0,21,15,13,8,9,8,7,10,13,
0,5,2,2,2,5,2,3,2,4,
0,13,11,12,11,11,11,11,10,11,
0,4,4,0,3,0,3,0,3,0,
0,17,24,26,16,32,19,26,27,22,
0,6,8,5,4,9,6,2,7,7,
0,14,17,12,12,9,10,7,7,7,
0,18,10,11,8,8,6,6,7,15,
0,18,14,19,8,9,14,12,7,7,
0,17,13,13,12,9,12,8,6,8,
0,19,20,15,17,9,9,9,10,13,
0,23,32,22,16,19,15,20,21,17,
0,6,2,1,2,1,0,0,0,0,
0,3,0,0,0,0,0,0,0,0,
0,7,6,5,4,2,8,1,3,1,
0,8,9,7,6,6,9,9,3,5,
0,22,19,23,13,20,14,21,21,16,
0,4,4,4,8,7,7,7,7,7,
0,24,23,26,34,26,19,19,25,20,
0,16,11,13,11,12,12,9,11,10,
0,3,0,1,4,0,2,1,0,1,
0,4,0,0,0,0,0,0,0,0,
0,18,21,28,24,26,22,26,27,20,
0,1,1,0,0,1,0,4,2,2,
0,1,3,2,3,1,1,1,1,2,
0,13,22,22,18,20,18,17,4,19,
0,0,0,0,0,0,0,0,0,0,
0,7,0,0,1,0,0,0,0,0,
0,8,0,0,0,0,0,0,0,0,
0,10,5,3,1,2,1,4,2,9,
0,18,17,18,16,16,14,8,14,13,
0,3,2,3,4,2,5,3,3,4,
0,4,7,8,9,20,6,17,13,4,
0,3,6,1,0,0,0,0,0,0,
0,12,15,17,10,12,14,11,14,11,
0,16,17,9,11,10,11,6,6,5,
0,6,1,4,3,4,1,0,3,5,
0,2,6,4,3,5,4,2,2,4,
0,0,0,0,1,0,0,0,0,0,
0,13,12,0,9,9,9,9,9,9,
0,18,15,15,10,13,12,12,8,8,
0,18,14,17,16,18,16,9,14,15,
0,7,0,2,0,0,0,0,0,0,
0,3,0,0,0,0,0,0,0,0,
0,0,1,2,3,3,3,3,3,3,
0,7,7,2,2,2,2,2,2,2,
0,17,21,18,20,18,9,21,14,22,
0,10,2,4,0,5,2,2,4,7,
0,6,1,2,5,8,4,3,3,4,
0,5,3,1,4,4,1,1,0,0,
0,0,0,0,0,0,0,0,0,0,
0,4,0,1,0,0,0,0,0,0,
0,16,10,6,7,5,5,13,9,6,
0,24,13,3,18,13,17,6,9,9,
0,5,2,6,5,5,4,3,6,3,
0,20,20,11,13,13,9,11,6,7,
0,16,13,11,8,13,12,15,11,10,
0,3,2,3,1,1,1,1,1,1,
0,7,2,2,0,3,0,4,0,4,
0,6,5,2,3,4,4,3,2,2,
0,19,25,16,17,11,14,20,12,19,
0,0,0,0,0,0,0,0,0,0,
0,8,5,7,10,10,6,9,6,6,
0,15,26,25,24,20,25,22,17,25,
0,7,2,3,2,3,3,3,3,3,
0,19,21,23,17,26,24,30,17,27,
0,17,7,10,15,12,3,5,5,11,
0,8,5,7,6,4,7,4,7,9,
0,7,3,8,5,10,10,14,9,9,
0,2,1,4,2,4,3,5,4,4,
0,10,16,10,17,10,15,7,7,10,
0,5,4,2,1,5,2,1,2,1,
0,15,22,13,18,19,23,12,14,18,
0,13,10,10,7,11,10,7,6,7,
0,2,5,6,7,4,6,6,5,5,
0,6,4,3,4,2,4,6,10,6,
0,27,7,2,1,3,4,3,3,3,
0,24,19,14,13,19,11,14,18,10,
0,2,0,2,2,2,2,2,1,2,
0,9,5,9,9,8,7,7,7,6,
0,2,3,3,6,3,2,5,4,6,
0,17,19,33,20,26,19,16,22,24,
0,14,16,12,6,5,4,3,3,3,
0,21,20,20,28,23,17,24,21,24,
0,8,23,11,11,13,16,15,22,18,
0,9,13,6,3,3,1,0,0,0,
0,12,6,6,7,1,2,2,1,5,
0,5,6,8,10,10,9,8,6,9,
0,0,2,1,0,0,0,0,0,0,
0,28,35,34,25,38,34,30,33,32,
0,31,25,19,11,14,21,16,14,27,
0,16,0,0,0,4,7,4,4,5,
0,14,14,10,9,12,9,12,12,11,
0,11,2,2,2,1,1,1,1,1,
0,13,0,1,3,3,3,3,1,0,
0,2,0,1,1,1,0,1,0,0,
0,5,4,4,0,3,2,1,1,0,
0,7,12,10,6,9,8,7,7,10,
0,1,0,0,0,0,0,0,0,0,
0,2,1,0,0,0,0,0,0,0,
0,14,6,6,4,2,2,1,1,1,
0,1,2,1,1,2,1,1,1,1,
0,8,6,2,3,1,2,1,1,1,
0,19,24,18,24,24,24,21,24,27,
0,2,3,4,2,3,3,3,3,3,
0,7,13,9,9,4,6,6,6,6,
0,20,26,14,10,9,14,12,8,17,
0,21,24,14,30,20,21,18,15,22,
0,10,4,9,4,4,3,3,4,4,
0,0,1,0,0,1,2,1,1,1,
0,17,18,16,24,14,20,13,14,15,
0,1,3,2,3,2,1,2,2,1,
0,29,16,12,12,19,16,13,14,18,
0,20,14,14,20,20,18,17,13,15,
0,25,17,34,22,13,19,18,26,20,
0,20,16,14,11,8,19,8,7,12,
0,7,5,4,16,12,11,11,13,5,
0,21,25,20,19,15,17,16,15,26,
0,8,10,5,10,11,7,14,7,10,
0,9,12,6,6,8,8,5,9,7,
0,2,10,3,7,14,7,4,11,6,
0,0,0,0,0,0,0,0,0,0,
0,33,35,36,41,30,30,31,30,40,
0,10,2,5,2,2,2,2,3,2,
0,15,25,40,30,23,24,37,24,36,
0,5,6,3,5,3,2,4,4,2,
0,2,0,1,0,0,0,0,0,0,
0,2,3,3,5,5,2,5,3,4,
0,9,5,15,11,12,17,11,13,12,
0,5,9,11,13,9,9,9,9,9,
0,0,0,1,8,5,3,5,3,3,
0,2,1,1,1,1,1,1,1,1,
0,4,0,0,0,0,0,0,0,0,
0,11,6,7,5,5,3,3,6,5,
0,11,12,8,6,8,13,10,8,9,
0,26,12,14,11,10,9,17,12,15,
0,13,14,10,7,10,9,9,6,12,
0,8,9,15,14,10,7,6,9,12,
0,5,6,2,9,3,5,6,7,3,
0,3,5,3,3,1,1,1,1,1,
0,25,25,24,23,18,21,23,18,18,
0,30,22,31,16,20,18,21,18,11,
0,5,6,6,7,6,6,6,6,6,
0,9,18,20,14,15,11,9,9,10,
0,3,0,3,1,0,4,0,0,0,
0,5,5,4,4,5,4,8,4,7,
0,0,1,1,1,1,1,1,1,1,
0,1,0,1,1,1,1,1,1,1,
0,12,8,6,7,8,11,7,8,9,
0,26,22,19,15,9,13,14,20,12,
0,9,3,5,4,3,6,4,4,4,
0,2,2,1,0,2,1,0,0,0,
0,1,0,0,0,0,0,0,0,0,
0,14,16,12,9,16,10,12,16,13,
0,24,20,22,13,15,10,14,18,15,
0,15,16,17,13,18,19,20,15,17,
0,2,6,10,7,14,9,8,8,9,
0,9,5,4,3,3,2,3,2,2,
0,21,18,12,26,19,17,13,16,10,
0,15,17,21,11,25,27,21,26,30,
0,14,14,13,12,9,8,8,6,6,
0,2,5,0,3,3,3,3,3,3,
0,8,15,10,9,14,16,10,13,11,
0,21,30,18,25,31,32,30,30,21,
0,22,27,11,19,15,31,20,9,32,
0,16,11,7,8,7,7,8,3,8,
0,3,1,0,1,1,1,1,1,1,
0,32,30,39,36,33,28,38,32,25,
0,21,11,17,11,15,13,15,5,12,
0,18,10,8,16,12,8,10,13,8,
0,15,20,16,13,14,6,10,14,13,
0,14,27,22,19,28,13,19,26,16,
0,10,3,7,6,8,4,3,2,3,
0,0,2,0,2,0,1,0,0,0,
0,2,0,0,0,0,0,0,0,0,
0,20,21,12,12,14,18,8,11,14,
0,7,8,5,5,11,7,9,10,7,
0,0,4,0,4,1,0,0,0,0,
0,0,0,0,0,0,0,0,0,0,
0,13,13,4,10,7,8,3,9,8,
0,0,2,1,2,2,3,2,2,0,
0,26,14,30,24,25,24,11,28,16,
0,0,0,0,0,0,0,0,0,0,
0,1,2,1,1,0,0,1,2,0,
0,20,13,8,13,22,12,10,8,10,
0,18,9,10,6,5,6,6,5,10,
0,12,13,8,10,9,9,9,9,9,
0,4,0,2,4,6,6,6,5,3,
0,10,18,13,16,17,15,14,15,10,
0,25,14,18,24,14,10,13,13,20,
0,3,9,10,4,6,3,3,4,3,
0,6,2,4,5,5,4,2,3,3,
0,2,9,7,3,9,6,9,6,6,
0,7,10,3,12,10,16,11,13,8,
0,9,11,4,9,9,6,2,2,1,
0,16,15,13,13,19,10,12,17,9,
0,3,12,10,6,6,6,5,7,3,
0,13,10,11,15,12,5,5,9,10,
0,17,4,14,9,4,9,3,6,5,
0,5,2,2,2,3,4,5,4,6,
0,1,0,1,1,1,1,1,1,3,
0,24,9,7,25,13,5,22,19,16,
0,6,4,2,1,1,3,1,3,2,
0,7,10,6,5,8,5,8,5,8,
0,1,1,5,3,3,7,3,3,3,
0,24,5,23,15,17,21,15,14,17,
0,38,33,21,13,17,9,19,13,18,
0,13,13,15,7,14,10,13,7,13,
0,0,1,2,1,2,1,2,1,2,
0,2,2,1,1,0,0,1,0,3,
0,18,21,17,10,12,11,17,13,19,
0,8,3,4,2,2,2,2,2,2,
0,13,14,10,6,10,7,11,10,10,
0,21,21,20,15,21,17,24,15,21,
0,11,10,12,8,8,10,9,9,10,
0,28,6,5,17,16,19,15,16,13,
0,7,2,4,4,3,6,3,5,1,
0,6,0,3,1,4,4,5,4,4,
0,3,0,0,0,0,0,0,0,0,
0,1,4,2,3,0,3,1,1,1,
0,17,26,19,22,24,19,17,28,22,
0,0,0,0,0,0,0,0,0,0,
0,5,9,10,10,11,13,13,13,13,
0,7,2,10,6,10,6,3,2,4,
0,13,1,10,2,5,6,11,5,6,
0,7,5,0,3,1,3,1,2,1,
0,16,10,12,8,7,5,6,4,7,
0,2,0,2,1,1,0,0,0,0,
0,12,15,21,23,19,19,15,14,9,
0,21,22,21,22,22,22,13,20,25,
0,25,16,18,14,9,7,12,9,7,
0,26,11,37,38,24,24,28,30,29,
0,15,6,12,15,10,15,19,19,16,
0,8,4,3,4,4,4,4,4,4,
0,4,6,4,5,4,2,4,4,3,
0,22,15,18,8,12,4,6,11,12,
0,15,7,4,0,3,7,2,4,3,
0,29,25,23,6,16,9,20,10,21,
0,4,3,5,8,4,4,4,4,4,
0,7,7,5,6,3,4,2,6,6,
0,3,4,1,2,2,2,2,2,2,
0,18,5,9,7,8,8,10,11,10,
0,1,0,0,0,0,0,0,0,0,
0,20,16,12,10,17,13,15,18,16,
0,8,8,10,7,10,8,7,7,4,
0,3,1,1,2,2,0,0,0,0,
0,18,21,18,20,19,26,14,10,10,
0,3,3,2,4,5,3,7,4,3,
0,8,2,9,5,5,5,5,4,1,
0,5,0,4,1,3,1,3,1,3,
0,0,1,6,7,5,1,1,3,1,
0,2,0,0,0,0,0,0,0,0,
0,0,0,0,0,0,0,0,0,0,
0,10,5,6,5,5,6,3,4,3,
0,14,6,6,7,8,11,9,12,8,
0,0,2,0,1,0,1,0,1,0,
0,8,7,8,13,16,13,13,13,14,
0,13,11,6,13,2,6,5,11,11,
0,14,5,10,6,13,15,10,9,11,
0,13,4,5,4,6,3,1,2,12,
0,0,0,0,0,0,0,0,0,0,
0,4,2,0,0,2,3,2,0,0,
0,22,14,14,15,12,17,17,17,18,
0,9,4,5,7,4,2,3,2,2,
0,22,7,8,3,6,7,8,4,13,
0,13,15,5,9,13,5,13,11,11,
0,11,14,6,6,3,1,1,1,1,
0,1,3,3,2,2,2,2,2,2,
0,2,1,1,1,1,1,1,1,1,
0,15,18,13,14,12,11,10,11,11,
0,21,25,15,15,12,23,11,6,23,
0,29,13,30,24,24,23,14,25,18,
0,2,1,2,3,4,2,6,2,5,
0,3,2,2,2,2,2,2,2,2,
0,17,19,29,21,31,24,21,34,23,
0,13,9,6,4,3,5,5,2,5,
0,12,7,7,9,8,4,5,6,5,
0,0,1,0,0,0,0,0,0,0,
0,2,4,5,0,3,2,2,2,2,
0,17,8,7,8,10,6,7,7,4,
0,3,2,2,1,1,1,1,1,1,
0,5,0,0,0,0,0,0,0,1,
0,2,0,0,0,0,0,0,0,0,
0,9,8,13,24,13,14,21,18,21,
0,24,21,28,19,25,13,20,20,20,
0,25,18,12,19,11,18,20,11,8,
0,3,3,2,3,2,2,1,2,1,
0,5,3,7,4,3,2,2,2,2,
0,16,10,10,8,11,18,13,9,12,
0,15,11,13,17,19,17,18,14,22,
0,24,12,14,8,14,12,9,13,12,
0,24,10,14,15,15,26,16,8,8,
0,15,15,10,11,12,11,14,9,10,
0,12,16,20,16,18,14,12,18,11,
0,19,17,18,17,16,14,22,15,12,
0,14,11,6,8,8,9,4,6,6,
0,6,4,1,1,1,1,2,1,1,
0,13,25,11,12,22,16,24,17,15,
0,8,6,3,5,8,6,6,4,6,
0,0,2,1,2,2,2,2,5,2,
0,21,14,11,11,11,12,9,13,7,
0,8,16,21,14,14,19,21,10,13,
0,2,5,2,4,3,1,1,1,1,
0,6,4,3,5,1,4,2,4,2,
0,1,2,0,1,1,0,0,0,0,
0,1,3,3,1,1,1,1,2,3,
0,24,15,14,13,14,17,15,19,16,
0,8,5,8,8,7,4,5,5,6,
0,1,5,7,7,4,7,4,7,4,
0,25,18,22,10,23,15,18,8,11,
0,2,9,6,2,6,2,4,4,5,
0,3,8,11,5,1,1,1,1,1,
0,1,2,1,1,0,0,0,0,0,
0,2,3,3,2,2,2,1,1,1,
0,8,8,4,2,2,2,1,1,1,
0,12,11,11,13,9,4,3,4,3,
0,22,10,13,11,12,11,12,10,12,
0,15,6,11,5,12,8,9,7,9,
0,21,26,15,17,11,8,19,17,8,
0,7,8,5,4,4,5,4,3,6,
0,16,15,23,17,12,13,17,18,15,
0,1,7,3,2,1,1,1,1,1,
0,21,11,9,9,10,3,11,8,8,
0,4,13,5,10,5,5,8,8,10,
0,26,22,23,18,19,20,17,16,19,
0,6,2,8,4,3,6,5,3,1,
0,5,8,13,8,9,13,5,5,5,
0,3,7,5,5,1,4,2,2,4,
0,16,19,14,12,11,10,11,11,10,
0,36,21,18,12,11,12,20,17,11,
0,10,13,11,13,7,8,10,9,9,
0,9,6,2,8,5,3,2,4,5,
0,18,20,15,26,14,12,7,9,19,
0,1,6,3,2,1,1,1,1,1,
0,3,2,0,0,0,0,0,0,0,
0,22,8,26,19,8,14,22,12,10,
0,30,26,23,23,31,46,24,31,32,
0,1,2,0,0,0,0,0,0,0,
0,0,1,0,1,0,6,1,8,2,
0,6,7,6,9,17,20,4,12,11,
0,23,23,8,11,12,6,7,19,12,
0,8,4,10,3,8,5,11,8,9,
0,0,2,4,5,5,7,4,6,4,
0,4,1,3,0,3,2,2,2,1,
0,26,26,20,23,18,16,26,26,21,
0,8,7,11,8,3,8,10,8,6,
0,10,4,6,8,10,2,6,6,4,
0,1,1,1,2,1,1,1,1,0,
0,1,2,1,1,1,1,1,1,1,
0,4,3,4,5,2,1,2,1,3,
0,4,7,4,7,11,6,6,5,10,
0,8,2,2,2,2,2,2,2,2,
0,0,0,0,1,1,1,1,1,1,
0,25,17,17,15,11,16,21,14,14,
0,13,8,6,14,13,13,5,13,9,
0,3,1,1,0,0,1,0,1,3,
0,1,2,0,1,1,1,1,1,1,
0,4,2,5,3,3,3,3,3,3,
0,21,26,18,16,13,19,24,16,11,
0,14,13,12,9,15,13,10,17,17,
0,1,0,0,0,0,0,0,0,0,
0,8,6,7,4,8,6,5,6,3,
0,16,14,12,13,22,22,15,18,20,
0,23,20,17,23,24,15,13,17,17,
0,0,1,0,0,0,0,0,0,0,
0,12,9,8,8,4,3,4,3,4,
0,7,7,7,5,9,14,10,10,16,
0,26,24,20,27,18,29,19,16,8,
0,5,4,6,6,6,7,9,7,8,
0,2,0,0,0,0,0,0,0,0,
0,22,31,11,20,25,13,18,19,14,
0,9,13,10,7,8,8,6,6,2,
0,13,14,14,14,13,13,10,12,10,
0,1,1,0,0,0,0,0,0,0,
0,3,4,4,4,4,3,5,4,4,
0,3,3,5,2,1,2,2,2,2,
0,3,2,2,2,2,2,2,2,2,
0,4,4,3,3,8,6,6,4,3,
0,0,0,0,0,0,0,0,0,0,
0,5,4,3,3,3,3,4,5,5,
0,5,0,0,0,0,0,0,0,0,
0,4,3,3,5,5,7,11,7,7,
0,1,1,1,1,1,1,1,1,1,
0,5,2,4,5,3,2,4,2,4,
0,18,21,7,8,11,7,4,3,3,
0,4,6,1,4,3,3,3,3,3,
0,17,22,12,16,12,11,10,10,10,
0,9,3,15,12,19,10,9,5,1,
0,10,7,5,6,5,5,5,5,5,
0,0,1,1,1,1,1,1,1,1,
0,10,8,7,6,5,6,6,6,6,
0,0,0,0,0,0,0,0,0,0,
0,4,1,0,0,0,0,0,0,0,
0,9,13,11,10,9,10,10,9,10,
0,6,5,4,2,1,4,3,2,0,
0,3,7,5,5,3,5,5,3,2,
0,0,0,0,0,0,0,0,0,0,
0,13,8,12,15,8,10,10,6,9,
0,22,16,11,13,11,18,13,16,16,
0,31,22,16,36,40,31,29,22,17,
0,2,2,1,1,1,1,1,1,1,
0,24,18,16,16,19,17,18,15,11,
0,5,9,5,8,9,9,8,9,6,
0,0,0,0,0,0,0,0,0,0,
0,17,18,25,13,26,22,22,19,20,
0,25,17,21,34,18,26,34,27,10,
0,9,10,8,8,8,8,8,8,8,
0,9,10,12,10,18,10,10,8,4,
0,2,2,2,2,1,1,1,1,1,
0,2,0,0,0,0,0,0,0,0,
0,13,6,4,2,0,1,0,1,0,
0,11,13,11,6,8,9,6,4,6,
0,2,1,1,1,1,1,1,1,1,
0,16,6,7,7,4,6,4,6,4,
0,11,9,6,4,3,3,5,4,5,
0,12,15,15,7,8,19,9,7,6,
0,12,11,6,9,9,11,13,10,8,
0,6,3,6,3,4,7,6,6,6,
0,1,1,3,7,5,2,6,4,3,
0,13,9,8,9,9,9,8,8,8,
0,4,2,2,2,2,2,2,2,2,
0,3,9,9,3,5,3,7,4,7,
0,7,9,7,4,5,5,7,7,6,
0,8,6,3,4,4,4,4,4,4,
0,20,11,16,11,4,5,3,9,7,
0,1,2,1,1,1,1,1,1,1,
0,5,7,5,4,6,6,6,6,6,
0,6,5,4,2,11,4,2,6,7,
0,6,4,3,4,4,4,4,4,4,
0,3,6,0,3,1,0,0,0,0,
0,3,1,1,1,1,1,1,1,1,
0,2,0,0,0,0,0,0,0,0,
0,4,1,4,3,3,3,3,3,3,
0,12,10,10,11,6,10,4,10,4,
0,20,29,49,51,37,31,40,43,32,
0,16,12,4,7,4,3,7,7,7,
0,1,0,0,0,0,0,0,0,0,
0,3,6,9,11,10,9,8,9,5,
0,3,0,0,0,0,0,0,0,0,
0,7,2,4,9,2,3,3,3,3,
0,15,9,10,7,10,10,7,7,8,
0,4,8,3,2,5,2,2,2,2,
0,4,1,0,1,1,2,1,1,2,
0,6,7,7,3,1,2,3,2,2,
0,34,18,22,36,20,27,42,32,23,
0,0,0,2,1,1,0,0,0,0,
0,4,1,1,4,3,2,3,1,3,
0,4,3,1,0,0,0,0,0,0,
0,18,15,25,29,22,21,28,28,20,
0,10,12,8,11,10,10,10,10,10,
0,8,7,5,3,2,3,2,3,2,
0,0,1,1,1,1,1,1,1,1,
0,13,15,8,8,7,9,7,8,8,
0,16,8,0,2,1,3,1,2,2,
0,7,9,8,7,7,7,7,7,7,
0,10,11,13,17,5,12,9,7,8,
0,3,2,2,1,2,2,2,2,2,
0,0,1,1,1,2,1,1,1,1,
0,2,2,2,2,2,2,2,2,2,
0,4,6,6,5,6,5,5,5,5,
0,7,7,4,9,6,10,16,2,14,
0,10,5,4,2,1,0,1,0,0,
0,3,4,1,1,1,1,1,1,1,
0,0,0,0,0,0,0,0,0,0,
0,7,4,3,3,3,3,3,3,3,
0,15,16,6,7,8,7,14,13,4,
0,1,0,0,0,0,0,0,0,0,
0,6,3,1,1,1,1,1,1,1,
0,11,15,10,8,8,6,10,9,6,
0,16,14,18,10,15,16,15,16,13,
0,1,1,1,1,1,1,1,1,1,
0,10,4,5,4,4,4,4,4,4,
0,5,3,4,3,6,4,5,3,4,
0,16,10,9,10,8,10,9,10,11,
0,0,0,1,1,1,1,1,1,1,
0,15,12,12,3,5,7,5,3,6,
0,16,18,8,9,7,22,8,10,7,
0,1,1,0,0,0,0,0,0,0,
0,9,10,15,9,6,5,7,10,7,
0,7,2,3,4,4,4,3,4,5,
0,21,19,16,16,9,24,23,13,12,
0,2,2,2,3,1,1,1,1,1,
0,7,3,5,2,2,3,2,2,2,
0,3,1,0,1,0,1,0,1,0,
0,7,6,3,4,2,1,0,1,1,
0,5,5,14,11,9,11,2,16,17,
0,6,2,2,2,2,2,2,2,2,
0,3,1,2,2,1,1,1,1,1,
0,24,24,20,17,25,29,16,18,26,
0,11,14,18,11,9,7,9,7,6,
0,2,1,2,1,2,1,2,1,2,
0,1,0,0,0,0,0,0,1,0,
0,4,6,0,1,0,0,0,2,0,
0,5,1,2,2,2,2,2,2,2,
0,6,3,4,3,3,3,2,3,2,
0,0,2,2,1,2,2,2,2,2,
0,26,38,31,20,20,20,26,17,21,
0,12,3,2,2,2,2,2,2,2,
0,0,2,0,0,0,0,0,0,0,
0,9,6,3,8,8,11,4,9,6,
0,11,1,5,7,7,7,7,7,7,
0,8,6,2,3,3,3,3,3,3,
0,14,9,13,20,2,14,13,9,6,
0,7,14,12,2,1,1,1,1,1,
0,3,2,4,3,3,3,3,3,3,
0,15,7,3,12,5,7,6,9,4,
0,3,0,2,3,2,0,1,2,2,
0,6,1,1,2,3,2,3,3,3,
0,4,2,2,2,2,2,2,2,2,
0,7,6,5,5,7,6,6,6,6,
0,14,15,12,10,21,10,9,11,8,
0,2,1,1,2,1,2,0,3,1,
0,7,3,4,5,5,5,5,5,5,
0,0,0,0,0,0,0,0,0,0,
0,2,0,3,0,0,0,0,0,0,
0,7,3,5,5,11,10,10,10,10,
0,2,4,3,3,0,0,0,1,2,
0,4,1,1,1,0,1,0,1,0,
0,8,3,1,1,1,1,1,1,1,
0,9,16,10,4,13,15,3,4,1,
0,19,15,5,14,19,14,6,7,9,
0,3,7,10,8,5,2,1,1,1,
0,7,8,5,6,5,4,5,5,5,
0,11,1,0,2,0,0,0,0,0,
0,8,0,0,0,0,0,0,0,0,
0,2,2,2,2,2,2,2,2,2,
0,5,7,5,5,6,6,1,2,1,
0,15,15,14,15,12,7,7,8,7,
0,7,1,1,3,4,6,2,1,11,
0,4,6,3,2,2,2,2,2,2,
0,3,3,4,7,3,7,3,3,3,
0,22,17,14,14,12,15,14,9,9,
0,1,2,2,2,2,2,2,2,2,
0,5,1,2,2,2,2,2,2,2,
0,5,3,3,4,2,1,3,2,2,
0,7,3,3,3,3,3,3,3,3,
0,0,1,1,0,0,0,0,0,0,
0,5,9,3,5,3,3,3,3,3,
0,1,1,0,0,0,0,0,0,0,
0,13,5,4,9,7,8,6,4,8,
0,18,18,14,13,8,14,16,11,13,
0,6,7,3,3,2,2,3,2,3,
0,1,1,0,0,0,0,0,0,0,
0,11,7,3,6,6,4,3,3,2,
0,3,1,1,1,2,1,2,2,2,
0,0,0,1,1,1,1,1,1,1,
0,7,4,7,6,5,5,5,6,5,
0,13,11,9,9,14,15,14,12,15,
0,3,9,5,3,2,2,1,0,0,
0,1,0,0,0,0,1,1,1,1,
0,2,2,2,1,1,1,1,1,1,
0,0,0,0,0,0,0,0,0,0,
0,0,0,0,0,0,0,0,0,0,
0,3,5,5,4,2,3,3,1,1,
0,17,16,8,16,14,12,14,11,6,
0,1,2,1,0,0,0,0,0,0,
0,2,2,2,2,2,2,2,2,2,
0,5,7,8,14,3,6,5,4,7,
0,6,0,0,0,0,0,0,0,0,
0,3,1,1,1,1,1,1,1,1,
0,1,4,4,6,5,9,8,6,3,
0,4,2,3,1,1,1,1,1,1,
0,13,12,5,7,7,5,5,5,5,
0,10,6,11,9,12,11,11,11,11,
0,2,3,1,3,2,2,2,2,2,
0,3,6,2,4,4,4,4,4,4,
0,5,2,1,1,1,1,1,1,1,
0,18,13,14,14,13,13,7,14,19,
0,24,19,21,16,11,18,13,19,14,
0,0,0,0,0,0,0,0,0,0,
0,14,14,19,6,11,10,6,7,9,
0,8,13,14,6,4,4,4,4,4,
0,11,9,5,9,6,6,6,4,9,
0,1,1,2,1,2,2,2,2,2,
0,2,2,3,2,2,2,2,2,2,
0,19,15,2,11,19,9,9,11,13,
0,2,1,1,1,1,1,1,1,1,
0,20,10,13,16,11,12,14,15,17,
0,0,0,0,0,0,0,0,0,0,
0,6,3,4,5,4,4,4,4,4,
0,9,5,1,3,3,3,2,2,2,
0,1,1,1,1,1,1,1,1,1,
0,3,0,0,0,0,0,0,0,0,
0,2,0,1,0,1,1,1,1,1,
0,11,2,4,22,16,11,8,10,9,
0,15,11,6,5,12,8,10,9,9,
0,13,9,8,7,7,6,6,6,6,
0,15,8,6,9,9,8,13,11,5,
0,2,0,0,0,0,0,0,0,0,
0,20,17,20,12,11,15,9,13,10,
0,6,9,2,10,3,2,9,4,7,
0,16,15,14,6,8,7,7,8,7,
0,6,5,5,6,5,5,5,5,5,
0,8,3,2,6,3,7,3,3,3,
0,1,3,5,3,6,2,3,5,7,
0,12,11,14,12,2,5,2,8,8,
0,8,6,7,9,3,2,5,7,2,
0,2,0,0,0,0,0,0,0,0,
0,14,19,18,8,18,10,25,16,14,
0,6,1,7,6,4,4,2,3,5,
0,16,7,17,6,10,16,13,17,13,
0,1,4,4,4,3,5,3,2,3,
0,9,2,4,8,4,4,3,3,6,
0,8,3,3,3,3,3,3,3,3,
0,1,3,3,3,3,3,3,3,3,
0,2,0,1,2,2,2,2,2,2,
0,10,8,8,5,5,6,6,6,7,
0,1,2,2,2,2,2,2,2,2,
0,7,4,3,0,3,6,3,4,1,
0,22,12,11,9,15,16,12,3,5,
0,1,1,1,1,1,1,1,1,1,
0,6,8,11,9,3,3,3,3,3,
0,11,9,7,11,10,12,9,9,8,
0,1,1,2,3,2,4,2,4,2,
0,2,0,0,0,0,0,0,0,0,
0,22,19,28,38,17,19,25,25,15,
0,0,0,0,0,0,0,0,0,0,
0,10,14,13,15,14,4,10,12,14,
0,5,0,2,3,1,1,1,1,1,
0,0,0,2,3,2,2,1,1,2,
0,0,0,0,0,0,0,0,0,0,
0,0,0,0,0,0,0,0,0,0,
0,3,3,2,2,3,3,3,3,3,
0,6,8,6,8,8,8,8,8,8,
0,7,6,10,3,7,7,3,3,4,
0,0,2,1,2,1,1,1,1,1,
0,0,0,0,0,0,0,0,0,0,
0,0,1,0,0,0,0,0,0,0,
0,0,0,0,0,0,0,0,0,0,
0,4,8,6,3,2,2,2,2,1,
0,4,0,0,0,0,0,0,0,0,
0,9,21,14,13,14,11,21,20,17,
0,21,16,11,17,18,24,18,8,16,
0,17,9,16,13,18,12,12,10,8,
0,14,17,15,9,13,12,9,10,11,
0,6,5,4,3,2,1,3,3,3,
0,4,3,2,2,2,2,2,2,2,
0,11,23,14,8,13,15,14,9,7,
0,7,10,12,10,10,10,10,10,10,
0,6,5,5,4,1,1,1,1,1,
0,5,6,11,7,9,9,10,5,6,
0,0,0,0,0,0,0,0,0,0,
0,2,2,3,2,3,2,3,2,3,
0,17,13,6,12,13,17,13,12,14,
0,1,0,0,0,0,0,0,0,0,
0,19,22,11,14,14,15,13,21,21,
0,8,6,4,3,3,3,3,3,3,
0,7,4,1,0,1,0,1,1,0,
0,5,9,17,16,13,13,12,10,11,
0,6,11,7,8,8,8,6,4,11,
0,3,0,0,0,0,0,0,0,0,
0,3,3,6,7,4,4,3,3,3,
0,4,2,0,4,1,2,1,0,0,
0,9,9,3,7,8,5,3,3,7,
0,0,1,1,1,1,1,1,1,1,
0,0,0,0,0,0,0,0,0,0,
0,17,8,10,18,14,15,1,3,3,
0,39,36,28,31,29,25,28,34,31,
0,1,1,0,0,0,0,0,0,0,
0,2,2,5,5,5,5,5,5,5,
0,8,12,9,10,10,10,10,10,10,
0,15,9,14,17,17,13,7,8,9,
0,4,1,0,0,0,0,0,0,0,
0,21,24,27,22,15,15,25,16,18,
0,13,5,8,7,4,4,4,4,4,
0,3,5,12,4,8,14,15,15,18,
0,8,2,3,2,3,3,3,3,3,
0,3,2,0,0,0,0,0,0,0,
0,7,7,3,3,4,2,3,3,1,
0,7,4,3,1,0,0,0,0,0,
0,21,24,15,19,15,16,12,26,24,
0,6,3,0,0,0,0,0,0,0,
0,16,7,15,14,14,14,14,14,14,
0,2,6,4,2,2,2,2,2,2,
0,2,3,2,2,2,2,2,2,2,
0,12,4,10,10,10,10,10,10,10,
0,6,0,0,0,0,0,0,0,0,
0,18,11,18,7,21,18,16,8,14,
0,17,5,10,6,4,1,9,6,1,
0,6,7,5,5,5,5,5,5,5,
0,1,5,5,4,5,5,5,5,5,
0,1,2,1,2,2,1,2,2,1,
0,10,13,4,10,11,5,7,14,3,
0,32,15,34,29,30,32,21,33,19,
0,8,7,11,9,8,1,4,6,1,
0,4,2,3,2,2,2,2,2,2,
0,2,0,1,1,0,1,0,0,2,
0,14,22,13,18,13,26,17,12,13,
0,11,12,22,16,15,11,15,14,16,
0,0,1,1,1,1,1,1,1,1,
0,1,1,1,1,1,1,1,1,1,
0,2,1,1,0,1,0,0,1,0,
0,2,1,2,0,0,0,0,0,0,
0,11,11,2,2,1,2,1,1,2,
0,22,18,13,14,13,12,12,12,12,
0,5,2,1,0,0,0,0,0,0,
0,2,0,0,0,0,0,0,0,0,
0,7,8,8,1,1,6,7,5,7,
0,19,16,16,19,20,15,15,19,12,
0,12,11,10,7,7,7,7,7,7,
0,7,7,9,18,10,8,11,11,11,
0,4,1,2,1,1,1,1,1,1,
0,2,1,1,1,1,1,1,1,1,
0,12,10,1,2,2,2,2,2,2,
0,5,5,0,0,0,0,0,0,0,
0,4,6,6,7,3,6,4,4,5,
0,19,16,11,11,7,8,7,8,7,
0,4,6,3,4,5,4,4,2,2,
0,19,5,2,4,2,2,2,2,2,
0,10,10,11,13,3,12,8,10,11,
0,5,1,2,2,2,1,1,1,1,
0,7,11,8,10,13,10,10,3,5,
0,0,0,0,0,0,0,0,0,0,
0,8,5,11,11,11,10,10,10,10,
0,0,0,1,0,0,0,0,0,0,
0,9,17,10,10,8,8,8,8,8,
0,2,1,1,1,1,1,1,1,1,
0,15,17,10,14,12,15,18,6,20,
0,19,21,21,13,19,18,7,21,16,
0,5,3,4,5,10,6,7,8,8,
0,2,0,0,0,0,0,0,0,0,
0,13,10,9,11,8,8,11,6,6,
0,16,23,15,17,16,11,7,11,14,
0,2,4,3,6,5,5,3,6,3,
0,9,3,4,3,1,0,2,1,1,
0,6,1,3,1,1,1,1,1,1,
0,2,2,2,2,2,2,2,2,2,
0,7,0,2,6,3,5,3,2,2,
0,2,1,1,1,1,1,1,1,1,
0,9,8,6,7,7,7,7,7,7,
0,0,0,0,0,0,0,0,0,0,
0,1,1,2,5,3,4,4,4,4,
0,9,1,1,0,0,0,0,0,1,
0,5,5,2,4,2,3,2,2,1,
0,0,0,0,0,0,0,0,0,0,
0,10,5,12,10,8,9,11,11,11,
0,10,8,9,6,6,9,9,11,9,
0,2,1,0,0,1,0,1,0,1,
0,1,0,0,0,0,0,0,0,0,
0,6,11,10,11,16,9,8,9,6,
0,4,1,2,1,2,1,2,2,2,
0,5,3,1,1,1,3,3,3,3,
0,4,7,7,10,6,11,2,7,9,
0,6,3,2,2,4,2,2,2,2,
0,14,23,29,18,26,14,13,25,21,
0,4,1,3,2,2,2,2,2,2,
0,3,3,2,2,2,2,2,2,2,
0,3,3,2,2,1,1,1,1,1,
0,1,2,6,2,3,2,2,2,2,
0,19,5,4,1,1,1,2,1,2,
0,5,0,3,0,0,0,0,0,0,
0,3,5,6,4,8,1,0,0,0,
0,1,4,3,4,3,3,3,3,3,
0,23,15,11,8,13,12,14,12,14,
0,0,0,2,1,0,0,1,0,0,
0,20,13,12,9,14,19,17,17,14,
0,8,10,16,9,15,6,11,5,11,
0,3,0,0,0,0,0,0,0,0,
0,3,2,2,1,1,1,2,2,2,
0,4,4,1,2,1,1,1,1,1,
0,15,20,15,22,18,18,8,22,19,
0,1,2,2,3,1,1,1,1,1,
0,25,16,6,7,5,5,4,5,4,
0,3,1,1,1,0,1,1,1,1,
0,8,1,1,1,1,1,1,1,1,
0,8,2,4,3,8,2,6,7,4,
0,14,10,10,18,15,17,13,11,12,
0,13,9,6,7,6,8,5,8,5,
0,1,0,0,0,0,0,0,0,0,
0,5,2,0,1,3,6,2,2,1,
0,9,4,3,7,12,8,2,2,3,
0,4,1,2,2,2,2,2,2,2,
0,4,9,5,6,6,6,6,6,6,
0,2,4,2,2,1,4,0,0,2,
0,44,22,42,38,26,28,35,24,33,
0,12,11,12,14,12,11,11,11,11,
0,12,19,17,16,19,14,11,9,6,
0,6,3,5,3,2,2,4,3,8,
0,25,9,12,20,15,14,10,7,17,
0,1,1,0,0,1,1,1,1,1,
0,20,13,24,22,16,15,6,18,17,
0,19,20,28,12,10,18,13,11,13,
0,2,9,5,5,5,5,5,5,5,
0,8,8,11,8,5,9,3,0,0,
0,1,4,3,4,6,3,1,3,7,
0,15,15,14,9,12,19,11,15,12,
0,26,34,15,23,9,7,9,11,9,
0,19,14,8,12,7,10,11,14,16,
0,6,17,8,16,11,7,6,10,11,
0,6,7,9,2,9,11,6,6,6,
0,5,3,2,3,4,2,4,3,5,
0,10,21,9,11,6,5,6,6,6,
0,0,1,0,0,0,0,0,0,0,
0,2,5,3,1,1,1,1,1,1,
0,9,11,9,7,1,3,3,3,4,
0,17,19,22,19,19,21,19,23,12,
0,4,3,2,2,1,1,1,1,1,
0,3,0,1,0,0,0,0,0,0,
0,5,4,6,3,2,2,2,2,2,
0,1,3,2,3,0,0,0,0,0,
0,8,13,10,20,13,15,9,15,12,
0,13,20,26,22,17,14,9,11,17,
0,4,3,2,1,2,1,2,1,2,
0,6,7,7,8,13,9,3,7,3,
0,11,3,9,8,5,4,6,6,6,
0,6,4,3,3,4,4,4,4,4,
0,2,0,0,0,0,0,0,0,0,
0,22,23,36,30,29,33,25,28,17,
0,13,9,7,8,4,5,6,3,11,
0,5,6,6,6,11,9,8,3,10,
0,2,5,3,1,2,0,2,0,0,
0,7,4,2,1,2,1,1,1,1,
0,23,14,10,13,8,9,10,9,8,
0,10,3,8,2,3,3,2,2,4,
0,5,4,8,6,12,9,8,16,9,
0,3,3,0,3,2,3,2,2,2,
0,0,2,1,0,0,0,0,0,0,
0,19,17,18,16,12,10,22,5,16,
0,9,5,3,3,4,4,6,3,3,
0,3,2,1,1,1,1,1,1,1,
0,17,15,25,29,29,22,20,26,31,
0,12,11,11,13,8,12,5,14,4,
0,4,1,0,0,0,0,0,1,0,
0,16,18,14,12,9,20,19,11,13,
0,8,8,2,7,7,6,2,3,2,
0,7,1,3,2,3,3,3,3,1,
0,9,5,7,3,6,5,4,4,4,
0,18,12,14,12,12,12,12,12,12,
0,1,0,0,0,0,0,0,0,0,
0,1,6,2,0,0,0,0,0,0,
0,11,11,10,18,9,15,7,9,6,
0,6,2,3,2,1,1,3,2,4,
0,9,1,1,1,1,1,1,1,1,
0,4,1,1,1,1,1,1,1,1,
0,3,1,1,1,1,1,1,1,1,
0,17,11,8,6,7,9,7,9,6,
0,9,12,17,20,12,13,14,12,15,
0,10,9,11,17,10,10,10,12,11,
0,4,2,1,0,1,0,0,1,1,




Further Data analysis of all test cases 
INSTANCEID avg med max min 
INSTANCE1 0, 0, 0, 0, 
INSTANCE1 0, 0, 0, 0, 
INSTANCE1 0, 0, 0, 0, 
INSTANCE1 0, 0, 0, 0, 
INSTANCE1 0, 0, 0, 0, 
INSTANCE1 0, 0, 0, 0, 
INSTANCE1 0, 0, 0, 0, 
INSTANCE1 0, 0, 0, 0, 
INSTANCE1 0, 0, 0, 0, 
INSTANCE1 0, 0, 0, 0, 


INSTANCE1 0, 0, 0, 0, 
INSTANCE1 0, 0, 0, 0, 
INSTANCE1 0, 0, 0, 0, 
INSTANCE1 0, 0, 0, 0, 
INSTANCE1 0, 0, 0, 0, 
INSTANCE1 0, 0, 0, 0, 
INSTANCE1 0, 0, 0, 0, 
INSTANCE1 0, 0, 0, 0, 
INSTANCE1 0, 0, 0, 0, 
INSTANCE1 0, 0, 0, 0, 


INSTANCE1 0, 0, 0, 0, 
INSTANCE2 9.137, 7, 44, 0, 
INSTANCE3 7.891, 6, 43, 0, 
INSTANCE4 7.473, 5, 49, 0, 
INSTANCE5 7.163, 5, 51, 0, 
INSTANCE6 6.938, 4, 40, 0, 
INSTANCE7 6.818, 4, 46, 0, 
INSTANCE8 6.507, 4, 42, 0, 
INSTANCE9 6.519, 4, 43, 0, 
INSTANCE10 6.414, 4, 40, 0, 



