1.173,
1.859,
1.803,
1.813,
1.693,
2.025,
1.906,
1.626,
1.417,
1.555,
1.317,
1.762,
1.367,
1.638,
3.022,
1.442,
1.617,
1.146,
1.53,
1.366,
1.39,
1.3,
2.302,
1.693,
1.955,
2.759,
1.68,
1.6,
1.897,
1.298,
1.692,
1.683,
1.422,
1.658,
1.234,
2.312,
1.725,
1.954,
1.157,
1.479,
1.237,
1.379,
1.723,
1.317,
1.762,
1.446,
1.507,
1.501,
1.266,
2.021,
1.43,
1.405,
1.413,
1.605,
1.604,
1.351,
1.391,
1.325,
1.114,
1.485,
2.13,
1.452,
1.124,
1.444,
1.637,
1.234,
1.446,
1.608,
1.516,
1.332,
1.43,
2.553,
1.731,
2.221,
1.218,
1.758,
1.401,
1.881,
1.853,
1.562,
1.313,
2.123,
1.981,
1.318,
1.956,
1.612,
1.481,
1.846,
1.417,
1.975,
1.73,
1.467,
1.318,
1.583,
1.552,
1.477,
1.549,
1.72,
1.535,
1.618,
1.601,
1.713,
1.644,
2.232,
1.637,
2.101,
2.001,
1.628,
1.432,
1.618,
1.72,
1.245,
1.731,
1.71,
1.169,
1.927,
2.125,
2.085,
1.314,
1.427,
1.327,
1.502,
1.535,
2.101,
1.56,
1.446,
1.472,
1.785,
1.65,
1.759,
1.785,
1.298,
1.383,
1.217,
1.485,
2.252,
1.505,
1.444,
2.233,
1.349,
2.527,
1.314,
2.25,
1.225,
2.438,
1.864,
1.798,
1.714,
1.906,
1.774,
1.691,
1.691,
2.516,
1.319,
2.368,
1.939,
1.334,
1.204,
1.918,
1.437,
1.292,
1.484,
2.08,
1.81,
1.418,
1.511,
1.487,
1.618,
1.844,
1.779,
1.944,
1.964,
1.304,
1.593,
1.523,
2.706,
1.801,
1.819,
1.547,
1.608,
1.537,
1.972,
1.507,
2.07,
1.365,
1.275,
1.752,
1.207,
1.389,
1.084,
1.564,
1.51,
1.298,
1.693,
1.708,
1.309,
1.858,
1.965,
1.659,
2.242,
1.343,
1.225,
2.061,
1.954,
1.457,
1.646,
1.638,
1.55,
1.912,
2.025,
1.118,
2.244,
1.435,
2.03,
1.887,
2.11,
2.053,
1.814,
1.11,
2.567,
1.315,
1.702,
1.742,
1.518,
1.819,
1.599,
1.502,
1.661,
1.944,
1.55,
1.276,
1.364,
1.361,
1.523,
1.733,
1.176,
1.501,
1.651,
1.477,
1.641,
1.433,
1.479,
2.246,
2.779,
1.547,
1.329,
1.692,
1.31,
2.47,
2.716,
1.93,
1.694,
3.144,
2.108,
1.611,
1.815,
2.253,
1.428,
1.723,
1.379,
1.608,
1.39,
1.689,
1.913,
1.8,
1.612,
0.922,
2.402,
1.562,
3.105,
1.55,
1.445,
1.045,
1.755,
1.276,
1.917,
1.253,
2.264,
1.297,
1.64,
1.219,
1.476,
1.958,
1.582,
1.626,
1.691,
1.676,
2.377,
2.103,
1.518,
2.624,
1.75,
1.499,
1.539,
1.595,
1.326,
1.456,
1.325,
2.07,
1.868,
1.53,
1.233,
1.823,
1.449,
1.624,
1.437,
1.501,
1.325,
1.743,
1.636,
1.819,
1.545,
1.847,
1.338,
3.129,
1.816,
2.036,
1.61,
1.271,
1.929,
1.131,
1.737,
2.187,
1.348,
2.474,
1.887,
1.623,
1.33,
1.981,
1.968,
1.494,
1.569,
1.704,
1.494,
1.654,
1.837,
1.883,
1.494,
1.364,
1.57,
2.168,
1.857,
1.635,
1.594,
1.887,
2.024,
1.558,
1.482,
1.445,
1.352,
1.457,
2.957,
1.542,
1.42,
1.385,
2.05,
1.641,
1.853,
1.235,
1.648,
1.915,
1.38,
1.45,
1.777,
1.215,
1.405,
1.654,
1.545,
1.614,
1.414,
1.829,
1.354,
1.613,
1.437,
1.124,
2.653,
1.383,
1.268,
1.265,
1.174,
1.378,
1.347,
1.552,
2.746,
1.906,
1.272,
1.607,
1.644,
1.33,
1.758,
1.938,
1.469,
2.382,
1.648,
1.465,
1.385,
1.28,
1.417,
1.626,
1.559,
1.497,
1.367,
1.35,
2.105,
2.122,
2.265,
1.911,
1.338,
1.437,
1.336,
2.023,
0.733,
1.737,
1.298,
1.456,
1.682,
2.126,
1.355,
1.508,
1.413,
1.908,
1.421,
1.8,
2.844,
1.302,
1.701,
1.948,
1.654,
2.152,
2.009,
1.743,
1.381,
1.602,
1.734,
2.013,
1.657,
1.541,
1.713,
1.118,
1.556,
1.891,
0.835,
1.498,
1.725,
1.104,
2.07,
1.437,
1.651,
1.355,
1.797,
1.617,
1.85,
1.716,
1.182,
1.607,
1.767,
1.493,
2.005,
1.819,
1.19,
1.759,
1.629,
1.536,
1.294,
1.79,
1.478,
1.566,
1.685,
1.363,
1.69,
1.889,
1.836,
2.094,
1.603,
1.58,
1.565,
2.194,
1.324,
1.428,
2.194,
1.224,
2.087,
1.835,
1.893,
1.897,
1.767,
1.68,
1.68,
2.399,
1.027,
1.984,
1.617,
2.081,
1.847,
1.628,
2.11,
1.801,
1.855,
1.413,
1.964,
1.666,
1.426,
1.942,
1.875,
2.123,
2.251,
1.585,
1.107,
1.952,
1.557,
1.78,
1.241,
2.014,
2.639,
2.344,
1.671,
2.532,
1.4,
1.823,
1.078,
1.545,
1.797,
1.042,
1.46,
1.863,
1.236,
1.79,
1.515,
1.71,
2.217,
1.091,
1.943,
2.727,
1.542,
1.582,
1.38,
1.242,
2.216,
1.93,
1.644,
1.477,
2.096,
1.691,
1.863,
1.66,
1.774,
1.465,
1.619,
1.722,
1.85,
1.379,
1.854,
1.492,
1.966,
1.913,
1.655,
1.196,
1.332,
2.188,
1.219,
1.681,
1.743,
1.805,
1.495,
1.129,
1.746,
1.757,
1.976,
1.701,
1.503,
1.813,
1.627,
1.489,
1.465,
1.956,
2.103,
1.558,
3.188,
1.547,
2.135,
2.29,
1.766,
1.531,
1.607,
1.649,
1.618,
1.806,
1.315,
2.678,
2.619,
1.356,
1.827,
1.933,
1.173,
1.401,
2.322,
1.505,
1.126,
1.585,
1.507,
1.608,
2.41,
1.624,
1.421,
1.927,
2.507,
1.629,
2.883,
1.584,
1.529,
1.351,
1.212,
1.639,
1.841,
2.556,
1.318,
1.498,
1.973,
1.486,
1.553,
3.845,
4.189,
2.606,
1.814,
1.595,
1.607,
1.309,
1.785,
1.341,
1.605,
1.434,
1.741,
1.722,
1.112,
1.831,
1.476,
1.342,
1.584,
1.431,
1.556,
1.689,
2.625,
2.32,
2.193,
1.555,
2.278,
1.409,
1.366,
1.274,
1.365,
1.947,
1.496,
1.992,
1.68,
1.459,
2.071,
1.858,
1.854,
1.441,
1.127,
2.066,
1.443,
1.584,
1.386,
1.567,
1.756,
1.488,
1.771,
1.138,
1.025,
1.576,
1.251,
1.553,
1.422,
1.472,
1.593,
1.393,
1.512,
1.409,
1.549,
1.725,
3.248,
1.891,
2.311,
1.281,
1.535,
1.567,
1.328,
1.75,
1.613,
1.112,
1.712,
1.611,
1.362,
1.573,
1.739,
1.481,
1.659,
1.265,
2.984,
1.609,
1.722,
1.423,
1.476,
1.146,
1.446,
3.826,
1.495,
1.308,
1.34,
1.778,
1.351,
2.869,
1.086,
2.13,
1.25,
1.902,
2.323,
1.496,
1.53,
1.281,
1.758,
1.903,
1.388,
1.324,
1.469,
1.53,
1.31,
1.721,
2.291,
1.944,
1.821,
1.571,
1.801,
1.463,
1.346,
2.255,
1.467,
2.822,
1.332,
1.605,
1.679,
1.579,
1.583,
2.765,
1.429,
1.13,
1.398,
1.497,
1.318,
2.046,
1.327,
1.784,
1.368,
1.743,
1.617,
1.226,
2.047,
1.609,
2.981,
1.206,
1.754,
1.379,
1.269,
1.396,
1.822,
1.334,
1.446,
1.282,
1.207,
1.684,
1.608,
1.842,
1.887,
1.693,
2.061,
1.783,
2.005,
1.549,
1.564,
1.869,
1.315,
2.276,
1.644,
1.42,
1.981,
1.538,
1.71,
1.269,
1.41,
1.589,
1.793,
2.648,
1.434,
1.797,
1.803,
1.222,
1.856,
1.745,
1.828,
1.515,
1.446,
1.961,
2.148,
2.493,
1.336,
2.216,
1.496,
1.788,
1.468,
1.777,
1.679,
1.531,
2.039,
1.718,
1.597,
1.888,
1.514,
2.755,
1.663,
1.54,
1.435,
1.779,
1.357,
1.512,
1.477,
1.633,
1.46,
0.876,
1.364,
1.896,
1.515,
1.705,
2.317,
2.362,
1.857,
2.053,
2.756,
1.979,
1.399,
1.189,
1.727,
2.22,
1.681,
1.566,
2.23,
1.236,
2.074,
1.297,
1.334,
1.746,
1.481,
2.59,
1.39,
1.555,
2.849,
1.347,
2.03,
1.944,
1.647,
1.745,
1.701,
1.589,
1.627,
1.163,
1.086,
1.567,
1.978,
2.146,
2.008,
2.302,
1.443,
1.7,
1.561,
2.043,
1.473,
1.581,
1.381,
1.881,
1.429,
1.807,
2.173,
1.38,
1.58,
1.586,
1.871,
1.706,
1.778,
1.769,
1.719,
1.475,
1.596,
1.552,
1.452,
1.839,
1.267,
1.499,
1.988,
1.855,
1.528,
2.676,
1.417,
1.308,
1.679,
1.481,
1.631,
1.645,
1.122,
1.163,
1.964,
1.253,
1.354,
2.303,
2.257,
1.606,
1.232,
1.617,
1.297,
1.707,
1.58,
1.417,
1.24,
1.682,
1.563,
1.623,
1.336,
1.327,
1.219,
1.292,
1.615,
2.042,
1.528,
1.516,
1.389,
2.256,
1.688,
1.22,
1.315,
2.282,
1.741,
1.644,
1.776,
1.829,
1.469,
1.583,
1.265,
1.298,
1.547,
1.452,
1.75,
1.561,
1.64,
1.475,
1.631,
1.505,
1.258,
1.828,
1.41,
1.917,
1.103,
1.542,
1.278,
1.778,
1.637,
1.785,
1.927,
1.644,
2.644,
1.353,
1.82,
1.656,
1.906,
1.301,
1.527,
1.541,
1.669,
1.222,
2.328,
1.598,
1.654,
1.753,
1.431,
2.055,
1.504,
2.697,
1.255,
1.684,
1.995,
1.53,
1.798,
2.014,
2.156,
1.477,
1.861,
1.368,
2.228,
1.269,
1.566,
3.384,
1.709,

1.187,
1.87,
1.746,
1.69,
1.714,
1.9,
1.906,
1.547,
1.405,
1.571,
1.345,
1.644,
1.367,
1.6,
3.022,
1.422,
1.545,
1.154,
1.457,
1.367,
1.458,
1.246,
2.303,
1.716,
2.007,
2.785,
1.643,
1.6,
1.847,
1.259,
1.585,
1.708,
1.451,
1.634,
1.235,
2.241,
1.679,
2.011,
1.163,
1.426,
1.217,
1.263,
1.771,
1.431,
1.651,
1.446,
1.552,
1.506,
1.266,
2.099,
1.414,
1.34,
1.323,
1.53,
1.579,
1.328,
1.362,
1.348,
1.12,
1.581,
2.124,
1.437,
1.136,
1.426,
1.603,
1.195,
1.388,
1.568,
1.518,
1.335,
1.346,
2.602,
1.646,
2.216,
1.125,
1.758,
1.42,
1.726,
1.897,
1.497,
1.298,
1.939,
1.986,
1.215,
1.956,
1.628,
1.469,
1.837,
1.445,
1.966,
1.825,
1.547,
1.35,
1.645,
1.531,
1.373,
1.496,
1.666,
1.421,
1.623,
1.558,
1.626,
1.644,
2.225,
1.689,
1.981,
1.983,
1.61,
1.402,
1.605,
1.592,
1.202,
1.667,
1.698,
1.169,
1.908,
1.839,
2.074,
1.299,
1.436,
1.272,
1.447,
1.543,
2.114,
1.536,
1.356,
1.372,
1.793,
1.704,
1.671,
1.685,
1.268,
1.323,
1.094,
1.512,
2.351,
1.635,
1.471,
2.178,
1.298,
2.521,
1.314,
2.397,
1.258,
2.489,
1.802,
1.708,
1.683,
1.779,
1.667,
1.622,
1.696,
2.385,
1.358,
2.222,
1.939,
1.302,
1.204,
1.978,
1.463,
1.238,
1.457,
2.016,
1.842,
1.532,
1.564,
1.441,
1.645,
1.802,
1.752,
1.982,
1.976,
1.308,
1.593,
1.501,
2.42,
1.744,
1.811,
1.578,
1.538,
1.561,
1.965,
1.495,
2.087,
1.321,
1.255,
1.739,
1.185,
1.384,
1.058,
1.577,
1.462,
1.261,
1.714,
1.69,
1.278,
1.95,
1.904,
1.64,
2.157,
1.308,
1.176,
1.914,
1.901,
1.423,
1.658,
1.551,
1.485,
1.82,
1.926,
1.104,
2.195,
1.466,
2.011,
1.876,
2.094,
1.94,
1.842,
1.08,
2.689,
1.283,
1.651,
1.753,
1.468,
1.84,
1.607,
1.471,
1.633,
1.887,
1.467,
1.256,
1.43,
1.302,
1.532,
1.722,
1.157,
1.453,
1.592,
1.47,
1.586,
1.431,
1.494,
2.137,
2.725,
1.496,
1.284,
1.758,
1.276,
2.439,
2.654,
1.94,
1.671,
3.144,
2.033,
1.542,
1.806,
2.145,
1.37,
1.664,
1.386,
1.571,
1.377,
1.698,
1.89,
1.834,
1.476,
0.899,
2.399,
1.575,
3.037,
1.555,
1.472,
1.045,
1.65,
1.255,
1.937,
1.271,
2.198,
1.292,
1.673,
1.132,
1.435,
1.892,
1.543,
1.607,
1.617,
1.618,
2.321,
2.046,
1.466,
2.603,
1.691,
1.492,
1.534,
1.611,
1.322,
1.428,
1.301,
2.094,
1.882,
1.67,
1.213,
1.859,
1.436,
1.685,
1.435,
1.473,
1.27,
1.743,
1.646,
1.794,
1.488,
1.827,
1.283,
3.129,
1.825,
2.074,
1.683,
1.271,
1.93,
1.13,
1.721,
2.23,
1.298,
2.473,
1.802,
1.575,
1.392,
1.955,
1.851,
1.504,
1.474,
1.705,
1.497,
1.665,
1.875,
1.928,
1.443,
1.353,
1.628,
2.063,
1.797,
1.624,
1.561,
1.772,
2.01,
1.497,
1.49,
1.396,
1.358,
1.365,
2.921,
1.528,
1.407,
1.411,
2.035,
1.611,
1.918,
1.316,
1.592,
1.847,
1.335,
1.453,
1.77,
1.179,
1.446,
1.51,
1.547,
1.541,
1.359,
1.723,
1.347,
1.587,
1.395,
1.15,
2.649,
1.374,
1.287,
1.36,
1.087,
1.371,
1.341,
1.548,
2.643,
1.874,
1.268,
1.606,
1.555,
1.354,
1.758,
1.908,
1.448,
2.312,
1.749,
1.476,
1.348,
1.229,
1.385,
1.586,
1.536,
1.483,
1.319,
1.271,
2.152,
2.149,
2.168,
1.831,
1.259,
1.479,
1.388,
1.972,
0.765,
1.738,
1.298,
1.412,
1.767,
2.233,
1.351,
1.508,
1.37,
1.898,
1.461,
1.746,
2.746,
1.284,
1.638,
1.992,
1.602,
2.213,
1.964,
1.697,
1.34,
1.544,
1.76,
1.971,
1.664,
1.523,
1.693,
1.067,
1.559,
1.783,
0.794,
1.507,
1.654,
1.143,
2.087,
1.436,
1.626,
1.296,
1.776,
1.643,
1.742,
1.693,
1.182,
1.59,
1.798,
1.463,
1.95,
1.869,
1.189,
1.693,
1.508,
1.513,
1.267,
1.818,
1.411,
1.506,
1.683,
1.292,
1.65,
1.853,
1.843,
2.061,
1.728,
1.537,
1.579,
2.169,
1.325,
1.39,
2.143,
1.223,
2.04,
1.922,
1.77,
1.852,
1.698,
1.664,
1.65,
2.439,
1.034,
1.954,
1.596,
2.1,
1.884,
1.577,
2.12,
1.846,
1.819,
1.356,
1.867,
1.575,
1.402,
1.979,
1.777,
2.189,
2.217,
1.56,
1.155,
1.937,
1.544,
1.756,
1.193,
2.038,
2.358,
2.376,
1.557,
2.561,
1.388,
1.699,
1.075,
1.462,
1.743,
1.02,
1.419,
1.714,
1.176,
1.757,
1.481,
1.683,
2.117,
1.124,
1.931,
2.467,
1.521,
1.526,
1.38,
1.224,
2.152,
1.908,
1.61,
1.467,
2.167,
1.669,
1.784,
1.592,
1.636,
1.4,
1.544,
1.758,
1.741,
1.3,
1.903,
1.466,
1.954,
1.927,
1.714,
1.196,
1.383,
2.148,
1.176,
1.656,
1.723,
1.869,
1.387,
1.139,
1.679,
1.709,
1.876,
1.622,
1.495,
1.846,
1.586,
1.429,
1.59,
1.888,
2.049,
1.558,
3.134,
1.547,
2.166,
2.216,
1.729,
1.436,
1.576,
1.66,
1.567,
1.805,
1.23,
2.657,
2.62,
1.444,
1.801,
1.961,
1.092,
1.41,
2.3,
1.428,
1.126,
1.602,
1.42,
1.578,
2.388,
1.533,
1.367,
1.853,
2.334,
1.6,
2.794,
1.587,
1.481,
1.396,
1.228,
1.639,
1.778,
2.621,
1.318,
1.45,
1.947,
1.454,
1.554,
3.683,
4.075,
2.565,
1.781,
1.515,
1.534,
1.264,
1.722,
1.386,
1.525,
1.5,
1.734,
1.697,
1.109,
1.877,
1.419,
1.361,
1.465,
1.452,
1.552,
1.633,
2.541,
2.238,
2.192,
1.704,
2.323,
1.417,
1.322,
1.3,
1.318,
1.931,
1.43,
1.906,
1.68,
1.466,
2.016,
1.823,
1.808,
1.433,
1.127,
2.064,
1.428,
1.606,
1.365,
1.581,
1.738,
1.465,
1.744,
1.1,
1.096,
1.592,
1.281,
1.558,
1.404,
1.472,
1.632,
1.405,
1.413,
1.371,
1.43,
1.654,
3.24,
1.814,
2.3,
1.227,
1.606,
1.618,
1.355,
1.75,
1.595,
1.112,
1.704,
1.56,
1.46,
1.467,
1.688,
1.432,
1.685,
1.267,
2.854,
1.597,
1.599,
1.402,
1.476,
1.13,
1.455,
3.759,
1.451,
1.363,
1.445,
1.611,
1.311,
2.707,
1.059,
2.018,
1.196,
1.877,
2.357,
1.512,
1.502,
1.233,
1.752,
1.905,
1.357,
1.302,
1.489,
1.574,
1.356,
1.685,
2.235,
2.004,
1.749,
1.494,
1.645,
1.479,
1.38,
2.321,
1.422,
2.796,
1.266,
1.605,
1.732,
1.576,
1.583,
2.69,
1.425,
1.061,
1.37,
1.474,
1.283,
1.888,
1.375,
1.767,
1.366,
1.78,
1.541,
1.214,
2.074,
1.571,
3.099,
1.257,
1.754,
1.357,
1.28,
1.393,
1.808,
1.295,
1.411,
1.209,
1.209,
1.611,
1.657,
1.781,
1.842,
1.749,
2.127,
1.695,
1.949,
1.496,
1.52,
1.853,
1.314,
2.277,
1.572,
1.411,
1.981,
1.498,
1.695,
1.359,
1.333,
1.686,
1.786,
2.678,
1.412,
1.836,
1.693,
1.253,
1.865,
1.614,
1.89,
1.526,
1.46,
1.947,
2.17,
2.456,
1.301,
2.196,
1.409,
1.703,
1.418,
1.733,
1.65,
1.547,
2.138,
1.717,
1.561,
1.865,
1.548,
2.721,
1.647,
1.531,
1.386,
1.7,
1.289,
1.527,
1.472,
1.65,
1.417,
0.872,
1.408,
1.754,
1.456,
1.681,
2.392,
2.337,
1.92,
2.045,
2.548,
2.02,
1.374,
1.189,
1.688,
2.187,
1.657,
1.557,
2.223,
1.225,
2.037,
1.266,
1.334,
1.779,
1.469,
2.487,
1.394,
1.554,
2.681,
1.279,
2.027,
1.796,
1.653,
1.736,
1.703,
1.578,
1.569,
1.268,
1.086,
1.57,
1.907,
2.298,
2.01,
2.314,
1.427,
1.706,
1.505,
1.939,
1.456,
1.487,
1.305,
1.852,
1.362,
1.753,
2.114,
1.382,
1.545,
1.466,
1.834,
1.686,
1.819,
1.638,
1.706,
1.448,
1.539,
1.529,
1.378,
1.856,
1.226,
1.504,
1.965,
1.854,
1.52,
2.704,
1.35,
1.295,
1.671,
1.443,
1.608,
1.631,
1.142,
1.183,
1.91,
1.262,
1.308,
2.325,
2.235,
1.616,
1.32,
1.727,
1.313,
1.611,
1.604,
1.409,
1.228,
1.676,
1.563,
1.564,
1.307,
1.309,
1.202,
1.218,
1.685,
1.967,
1.512,
1.425,
1.387,
2.168,
1.688,
1.253,
1.311,
2.229,
1.772,
1.627,
1.72,
1.871,
1.418,
1.566,
1.296,
1.334,
1.424,
1.447,
1.71,
1.638,
1.586,
1.466,
1.563,
1.463,
1.258,
1.784,
1.414,
1.837,
1.014,
1.674,
1.326,
1.765,
1.701,
1.811,
1.801,
1.652,
2.61,
1.394,
1.72,
1.564,
1.883,
1.291,
1.511,
1.483,
1.606,
1.222,
2.325,
1.57,
1.568,
1.681,
1.525,
2.097,
1.486,
2.604,
1.278,
1.578,
1.949,
1.456,
1.667,
1.911,
2.127,
1.418,
1.808,
1.337,
2.034,
1.25,
1.558,
3.316,
1.649,

1.102,
1.731,
1.88,
1.692,
1.685,
1.914,
1.763,
1.637,
1.356,
1.519,
1.262,
1.696,
1.271,
1.558,
2.985,
1.388,
1.578,
1.084,
1.555,
1.381,
1.339,
1.25,
2.232,
1.741,
2.021,
2.586,
1.598,
1.547,
1.86,
1.313,
1.586,
1.559,
1.394,
1.593,
1.206,
2.076,
1.7,
2.025,
1.122,
1.488,
1.208,
1.269,
1.657,
1.305,
1.665,
1.357,
1.454,
1.35,
1.247,
1.965,
1.416,
1.397,
1.332,
1.473,
1.545,
1.362,
1.297,
1.259,
1.134,
1.504,
2.067,
1.409,
1.063,
1.385,
1.714,
1.146,
1.426,
1.526,
1.511,
1.287,
1.399,
2.595,
1.606,
2.092,
1.184,
1.635,
1.396,
1.839,
1.881,
1.556,
1.282,
2.031,
1.955,
1.254,
1.837,
1.56,
1.419,
1.801,
1.344,
1.974,
1.687,
1.476,
1.36,
1.593,
1.472,
1.35,
1.523,
1.735,
1.413,
1.612,
1.601,
1.619,
1.587,
2.098,
1.673,
2.134,
1.802,
1.503,
1.406,
1.603,
1.616,
1.208,
1.613,
1.63,
1.185,
1.887,
2.014,
1.923,
1.291,
1.412,
1.306,
1.359,
1.45,
2.036,
1.519,
1.439,
1.319,
1.694,
1.585,
1.603,
1.695,
1.319,
1.314,
1.194,
1.461,
2.191,
1.575,
1.382,
2.228,
1.255,
2.581,
1.299,
2.267,
1.217,
2.515,
1.834,
1.552,
1.566,
1.811,
1.82,
1.577,
1.645,
2.4,
1.332,
2.336,
1.845,
1.308,
1.356,
1.967,
1.547,
1.277,
1.485,
2.027,
1.923,
1.397,
1.42,
1.426,
1.574,
1.839,
1.749,
1.849,
1.835,
1.228,
1.531,
1.512,
2.644,
1.85,
1.808,
1.517,
1.559,
1.572,
1.927,
1.463,
2.055,
1.298,
1.278,
1.699,
1.207,
1.298,
1.17,
1.524,
1.534,
1.249,
1.657,
1.708,
1.243,
1.909,
1.831,
1.537,
2.203,
1.352,
1.249,
2.007,
1.762,
1.387,
1.623,
1.614,
1.504,
1.926,
1.82,
1.159,
2.254,
1.369,
2.151,
1.883,
2.093,
1.991,
1.767,
1.137,
2.563,
1.232,
1.657,
1.794,
1.477,
1.778,
1.631,
1.432,
1.695,
1.853,
1.512,
1.244,
1.389,
1.305,
1.519,
1.731,
1.16,
1.454,
1.549,
1.436,
1.538,
1.371,
1.408,
2.146,
2.745,
1.445,
1.276,
1.747,
1.278,
2.332,
2.606,
1.801,
1.692,
3.139,
1.967,
1.561,
1.784,
2.19,
1.355,
1.714,
1.287,
1.591,
1.349,
1.699,
1.749,
1.739,
1.627,
0.905,
2.391,
1.681,
2.897,
1.577,
1.425,
1.041,
1.683,
1.156,
1.922,
1.179,
2.261,
1.23,
1.505,
1.221,
1.356,
1.881,
1.455,
1.565,
1.608,
1.694,
2.252,
2.0,
1.477,
2.64,
1.7,
1.448,
1.516,
1.442,
1.287,
1.425,
1.369,
1.971,
1.701,
1.555,
1.202,
1.784,
1.412,
1.651,
1.349,
1.398,
1.269,
1.706,
1.54,
1.654,
1.503,
1.767,
1.293,
3.091,
1.749,
1.982,
1.652,
1.172,
1.831,
1.084,
1.674,
2.221,
1.249,
2.282,
1.924,
1.493,
1.373,
1.958,
1.74,
1.51,
1.582,
1.692,
1.502,
1.561,
1.887,
1.768,
1.402,
1.367,
1.46,
2.088,
1.771,
1.656,
1.524,
1.837,
1.966,
1.495,
1.45,
1.446,
1.399,
1.395,
2.939,
1.522,
1.371,
1.371,
1.978,
1.611,
1.91,
1.165,
1.605,
1.939,
1.412,
1.378,
1.788,
1.213,
1.417,
1.555,
1.463,
1.549,
1.371,
1.729,
1.388,
1.555,
1.398,
1.11,
2.799,
1.358,
1.267,
1.284,
1.172,
1.299,
1.372,
1.417,
2.653,
1.95,
1.233,
1.566,
1.617,
1.325,
1.807,
1.94,
1.437,
2.392,
1.673,
1.391,
1.322,
1.228,
1.377,
1.716,
1.539,
1.48,
1.328,
1.228,
2.017,
2.092,
2.247,
1.842,
1.318,
1.604,
1.443,
2.035,
0.787,
1.632,
1.244,
1.456,
1.621,
2.094,
1.453,
1.472,
1.453,
1.819,
1.437,
1.768,
2.783,
1.326,
1.641,
1.859,
1.536,
2.107,
1.955,
1.708,
1.358,
1.541,
1.62,
2.012,
1.592,
1.386,
1.659,
1.11,
1.579,
1.74,
0.832,
1.424,
1.674,
1.147,
1.975,
1.459,
1.524,
1.263,
1.791,
1.609,
1.849,
1.669,
1.124,
1.54,
1.672,
1.438,
1.889,
1.801,
1.121,
1.655,
1.531,
1.526,
1.303,
1.773,
1.356,
1.574,
1.644,
1.225,
1.735,
1.871,
1.742,
2.005,
1.677,
1.61,
1.542,
2.201,
1.354,
1.394,
1.981,
1.32,
1.939,
1.788,
1.727,
1.911,
1.675,
1.65,
1.549,
2.341,
1.011,
1.911,
1.539,
2.053,
1.757,
1.415,
2.059,
1.731,
1.88,
1.353,
1.739,
1.561,
1.449,
1.929,
1.786,
2.021,
2.085,
1.573,
1.115,
1.796,
1.467,
1.75,
1.241,
1.995,
2.399,
2.212,
1.536,
2.454,
1.402,
1.688,
1.034,
1.588,
1.766,
0.974,
1.471,
1.678,
1.16,
1.737,
1.511,
1.632,
2.257,
1.083,
1.898,
2.789,
1.534,
1.603,
1.369,
1.218,
2.186,
1.715,
1.648,
1.398,
2.078,
1.637,
1.819,
1.635,
1.707,
1.438,
1.514,
1.827,
1.735,
1.291,
1.716,
1.481,
1.852,
1.804,
1.681,
1.155,
1.327,
2.209,
1.149,
1.676,
1.827,
1.773,
1.394,
1.09,
1.719,
1.691,
1.839,
1.67,
1.453,
1.851,
1.551,
1.368,
1.488,
2.006,
1.966,
1.465,
3.155,
1.452,
1.974,
2.073,
1.716,
1.396,
1.593,
1.639,
1.565,
1.799,
1.229,
2.499,
2.447,
1.364,
1.751,
1.903,
1.066,
1.306,
2.234,
1.458,
1.129,
1.567,
1.414,
1.584,
2.436,
1.56,
1.351,
1.822,
2.304,
1.678,
2.661,
1.635,
1.533,
1.367,
1.192,
1.685,
1.809,
2.621,
1.334,
1.457,
1.887,
1.419,
1.512,
3.677,
3.925,
2.595,
1.921,
1.493,
1.637,
1.196,
1.727,
1.366,
1.501,
1.438,
1.663,
1.644,
1.06,
1.738,
1.434,
1.322,
1.547,
1.466,
1.458,
1.695,
2.492,
2.271,
2.01,
1.541,
2.309,
1.36,
1.464,
1.267,
1.3,
1.875,
1.409,
1.946,
1.66,
1.464,
1.974,
1.772,
1.836,
1.492,
1.127,
1.931,
1.502,
1.555,
1.378,
1.56,
1.709,
1.433,
1.743,
1.086,
1.103,
1.567,
1.248,
1.545,
1.39,
1.458,
1.565,
1.4,
1.512,
1.36,
1.555,
1.656,
3.171,
1.806,
2.112,
1.247,
1.52,
1.575,
1.395,
1.691,
1.589,
1.107,
1.595,
1.577,
1.385,
1.518,
1.752,
1.42,
1.544,
1.233,
2.888,
1.477,
1.613,
1.4,
1.482,
1.132,
1.389,
3.736,
1.441,
1.428,
1.351,
1.657,
1.184,
2.802,
1.014,
2.081,
1.211,
1.867,
2.38,
1.427,
1.49,
1.3,
1.752,
1.871,
1.355,
1.302,
1.452,
1.524,
1.315,
1.664,
2.254,
1.921,
1.636,
1.579,
1.769,
1.438,
1.213,
2.219,
1.406,
2.874,
1.3,
1.628,
1.638,
1.575,
1.561,
2.63,
1.399,
1.132,
1.388,
1.426,
1.328,
2.011,
1.339,
1.841,
1.367,
1.767,
1.581,
1.216,
2.007,
1.532,
2.991,
1.245,
1.611,
1.369,
1.23,
1.366,
1.852,
1.281,
1.486,
1.262,
1.177,
1.664,
1.581,
1.839,
1.84,
1.618,
2.139,
1.775,
1.92,
1.552,
1.523,
1.824,
1.214,
2.195,
1.493,
1.334,
1.86,
1.507,
1.646,
1.298,
1.397,
1.58,
1.723,
2.468,
1.372,
1.792,
1.61,
1.176,
1.843,
1.619,
1.772,
1.511,
1.473,
1.824,
2.116,
2.412,
1.312,
2.198,
1.443,
1.668,
1.353,
1.759,
1.631,
1.528,
1.941,
1.801,
1.512,
1.806,
1.492,
2.679,
1.648,
1.494,
1.354,
1.719,
1.331,
1.602,
1.464,
1.552,
1.429,
0.858,
1.421,
1.776,
1.481,
1.572,
2.236,
2.39,
1.828,
1.981,
2.629,
1.922,
1.365,
1.156,
1.681,
2.053,
1.681,
1.604,
2.217,
1.201,
1.988,
1.416,
1.279,
1.656,
1.346,
2.435,
1.272,
1.441,
2.649,
1.363,
2.149,
1.805,
1.644,
1.725,
1.662,
1.539,
1.603,
1.148,
1.096,
1.569,
1.976,
2.148,
2.05,
2.072,
1.37,
1.619,
1.381,
2.001,
1.41,
1.455,
1.305,
1.925,
1.506,
1.762,
2.123,
1.3,
1.525,
1.379,
1.816,
1.641,
1.803,
1.697,
1.645,
1.52,
1.609,
1.474,
1.382,
1.843,
1.261,
1.44,
1.974,
1.615,
1.532,
2.561,
1.332,
1.325,
1.596,
1.394,
1.491,
1.638,
1.105,
1.162,
1.941,
1.205,
1.325,
2.106,
2.14,
1.64,
1.215,
1.642,
1.268,
1.609,
1.484,
1.36,
1.248,
1.711,
1.515,
1.509,
1.279,
1.291,
1.128,
1.259,
1.645,
1.927,
1.531,
1.467,
1.43,
1.996,
1.579,
1.245,
1.274,
2.28,
1.819,
1.604,
1.695,
1.693,
1.441,
1.556,
1.266,
1.227,
1.545,
1.421,
1.707,
1.607,
1.538,
1.459,
1.637,
1.438,
1.227,
1.741,
1.4,
1.833,
1.093,
1.579,
1.307,
1.772,
1.683,
1.767,
1.879,
1.602,
2.555,
1.388,
1.777,
1.421,
1.76,
1.276,
1.459,
1.556,
1.631,
1.044,
2.08,
1.593,
1.604,
1.626,
1.526,
2.026,
1.41,
2.509,
1.288,
1.642,
1.99,
1.499,
1.666,
1.849,
2.038,
1.441,
1.818,
1.264,
2.135,
1.228,
1.557,
3.288,
1.638,

1.082,
1.579,
1.846,
1.521,
1.632,
1.821,
1.743,
1.372,
1.357,
1.56,
1.186,
1.615,
1.241,
1.562,
2.851,
1.376,
1.544,
1.087,
1.439,
1.339,
1.33,
1.153,
2.141,
1.673,
2.043,
2.574,
1.547,
1.541,
1.786,
1.208,
1.517,
1.507,
1.274,
1.46,
1.193,
2.119,
1.626,
1.978,
1.131,
1.448,
1.144,
1.223,
1.626,
1.326,
1.637,
1.354,
1.441,
1.351,
1.262,
1.982,
1.374,
1.32,
1.242,
1.475,
1.479,
1.237,
1.348,
1.184,
1.119,
1.404,
2.02,
1.414,
1.018,
1.368,
1.645,
1.138,
1.35,
1.512,
1.582,
1.293,
1.321,
2.427,
1.607,
2.109,
1.089,
1.617,
1.301,
1.729,
1.736,
1.371,
1.293,
1.821,
1.787,
1.165,
1.842,
1.489,
1.413,
1.725,
1.35,
1.896,
1.634,
1.294,
1.313,
1.592,
1.475,
1.303,
1.457,
1.59,
1.369,
1.585,
1.586,
1.64,
1.535,
2.239,
1.618,
1.926,
1.834,
1.539,
1.247,
1.532,
1.546,
1.191,
1.438,
1.598,
1.165,
1.768,
1.89,
1.805,
1.231,
1.412,
1.251,
1.406,
1.481,
1.983,
1.52,
1.359,
1.35,
1.676,
1.595,
1.612,
1.705,
1.205,
1.307,
1.081,
1.41,
2.14,
1.526,
1.345,
2.063,
1.111,
2.455,
1.262,
2.271,
1.172,
2.462,
1.885,
1.601,
1.56,
1.822,
1.751,
1.538,
1.622,
2.281,
1.278,
2.18,
1.851,
1.29,
1.194,
1.907,
1.515,
1.225,
1.428,
1.997,
1.892,
1.409,
1.42,
1.376,
1.573,
1.787,
1.707,
1.865,
1.741,
1.211,
1.448,
1.495,
2.321,
1.759,
1.793,
1.432,
1.435,
1.522,
1.951,
1.416,
1.992,
1.24,
1.199,
1.703,
1.157,
1.275,
1.133,
1.486,
1.414,
1.183,
1.636,
1.625,
1.228,
1.787,
1.874,
1.424,
2.092,
1.325,
1.112,
1.839,
1.677,
1.387,
1.568,
1.475,
1.45,
1.717,
1.808,
1.102,
2.092,
1.387,
1.999,
1.862,
2.06,
1.829,
1.668,
1.035,
2.393,
1.199,
1.618,
1.727,
1.406,
1.771,
1.545,
1.393,
1.604,
1.794,
1.418,
1.222,
1.38,
1.307,
1.509,
1.692,
1.119,
1.394,
1.475,
1.379,
1.438,
1.339,
1.364,
2.103,
2.685,
1.421,
1.231,
1.71,
1.195,
2.455,
2.446,
1.725,
1.57,
3.015,
1.844,
1.424,
1.744,
2.085,
1.341,
1.599,
1.31,
1.521,
1.292,
1.622,
1.747,
1.746,
1.435,
0.856,
2.389,
1.593,
2.797,
1.525,
1.408,
1.082,
1.625,
1.144,
1.78,
1.17,
2.13,
1.211,
1.467,
1.158,
1.362,
1.874,
1.316,
1.541,
1.601,
1.627,
2.096,
1.903,
1.494,
2.497,
1.591,
1.353,
1.463,
1.462,
1.243,
1.351,
1.289,
1.981,
1.679,
1.52,
1.181,
1.81,
1.405,
1.622,
1.324,
1.463,
1.268,
1.585,
1.523,
1.579,
1.466,
1.637,
1.198,
3.091,
1.606,
1.875,
1.606,
1.086,
1.84,
1.036,
1.505,
1.998,
1.23,
2.291,
1.845,
1.512,
1.3,
1.807,
1.641,
1.498,
1.485,
1.68,
1.502,
1.528,
1.774,
1.778,
1.435,
1.354,
1.496,
2.004,
1.728,
1.57,
1.48,
1.773,
1.795,
1.388,
1.36,
1.431,
1.365,
1.395,
2.932,
1.456,
1.392,
1.414,
1.925,
1.492,
1.689,
1.132,
1.509,
1.868,
1.272,
1.301,
1.688,
1.119,
1.339,
1.288,
1.465,
1.433,
1.326,
1.636,
1.403,
1.527,
1.293,
1.13,
2.446,
1.364,
1.21,
1.247,
1.044,
1.327,
1.376,
1.366,
2.479,
1.94,
1.203,
1.555,
1.495,
1.293,
1.645,
1.837,
1.404,
2.294,
1.756,
1.387,
1.325,
1.268,
1.361,
1.693,
1.411,
1.379,
1.276,
1.197,
1.99,
1.945,
2.123,
1.688,
1.245,
1.515,
1.36,
1.931,
0.73,
1.624,
1.197,
1.355,
1.727,
2.023,
1.333,
1.433,
1.391,
1.818,
1.371,
1.616,
2.585,
1.271,
1.596,
1.803,
1.535,
2.005,
1.911,
1.665,
1.336,
1.532,
1.684,
1.936,
1.563,
1.368,
1.558,
1.044,
1.529,
1.706,
0.806,
1.402,
1.605,
1.17,
1.955,
1.338,
1.519,
1.255,
1.618,
1.59,
1.651,
1.603,
1.124,
1.507,
1.699,
1.404,
1.854,
1.765,
1.129,
1.646,
1.437,
1.474,
1.282,
1.697,
1.364,
1.482,
1.625,
1.195,
1.654,
1.756,
1.687,
2.004,
1.695,
1.503,
1.566,
2.159,
1.357,
1.263,
2.02,
1.174,
1.86,
1.73,
1.584,
1.907,
1.61,
1.488,
1.582,
2.307,
0.989,
1.803,
1.501,
1.905,
1.708,
1.436,
1.968,
1.731,
1.804,
1.319,
1.774,
1.61,
1.414,
1.873,
1.703,
1.934,
2.047,
1.417,
1.069,
1.762,
1.383,
1.732,
1.252,
1.965,
2.416,
2.116,
1.506,
2.451,
1.346,
1.68,
1.035,
1.496,
1.713,
0.968,
1.434,
1.598,
1.146,
1.684,
1.479,
1.591,
2.146,
1.047,
1.87,
2.529,
1.479,
1.539,
1.344,
1.186,
2.081,
1.763,
1.663,
1.258,
2.059,
1.637,
1.596,
1.561,
1.699,
1.436,
1.348,
1.778,
1.715,
1.208,
1.744,
1.395,
1.674,
1.796,
1.646,
1.131,
1.242,
2.214,
1.141,
1.537,
1.762,
1.692,
1.382,
1.084,
1.59,
1.653,
1.727,
1.561,
1.476,
1.877,
1.556,
1.372,
1.529,
1.891,
1.948,
1.457,
3.099,
1.405,
1.914,
2.073,
1.61,
1.422,
1.473,
1.601,
1.552,
1.681,
1.167,
2.355,
2.427,
1.26,
1.635,
1.834,
1.103,
1.289,
2.223,
1.395,
1.174,
1.576,
1.393,
1.6,
2.262,
1.481,
1.352,
1.634,
2.225,
1.626,
2.756,
1.482,
1.531,
1.343,
1.136,
1.685,
1.603,
2.582,
1.334,
1.415,
1.972,
1.397,
1.496,
3.588,
4.011,
2.458,
1.796,
1.517,
1.572,
1.217,
1.61,
1.284,
1.436,
1.417,
1.649,
1.564,
0.988,
1.68,
1.333,
1.196,
1.44,
1.475,
1.465,
1.592,
2.288,
2.208,
1.944,
1.588,
2.228,
1.368,
1.346,
1.216,
1.286,
1.875,
1.368,
1.691,
1.696,
1.487,
1.91,
1.625,
1.735,
1.354,
1.097,
1.95,
1.405,
1.487,
1.274,
1.448,
1.609,
1.276,
1.733,
1.074,
1.055,
1.571,
1.207,
1.466,
1.3,
1.472,
1.495,
1.38,
1.453,
1.281,
1.446,
1.592,
3.044,
1.672,
2.107,
1.234,
1.481,
1.537,
1.336,
1.632,
1.467,
1.11,
1.562,
1.514,
1.39,
1.46,
1.671,
1.434,
1.48,
1.23,
2.74,
1.544,
1.547,
1.305,
1.449,
1.107,
1.21,
3.604,
1.376,
1.323,
1.288,
1.623,
1.158,
2.626,
0.974,
1.85,
1.159,
1.867,
2.241,
1.406,
1.496,
1.236,
1.66,
1.79,
1.331,
1.216,
1.417,
1.56,
1.237,
1.623,
2.116,
1.821,
1.544,
1.462,
1.572,
1.439,
1.24,
2.207,
1.402,
2.638,
1.232,
1.626,
1.641,
1.519,
1.48,
2.417,
1.42,
1.054,
1.385,
1.348,
1.229,
1.888,
1.365,
1.747,
1.332,
1.669,
1.585,
1.179,
1.956,
1.456,
2.849,
1.247,
1.569,
1.361,
1.124,
1.329,
1.796,
1.235,
1.473,
1.19,
1.071,
1.606,
1.574,
1.713,
1.774,
1.62,
2.027,
1.741,
1.781,
1.471,
1.513,
1.708,
1.214,
2.193,
1.453,
1.337,
1.803,
1.52,
1.592,
1.28,
1.365,
1.457,
1.69,
2.401,
1.369,
1.771,
1.564,
1.205,
1.749,
1.589,
1.721,
1.49,
1.432,
1.836,
2.056,
2.25,
1.244,
2.067,
1.317,
1.571,
1.338,
1.729,
1.643,
1.524,
1.941,
1.711,
1.524,
1.787,
1.501,
2.624,
1.648,
1.468,
1.313,
1.632,
1.326,
1.578,
1.464,
1.468,
1.489,
0.825,
1.361,
1.701,
1.401,
1.582,
2.04,
2.316,
1.729,
1.899,
2.39,
1.994,
1.364,
1.097,
1.639,
1.982,
1.731,
1.522,
2.119,
1.188,
1.958,
1.364,
1.14,
1.448,
1.262,
2.384,
1.258,
1.471,
2.646,
1.3,
1.867,
1.704,
1.577,
1.731,
1.696,
1.554,
1.536,
1.158,
1.081,
1.548,
1.852,
2.113,
1.885,
2.084,
1.362,
1.557,
1.285,
1.89,
1.413,
1.459,
1.211,
1.792,
1.325,
1.661,
2.062,
1.302,
1.485,
1.368,
1.775,
1.607,
1.673,
1.554,
1.66,
1.44,
1.475,
1.483,
1.378,
1.853,
1.145,
1.367,
1.988,
1.669,
1.479,
2.512,
1.277,
1.263,
1.507,
1.396,
1.392,
1.597,
1.081,
1.13,
1.901,
1.227,
1.225,
2.143,
2.241,
1.609,
1.255,
1.557,
1.24,
1.5,
1.427,
1.358,
1.189,
1.572,
1.512,
1.509,
1.217,
1.204,
1.129,
1.266,
1.56,
1.85,
1.421,
1.41,
1.36,
1.994,
1.562,
1.218,
1.259,
2.182,
1.653,
1.569,
1.632,
1.625,
1.322,
1.429,
1.221,
1.271,
1.532,
1.34,
1.631,
1.555,
1.575,
1.35,
1.553,
1.373,
1.209,
1.654,
1.375,
1.708,
0.996,
1.416,
1.205,
1.617,
1.585,
1.709,
1.742,
1.512,
2.548,
1.36,
1.699,
1.437,
1.656,
1.217,
1.386,
1.44,
1.614,
1.044,
2.06,
1.504,
1.623,
1.576,
1.372,
2.016,
1.361,
2.445,
1.222,
1.559,
1.854,
1.38,
1.556,
1.768,
1.806,
1.399,
1.815,
1.277,
1.96,
1.204,
1.55,
2.995,
1.582,

1.264,
1.646,
1.862,
1.825,
1.84,
2.073,
1.803,
1.479,
1.464,
1.791,
1.312,
1.733,
1.326,
1.786,
3.024,
1.504,
1.62,
1.153,
1.583,
1.554,
1.368,
1.278,
2.19,
1.874,
2.153,
2.594,
1.581,
1.661,
2.024,
1.357,
1.666,
1.619,
1.422,
1.549,
1.284,
2.212,
1.913,
2.149,
1.305,
1.838,
1.236,
1.434,
1.799,
1.426,
1.665,
1.484,
1.546,
1.487,
1.319,
2.077,
1.575,
1.364,
1.51,
1.528,
1.659,
1.308,
1.373,
1.557,
1.135,
1.537,
2.08,
1.429,
1.116,
1.371,
1.703,
1.36,
1.578,
1.556,
1.448,
1.693,
1.458,
2.436,
1.754,
2.154,
1.282,
1.663,
1.405,
1.967,
1.912,
1.504,
1.476,
2.012,
2.145,
1.332,
1.899,
1.612,
1.42,
1.846,
1.415,
2.022,
1.765,
1.463,
1.486,
1.699,
1.716,
1.413,
1.756,
1.865,
1.406,
1.747,
1.645,
1.662,
1.771,
2.317,
1.663,
2.085,
1.918,
1.581,
1.355,
1.87,
1.586,
1.5,
1.689,
1.801,
1.289,
2.035,
2.015,
2.024,
1.379,
1.821,
1.387,
1.39,
1.701,
2.009,
1.64,
1.477,
1.392,
1.862,
1.642,
1.807,
1.837,
1.482,
1.301,
1.278,
1.462,
2.411,
1.549,
1.402,
2.334,
1.224,
2.669,
1.443,
2.226,
1.344,
2.483,
2.193,
1.721,
1.651,
1.992,
1.918,
1.75,
1.698,
2.595,
1.473,
2.272,
1.976,
1.324,
1.374,
2.11,
1.537,
1.346,
1.552,
2.155,
2.057,
1.603,
1.653,
1.495,
1.554,
2.021,
1.818,
2.071,
1.958,
1.146,
1.546,
1.471,
2.722,
1.714,
1.873,
1.531,
1.598,
1.767,
2.17,
1.433,
1.996,
1.396,
1.302,
1.83,
1.431,
1.5,
1.277,
1.565,
1.638,
1.147,
1.793,
1.697,
1.287,
2.001,
1.972,
1.515,
2.065,
1.433,
1.261,
1.993,
1.781,
1.609,
1.621,
1.448,
1.453,
1.94,
1.907,
1.184,
2.417,
1.696,
2.042,
1.818,
2.045,
2.022,
1.766,
1.234,
2.654,
1.268,
1.807,
1.845,
1.439,
1.82,
1.626,
1.357,
1.715,
1.976,
1.615,
1.615,
1.493,
1.402,
1.666,
1.803,
1.333,
1.66,
1.571,
1.514,
1.82,
1.508,
1.688,
2.184,
2.927,
1.446,
1.37,
1.789,
1.359,
2.715,
2.762,
1.942,
1.753,
2.99,
2.135,
1.45,
1.717,
2.289,
1.436,
1.749,
1.375,
1.561,
1.599,
1.749,
1.903,
1.896,
1.704,
0.999,
2.399,
1.679,
2.872,
1.738,
1.468,
1.15,
1.692,
1.231,
2.021,
1.343,
2.389,
1.319,
1.515,
1.324,
1.423,
1.884,
1.669,
1.624,
1.742,
1.728,
2.283,
2.16,
1.565,
2.585,
1.886,
1.608,
1.529,
1.492,
1.559,
1.455,
1.369,
2.102,
1.748,
1.759,
1.418,
1.761,
1.411,
1.659,
1.422,
1.406,
1.283,
1.71,
1.594,
1.964,
1.512,
1.903,
1.549,
3.178,
1.841,
2.123,
1.929,
1.25,
1.85,
1.213,
1.633,
2.144,
1.335,
2.368,
2.168,
1.484,
1.411,
1.952,
2.197,
1.425,
1.67,
1.688,
1.517,
1.654,
1.985,
1.887,
1.528,
1.433,
1.769,
2.216,
1.724,
1.804,
1.682,
2.052,
2.066,
1.525,
1.487,
1.738,
1.512,
1.563,
3.14,
1.734,
1.481,
1.464,
2.105,
1.594,
1.906,
1.347,
1.665,
2.103,
1.393,
1.416,
1.763,
1.215,
1.393,
1.384,
1.594,
1.595,
1.425,
1.702,
1.532,
1.646,
1.441,
1.318,
2.686,
1.363,
1.222,
1.396,
1.225,
1.72,
1.512,
1.694,
2.573,
1.909,
1.377,
1.669,
1.912,
1.469,
1.936,
1.906,
1.444,
2.342,
1.81,
1.464,
1.418,
1.521,
1.548,
1.663,
1.646,
1.539,
1.34,
1.374,
2.247,
2.13,
2.37,
1.979,
1.383,
1.564,
1.518,
1.979,
0.999,
1.978,
1.33,
1.472,
1.727,
2.014,
1.439,
1.935,
1.698,
2.063,
1.474,
1.807,
2.867,
1.454,
1.972,
1.937,
1.638,
2.028,
2.205,
1.723,
1.455,
1.622,
1.627,
2.045,
1.759,
1.443,
1.746,
1.218,
1.636,
1.729,
0.999,
1.567,
1.686,
1.189,
2.167,
1.452,
1.605,
1.399,
1.846,
1.733,
1.975,
1.693,
1.326,
1.912,
1.791,
1.465,
2.111,
1.879,
1.314,
1.669,
1.623,
1.69,
1.405,
1.727,
1.426,
1.499,
1.812,
1.381,
1.918,
1.884,
1.924,
1.888,
1.709,
1.571,
1.611,
2.382,
1.533,
1.554,
2.073,
1.426,
2.469,
1.945,
1.796,
1.98,
1.712,
1.648,
1.741,
2.441,
1.116,
2.088,
1.638,
2.087,
1.876,
1.514,
2.051,
1.726,
1.866,
1.406,
2.043,
1.609,
1.632,
1.912,
1.766,
2.04,
2.165,
1.753,
1.322,
2.035,
1.573,
1.789,
1.244,
2.115,
2.489,
2.39,
1.837,
2.505,
1.417,
1.991,
1.126,
1.534,
1.778,
1.016,
1.483,
1.793,
1.281,
1.768,
1.572,
1.886,
2.104,
1.204,
2.132,
2.768,
1.759,
1.622,
1.68,
1.393,
2.237,
1.82,
1.644,
1.476,
2.195,
1.779,
1.921,
2.097,
1.741,
1.863,
1.567,
1.748,
1.853,
1.522,
1.881,
1.579,
1.965,
1.857,
1.735,
1.241,
1.329,
2.451,
1.169,
1.723,
1.877,
1.846,
1.529,
1.108,
1.708,
1.897,
1.984,
1.854,
1.464,
1.846,
1.669,
1.41,
1.653,
2.035,
2.031,
1.668,
3.233,
1.454,
2.182,
2.306,
1.623,
1.65,
1.521,
1.618,
1.554,
1.674,
1.248,
2.665,
2.435,
1.507,
1.673,
1.916,
1.133,
1.394,
2.255,
1.553,
1.15,
1.568,
1.76,
1.703,
2.412,
1.602,
1.422,
1.795,
2.267,
1.724,
2.876,
1.733,
1.497,
1.576,
1.333,
1.874,
1.753,
2.668,
1.614,
1.539,
2.278,
1.547,
1.745,
3.911,
3.999,
2.43,
2.03,
1.531,
1.622,
1.403,
1.919,
1.445,
1.457,
1.63,
1.833,
1.705,
1.249,
1.746,
1.49,
1.359,
1.607,
1.557,
1.599,
1.725,
2.411,
2.266,
1.96,
1.837,
2.451,
1.615,
1.413,
1.308,
1.329,
2.087,
1.513,
1.911,
1.642,
1.471,
1.971,
1.701,
1.949,
1.632,
1.397,
1.997,
1.595,
1.547,
1.609,
1.676,
2.183,
1.445,
1.823,
1.459,
1.202,
1.576,
1.262,
1.525,
1.348,
1.523,
1.518,
1.554,
1.475,
1.652,
1.511,
1.757,
3.386,
1.82,
2.104,
1.29,
1.624,
1.561,
1.538,
1.723,
1.584,
1.223,
1.641,
1.56,
1.497,
1.69,
1.764,
1.647,
1.571,
1.321,
3.014,
1.533,
1.682,
1.435,
1.531,
1.388,
1.483,
3.759,
1.476,
1.354,
1.483,
1.724,
1.349,
3.048,
1.254,
2.002,
1.344,
1.859,
2.316,
1.668,
1.573,
1.257,
1.804,
1.962,
1.424,
1.53,
1.452,
1.555,
1.209,
1.805,
2.201,
1.967,
1.809,
1.605,
1.807,
1.808,
1.645,
2.227,
1.467,
2.763,
1.366,
1.775,
1.85,
1.617,
1.703,
2.758,
1.37,
1.264,
1.441,
1.559,
1.52,
2.216,
1.441,
1.815,
1.6,
1.76,
1.678,
1.275,
2.013,
1.567,
2.942,
1.355,
1.679,
1.352,
1.269,
1.545,
2.075,
1.384,
1.788,
1.338,
1.218,
1.747,
1.713,
1.782,
1.883,
1.819,
2.118,
1.873,
2.079,
1.515,
1.575,
1.851,
1.346,
2.174,
1.567,
1.346,
1.82,
1.622,
1.671,
1.372,
1.453,
1.754,
1.835,
2.436,
1.466,
1.811,
1.602,
1.255,
2.041,
1.712,
2.028,
1.731,
1.904,
1.867,
2.233,
2.322,
1.318,
2.407,
1.439,
1.628,
1.378,
1.826,
1.589,
1.627,
2.117,
1.99,
1.575,
1.811,
1.506,
2.627,
1.719,
1.515,
1.518,
1.756,
1.371,
1.686,
1.487,
1.808,
1.603,
1.112,
1.415,
1.764,
1.608,
1.6,
2.348,
2.429,
2.072,
1.957,
2.598,
2.04,
1.581,
1.193,
1.819,
2.278,
1.694,
1.498,
2.285,
1.405,
2.145,
1.423,
1.533,
1.667,
1.442,
2.452,
1.221,
1.519,
2.669,
1.301,
2.124,
1.832,
1.641,
1.893,
1.717,
1.579,
1.679,
1.245,
1.154,
1.625,
1.911,
2.156,
2.007,
2.175,
1.602,
1.728,
1.549,
1.993,
1.587,
1.636,
1.737,
1.853,
1.677,
1.682,
2.11,
1.566,
1.62,
1.619,
1.915,
1.955,
1.828,
1.924,
1.724,
1.532,
1.654,
1.514,
1.473,
1.943,
1.291,
1.483,
1.985,
1.751,
1.501,
2.745,
1.535,
1.419,
1.784,
1.809,
1.556,
1.637,
1.274,
1.259,
2.154,
1.394,
1.355,
2.447,
2.111,
1.654,
1.304,
1.604,
1.414,
1.6,
1.674,
1.584,
1.232,
1.829,
1.546,
1.548,
1.536,
1.521,
1.425,
1.317,
1.628,
1.91,
1.678,
1.578,
1.458,
2.036,
1.72,
1.24,
1.329,
2.221,
1.683,
1.74,
1.699,
1.841,
1.469,
1.617,
1.256,
1.248,
1.889,
1.446,
1.743,
1.593,
1.705,
1.651,
1.592,
1.587,
1.24,
1.768,
1.469,
2.029,
1.235,
1.7,
1.32,
1.979,
1.608,
1.796,
1.873,
1.571,
2.504,
1.523,
1.779,
1.441,
1.946,
1.498,
1.512,
1.929,
1.584,
1.089,
2.371,
1.517,
1.769,
1.905,
1.589,
2.308,
1.529,
2.961,
1.352,
1.638,
1.974,
1.585,
1.645,
2.022,
2.084,
1.414,
2.058,
1.396,
2.092,
1.343,
1.725,
3.121,
1.975,

1.115,
1.551,
1.696,
1.532,
1.593,
1.836,
1.726,
1.359,
1.33,
1.483,
1.21,
1.486,
1.225,
1.484,
2.651,
1.269,
1.315,
1.089,
1.519,
1.255,
1.335,
1.137,
2.067,
1.698,
1.859,
2.455,
1.511,
1.465,
1.716,
1.162,
1.435,
1.513,
1.299,
1.287,
1.152,
1.921,
1.539,
1.9,
1.069,
1.375,
1.164,
1.193,
1.661,
1.365,
1.478,
1.317,
1.349,
1.263,
1.198,
1.894,
1.37,
1.289,
1.263,
1.425,
1.508,
1.192,
1.297,
1.196,
0.998,
1.368,
1.926,
1.374,
1.026,
1.293,
1.572,
1.1,
1.403,
1.436,
1.321,
1.258,
1.282,
2.264,
1.518,
1.967,
1.089,
1.585,
1.282,
1.541,
1.704,
1.486,
1.207,
1.746,
1.723,
1.132,
1.744,
1.466,
1.405,
1.781,
1.307,
1.823,
1.577,
1.292,
1.251,
1.545,
1.427,
1.356,
1.403,
1.505,
1.386,
1.491,
1.575,
1.565,
1.495,
2.066,
1.578,
1.931,
1.828,
1.534,
1.272,
1.441,
1.53,
1.159,
1.411,
1.592,
1.17,
1.716,
1.807,
1.724,
1.202,
1.422,
1.133,
1.288,
1.388,
1.899,
1.479,
1.306,
1.144,
1.636,
1.524,
1.569,
1.615,
1.238,
1.256,
1.045,
1.355,
2.212,
1.413,
1.258,
1.963,
1.074,
2.407,
1.234,
2.077,
1.224,
2.193,
1.76,
1.532,
1.562,
1.686,
1.729,
1.465,
1.624,
2.095,
1.271,
2.157,
1.814,
1.28,
1.186,
1.827,
1.33,
1.124,
1.373,
1.997,
1.812,
1.397,
1.429,
1.376,
1.461,
1.742,
1.643,
1.879,
1.656,
1.15,
1.468,
1.451,
2.282,
1.628,
1.702,
1.425,
1.369,
1.441,
1.906,
1.366,
1.867,
1.288,
1.211,
1.62,
1.17,
1.273,
1.101,
1.48,
1.378,
1.135,
1.584,
1.617,
1.15,
1.668,
1.831,
1.421,
2.064,
1.267,
1.16,
1.677,
1.705,
1.29,
1.53,
1.335,
1.425,
1.761,
1.766,
1.121,
2.128,
1.314,
1.984,
1.801,
1.853,
1.823,
1.618,
1.036,
2.486,
1.124,
1.522,
1.622,
1.424,
1.634,
1.558,
1.313,
1.541,
1.669,
1.334,
1.168,
1.378,
1.212,
1.403,
1.542,
1.135,
1.398,
1.43,
1.366,
1.447,
1.372,
1.377,
2.017,
2.559,
1.29,
1.224,
1.692,
1.132,
2.298,
2.388,
1.683,
1.526,
3.009,
1.8,
1.421,
1.619,
1.895,
1.315,
1.547,
1.226,
1.502,
1.232,
1.538,
1.691,
1.775,
1.435,
0.831,
2.245,
1.548,
2.72,
1.529,
1.355,
1.014,
1.546,
1.162,
1.772,
1.157,
2.074,
1.176,
1.404,
1.131,
1.248,
1.732,
1.261,
1.399,
1.471,
1.498,
1.978,
1.8,
1.323,
2.302,
1.494,
1.371,
1.387,
1.423,
1.183,
1.375,
1.24,
1.85,
1.574,
1.464,
1.202,
1.563,
1.347,
1.579,
1.275,
1.296,
1.208,
1.571,
1.426,
1.53,
1.384,
1.585,
1.222,
3.159,
1.671,
1.922,
1.666,
1.12,
1.733,
1.009,
1.483,
1.919,
1.229,
2.289,
1.838,
1.504,
1.273,
1.787,
1.544,
1.514,
1.408,
1.646,
1.413,
1.502,
1.749,
1.76,
1.263,
1.354,
1.504,
1.831,
1.64,
1.509,
1.434,
1.539,
1.753,
1.335,
1.368,
1.347,
1.274,
1.295,
2.712,
1.472,
1.235,
1.377,
1.914,
1.506,
1.698,
1.101,
1.394,
1.881,
1.28,
1.385,
1.614,
1.102,
1.32,
1.288,
1.457,
1.387,
1.26,
1.513,
1.306,
1.476,
1.269,
1.106,
2.382,
1.322,
1.146,
1.347,
1.028,
1.241,
1.349,
1.367,
2.378,
1.807,
1.121,
1.439,
1.523,
1.289,
1.633,
1.864,
1.373,
2.151,
1.672,
1.308,
1.304,
1.211,
1.294,
1.523,
1.446,
1.357,
1.268,
1.184,
2.154,
1.852,
1.981,
1.696,
1.153,
1.473,
1.287,
1.946,
0.73,
1.634,
1.182,
1.241,
1.659,
1.961,
1.26,
1.398,
1.301,
1.845,
1.381,
1.535,
2.525,
1.235,
1.587,
1.571,
1.455,
1.892,
1.788,
1.598,
1.249,
1.496,
1.582,
1.791,
1.545,
1.322,
1.582,
1.024,
1.448,
1.641,
0.794,
1.455,
1.528,
1.13,
1.775,
1.275,
1.434,
1.278,
1.614,
1.54,
1.654,
1.567,
1.113,
1.487,
1.634,
1.33,
1.833,
1.736,
1.099,
1.522,
1.394,
1.5,
1.208,
1.636,
1.291,
1.469,
1.593,
1.213,
1.569,
1.762,
1.621,
1.824,
1.568,
1.536,
1.505,
2.143,
1.383,
1.285,
1.905,
1.111,
1.892,
1.749,
1.5,
1.789,
1.61,
1.432,
1.542,
2.199,
0.956,
1.751,
1.448,
1.778,
1.684,
1.365,
1.934,
1.726,
1.645,
1.235,
1.703,
1.557,
1.375,
1.784,
1.655,
1.868,
1.992,
1.376,
1.034,
1.67,
1.421,
1.615,
1.215,
1.868,
2.368,
2.14,
1.443,
2.355,
1.294,
1.619,
0.994,
1.363,
1.73,
0.927,
1.394,
1.629,
1.107,
1.624,
1.382,
1.569,
2.014,
0.973,
1.805,
2.45,
1.469,
1.418,
1.303,
1.169,
1.963,
1.619,
1.51,
1.278,
1.944,
1.589,
1.613,
1.61,
1.547,
1.402,
1.35,
1.649,
1.601,
1.193,
1.589,
1.365,
1.627,
1.766,
1.572,
1.112,
1.177,
1.998,
1.123,
1.554,
1.623,
1.638,
1.32,
1.047,
1.519,
1.469,
1.645,
1.51,
1.354,
1.659,
1.483,
1.363,
1.367,
1.901,
1.781,
1.436,
2.754,
1.429,
1.952,
2.077,
1.593,
1.444,
1.457,
1.57,
1.442,
1.573,
1.13,
2.464,
2.483,
1.394,
1.533,
1.841,
1.086,
1.216,
2.046,
1.409,
1.114,
1.526,
1.327,
1.561,
2.183,
1.51,
1.308,
1.592,
2.085,
1.519,
2.49,
1.46,
1.408,
1.269,
1.104,
1.641,
1.627,
2.537,
1.308,
1.287,
1.806,
1.32,
1.465,
3.631,
3.696,
2.283,
1.709,
1.339,
1.534,
1.24,
1.536,
1.372,
1.36,
1.39,
1.591,
1.49,
0.957,
1.579,
1.325,
1.162,
1.429,
1.399,
1.35,
1.595,
2.252,
2.134,
1.831,
1.522,
2.195,
1.273,
1.277,
1.204,
1.207,
1.731,
1.313,
1.646,
1.604,
1.386,
1.91,
1.74,
1.753,
1.36,
1.011,
1.904,
1.371,
1.317,
1.25,
1.421,
1.607,
1.268,
1.651,
1.044,
1.015,
1.429,
1.207,
1.375,
1.289,
1.319,
1.491,
1.344,
1.358,
1.233,
1.382,
1.572,
3.098,
1.638,
2.016,
1.201,
1.446,
1.501,
1.298,
1.626,
1.451,
1.06,
1.611,
1.483,
1.283,
1.307,
1.64,
1.299,
1.408,
1.139,
2.482,
1.422,
1.528,
1.238,
1.414,
1.061,
1.233,
3.155,
1.405,
1.295,
1.328,
1.491,
1.16,
2.632,
0.93,
1.671,
1.082,
1.807,
2.081,
1.38,
1.415,
1.193,
1.615,
1.716,
1.276,
1.21,
1.364,
1.541,
1.176,
1.585,
1.943,
1.692,
1.542,
1.415,
1.549,
1.343,
1.187,
1.94,
1.348,
2.481,
1.22,
1.582,
1.583,
1.442,
1.421,
2.335,
1.349,
1.006,
1.332,
1.311,
1.143,
1.824,
1.329,
1.653,
1.249,
1.615,
1.51,
1.151,
1.932,
1.414,
2.745,
1.18,
1.64,
1.291,
1.133,
1.239,
1.782,
1.187,
1.447,
1.163,
1.112,
1.627,
1.579,
1.706,
1.699,
1.647,
1.937,
1.75,
1.688,
1.418,
1.439,
1.695,
1.183,
1.935,
1.394,
1.24,
1.766,
1.486,
1.56,
1.275,
1.313,
1.454,
1.545,
2.344,
1.227,
1.722,
1.513,
1.149,
1.681,
1.49,
1.715,
1.415,
1.382,
1.718,
1.999,
2.317,
1.183,
2.055,
1.37,
1.503,
1.187,
1.649,
1.513,
1.457,
1.806,
1.671,
1.469,
1.732,
1.353,
2.434,
1.545,
1.346,
1.229,
1.554,
1.309,
1.497,
1.377,
1.489,
1.409,
0.859,
1.301,
1.657,
1.336,
1.491,
2.213,
2.224,
1.717,
1.82,
2.185,
1.868,
1.343,
1.094,
1.604,
1.846,
1.741,
1.48,
2.075,
1.166,
1.92,
1.279,
1.089,
1.437,
1.294,
2.409,
1.231,
1.358,
2.447,
1.21,
1.807,
1.709,
1.56,
1.66,
1.652,
1.467,
1.506,
1.14,
1.057,
1.471,
1.865,
2.002,
1.972,
2.093,
1.331,
1.539,
1.285,
1.779,
1.441,
1.351,
1.194,
1.64,
1.375,
1.505,
2.032,
1.204,
1.412,
1.352,
1.771,
1.549,
1.651,
1.397,
1.592,
1.341,
1.487,
1.383,
1.263,
1.838,
1.129,
1.371,
1.917,
1.613,
1.464,
2.492,
1.214,
1.229,
1.444,
1.239,
1.413,
1.549,
1.1,
1.101,
1.763,
1.185,
1.213,
2.01,
1.982,
1.528,
1.231,
1.494,
1.214,
1.55,
1.378,
1.269,
1.198,
1.585,
1.465,
1.499,
1.206,
1.184,
1.086,
1.103,
1.541,
1.829,
1.421,
1.375,
1.322,
1.891,
1.512,
1.12,
1.218,
2.054,
1.572,
1.485,
1.547,
1.581,
1.243,
1.404,
1.184,
1.2,
1.444,
1.297,
1.609,
1.612,
1.492,
1.384,
1.417,
1.308,
1.099,
1.619,
1.307,
1.608,
0.973,
1.491,
1.254,
1.581,
1.545,
1.676,
1.675,
1.485,
2.347,
1.245,
1.643,
1.368,
1.584,
1.159,
1.299,
1.375,
1.485,
1.026,
2.047,
1.426,
1.471,
1.52,
1.447,
1.924,
1.264,
2.611,
1.138,
1.532,
1.797,
1.332,
1.647,
1.759,
1.866,
1.307,
1.732,
1.204,
1.911,
1.183,
1.507,
2.898,
1.522,


