

Data analysis for each instance 
AVG,MED,MAX,MIN
12108,5814,4314,4088,4088,4088,4088,4088,4088,4088,


12108,5771,6291,6093,5328,5941,4249,4169,4145,4143,


12108,6564,6095,6548,5912,4844,5978,5614,4714,4345,




Further Data analysis of all test cases 
INSTANCEID avg med max min 
INSTANCE1 12108, 12108, 12108, 12108, 
INSTANCE2 5814, 5814, 5814, 5814, 
INSTANCE3 4314, 4314, 4314, 4314, 
INSTANCE4 4088, 4088, 4088, 4088, 
INSTANCE4 4088, 4088, 4088, 4088, 
INSTANCE4 4088, 4088, 4088, 4088, 
INSTANCE4 4088, 4088, 4088, 4088, 
INSTANCE4 4088, 4088, 4088, 4088, 
INSTANCE4 4088, 4088, 4088, 4088, 
INSTANCE4 4088, 4088, 4088, 4088, 


INSTANCE1 12108, 12108, 12108, 12108, 
INSTANCE2 5771, 5771, 5771, 5771, 
INSTANCE3 6291, 6291, 6291, 6291, 
INSTANCE4 6093, 6093, 6093, 6093, 
INSTANCE5 5328, 5328, 5328, 5328, 
INSTANCE6 5941, 5941, 5941, 5941, 
INSTANCE7 4249, 4249, 4249, 4249, 
INSTANCE8 4169, 4169, 4169, 4169, 
INSTANCE9 4145, 4145, 4145, 4145, 
INSTANCE10 4143, 4143, 4143, 4143, 


INSTANCE1 12108, 12108, 12108, 12108, 
INSTANCE2 6564, 6564, 6564, 6564, 
INSTANCE3 6095, 6095, 6095, 6095, 
INSTANCE4 6548, 6548, 6548, 6548, 
INSTANCE5 5912, 5912, 5912, 5912, 
INSTANCE6 4844, 4844, 4844, 4844, 
INSTANCE7 5978, 5978, 5978, 5978, 
INSTANCE8 5614, 5614, 5614, 5614, 
INSTANCE9 4714, 4714, 4714, 4714, 
INSTANCE10 4345, 4345, 4345, 4345, 



