

Data analysis for each instance 
AVG,MED,MAX,MIN
0,0,0.079,0.038,0.035,0.009,0.003,0,0,0,
0,-0.012,0.056,0.186,0.044,0.044,0.012,0,0,0,
0,0,-0.036,-0.031,-0.029,-0.015,0.065,0.015,0,-0.003,
0,-0.028,-0.101,-0.026,-0.039,0.089,0.072,-0.011,0.117,-0.052,
0,0.087,0.002,0.104,-0.101,-0.003,0.078,-0.1,-0.06,-0.026,
0,0.05,-0.179,0.106,0.076,0.015,0,-0.003,-0.003,-0.003,
0,0.002,0.069,0.148,0.154,0.053,0.066,0.075,0.007,0.023,
0,0,0,0,0,0,0,0,0,0,
0,0.063,-0.034,0.013,-0.008,-0.024,-0.063,-0.061,-0.09,-0.029,
0,-0.017,-0.045,0.112,0.071,0.03,0.029,0.064,0.023,0,
0,0.038,0.046,0.028,0.037,0.063,0.055,0.024,-0.016,0.022,
0,0,0,0,0,0,0,0,0,0,
0,0,0,0,0,0,0,0,0,0,
0,0.037,0.106,0.032,-0.101,-0.031,-0.013,-0.108,-0.013,-0.049,
0,0.011,-0.018,0.037,0,-0.095,-0.071,-0.016,-0.057,0.008,
0,0,-0.006,-0.003,0,0,0,0,0,0,
0,0.004,0.049,0,0.048,0.005,-0.12,0.075,-0.063,-0.088,
0,0.046,0.068,0.053,0.049,0.061,0.059,0.038,0.08,-0.119,
0,0.045,0,0.056,0.16,0.013,-0.053,-0.041,-0.03,-0.028,
0,0.112,-0.057,-0.015,0.072,0.005,-0.046,0.087,-0.018,0.037,
0,0.075,-0.115,-0.093,-0.063,-0.133,-0.052,-0.109,-0.133,-0.066,
0,0.026,-0.037,0.037,0.024,-0.044,-0.063,-0.027,-0.008,-0.084,
0,-0.007,0.028,0.084,0.137,0.068,-0.04,-0.021,-0.057,-0.041,
0,0,0,0,0,0,0,0,0,0,
0,0.04,0.01,-0.015,0.063,0.08,0.037,0.054,-0.013,0.079,
0,-0.002,0.014,0.036,0.025,-0.044,-0.079,-0.04,-0.012,0.003,
0,0.021,-0.113,-0.047,-0.068,0.022,-0.1,-0.044,-0.06,-0.087,
0,0.128,-0.013,0.01,0.031,-0.005,-0.019,-0.066,-0.059,-0.011,
0,-0.005,0.045,0.131,0.092,0.055,0.024,0.011,-0.099,-0.047,
0,-0.046,0.024,-0.192,0.037,-0.04,0.093,0.092,0.007,-0.098,
0,0.067,-0.002,-0.078,-0.136,-0.109,-0.063,0.021,-0.155,-0.143,
0,0.008,-0.006,0.048,-0.079,-0.031,-0.071,0.034,0.061,0.061,
0,0.015,-0.004,0.055,0.156,0.043,0.156,0.087,0.059,0.034,
0,0.01,-0.11,-0.05,-0.064,-0.021,-0.029,-0.035,-0.006,-0.003,
0,0.018,-0.043,-0.034,-0.06,-0.086,-0.086,-0.073,-0.038,-0.009,
0,0.023,-0.026,0.094,0.067,0.023,0.054,0.035,0.018,0.006,
0,0.023,0.077,-0.005,0.026,0.147,0.057,0.024,0.062,0.029,
0,0.044,-0.049,-0.055,-0.176,-0.104,-0.068,-0.16,-0.098,0.02,
0,0.029,0.143,0.005,-0.007,-0.055,0.033,-0.036,-0.028,0.133,
0,0.026,0.046,-0.025,-0.036,-0.006,0.069,0.03,-0.084,-0.08,
0,-0.079,-0.102,-0.107,-0.039,-0.062,0.034,-0.029,0.117,0.026,
0,0.209,0.27,0.142,0.129,0.083,0.164,0.212,0.202,0.115,
0,0.03,-0.038,0.015,0.007,-0.11,0.01,0.062,-0.074,-0.018,
0,0,-0.023,-0.018,-0.052,-0.006,-0.058,-0.027,-0.003,0,
0,0,0,0,0,0,0,0,0,0,
0,-0.009,-0.056,-0.096,0.084,-0.016,0.003,0.091,-0.003,0.119,
0,0,0,0,0,0,0,0,0,0,
0,-0.026,-0.036,0.003,-0.085,-0.022,-0.021,-0.093,-0.111,-0.098,
0,0.085,0.011,0.126,0.06,0.089,0.115,0.073,0.029,0.098,
0,-0.04,-0.014,-0.027,-0.06,0.032,-0.064,-0.024,-0.003,0,
0,0.028,0.043,0.229,0.117,0.212,0.202,0.301,0.222,0.21,
0,0,0.057,-0.076,-0.064,0.009,0.03,-0.051,0.135,-0.003,
0,0.126,-0.104,-0.002,-0.041,-0.039,-0.013,0.049,-0.043,-0.071,
0,0.066,0.07,0.07,0.021,0.04,0.054,0.065,0.065,0.095,
0,0,0,0,0,0,0,0,0,0,
0,0.153,0.128,-0.059,-0.018,-0.077,0.033,0.054,0.045,0.039,
0,0.135,0.024,0.151,0.123,0.085,0.138,0.151,0.174,0.144,
0,0.016,0.127,0.161,0.05,0.028,0.005,0.061,0.1,0.076,
0,0,-0.059,-0.14,-0.076,-0.068,0.044,0.169,0.002,-0.027,
0,-0.054,0.041,-0.022,0.05,-0.036,-0.045,-0.023,-0.009,0.006,
0,0.071,0.055,0.125,-0.083,-0.088,0.131,-0.013,0.03,-0.059,
0,0,0,0,0,0,0,0,0,0,
0,0.031,-0.109,0.019,0,0.03,0.025,0.04,0.012,0.056,
0,0.033,0.006,0.003,0,0,0,0,0,0,
0,0.042,-0.006,-0.003,0,0,0,0,0,0,
0,0.07,0.003,-0.038,-0.009,0.037,0.018,0.108,0.12,0.065,
0,0.068,-0.064,0.061,-0.04,0.009,-0.054,0.088,0.016,0.073,
0,0.007,-0.025,-0.042,-0.052,-0.106,-0.115,-0.175,-0.143,-0.101,
0,0,0.059,0.078,0.012,0,-0.003,-0.003,-0.003,-0.003,
0,0.009,0.078,0,0.033,-0.097,-0.036,0.128,0.006,-0.013,
0,0.029,0.065,0.005,-0.056,-0.008,-0.008,0.114,0.035,0.078,
0,0.072,0.132,-0.026,0.01,-0.091,0.06,-0.041,0.255,0.018,
0,-0.034,0.069,0.079,0.029,0.009,-0.057,-0.032,0,0,
0,0,-0.044,-0.055,-0.041,-0.006,0,0,-0.079,-0.012,
0,0.011,-0.005,-0.03,-0.038,-0.098,-0.042,0.038,0.038,0.061,
0,0,0.009,0.143,0.041,-0.033,-0.012,-0.003,-0.003,0,
0,-0.05,-0.026,-0.097,0.028,0.016,-0.055,0.135,-0.059,-0.063,
0,0,-0.11,-0.113,-0.07,-0.027,0.035,0.022,0.063,0.049,
0,0.045,-0.132,-0.064,-0.049,-0.003,-0.015,-0.049,-0.009,-0.046,
0,0.081,0.044,-0.003,-0.006,0.037,0.024,0.125,0.057,0.024,
0,-0.016,0.026,0.003,-0.029,-0.003,0,0,0,0.006,
0,0.313,0.198,0.302,0.246,0.246,0.266,0.289,0.229,0.169,
0,0.037,-0.025,0.046,-0.087,-0.002,-0.051,-0.107,0.08,0.053,
0,0.059,-0.106,0.107,0.071,-0.032,0.014,0.025,-0.071,-0.014,
0,0.034,0.072,0.026,0.073,0.032,0.021,-0.003,-0.006,-0.006,
0,0.027,0.054,0.112,0.153,0.091,0.098,0.065,0.147,0.075,
0,0.08,-0.06,0.033,0.104,0.07,0.08,0.026,0.006,0,
0,0.084,0.124,0.172,0.068,0.105,0.122,0.174,0.115,0.086,
0,0,-0.111,-0.081,-0.054,-0.058,-0.06,0.017,-0.012,-0.015,
0,0.023,-0.015,-0.075,-0.054,-0.043,-0.026,0.009,-0.06,-0.054,
0,0.071,0.049,0.125,0.051,0.083,-0.066,0.017,-0.029,0.046,
0,0.025,0.015,0.145,0.053,0.124,0.032,-0.009,-0.1,0.094,
0,0.056,0.064,0.063,-0.072,0.019,-0.039,-0.065,0.008,0.051,
0,-0.014,0.002,0,-0.087,-0.137,-0.12,-0.069,-0.143,-0.091,
0,0.014,0.039,0.065,0.025,-0.043,0.097,-0.02,0.04,0.005,
0,0.04,-0.052,0.028,-0.12,-0.083,0.094,-0.062,-0.014,0.012,
0,-0.026,-0.008,-0.067,-0.049,-0.038,-0.033,-0.066,-0.047,-0.024,
0,0.01,-0.186,-0.192,-0.121,-0.043,-0.021,-0.009,-0.009,-0.003,
0,0.058,0.087,0.067,-0.015,-0.009,0.029,0.003,0.026,0.003,
0,-0.05,0.014,0.168,0.068,0.002,-0.08,-0.043,0.107,0.078,
0,-0.013,0.132,0.074,0.124,-0.065,-0.019,0,-0.017,-0.044,
0,0.026,0.035,-0.023,-0.006,-0.003,0.026,0.009,0,0,
0,0,0,0,0,0,0,0,0,0,
0,0.099,0.06,0,-0.027,-0.073,0.093,-0.016,-0.033,-0.007,
0,-0.005,0.014,0.126,0.023,-0.009,0,0,0,0,
0,0,0,0,0,0,0,0,0,0,
0,0.021,0.101,0.02,0.081,0.015,0.191,0.102,-0.057,-0.107,
0,0.106,0.051,0.016,0.059,0.068,0.136,0.084,0.013,0.038,
0,-0.101,0.172,0.011,0.153,0.044,0.087,0.091,0.155,0.094,
0,0,-0.12,-0.005,-0.065,0.065,0.057,0.049,0.104,0.049,
0,0.093,0.052,-0.015,0.005,0.097,0.168,0.082,0.085,0.024,
0,0.179,0.195,0.175,0.073,-0.021,-0.041,0.073,0.019,-0.133,
0,0.036,0.047,0.074,-0.053,0.092,0.133,0.083,-0.022,-0.046,
0,0.026,0.028,-0.054,-0.057,0.02,-0.059,-0.048,0.04,0.015,
0,0,0,0,0,0,0,0,0,0,
0,0.073,-0.04,0.003,-0.033,-0.027,0.084,0.03,0.021,0.003,
0,0.065,-0.05,-0.111,-0.049,0.017,0.052,0.037,-0.028,-0.015,
0,0.074,0.032,-0.015,-0.03,-0.145,-0.046,-0.034,-0.037,-0.005,
0,0.12,-0.012,-0.012,0,0,0,0,0,0,
0,0.085,0.063,-0.079,-0.003,-0.019,0.081,0.104,-0.008,0.033,
0,0.048,0.023,0.006,0,0,0,0,0,0,
0,0.035,0.101,0.009,0.044,0,-0.003,-0.003,-0.003,-0.003,
0,-0.035,-0.03,-0.068,-0.121,-0.034,-0.065,-0.07,-0.052,0.029,
0,0.064,-0.008,-0.022,0.075,0.1,0.109,0.168,0.117,0.012,
0,0.056,0.019,0,0.021,-0.006,-0.003,-0.027,-0.009,-0.003,
0,0.08,0.04,-0.011,0,0.068,0.027,0.014,0.043,0.026,
0,0,0,0,0,0,0,0,0,0,
0,0.062,0.01,0.071,0.128,0.104,0.051,0.087,0.035,0.093,
0,0,0,0,0,0,0,0,0,0,
0,0.119,0.029,0.079,0.028,0.061,0.063,0.028,0.022,-0.096,
0,0.066,0.089,0.17,0.042,0.148,-0.005,-0.031,-0.035,-0.054,
0,0.006,0.089,0.062,-0.028,-0.031,-0.04,-0.092,-0.041,-0.067,
0,0.007,0.048,-0.05,-0.044,0.033,0.059,-0.003,-0.075,0.048,
0,0.02,0.049,-0.011,-0.003,-0.126,-0.047,-0.02,-0.049,-0.003,
0,0,-0.079,0.041,-0.008,0.011,0.104,0.107,0.093,0.018,
0,0.035,0.086,0.149,0.12,0.175,-0.047,-0.031,0.025,0.079,
0,-0.036,-0.132,0.022,-0.077,-0.01,-0.059,-0.003,0.077,-0.05,
0,-0.013,-0.029,0,-0.052,-0.026,-0.083,-0.013,-0.005,-0.05,
0,-0.078,-0.051,0.077,0.04,-0.085,0,-0.054,0.099,0.107,
0,0.095,-0.035,0.048,0.016,0.036,0.247,0.094,0.097,0.068,
0,0.021,0.04,-0.02,0.147,0.133,0.147,0.005,0.048,0.089,
0,0.04,0.021,0.055,0.034,-0.029,-0.086,0.037,-0.021,0.007,
0,0.169,0.022,0.002,0.071,-0.018,0.026,0.018,-0.07,-0.03,
0,0.229,0.212,-0.037,0.082,0.007,0.076,0.062,0.141,0.031,
0,0.023,0.025,-0.025,0.024,0.137,-0.054,-0.043,-0.027,0,
0,-0.01,0.043,-0.068,0.005,-0.08,-0.005,0.096,0.032,-0.014,
0,0.033,-0.1,-0.003,0.038,0.085,-0.002,-0.018,-0.109,0.025,
0,-0.007,-0.027,0.046,0.1,0.076,-0.03,0.093,-0.028,0.048,
0,0,0,0.024,0.018,0.006,0.092,0.198,0.198,0.097,
0,0.066,-0.067,-0.121,-0.098,-0.154,-0.088,-0.134,-0.153,-0.131,
0,0,0,0,0,0,0,0,0,0,
0,0.004,0.01,-0.05,0.046,-0.063,-0.045,0.008,0.02,0.003,
0,-0.007,-0.114,0.018,0.057,-0.01,0.123,0.115,0.123,0.098,
0,0.085,-0.002,0.022,0.149,0.025,-0.076,0.163,0.054,0.038,
0,0,-0.139,-0.155,-0.158,-0.191,-0.152,-0.141,-0.147,-0.129,
0,0.068,0.098,0.021,0.122,0.127,0.081,0.097,0.072,0.139,
0,0.077,0.049,0.049,0.033,0.016,0.045,0.002,0.149,0.102,
0,0,0.099,0.006,0.006,-0.012,-0.042,0.04,0.052,0.047,
0,0.054,-0.051,-0.006,0,0,0,0,0,0,
0,0.008,0.058,-0.034,0.093,0.032,0.024,0.091,0.136,0.06,
0,0.022,0.075,0.07,0.122,0.039,0.013,0.061,0.041,-0.077,
0,0.028,0.023,-0.003,0.038,0.027,0.101,0.075,-0.065,-0.06,
0,-0.045,-0.028,0.056,0.086,0.054,0.085,0.087,0.074,-0.023,
0,-0.008,0.006,-0.003,0,0,0,0,0,0,
0,-0.058,-0.084,-0.029,-0.11,0,-0.096,-0.086,-0.044,0,
0,0.033,0.067,-0.061,-0.108,-0.048,0.011,0.017,-0.014,0.07,
0,0.073,0.023,0.025,-0.01,0.099,-0.042,0.124,0.04,-0.033,
0,0.056,-0.074,0.045,0.003,-0.028,-0.053,-0.041,-0.078,0.022,
0,0.047,-0.143,0.008,-0.044,0.047,-0.021,-0.043,0.022,-0.061,
0,0.108,0.111,0.054,0.024,0.003,0,0,0,0,
0,0.111,0.012,0.033,0.083,0.057,0.044,-0.015,0.053,0.021,
0,0.126,0.032,0.077,0.003,-0.038,-0.071,-0.065,-0.027,-0.044,
0,0.069,0.028,0.037,0.046,0,0.024,0.003,0,0.003,
0,-0.115,0.054,-0.074,0.121,-0.058,0.107,-0.051,0.099,0.039,
0,0,0,0,0,0,0,0,0,0,
0,-0.037,-0.003,0.018,0.003,0.003,0.006,0.003,0.003,0.003,
0,0,0,0,0,0,0,0,0,0,
0,0.041,0.116,0.031,0.036,-0.005,0.013,0.038,0.047,0.016,
0,0.021,-0.128,-0.11,-0.138,-0.17,-0.11,-0.14,-0.07,-0.015,
0,0.028,-0.052,-0.145,-0.078,-0.178,-0.105,-0.145,-0.151,-0.083,
0,-0.081,0.024,-0.022,-0.092,0.028,-0.015,0.048,0.052,0.012,
0,0,-0.059,-0.131,-0.084,-0.052,-0.057,-0.081,-0.081,-0.084,
0,0,0.003,0,0,0,0,0,0,0,
0,0.068,0.025,0.003,0.012,0.041,0.035,0.015,0.003,0,
0,0.07,-0.024,0.008,0.166,0.084,0.107,0.124,0.08,0.104,
0,0.007,-0.006,0.032,0.024,0.032,0.015,0.006,0.003,0,
0,-0.013,0.008,0.056,-0.046,0.024,0.069,-0.06,-0.013,0.018,
0,0.073,0.108,0.06,0.053,0.08,0.042,-0.073,-0.008,0.032,
0,0.025,-0.022,-0.184,-0.098,0.058,-0.065,-0.091,0.091,0.043,
0,0,0,0,0,0,0,0,0,0,
0,0.038,-0.009,-0.009,-0.023,-0.003,-0.003,0,0,0,
0,-0.078,-0.01,0.011,0.027,0.154,0.077,0.131,0.134,0.032,
0,0.003,0.024,-0.038,-0.012,0.006,-0.003,-0.006,-0.003,-0.006,
0,0,0,0,0,0,0,0,0,0,
0,0.119,0.067,-0.037,0.046,0.022,-0.065,-0.064,-0.05,-0.073,
0,0.057,0.096,0.099,0,-0.005,-0.008,-0.066,-0.014,0.043,
0,0.03,0.014,0.032,0.024,0.003,0,0,0,0,
0,0.041,0.103,0.005,0.036,0.116,0.097,0.023,0.035,0.043,
0,0.015,0.1,0.046,-0.093,-0.067,-0.014,-0.097,-0.109,-0.09,
0,0,0,0,0,0,0,0,0,0,
0,0.078,-0.034,0.182,0.118,0.157,0.112,0.054,0.079,0.092,
0,-0.015,0.102,0.037,0.123,0.143,0.043,0.031,0.011,0.031,
0,0.07,0.01,0.101,0.041,-0.049,-0.036,-0.037,0.036,0.067,
0,0.061,0.126,0.153,0.188,0.213,0.286,0.142,0.124,0.162,
0,-0.012,-0.026,0.038,0.023,0.024,-0.034,0.051,-0.003,-0.065,
0,0.051,0.04,0.101,0.011,-0.018,-0.064,-0.048,-0.058,-0.012,
0,0,0,0,0,0,0,0,0,0,
0,0.018,0.003,0.012,0.024,0.003,0.003,0,0,0,
0,0,0.006,0.042,-0.113,-0.076,-0.024,-0.012,-0.009,-0.082,
0,0,0.022,-0.04,0.039,-0.015,-0.065,-0.088,-0.073,-0.068,
0,0.027,-0.11,-0.037,-0.014,-0.043,0.014,0.064,-0.089,-0.048,
0,0.027,0.082,-0.019,-0.071,-0.009,-0.057,-0.029,-0.05,0.034,
0,-0.024,0.019,0.045,-0.017,-0.156,-0.064,0.054,-0.039,-0.029,
0,0.015,-0.128,-0.028,-0.011,-0.049,0.052,-0.073,-0.082,-0.102,
0,0.084,0.046,0,-0.05,0.054,0.009,0,-0.003,-0.003,
0,0,0,0,0,0,0,0,0,0,
0,0.189,0.201,0.201,0.121,0.095,0.093,-0.084,-0.045,0.049,
0,0.013,-0.128,0.017,-0.085,-0.065,-0.015,0.003,0.006,0.006,
0,0.025,0.079,-0.017,0.103,0.09,0.109,-0.005,0.026,0.117,
0,0.075,0.132,0.082,0.154,0.175,0.204,0.173,0.175,0.183,
0,0.129,0.084,0.12,0.068,-0.071,-0.045,-0.007,-0.049,-0.137,
0,0.038,0.079,0.002,-0.057,0.008,0.037,-0.086,-0.007,0.024,
0,0,-0.068,-0.141,-0.12,-0.033,-0.009,-0.012,-0.024,-0.006,
0,0.038,0.025,0.064,0.14,0.1,0.164,0.124,0.124,0.133,
0,0.04,-0.149,-0.037,0.058,-0.048,-0.026,-0.027,0.148,0.031,
0,0.065,0.007,-0.107,-0.032,-0.012,-0.096,-0.058,0.078,0.024,
0,0,0.003,0,0.094,0.049,0.167,0.086,0.09,-0.018,
0,0.045,0.051,-0.044,-0.146,-0.095,-0.035,-0.046,-0.04,-0.059,
0,0.032,0.031,0.005,-0.07,0.128,0.056,0.005,0.064,0.047,
0,-0.061,0.051,0.014,-0.015,0.06,-0.059,0.045,0.112,0.068,
0,0,0,0,-0.003,0.082,0.016,-0.123,0.005,0.102,
0,0.012,-0.129,0,-0.12,-0.136,-0.073,-0.01,-0.013,-0.098,
0,0.073,-0.048,0.013,0.105,0.041,0.072,-0.072,-0.064,-0.046,
0,-0.004,-0.043,-0.075,0.04,-0.009,-0.023,-0.044,-0.082,-0.022,
0,0.065,-0.076,-0.107,0.01,-0.021,-0.108,-0.099,-0.125,-0.084,
0,0.017,-0.134,-0.185,-0.157,-0.105,-0.112,-0.11,-0.148,-0.135,
0,0.061,0.05,0,0,-0.123,-0.081,-0.008,-0.023,-0.06,
0,0.03,-0.015,-0.05,-0.094,-0.02,-0.018,-0.156,-0.013,0,
0,0,0,0,0,0,0,0,0,0,
0,0,0.003,0.003,0.003,0.003,0.003,0.003,0.003,0.003,
0,0,0.057,-0.022,0.003,0.014,-0.009,0.006,-0.026,0,
0,0.025,0.053,-0.035,0.04,0.003,-0.003,-0.003,0.003,-0.003,
0,-0.018,-0.018,0.005,0.022,0.056,0.155,0.02,0.006,0.032,
0,0.01,0.04,0.024,0.032,0.135,0.024,0.006,0.003,0.003,
0,0,0.155,0.081,0.012,0.003,0.021,0.006,0,0,
0,0.004,0.009,0.012,-0.068,-0.055,0.06,0.044,-0.02,-0.089,
0,0.032,-0.021,0.063,-0.018,-0.073,-0.063,-0.031,-0.002,0.002,
0,0.106,0.209,0.006,0.062,0.028,-0.063,-0.031,-0.017,-0.088,
0,0.024,-0.009,-0.006,0,0,0,0,0,0,
0,0.052,-0.061,-0.073,-0.097,-0.132,-0.105,-0.119,-0.274,-0.128,
0,-0.051,-0.03,0.023,0,-0.076,-0.079,0,-0.008,0.018,
0,0,0.014,-0.085,0.014,-0.009,0.003,0,-0.009,0,
0,0,0.018,0.003,0,0,0,0,0,0,
0,0.03,0.093,0.028,0.033,0.13,0.07,0.006,0.042,-0.066,
0,0,0,0,0,0,0,0,0,0,
0,0.057,0.114,0.091,0.015,0,-0.003,-0.009,-0.003,-0.003,
0,0,0,0,0,0,0,0,0,0,
0,0,0.006,0.064,0.029,0.031,0.06,0.125,0.034,0.022,
0,0.007,-0.132,0,0.052,0.015,-0.047,-0.003,-0.035,-0.009,
0,-0.019,-0.064,0.023,-0.05,-0.091,0.013,0.086,-0.049,-0.022,
0,0.003,0.023,0.003,0,0.003,0.003,0.003,0.003,0.003,
0,0.167,0.137,0.117,0.104,-0.064,-0.014,0.082,0.017,-0.022,
0,0.095,0.159,0.089,-0.041,0.028,0.029,0.188,0.097,0.092,
0,0,0.029,-0.003,0.044,0.147,0.113,0.11,0.058,0.061,
0,0.013,-0.023,0.01,-0.012,-0.015,0.059,-0.098,0.01,0,
0,-0.007,0.024,0.08,0,0.006,-0.003,-0.003,-0.003,-0.003,
0,0.032,-0.019,-0.034,0,-0.02,0.087,0.107,-0.061,-0.062,
0,0.097,-0.102,-0.131,-0.279,-0.105,-0.115,0.057,-0.037,-0.006,
0,0.056,0.058,0.111,0.057,0.033,-0.095,0.043,-0.094,-0.027,
0,0.071,-0.084,0.005,0.008,-0.031,-0.07,0.022,-0.084,-0.037,
0,0.065,0.071,-0.024,0.041,-0.088,0.026,-0.029,0.045,0.041,
0,0,0.043,0.009,0,0,0,0,0,0,
0,0.06,-0.018,0.012,-0.005,0.005,0.067,0.099,0.123,0.056,
0,0.107,0.101,-0.027,-0.106,0.043,-0.049,-0.04,0.027,0.114,
0,0.061,0.148,-0.034,-0.015,-0.12,-0.005,0.044,0.059,0.051,
0,0.233,0.188,0.162,0.016,0.072,0.023,0.003,-0.029,0.103,
0,0.133,-0.009,-0.012,-0.003,0,-0.106,-0.018,-0.003,-0.075,
0,0.012,-0.034,0.059,-0.034,0.054,-0.025,-0.038,-0.044,-0.037,
0,-0.017,-0.059,-0.033,-0.006,-0.003,-0.003,-0.003,-0.003,-0.003,
0,0.021,0.038,-0.068,0.041,0.003,0,0,0,0,
0,0.098,0.188,0.154,0.112,-0.057,-0.097,-0.003,-0.083,-0.041,
0,0.056,0.026,-0.036,0.055,0.034,0.159,0.089,0.054,0.055,
0,0.059,0.079,0.119,-0.02,0.021,-0.075,0.024,-0.076,0,
0,0.055,0.104,-0.022,-0.114,-0.059,0.02,-0.063,-0.092,0.02,
0,0.162,0.035,0.065,-0.073,0.017,-0.07,-0.041,-0.039,0.008,
0,0.044,-0.045,0.094,0.061,0.103,0.125,0.064,0.066,-0.071,
0,0,0.065,0.109,0.071,0.087,0.012,0.003,0.006,-0.003,
0,-0.025,0.062,-0.008,-0.11,0.016,0.017,0.022,-0.058,0.158,
0,0,-0.048,-0.069,-0.069,-0.12,-0.124,-0.078,-0.104,-0.04,
0,0.03,0,-0.025,0.031,0.008,-0.064,-0.166,-0.129,-0.171,
0,0.052,-0.071,-0.006,-0.003,0,0,0,0,0,
0,-0.011,0.018,0.006,0.033,0,0,0.003,-0.003,0,
0,-0.025,-0.082,-0.07,-0.003,-0.006,-0.064,-0.009,0,0,
0,0,-0.027,0.015,-0.039,0.009,0.003,0.003,0.003,0.003,
0,-0.015,-0.057,-0.07,-0.078,-0.009,-0.012,-0.092,-0.017,-0.103,
0,0.078,0.08,0.076,-0.089,0.032,0.069,0.033,-0.071,-0.025,
0,0.048,-0.032,-0.017,0.009,0,-0.006,0,0,0.098,
0,0.116,0.018,0.021,0.021,0.033,0.015,0.006,0.003,0,
0,0,0,0,0,0,0,0,0,0,
0,0.047,-0.074,0.021,0.003,-0.05,-0.006,0,0.003,0.003,
0,0.008,0.2,0.052,0.03,0.021,0.009,0.003,0.003,0.003,
0,-0.026,0.006,0.132,0.036,0.009,0.003,0,0,0,
0,0.047,0.064,-0.076,-0.037,0.054,0.003,0,0.039,0.003,
0,0,0,0,0,0,0,0,0,0,
0,0,0.043,0.108,0.014,0.042,-0.083,-0.101,-0.079,-0.044,
0,0.173,0.116,0.069,0.051,0.126,0.031,-0.09,-0.063,-0.082,
0,0.075,-0.082,0,0.015,0.302,0.254,0.266,0.132,0.095,
0,0.054,0,-0.16,-0.175,-0.179,-0.154,-0.076,-0.077,-0.069,
0,0.003,-0.097,-0.034,-0.033,0.132,0.013,-0.133,0,-0.013,
0,0.097,0.035,0.066,0.101,0,-0.136,0.042,-0.128,0.096,
0,0,0,0,0,0,0,0,0,0,
0,0.003,0,0,0,0,0,0,0,0,
0,0,-0.003,-0.05,0.026,-0.063,0.012,-0.029,-0.074,-0.058,
0,0.003,0,0,0,0,0,0,0,0,
0,0,0.003,0.009,0.024,-0.213,-0.308,-0.152,-0.064,-0.008,
0,-0.011,-0.014,0.031,-0.016,0.017,-0.054,-0.024,-0.009,0,
0,-0.017,0,0,0,0,0,0,0,0,
0,-0.018,-0.012,-0.009,0,0.003,0.003,0.003,0.003,0.003,
0,0.015,0.019,0.012,0.109,-0.037,-0.086,0.017,-0.05,-0.006,
0,0,0,0,0,0,0,0,0,0,
0,0.091,-0.034,-0.097,-0.026,0.046,-0.074,0,-0.025,-0.046,
0,-0.006,0.009,0.003,0,0,0,0,0,0,
0,0.054,0.065,0,0.047,-0.026,0.061,0.063,0.113,0.117,
0,-0.043,0.028,-0.068,-0.029,-0.054,-0.181,-0.113,-0.103,-0.105,
0,0,0,0,0,0,0,0,0,0,
0,0.095,0.085,0.083,0.085,0.009,0.027,0.003,0.003,0.003,
0,-0.011,-0.009,-0.006,-0.012,0.003,0.003,0.003,0.003,0.003,
0,0.027,0.048,0.02,-0.086,-0.036,-0.009,-0.003,0,0.027,
0,0,0,0,0,0,0,0,0,0,
0,0,0,0,0,0,0,0,0,0,
0,0.002,0.024,-0.074,-0.003,-0.066,0.087,0.041,-0.028,0.023,
0,0.055,-0.068,-0.155,-0.012,-0.035,-0.018,0.009,-0.009,-0.032,
0,0.049,0.044,0.073,0.068,-0.047,0.018,0.016,-0.003,0.057,
0,-0.017,-0.067,-0.156,-0.058,0.003,0.011,-0.038,-0.06,-0.017,
0,-0.065,0.062,-0.017,-0.044,-0.026,0.024,0.04,0.026,-0.014,
0,0,-0.014,-0.009,0.015,0.075,0.006,0.003,0.003,0.003,
0,0.184,0.171,0.105,0.296,0.139,0.139,0.279,0.263,0.229,
0,0,-0.005,-0.03,-0.075,-0.118,-0.071,-0.053,-0.054,-0.069,
0,0.089,-0.062,0.078,0,-0.03,0.009,-0.006,-0.003,0.021,
0,0.022,0.046,-0.011,0.076,0.041,0.045,0.039,0.003,0,
0,0,0,0,0,0,0,0,0,0,
0,0.031,0.039,0.13,-0.021,-0.03,-0.029,0.124,0.107,-0.006,
0,0.008,0.003,-0.003,-0.003,-0.003,-0.003,-0.003,-0.003,-0.003,
0,0,0,0,0,0,0,0,0,0,
0,0,0,0,0,0,0,0,0,0,
0,0,0,0,0,0,0,0,0,0,
0,0.094,-0.08,0.037,0.087,0.076,-0.036,-0.013,0.024,-0.052,
0,0.049,-0.096,-0.043,0.026,0.011,-0.035,-0.076,0.008,0.059,
0,0.026,0.063,-0.01,0.083,0.014,-0.016,0.023,0.028,0.094,
0,0.06,0.054,-0.033,0.068,0.068,-0.008,-0.048,-0.003,0.018,
0,0.022,0.134,-0.018,0.026,-0.051,-0.035,-0.014,0.019,0.042,
0,-0.014,-0.044,0.013,0.131,0.011,-0.005,0.052,0.069,0.048,
0,0,0.05,0.091,0.054,0.022,0.071,0.109,0.003,0.006,
0,0.056,0.107,0.038,-0.003,0,-0.08,-0.082,-0.062,0.082,
0,-0.051,0.012,-0.062,-0.127,-0.094,-0.12,-0.176,-0.079,-0.079,
0,0.056,0.162,0.079,0.092,0.039,0.015,0.041,0.036,0.121,
0,-0.028,-0.085,-0.144,-0.105,-0.144,-0.041,-0.057,-0.021,-0.036,
0,0.124,0.027,-0.071,-0.01,0.044,-0.041,0.049,0.049,0.035,
0,0,0,0,0,0,0,0,0,0,
0,-0.049,-0.01,-0.081,0.022,0.025,-0.103,-0.104,-0.141,-0.049,
0,0.043,-0.088,-0.088,-0.178,-0.018,-0.07,-0.025,-0.135,-0.053,
0,0.042,0.116,0.022,0.137,-0.045,-0.008,0.121,0.059,0.005,
0,-0.039,-0.104,-0.224,-0.163,-0.112,0.017,-0.077,-0.111,-0.059,
0,-0.016,0.109,0.135,0.063,-0.122,-0.061,0,0.033,-0.021,
0,0.059,-0.058,0.009,0.099,0.017,0.032,0.047,0.053,0.077,
0,0.061,-0.065,0.028,0.021,-0.009,-0.018,0,0.003,0.003,
0,0.048,0.015,-0.003,0,0,0,0,0,0,
0,0.084,0.049,-0.106,0.008,-0.067,-0.044,0.039,0.245,0.027,
0,0.013,0.009,0.047,0.088,0.015,0.012,0,0,-0.003,
0,0,0,0,0,0,0,0,0,0,
0,-0.028,-0.017,0.059,0.039,-0.062,-0.084,-0.088,-0.079,0.114,
0,-0.038,0.081,0,0.149,0.016,-0.03,0.022,0.036,-0.014,
0,0.09,0.156,-0.051,0.019,-0.047,0.022,0.041,-0.03,-0.026,
0,-0.021,-0.138,-0.024,-0.188,-0.085,-0.072,-0.016,-0.035,-0.065,
0,-0.044,-0.029,-0.084,-0.101,-0.047,-0.003,-0.003,-0.003,0,
0,0,0,0,0,0,0,0,0,0,
0,0.017,0,0.009,0,0,0,0,0,0,
0,0.161,-0.1,0.014,0.006,-0.085,-0.023,-0.025,-0.078,0.008,
0,-0.014,-0.042,-0.058,-0.075,-0.003,0.034,0.043,0.021,0.108,
0,0.065,-0.048,0.022,-0.049,-0.018,-0.018,-0.009,-0.006,-0.009,
0,0,0,0,0.015,0.006,0.006,0.006,0.006,0.003,
0,-0.026,0.114,0.029,0.009,0.038,0.003,0,0,0,
0,0.028,0.027,0.021,0.003,0,0,0,0,0,
0,0.003,0,0.039,0.078,0.102,-0.069,-0.091,-0.017,-0.073,
0,0.008,0.044,0.012,0.058,0.024,0.003,0.015,0.03,0.012,
0,0.028,0.158,-0.067,-0.008,0.035,0.011,0.058,0.105,0.018,
0,0.044,0.129,0.064,0.041,-0.067,-0.027,0.032,0.137,0.057,
0,0.047,0.031,-0.068,-0.038,-0.018,0.036,-0.028,-0.056,0.018,
0,0.137,0.166,0.062,0.076,0,0.047,0.063,-0.014,-0.023,
0,0,0,0,0,0,0,0,0,0,
0,0,0,0,0,0,0,0,0,0,
0,0,0,0,0,0,0,0,0,0,
0,0.04,0.019,0.009,0.015,0.027,0.003,0,0,0,
0,0.092,-0.031,0.05,0.009,0,-0.003,-0.003,-0.003,-0.003,
0,0.112,0.065,0.054,-0.028,-0.088,-0.092,-0.145,-0.094,0.066,
0,0.074,0.082,0.064,-0.032,-0.116,-0.021,-0.022,-0.034,-0.074,
0,-0.061,0.008,-0.055,0.025,-0.036,-0.088,-0.01,-0.074,-0.008,
0,0.068,-0.069,-0.139,-0.116,-0.141,-0.134,-0.162,-0.133,-0.085,
0,0.146,0.075,0.089,0.084,0.08,0.039,0.018,0.018,0.006,
0,0.148,0.102,0.146,0.108,0.072,0.03,0.047,0.012,0.044,
0,0.002,0.007,-0.073,-0.003,-0.08,-0.038,0.024,-0.013,-0.094,
0,-0.005,0.005,0.029,0.017,-0.113,-0.062,-0.02,-0.073,-0.094,
0,-0.037,-0.015,-0.051,-0.131,-0.088,-0.117,-0.071,-0.091,-0.052,
0,0.019,0.041,-0.109,-0.068,-0.08,-0.064,-0.12,-0.122,-0.129,
0,0,0,0,0,0,0,0,0,0,
0,-0.024,-0.024,0.032,0.051,0.003,0.024,-0.008,0.043,0.005,
0,-0.012,0.026,-0.017,-0.02,0.024,0.003,0,0,0,
0,0.075,-0.011,0.014,-0.003,-0.003,-0.003,-0.003,-0.003,-0.003,
0,0.017,-0.073,-0.014,-0.18,-0.272,-0.191,-0.105,-0.143,-0.016,
0,0,0,0,0,0,0,0,0,0,
0,0,-0.082,0.042,-0.023,0.012,0.059,0.169,0.137,0.095,
0,0.07,-0.02,0.226,0.068,0.078,0.031,-0.124,-0.003,-0.033,
0,-0.038,0.074,-0.01,0.064,0.063,-0.012,-0.023,0.095,-0.04,
0,0,0,-0.055,0.021,-0.037,-0.056,-0.086,-0.076,-0.07,
0,0.003,0.121,0.053,0.006,0,0.072,0.018,0.003,0.003,
0,0.11,-0.151,-0.057,0.021,0.009,0.03,0.006,-0.003,-0.003,
0,0.027,0.006,0.012,0.033,0.009,0,0,0,0.081,
0,0.088,0.041,0.085,-0.011,-0.115,-0.099,-0.116,0.063,-0.006,
0,0.002,0.003,-0.027,-0.031,0.011,0.003,-0.006,-0.003,0.077,
0,0.052,0.022,0.071,0.132,0.079,0.03,0.183,0.154,0.137,
0,0.08,0.027,0.017,0.101,-0.103,0.079,0.126,0.143,0.027,
0,0.01,-0.061,-0.115,-0.156,-0.088,-0.088,-0.108,-0.05,-0.061,
0,0.047,0.021,0.003,0.003,0.003,0.003,0.003,0.003,0.003,
0,0.052,0.093,-0.013,0.019,-0.093,0.01,0.098,-0.005,0.059,
0,0,0.047,0.043,0.063,0.07,0.01,0.005,0.13,0.044,
0,0,-0.003,-0.027,-0.072,-0.099,-0.062,-0.053,-0.048,-0.067,
0,0.084,0.04,-0.08,-0.086,-0.059,0.013,0,-0.037,-0.081,
0,0,-0.049,-0.188,-0.194,-0.153,-0.2,-0.123,-0.048,-0.07,
0,0,0,0,0,0,0,0,0,0,
0,0.012,-0.019,-0.063,-0.057,-0.038,-0.024,-0.138,-0.066,-0.04,
0,0.124,-0.112,-0.054,-0.014,-0.074,0.003,-0.062,-0.026,-0.035,
0,-0.016,0.02,-0.015,-0.012,-0.042,-0.042,-0.006,-0.003,-0.003,
0,0,0.021,-0.006,0,0,0,0,0,0,
0,0.028,0.066,0.088,0.033,0.09,0.097,0.112,0.066,0.041,
0,0,0.053,0.053,0.006,0.059,0.116,0.062,0.07,0.048,
0,0,0,0,0,0,0,0,0,0,
0,0,0.009,0.012,-0.003,-0.003,0,-0.003,0,-0.003,
0,0.053,-0.059,0.003,-0.011,0.015,0.035,0.006,0,0.142,
0,0,0,0,0,0,0,0,0,0,
0,0.037,0.03,0.029,0.012,0.006,0.006,0.006,0.006,0.006,
0,0.121,0.009,0.003,0.093,-0.003,0.069,0.006,0.021,0.021,
0,0.013,0.02,0.059,-0.006,-0.04,0.082,0.015,0.006,0.015,
0,0.006,0.113,0.048,0.021,0.006,0.003,0,0,0,
0,0.061,-0.111,0.04,-0.018,-0.095,0.038,0.005,-0.049,-0.078,
0,0.006,0.046,0.044,0.094,0.034,0.027,0.03,0.015,0.027,
0,-0.03,-0.118,-0.196,-0.116,-0.104,-0.164,-0.162,-0.064,-0.147,
0,0.071,0.12,0.01,0.042,0.153,0.108,0.048,-0.008,0.089,
0,0.05,0.024,0.003,0,0,0,0,0,0,
0,0.103,0.162,0.049,0.129,0.107,0.061,0.077,0.12,0.092,
0,0.07,0.191,0.135,0.042,0.003,0,0,0,0,
0,0.064,-0.11,-0.028,0.013,0.003,-0.05,-0.056,-0.088,0.06,
0,0,-0.053,-0.073,-0.106,-0.07,-0.051,-0.106,-0.073,-0.136,
0,0.055,0.015,-0.006,0,0,0,0,0,0,
0,0.153,0.101,0.181,0.088,0.116,0.085,0.008,-0.013,-0.026,
0,0,0,0,0,0,0,0,0,0,
0,0,0,0,0,0,0,0,0,0,
0,0.166,0.042,0.052,0.018,0.056,0.039,0.024,0.027,0.003,
0,0.039,0.105,0.071,0.041,0.057,0.015,0.044,0.012,0.061,
0,0.047,-0.016,-0.048,0.036,0.028,-0.016,-0.032,-0.011,-0.04,
0,0.005,-0.014,-0.027,0.046,0.003,-0.003,-0.024,-0.006,-0.015,
0,0.05,0.016,0.048,-0.033,0.048,-0.081,-0.075,0.018,0.06,
0,0.003,0.116,0.005,-0.019,0,0.015,0.028,-0.048,-0.052,
0,0.043,-0.009,0.033,0.006,0.003,0.003,0.003,0.003,0.003,
0,0.05,0.036,0.012,-0.077,-0.013,-0.051,0.015,-0.025,-0.018,
0,0.005,0.074,0.08,-0.035,-0.02,0.026,0.029,0.046,0.026,
0,-0.008,-0.018,-0.036,0.017,0.197,-0.093,-0.112,-0.059,-0.162,
0,0.044,-0.101,-0.031,-0.123,-0.202,-0.094,-0.17,-0.18,-0.193,
0,0.029,0.042,0.105,0.035,0.006,0.065,0.024,0.024,0,
0,0.029,-0.106,0.003,0.019,0.038,0.009,0.003,0.108,0.052,
0,0.002,-0.063,-0.046,0.013,0.148,-0.008,-0.073,0.05,-0.048,
0,0.058,0.13,0.09,-0.014,0.014,-0.037,-0.103,-0.051,0.036,
0,0,0,0,0,0,0,0,0,0,
0,0.063,0.03,0.024,-0.003,-0.077,-0.107,-0.14,-0.124,-0.032,
0,0.025,0.246,0.106,0.043,-0.002,0.025,0.165,0.08,0.122,
0,0.085,0.024,-0.044,-0.026,0.005,0.045,-0.015,-0.01,-0.023,
0,0.076,0.045,0.063,0.058,-0.024,0.048,0.046,0.114,-0.039,
0,0.057,0.174,0.008,0.084,-0.06,-0.008,0.048,0.105,0.041,
0,0.026,-0.033,-0.008,-0.034,-0.082,0.04,0.004,-0.123,-0.058,
0,0,0,0,0.006,0.003,-0.003,0.003,0,0,
0,0.029,0.019,0.035,0.033,0.003,0,0,0,0,
0,0,-0.072,-0.055,-0.07,-0.049,-0.009,0.02,-0.036,0,
0,-0.027,0.066,0.036,0.006,0.039,0,0.03,-0.052,-0.011,
0,0,0,0,0,0,0,0,0,0,
0,0.01,-0.065,0.019,0.025,0.062,0,0.039,0.006,0.04,
0,0.008,0.049,0.116,0.038,0.139,0.182,0.162,0.135,0.063,
0,0.019,0.027,-0.039,-0.088,0.038,0.024,-0.003,0.003,0.029,
0,0.019,0.142,0.13,0.085,0.014,-0.055,0.057,0.029,-0.029,
0,0.034,0.057,0.027,-0.038,-0.064,-0.021,0.073,0.116,0.018,
0,-0.002,0.099,0.151,0.178,0.121,0.174,0.079,-0.195,-0.056,
0,0.075,0.031,-0.037,0,-0.008,-0.064,0.011,0.025,0.008,
0,0,-0.017,-0.074,-0.138,-0.101,-0.021,-0.011,-0.006,-0.038,
0,0.02,-0.002,0.017,-0.003,-0.082,-0.051,0.05,-0.043,-0.003,
0,0,0,0,0,0,0,0,0,0,
0,0.008,-0.057,-0.016,-0.091,-0.07,-0.006,-0.023,-0.026,-0.006,
0,0.046,-0.056,-0.064,-0.145,-0.131,-0.053,-0.041,-0.047,-0.021,
0,0,0,0,0,0,0,0,0,0,
0,0.008,-0.008,0.195,-0.032,0.058,0.028,0.068,-0.005,0.016,
0,0.02,0.003,0.012,0.075,0.018,0.003,0.003,0.003,0.036,
0,-0.031,0.04,0.021,0.012,0.003,0,0,0,0,
0,0.068,0.168,0.127,0.113,0.077,0.058,0.033,0.003,0.018,


0,-0.172,-0.304,-0.247,-0.203,-0.086,-0.081,-0.071,-0.145,-0.076,
0,-0.037,-0.084,-0.12,-0.132,-0.152,-0.06,-0.024,-0.003,0,
0,-0.283,-0.141,-0.12,-0.081,-0.118,-0.166,-0.178,-0.179,-0.144,
0,-0.225,-0.215,-0.189,-0.289,-0.223,-0.229,-0.119,-0.324,-0.253,
0,-0.085,-0.168,-0.089,-0.049,-0.134,-0.227,-0.182,-0.141,-0.175,
0,0.025,0.21,0.032,0.006,0.003,0.003,0.003,0.003,0.003,
0,-0.182,-0.26,-0.329,-0.333,-0.208,-0.22,-0.259,-0.185,-0.154,
0,-0.156,-0.132,-0.032,-0.032,0.006,0,0.009,-0.003,-0.012,
0,-0.087,-0.097,-0.026,0.005,-0.065,-0.083,0.013,-0.033,-0.138,
0,-0.218,-0.102,-0.082,-0.131,-0.132,-0.046,-0.097,0,0.014,
0,-0.129,-0.178,-0.234,-0.217,-0.196,-0.211,-0.166,-0.105,-0.132,
0,-0.103,-0.098,-0.068,-0.027,-0.071,-0.012,-0.003,-0.003,-0.003,
0,-0.128,-0.118,-0.102,-0.153,-0.072,-0.08,-0.035,-0.098,-0.165,
0,-0.232,-0.292,-0.243,-0.175,-0.185,-0.227,-0.149,-0.198,-0.25,
0,-0.131,-0.231,-0.182,-0.196,0.005,-0.18,-0.17,-0.052,-0.113,
0,-0.136,-0.162,-0.161,-0.063,-0.041,-0.033,-0.066,-0.041,-0.071,
0,-0.059,-0.165,-0.225,-0.121,-0.023,0.03,-0.147,-0.152,-0.164,
0,-0.14,-0.18,-0.194,-0.027,0.008,-0.051,-0.079,-0.161,-0.072,
0,-0.255,-0.255,-0.214,-0.151,-0.212,-0.14,-0.167,-0.181,-0.212,
0,-0.288,-0.088,-0.134,-0.205,-0.195,-0.072,-0.146,-0.056,-0.116,
0,-0.21,0.018,-0.064,-0.006,0.069,-0.047,-0.085,0,-0.044,
0,-0.056,-0.248,-0.139,0.017,-0.063,-0.139,-0.153,-0.113,-0.078,
0,-0.209,-0.202,-0.195,-0.182,-0.24,-0.135,-0.177,-0.173,-0.163,
0,-0.035,0.012,0.041,0.012,0.012,0.012,0.012,0.012,0.012,
0,-0.075,-0.155,-0.064,-0.044,-0.021,-0.107,-0.12,-0.011,-0.119,
0,0.015,-0.025,0.085,-0.003,0.093,0.103,0.043,0.015,0,
0,-0.162,0.027,0.015,0.133,-0.048,0.018,-0.025,0.016,0.035,
0,-0.234,-0.02,-0.125,-0.231,-0.196,-0.171,-0.073,-0.137,-0.089,
0,-0.213,-0.187,-0.284,-0.223,-0.261,-0.221,-0.196,-0.049,-0.102,
0,-0.276,-0.254,-0.149,-0.233,-0.069,-0.224,-0.077,-0.211,-0.082,
0,-0.237,-0.1,-0.13,-0.067,-0.102,-0.143,-0.151,0.038,-0.138,
0,-0.284,-0.234,-0.314,-0.292,-0.326,-0.203,-0.233,-0.274,-0.255,
0,-0.253,-0.331,-0.222,-0.222,-0.207,-0.31,-0.224,-0.292,-0.227,
0,-0.209,-0.195,-0.107,-0.105,-0.249,-0.204,-0.119,-0.135,-0.17,
0,0.003,0.037,0.034,0.031,0.056,0.078,0.076,0.041,0.035,
0,-0.116,-0.059,-0.149,-0.128,-0.124,-0.147,-0.141,-0.141,-0.116,
0,-0.2,-0.101,-0.073,-0.089,0,-0.072,-0.078,-0.126,-0.128,
0,-0.283,-0.21,-0.114,-0.144,-0.138,-0.183,-0.179,-0.172,-0.201,
0,-0.233,-0.306,-0.209,-0.128,-0.133,-0.223,-0.107,-0.119,-0.18,
0,-0.238,-0.083,-0.101,-0.011,-0.03,-0.16,-0.155,-0.022,-0.106,
0,0.153,0.112,0.138,0.076,0.068,0.038,0.038,0.006,0.003,
0,-0.339,-0.346,-0.41,-0.42,-0.35,-0.379,-0.324,-0.273,-0.351,
0,-0.168,-0.121,-0.202,-0.067,-0.044,-0.129,-0.148,-0.135,-0.119,
0,-0.034,-0.042,-0.054,-0.02,-0.018,-0.006,0.012,-0.015,-0.009,
0,0.042,0.024,0.021,0.021,0.021,0.021,0.021,0.021,0.021,
0,-0.142,-0.147,0.027,-0.123,-0.058,-0.018,-0.027,-0.032,-0.124,
0,-0.126,-0.058,0.006,-0.03,0.003,0.006,0.006,0.006,0.006,
0,-0.211,-0.152,-0.112,-0.014,-0.224,-0.257,-0.146,-0.071,-0.161,
0,-0.109,-0.198,-0.176,-0.125,-0.056,-0.131,-0.134,-0.07,-0.177,
0,-0.103,-0.137,-0.11,-0.037,-0.153,-0.027,-0.139,-0.085,-0.081,
0,-0.235,-0.151,-0.246,-0.182,-0.226,-0.249,-0.281,-0.227,-0.169,
0,0.063,-0.09,0.091,0.05,0.029,0.06,0.108,0.032,0.091,
0,-0.304,-0.167,-0.265,-0.248,-0.162,-0.268,-0.324,-0.26,-0.238,
0,-0.361,-0.308,-0.261,-0.265,-0.304,-0.251,-0.162,-0.235,-0.202,
0,0.037,0.032,0.003,0,0,0,0,0,0,
0,-0.252,-0.269,-0.174,-0.23,-0.103,-0.175,-0.195,-0.253,-0.158,
0,-0.233,-0.137,-0.109,-0.248,-0.138,-0.308,-0.149,-0.197,-0.184,
0,-0.113,-0.275,-0.25,-0.262,-0.083,-0.059,-0.18,-0.29,-0.191,
0,-0.242,-0.15,-0.025,-0.04,-0.064,-0.106,-0.18,-0.015,-0.029,
0,-0.271,-0.263,-0.157,-0.081,-0.145,-0.22,-0.227,-0.173,-0.173,
0,-0.214,-0.202,-0.242,0.044,-0.055,-0.029,-0.125,-0.186,-0.079,
0,0.061,0.006,0.003,0.003,0.003,0.003,0.003,0.003,0.003,
0,-0.169,-0.073,-0.098,-0.155,-0.159,-0.14,-0.146,-0.195,-0.185,
0,-0.04,-0.137,-0.179,-0.118,-0.055,-0.076,-0.012,-0.032,-0.003,
0,0.035,0.024,0.006,0.003,0.003,0.003,0.003,0.003,0.003,
0,-0.222,-0.236,-0.194,-0.208,-0.151,-0.208,-0.224,-0.167,-0.203,
0,-0.226,-0.175,-0.209,-0.179,-0.163,-0.18,-0.2,-0.152,-0.217,
0,-0.174,-0.079,0.016,-0.032,-0.036,0.037,-0.022,-0.025,-0.057,
0,-0.158,-0.048,0.006,0.012,0.012,0.012,0.012,0.012,0.012,
0,-0.156,-0.172,-0.158,-0.068,-0.064,-0.206,-0.285,-0.189,-0.135,
0,-0.227,-0.25,-0.239,-0.144,-0.115,-0.116,-0.158,-0.153,-0.071,
0,-0.159,-0.256,-0.23,-0.12,-0.123,-0.149,-0.221,-0.28,-0.161,
0,-0.111,-0.105,-0.126,-0.23,-0.174,-0.202,-0.139,-0.151,-0.113,
0,-0.088,-0.097,0.003,0.018,-0.003,-0.012,-0.006,0.076,0.009,
0,-0.101,-0.129,-0.002,-0.127,-0.049,-0.119,-0.266,-0.269,-0.135,
0,-0.033,0.018,0.072,0.015,0.042,0.018,0.009,0.009,0.009,
0,-0.06,-0.028,-0.172,-0.202,-0.215,0.035,-0.094,-0.13,-0.171,
0,-0.255,-0.074,-0.04,-0.118,-0.208,-0.097,-0.086,-0.085,-0.057,
0,-0.037,0.067,-0.008,-0.122,-0.178,-0.108,-0.079,-0.113,-0.077,
0,-0.405,-0.285,-0.306,-0.331,-0.179,-0.143,-0.226,-0.132,-0.203,
0,-0.136,-0.057,-0.05,-0.088,-0.066,-0.03,-0.018,-0.012,-0.006,
0,-0.322,-0.469,-0.421,-0.41,-0.381,-0.377,-0.378,-0.396,-0.38,
0,-0.219,-0.159,-0.095,-0.037,-0.101,0.019,-0.099,-0.134,-0.154,
0,-0.139,-0.102,-0.227,-0.14,-0.068,-0.21,-0.178,-0.163,-0.201,
0,-0.182,-0.213,-0.083,-0.113,-0.043,-0.009,0,-0.117,-0.151,
0,-0.309,-0.29,-0.251,-0.293,-0.147,-0.232,-0.136,-0.062,-0.166,
0,-0.09,-0.028,-0.177,-0.16,-0.198,-0.067,-0.14,-0.14,-0.142,
0,-0.33,-0.27,-0.131,-0.155,-0.138,-0.364,-0.422,-0.281,-0.321,
0,-0.26,-0.077,0.008,-0.027,0.033,0.009,-0.127,-0.087,-0.116,
0,-0.229,-0.142,-0.182,-0.166,-0.118,-0.165,-0.194,-0.059,-0.097,
0,-0.202,-0.059,-0.119,-0.102,-0.121,-0.066,-0.083,-0.081,-0.128,
0,-0.169,-0.214,-0.25,-0.139,-0.202,-0.136,-0.092,-0.028,-0.203,
0,-0.285,-0.239,-0.203,-0.095,-0.146,-0.14,-0.038,-0.139,-0.153,
0,-0.281,-0.316,-0.259,-0.091,-0.136,-0.141,-0.163,-0.057,-0.259,
0,-0.108,-0.229,-0.118,-0.223,-0.235,-0.194,-0.119,-0.13,-0.021,
0,-0.152,-0.04,-0.155,-0.023,-0.114,-0.06,-0.08,-0.141,-0.167,
0,-0.135,-0.008,-0.058,-0.092,-0.02,-0.017,-0.052,-0.012,-0.012,
0,-0.177,-0.002,0.044,0.005,-0.011,-0.034,0,-0.02,-0.087,
0,-0.089,-0.025,-0.064,-0.086,-0.018,0,-0.006,-0.015,0.003,
0,-0.042,-0.127,-0.291,-0.136,-0.153,-0.113,-0.104,0.017,-0.226,
0,-0.121,-0.281,-0.183,-0.234,-0.049,-0.135,-0.201,-0.182,-0.116,
0,-0.102,-0.182,-0.206,-0.216,-0.151,-0.168,-0.151,-0.12,-0.164,
0,-0.303,-0.287,-0.349,-0.308,-0.29,-0.255,-0.289,-0.245,-0.212,
0,-0.27,-0.174,-0.172,-0.14,-0.123,-0.113,-0.087,-0.159,-0.155,
0,-0.193,-0.217,-0.2,-0.222,-0.208,-0.173,-0.184,-0.165,-0.219,
0,-0.011,0,0,0.003,0.003,0.003,0.003,0.003,0.003,
0,-0.318,-0.412,-0.253,-0.294,-0.268,-0.325,-0.268,-0.252,-0.171,
0,-0.268,-0.132,-0.189,-0.102,-0.167,-0.278,-0.166,-0.073,-0.152,
0,-0.115,-0.154,-0.09,-0.178,-0.099,-0.211,-0.174,-0.255,-0.347,
0,-0.192,-0.054,0.028,0.085,0.043,-0.06,-0.055,-0.089,-0.047,
0,-0.135,0.012,0.099,0.003,-0.145,-0.122,-0.074,0.025,0.06,
0,-0.113,-0.11,-0.165,-0.148,-0.122,-0.037,-0.122,-0.017,0.013,
0,-0.128,-0.15,-0.2,-0.02,-0.119,-0.199,-0.118,-0.111,0.008,
0,-0.127,-0.262,-0.213,-0.106,-0.159,-0.137,-0.076,-0.21,-0.133,
0,-0.259,-0.402,-0.191,-0.311,-0.254,-0.201,-0.3,-0.282,-0.207,
0,-0.094,-0.12,-0.078,-0.023,-0.191,-0.097,-0.024,-0.071,-0.027,
0,-0.276,-0.163,-0.152,-0.112,-0.161,-0.113,-0.182,-0.202,-0.213,
0,-0.246,-0.054,-0.134,-0.121,-0.107,-0.15,-0.19,-0.199,-0.199,
0,-0.106,-0.073,-0.003,0,0,0.003,0.003,0.003,0.003,
0,-0.128,-0.043,0.067,-0.075,-0.084,-0.084,-0.037,-0.006,-0.149,
0,-0.428,-0.292,-0.326,-0.324,-0.168,-0.256,-0.192,-0.124,-0.233,
0,-0.102,-0.185,-0.121,-0.111,-0.151,-0.17,-0.111,-0.044,-0.081,
0,-0.203,-0.222,-0.205,-0.103,-0.161,-0.147,-0.181,-0.169,-0.156,
0,-0.176,-0.184,-0.096,-0.044,-0.141,-0.268,-0.242,-0.154,-0.17,
0,-0.259,-0.197,-0.246,-0.239,-0.234,-0.223,-0.165,-0.124,-0.209,
0,0.007,-0.163,0.032,-0.127,-0.058,-0.046,-0.017,-0.054,-0.006,
0,0.045,0.039,0.039,0.036,0.036,0.036,0.036,0.036,0.036,
0,-0.151,-0.182,-0.248,-0.222,-0.327,-0.252,-0.217,-0.146,-0.301,
0,-0.043,0,0.006,0.006,0.006,0.006,0.006,0.006,0.006,
0,-0.231,-0.244,-0.118,-0.246,-0.238,-0.218,-0.157,-0.227,-0.096,
0,-0.099,-0.136,-0.133,-0.061,-0.183,-0.2,-0.105,-0.046,-0.063,
0,-0.257,-0.334,-0.228,-0.209,-0.101,-0.117,-0.122,-0.133,-0.121,
0,-0.127,-0.261,-0.21,-0.098,-0.176,-0.094,-0.062,-0.01,-0.039,
0,-0.144,-0.132,0.045,0.011,0.156,-0.038,-0.206,-0.154,-0.055,
0,-0.151,-0.093,0.015,-0.129,-0.135,-0.172,-0.178,-0.22,-0.146,
0,-0.23,-0.11,-0.156,-0.211,-0.211,-0.166,-0.176,-0.028,-0.023,
0,-0.177,-0.093,-0.184,-0.148,-0.204,-0.206,-0.139,-0.249,-0.036,
0,-0.19,-0.192,-0.091,-0.015,-0.127,-0.068,-0.116,-0.084,-0.166,
0,-0.221,-0.269,-0.347,-0.131,-0.166,-0.165,-0.119,-0.256,-0.245,
0,-0.186,-0.272,-0.36,-0.202,-0.179,-0.266,-0.248,-0.191,-0.134,
0,-0.227,-0.178,-0.148,-0.239,-0.179,-0.224,-0.136,-0.105,-0.191,
0,-0.2,-0.139,-0.01,-0.057,-0.167,-0.097,-0.126,-0.156,-0.064,
0,-0.263,-0.062,-0.152,-0.135,-0.168,-0.084,-0.08,-0.042,-0.187,
0,-0.274,-0.334,-0.094,-0.057,-0.181,-0.087,-0.015,-0.121,-0.018,
0,-0.205,-0.143,-0.199,-0.149,-0.147,0,-0.058,-0.206,-0.173,
0,-0.248,-0.201,-0.28,-0.235,-0.038,-0.178,-0.118,-0.154,-0.15,
0,-0.249,-0.167,-0.313,-0.218,-0.121,-0.219,-0.172,-0.082,-0.252,
0,-0.366,-0.352,-0.266,-0.276,-0.29,-0.228,-0.132,-0.21,-0.233,
0,-0.209,-0.247,-0.111,-0.282,-0.232,-0.202,-0.23,-0.131,-0.08,
0,-0.231,-0.159,-0.188,-0.182,-0.097,-0.157,-0.161,-0.131,-0.14,
0,0.103,0.071,0.061,0.059,0.059,0.059,0.059,0.059,0.059,
0,-0.18,-0.155,-0.127,-0.166,-0.121,-0.215,-0.158,-0.084,-0.073,
0,-0.291,-0.232,-0.297,-0.243,-0.255,-0.278,-0.316,-0.257,-0.257,
0,-0.252,-0.219,-0.248,-0.198,-0.271,-0.128,-0.29,-0.204,-0.244,
0,-0.184,-0.184,-0.067,-0.125,-0.047,-0.137,-0.047,-0.008,0.026,
0,-0.191,-0.264,-0.2,-0.255,-0.197,-0.222,-0.261,-0.266,-0.223,
0,-0.263,-0.291,-0.297,-0.182,-0.245,-0.238,-0.279,-0.323,-0.267,
0,-0.092,-0.084,0.006,-0.03,-0.006,0.018,0.015,-0.006,0,
0,-0.134,-0.003,-0.003,-0.021,-0.003,0,0,0,0,
0,0.023,0.009,0.073,0.009,0.027,0.006,0.006,0,0,
0,-0.174,-0.322,-0.094,-0.213,-0.059,-0.037,-0.071,-0.169,-0.054,
0,0.033,-0.192,-0.193,-0.116,-0.193,-0.228,-0.225,-0.176,-0.177,
0,-0.133,-0.094,-0.137,-0.097,-0.155,-0.15,-0.191,-0.157,-0.043,
0,-0.022,-0.003,-0.012,0,0,0,0,0,0,
0,-0.258,-0.076,-0.187,-0.103,-0.257,-0.133,-0.209,-0.117,-0.171,
0,-0.225,-0.25,-0.033,-0.09,-0.179,-0.039,-0.233,-0.075,-0.174,
0,-0.125,-0.218,-0.294,-0.203,-0.203,-0.129,-0.218,-0.21,-0.189,
0,-0.331,-0.281,-0.285,-0.199,-0.204,-0.324,-0.247,-0.139,-0.216,
0,-0.221,-0.162,-0.257,-0.163,-0.288,-0.217,-0.181,-0.23,-0.186,
0,-0.23,-0.278,-0.259,-0.184,-0.204,-0.157,-0.235,-0.146,-0.213,
0,-0.298,-0.163,-0.215,-0.215,-0.218,-0.106,-0.017,-0.119,-0.186,
0,-0.3,-0.225,-0.303,-0.346,-0.272,-0.272,-0.178,-0.223,-0.129,
0,-0.144,-0.139,-0.137,-0.111,-0.13,-0.116,-0.024,-0.027,-0.012,
0,-0.167,-0.245,-0.221,-0.27,-0.265,-0.244,-0.114,-0.234,-0.161,
0,-0.017,0.009,0.058,0.012,0.006,0.006,0.006,0.006,0.006,
0,0.007,-0.064,-0.012,0.009,0.018,0.018,0.018,0.018,0.018,
0,-0.158,-0.117,-0.18,-0.13,-0.128,-0.116,-0.128,-0.106,-0.109,
0,-0.249,-0.187,-0.12,-0.208,-0.119,-0.086,-0.152,-0.111,-0.061,
0,-0.073,0.016,-0.065,0.023,0.035,0.035,0.078,-0.022,-0.056,
0,0,0.057,-0.103,-0.114,-0.022,0,0.114,0.079,0.008,
0,-0.066,-0.112,-0.005,-0.034,-0.063,-0.017,-0.264,-0.135,-0.173,
0,-0.098,0.037,-0.023,-0.044,-0.049,-0.116,0.034,0.07,0.05,
0,-0.189,-0.26,-0.278,-0.234,-0.255,-0.222,-0.141,-0.199,-0.187,
0,-0.143,-0.205,-0.119,-0.14,-0.237,-0.14,-0.078,-0.07,-0.029,
0,-0.262,-0.186,-0.064,-0.202,-0.12,-0.197,-0.215,-0.126,-0.108,
0,0.044,0.043,0,0,0,0.003,0.003,0.003,0.003,
0,-0.196,-0.449,-0.279,-0.145,-0.184,-0.168,-0.12,-0.226,-0.1,
0,-0.247,-0.328,-0.262,-0.123,-0.194,-0.16,0.068,-0.161,-0.195,
0,-0.087,-0.055,0.072,-0.209,-0.196,0.062,-0.18,-0.338,-0.303,
0,0.411,0.222,0.297,0.122,0.12,0.12,0.12,0.12,0.12,
0,-0.176,-0.256,-0.309,-0.195,-0.197,-0.23,-0.305,-0.234,-0.198,
0,-0.053,-0.244,-0.243,-0.232,-0.252,-0.16,-0.134,-0.134,-0.111,
0,-0.146,-0.19,-0.17,-0.154,-0.093,-0.113,-0.202,-0.134,-0.095,
0,-0.078,-0.021,0.009,0.012,0.012,0.012,0.012,0.012,0.012,
0,-0.25,-0.1,-0.065,-0.192,-0.136,-0.161,-0.077,-0.171,-0.174,
0,-0.173,-0.199,-0.205,-0.079,-0.11,-0.186,-0.15,-0.104,-0.228,
0,-0.103,-0.034,-0.015,-0.024,-0.006,0,0,0,0,
0,-0.206,-0.236,-0.228,-0.251,-0.235,-0.249,-0.199,-0.292,-0.279,
0,-0.107,-0.248,-0.093,-0.047,-0.029,-0.016,-0.026,-0.023,-0.034,
0,-0.086,-0.136,-0.08,-0.049,-0.035,-0.088,-0.038,-0.018,-0.021,
0,-0.252,-0.144,-0.282,-0.165,-0.273,-0.153,-0.213,-0.184,-0.234,
0,-0.11,-0.085,-0.129,-0.352,-0.197,-0.226,-0.225,-0.278,-0.238,
0,-0.196,-0.102,-0.196,-0.189,-0.131,-0.092,-0.147,-0.049,-0.12,
0,-0.197,-0.159,-0.153,-0.218,-0.247,-0.21,-0.174,-0.251,-0.244,
0,-0.091,-0.17,-0.202,-0.18,-0.148,-0.113,-0.2,-0.06,-0.065,
0,-0.132,-0.111,-0.038,-0.074,0.064,-0.013,-0.118,-0.14,-0.166,
0,0.138,0.024,0.009,0.006,0.006,0.006,0.006,0.006,0.006,
0,-0.171,-0.165,-0.159,-0.16,-0.152,-0.111,-0.052,-0.088,-0.073,
0,-0.169,-0.058,-0.026,0.086,-0.076,-0.057,-0.047,-0.021,0.045,
0,-0.043,-0.116,-0.093,-0.081,-0.069,-0.056,-0.016,-0.065,-0.066,
0,-0.246,-0.194,-0.248,-0.226,-0.203,-0.236,-0.227,-0.115,-0.223,
0,-0.286,-0.203,-0.115,-0.071,-0.169,-0.166,-0.227,-0.19,-0.173,
0,-0.052,-0.12,-0.17,-0.073,0.082,-0.057,-0.056,-0.051,-0.116,
0,-0.356,-0.03,-0.269,-0.215,-0.158,-0.311,0.009,-0.056,-0.213,
0,-0.162,0,-0.127,-0.171,-0.186,-0.098,-0.035,-0.038,0.003,
0,0.112,0.058,0.058,0.058,0.058,0.058,0.058,0.058,0.058,
0,-0.361,-0.353,-0.269,-0.354,-0.365,-0.245,-0.203,-0.202,-0.291,
0,-0.117,0.014,-0.15,-0.146,-0.201,-0.087,-0.101,-0.176,-0.094,
0,-0.26,-0.123,0.055,-0.157,-0.182,0,-0.083,-0.112,-0.274,
0,-0.228,-0.346,-0.308,-0.213,-0.279,-0.362,-0.3,-0.223,-0.28,
0,-0.237,-0.235,-0.153,-0.166,-0.147,-0.123,-0.002,0.072,0.012,
0,-0.161,-0.282,-0.231,-0.159,-0.184,-0.096,-0.112,-0.066,-0.186,
0,-0.029,0.043,0.072,0.114,0.03,0,0.006,0.024,0.006,
0,-0.134,-0.22,-0.183,-0.224,-0.24,-0.211,-0.133,-0.2,-0.19,
0,-0.285,-0.13,-0.288,-0.341,-0.325,-0.274,-0.223,-0.284,-0.29,
0,-0.041,-0.074,0.019,0.016,0.092,0.052,-0.133,-0.153,-0.024,
0,-0.134,-0.165,-0.1,-0.092,-0.067,-0.119,-0.014,0.015,0.129,
0,-0.264,-0.253,-0.093,-0.112,-0.212,-0.187,-0.147,-0.21,-0.179,
0,-0.247,-0.194,-0.207,-0.067,-0.2,-0.185,-0.076,-0.182,-0.098,
0,-0.236,-0.34,-0.257,-0.228,-0.283,-0.272,-0.22,-0.264,-0.293,
0,-0.273,-0.424,-0.327,-0.333,-0.233,-0.227,-0.182,-0.291,-0.277,
0,-0.211,-0.089,-0.275,-0.097,-0.038,-0.116,-0.124,-0.08,-0.153,
0,-0.269,-0.185,-0.117,-0.308,-0.294,-0.307,-0.129,-0.131,-0.219,
0,-0.193,-0.165,-0.12,-0.239,-0.177,-0.164,-0.167,-0.232,-0.117,
0,-0.075,-0.06,-0.094,-0.088,-0.072,-0.007,-0.013,-0.149,-0.07,
0,-0.077,-0.035,0.002,-0.027,-0.075,0.021,-0.021,0.043,0.026,
0,-0.357,-0.257,-0.338,-0.375,-0.31,-0.282,-0.263,-0.292,-0.18,
0,-0.104,-0.206,-0.063,-0.05,-0.139,-0.161,0.005,-0.086,-0.051,
0,-0.202,-0.166,-0.187,-0.083,-0.101,-0.138,-0.024,-0.169,-0.032,
0,-0.037,0.018,0.028,0.028,0.028,0.028,0.028,0.028,0.028,
0,0.005,-0.106,-0.13,-0.094,-0.151,-0.096,-0.095,-0.156,-0.201,
0,-0.177,-0.215,-0.135,-0.17,-0.221,-0.136,-0.134,-0.089,-0.296,
0,-0.175,-0.067,0.003,-0.119,-0.159,-0.133,-0.182,-0.091,0.003,
0,-0.031,-0.043,-0.063,-0.086,-0.044,-0.024,-0.003,0,0,
0,-0.044,-0.075,-0.032,0,0.003,0.006,0.006,0.006,0.006,
0,-0.276,-0.226,-0.177,-0.209,-0.158,-0.23,-0.234,-0.262,-0.135,
0,-0.275,-0.217,-0.155,-0.141,-0.101,-0.199,-0.194,-0.088,-0.143,
0,-0.342,-0.36,-0.191,-0.299,-0.221,0.028,-0.073,-0.057,-0.09,
0,-0.369,-0.292,-0.237,-0.2,-0.275,-0.245,-0.153,-0.194,-0.269,
0,-0.009,-0.071,-0.077,-0.005,0.005,0.016,-0.045,0.133,0.026,
0,-0.089,-0.13,-0.098,-0.094,-0.003,0.012,-0.13,-0.141,-0.104,
0,-0.008,0.068,0.099,0.061,0.024,0.012,0.006,0.021,0.006,
0,-0.044,-0.015,0,0.003,0.003,0.003,0.003,0.003,0.003,
0,-0.165,-0.228,-0.128,-0.246,-0.241,-0.258,-0.209,-0.186,-0.137,
0,0.063,0.034,0.034,0.034,0.034,0.034,0.034,0.034,0.034,
0,-0.125,-0.203,-0.214,-0.08,-0.049,-0.049,-0.003,-0.003,-0.012,
0,0,-0.024,-0.003,-0.015,-0.003,-0.015,-0.003,-0.015,-0.003,
0,-0.027,-0.091,-0.092,-0.006,0.049,0.003,0,0.018,0.088,
0,-0.129,-0.063,-0.109,-0.09,-0.148,-0.098,-0.1,-0.039,-0.085,
0,-0.162,-0.168,-0.093,-0.075,-0.106,-0.116,-0.149,-0.143,-0.105,
0,0.067,-0.068,0.015,0.009,0.006,0.006,0.006,0.006,0.006,
0,-0.176,-0.124,-0.185,-0.163,-0.111,-0.192,-0.205,-0.209,-0.146,
0,-0.172,-0.246,-0.17,-0.034,-0.122,-0.052,-0.078,-0.037,-0.102,
0,-0.291,-0.148,-0.213,-0.269,-0.277,-0.144,-0.143,-0.144,-0.242,
0,-0.196,-0.235,-0.177,-0.16,-0.119,-0.22,-0.161,-0.195,-0.204,
0,-0.184,0.033,-0.1,-0.035,-0.249,-0.076,-0.078,-0.006,-0.003,
0,-0.14,-0.159,-0.172,-0.238,-0.274,-0.225,-0.187,-0.112,-0.219,
0,-0.285,-0.203,-0.033,0.205,-0.063,-0.124,-0.211,-0.101,-0.131,
0,-0.322,-0.209,-0.359,-0.216,-0.221,-0.121,-0.177,-0.136,-0.169,
0,-0.148,-0.071,-0.167,-0.09,-0.093,-0.127,-0.185,-0.171,-0.246,
0,-0.089,-0.057,-0.059,-0.006,0.014,0.027,0.072,0.056,0.009,
0,-0.125,-0.09,-0.221,-0.185,-0.105,-0.107,-0.071,-0.006,0,
0,-0.282,-0.161,-0.083,-0.147,-0.158,-0.154,-0.143,-0.18,-0.092,
0,-0.327,-0.296,-0.183,-0.084,-0.105,-0.196,-0.09,-0.185,-0.226,
0,-0.256,-0.379,-0.148,-0.197,-0.097,-0.06,-0.167,-0.101,-0.068,
0,-0.424,-0.292,-0.229,-0.339,-0.255,-0.152,-0.087,-0.179,-0.163,
0,-0.149,-0.128,-0.099,-0.064,-0.036,0.094,0.003,-0.009,0.032,
0,-0.066,-0.119,-0.116,0.018,-0.102,-0.174,-0.068,-0.064,-0.111,
0,-0.074,0.051,0.033,0.009,0.006,0.006,0.006,0.006,0.006,
0,-0.104,-0.119,-0.033,-0.026,-0.061,-0.021,0,0,0,
0,-0.304,-0.432,-0.311,-0.26,-0.168,-0.029,-0.36,-0.24,-0.15,
0,-0.29,-0.275,-0.2,-0.217,-0.155,-0.206,-0.288,-0.21,-0.258,
0,-0.3,-0.269,-0.337,-0.334,-0.307,-0.214,-0.26,-0.155,-0.254,
0,-0.174,-0.143,0.058,-0.037,-0.112,-0.065,-0.11,-0.015,-0.039,
0,-0.385,-0.318,-0.251,-0.173,-0.093,-0.177,-0.149,-0.185,-0.193,
0,-0.075,-0.113,-0.197,-0.105,-0.201,-0.131,-0.203,-0.133,-0.066,
0,-0.318,-0.044,-0.285,-0.186,-0.123,-0.066,-0.055,-0.171,-0.146,
0,-0.16,-0.249,-0.124,-0.123,-0.084,-0.191,-0.095,-0.035,-0.165,
0,-0.138,-0.066,-0.111,0.026,0.005,0.067,-0.141,-0.045,-0.09,
0,-0.177,-0.172,-0.155,-0.13,-0.149,-0.041,-0.04,-0.04,0.033,
0,-0.015,-0.017,-0.08,-0.204,-0.145,-0.184,-0.094,-0.065,-0.062,
0,-0.104,-0.092,-0.039,-0.042,-0.021,0,-0.003,0.003,0,
0,-0.05,-0.008,-0.071,-0.06,-0.121,-0.011,-0.033,-0.074,-0.05,
0,-0.135,0.067,-0.126,-0.173,-0.126,-0.113,-0.067,-0.067,-0.078,
0,-0.208,-0.034,-0.104,-0.136,-0.154,-0.238,-0.161,-0.157,-0.117,
0,-0.237,-0.296,-0.371,-0.188,-0.248,-0.185,-0.23,-0.215,-0.144,
0,-0.188,0,0.014,-0.003,0,0.006,0,0,0,
0,-0.227,-0.263,-0.181,-0.187,-0.16,-0.036,-0.108,-0.135,-0.149,
0,-0.194,-0.217,-0.24,-0.15,-0.146,-0.12,-0.105,-0.12,-0.103,
0,-0.113,-0.023,-0.04,-0.137,-0.003,0,0,-0.003,-0.003,
0,-0.109,-0.151,-0.191,-0.255,-0.239,-0.128,-0.146,-0.146,-0.137,
0,-0.091,-0.129,-0.122,-0.154,-0.129,-0.102,-0.05,-0.127,-0.107,
0,0.012,-0.289,-0.031,-0.085,-0.153,-0.156,-0.172,-0.193,-0.22,
0,0.131,0.081,0.062,0.062,0.034,0.034,0.034,0.034,0.034,
0,-0.164,-0.154,-0.067,-0.083,-0.112,-0.034,-0.045,-0.061,-0.117,
0,-0.407,-0.309,-0.229,-0.29,-0.305,-0.221,-0.054,-0.064,-0.015,
0,-0.071,-0.058,-0.106,-0.247,-0.145,-0.115,-0.089,-0.08,-0.012,
0,-0.144,-0.183,-0.147,0.077,-0.072,-0.114,-0.192,-0.221,-0.192,
0,-0.19,-0.132,-0.158,-0.116,-0.041,0.075,-0.036,0.042,-0.013,
0,-0.368,-0.293,-0.286,-0.245,-0.219,-0.07,-0.211,-0.073,-0.197,
0,-0.185,-0.143,-0.036,-0.161,-0.07,-0.012,0,0,0,
0,-0.179,-0.169,-0.085,-0.044,-0.006,-0.061,-0.069,-0.027,0,
0,-0.212,-0.26,-0.22,-0.169,-0.167,-0.281,-0.225,-0.192,-0.122,
0,-0.08,-0.077,-0.009,0,0,0,0,0,0,
0,-0.337,-0.266,-0.209,-0.234,-0.033,0.092,-0.007,-0.112,-0.09,
0,-0.22,-0.221,-0.048,0.019,-0.028,-0.095,-0.156,-0.119,-0.125,
0,0.047,0.006,0.003,0.003,0.003,0.003,0.003,0.003,0.003,
0,-0.086,-0.252,-0.219,-0.28,-0.198,-0.183,-0.101,-0.059,-0.033,
0,-0.11,-0.178,-0.152,-0.17,-0.141,-0.128,-0.128,-0.051,-0.065,
0,0.069,0.037,0.037,0.037,0.037,0.037,0.037,0.037,0.037,
0,-0.259,-0.33,-0.06,-0.042,-0.185,-0.086,-0.147,-0.146,-0.032,
0,-0.046,0.041,0,-0.003,0,0,0,0,0,
0,-0.028,-0.161,-0.153,-0.104,-0.1,-0.149,-0.151,-0.191,-0.094,
0,-0.16,-0.066,-0.113,-0.205,-0.193,-0.049,-0.18,-0.195,-0.162,
0,-0.09,-0.036,-0.003,0,0,0,0,0,0,
0,-0.18,-0.085,-0.012,0,0,0,0,0,0,
0,-0.05,0.021,0.012,0.019,0.003,0.003,0.003,0.003,0.003,
0,0.002,-0.088,-0.099,-0.082,-0.136,-0.144,-0.063,-0.072,-0.069,
0,-0.072,-0.033,-0.137,-0.101,-0.072,-0.078,-0.018,-0.003,-0.003,
0,-0.059,-0.039,-0.076,-0.009,0,0,0,0,0,
0,-0.241,-0.18,-0.053,-0.154,-0.13,-0.173,-0.175,-0.094,-0.178,
0,-0.137,-0.069,-0.007,-0.147,-0.08,-0.137,-0.152,-0.071,-0.076,
0,-0.197,-0.176,-0.034,-0.066,-0.052,-0.109,-0.068,-0.099,-0.179,
0,-0.103,0.031,0.073,-0.053,-0.069,-0.117,-0.137,-0.088,-0.197,
0,-0.154,-0.257,-0.095,0.015,-0.053,-0.048,-0.102,-0.102,-0.249,
0,-0.239,-0.006,-0.124,-0.109,-0.048,-0.03,-0.042,-0.012,-0.033,
0,-0.324,-0.458,-0.347,-0.395,-0.311,-0.252,-0.254,-0.296,-0.268,
0,-0.157,-0.072,-0.02,0.042,0.068,-0.113,-0.029,0.026,-0.025,
0,-0.188,-0.078,-0.1,-0.211,-0.121,-0.14,-0.155,-0.207,-0.284,
0,-0.09,-0.116,-0.063,-0.069,-0.035,-0.009,-0.096,-0.039,-0.027,
0,0.033,0.016,0.016,0.016,0.016,0.016,0.016,0.016,0.016,
0,-0.226,-0.233,-0.256,-0.216,-0.21,-0.09,-0.191,-0.171,-0.172,
0,-0.055,-0.012,0.003,0.003,0.003,0.003,0.003,0.003,0.003,
0,0.105,0.028,0.022,0.022,0.022,0.022,0.022,0.022,0.022,
0,-0.162,-0.073,-0.178,-0.056,-0.03,-0.061,-0.044,-0.006,0,
0,0.12,0.016,0.016,0.016,0.016,0.016,0.016,0.016,0.016,
0,-0.143,-0.026,-0.042,-0.128,-0.099,-0.137,0.021,-0.051,0,
0,-0.292,-0.176,-0.282,-0.126,-0.215,-0.077,-0.156,-0.142,-0.242,
0,-0.105,-0.065,-0.168,-0.158,-0.165,-0.08,-0.171,-0.079,-0.119,
0,-0.082,-0.117,-0.085,-0.12,-0.088,-0.132,0.031,-0.106,-0.086,
0,-0.232,-0.282,-0.226,-0.177,-0.076,-0.14,-0.047,-0.117,-0.266,
0,-0.007,-0.19,-0.039,-0.093,-0.003,-0.094,-0.074,-0.167,-0.022,
0,-0.129,-0.031,-0.066,0.009,0.072,0.012,0.042,0.027,0,
0,-0.193,-0.15,-0.082,-0.172,-0.078,-0.151,-0.066,-0.172,-0.082,
0,-0.139,-0.291,-0.236,-0.004,-0.068,-0.142,-0.12,-0.147,-0.11,
0,-0.319,-0.256,-0.485,-0.396,-0.348,-0.365,-0.325,-0.399,-0.343,
0,-0.152,-0.013,-0.023,-0.032,0.061,0.011,-0.101,-0.052,-0.067,
0,-0.276,0.037,-0.096,-0.066,-0.159,-0.096,-0.109,-0.225,-0.129,
0,0.012,0.006,0.009,0.009,0.009,0.009,0.009,0.009,0.009,
0,-0.298,-0.046,-0.194,-0.173,-0.266,-0.188,-0.211,-0.175,-0.204,
0,-0.189,-0.074,0.011,0.092,0.058,0,-0.061,-0.016,-0.095,
0,-0.153,-0.31,-0.229,-0.246,-0.107,-0.161,-0.103,-0.077,-0.124,
0,-0.268,-0.225,-0.008,0.045,-0.179,-0.187,-0.196,-0.096,-0.201,
0,-0.295,-0.272,-0.328,-0.237,-0.057,-0.164,-0.186,-0.171,-0.136,
0,-0.14,-0.347,-0.239,-0.19,-0.096,-0.1,-0.182,-0.246,-0.273,
0,-0.175,-0.037,-0.06,-0.098,-0.194,-0.13,-0.197,-0.132,-0.187,
0,-0.27,-0.156,-0.09,-0.177,-0.098,-0.113,-0.125,-0.056,-0.098,
0,-0.123,-0.239,-0.029,-0.18,-0.041,-0.069,-0.152,-0.165,-0.173,
0,-0.061,-0.053,-0.092,-0.113,-0.129,-0.042,-0.03,-0.015,-0.003,
0,0,0,0.003,0.003,0.003,0.003,0.003,0.003,0.003,
0,-0.181,-0.201,-0.068,-0.096,-0.061,-0.134,-0.129,-0.211,-0.223,
0,-0.31,-0.262,-0.266,-0.303,-0.12,-0.224,-0.174,-0.159,-0.196,
0,-0.228,-0.267,-0.183,-0.158,-0.038,-0.181,-0.214,-0.156,-0.213,
0,-0.306,-0.258,-0.251,-0.028,-0.153,-0.207,-0.186,-0.272,-0.203,
0,-0.055,-0.084,-0.051,0.055,-0.081,-0.024,-0.003,-0.024,-0.012,
0,-0.236,-0.018,-0.073,-0.07,-0.003,-0.006,-0.065,-0.024,0,
0,-0.186,-0.207,-0.155,-0.027,-0.009,-0.003,0,0,0,
0,-0.377,-0.204,-0.134,-0.159,-0.154,-0.153,-0.2,-0.039,-0.142,
0,-0.077,0.014,-0.042,-0.035,-0.023,-0.072,-0.015,-0.147,-0.129,
0,-0.186,-0.192,-0.163,-0.183,-0.062,-0.041,-0.041,-0.05,-0.102,
0,0.047,0.049,0.015,0.019,0.019,0.019,0.019,0.019,0.019,
0,-0.012,-0.116,-0.009,-0.043,-0.044,0.003,0,0.009,0.009,
0,-0.151,-0.2,-0.12,-0.03,-0.044,-0.055,-0.003,0,0,
0,-0.22,-0.262,-0.17,-0.149,-0.03,0.033,0.033,-0.036,-0.025,
0,-0.257,-0.242,-0.299,-0.222,-0.247,-0.19,-0.229,-0.18,-0.178,
0,-0.097,-0.174,-0.128,-0.044,-0.17,-0.111,-0.157,-0.119,-0.051,
0,-0.199,-0.162,-0.233,-0.113,-0.113,-0.193,-0.064,-0.129,-0.156,
0,-0.267,-0.173,-0.051,-0.227,-0.165,-0.178,-0.158,-0.182,-0.12,
0,-0.257,-0.264,-0.149,-0.216,-0.146,-0.154,-0.14,-0.05,-0.245,
0,0.067,0.067,0.039,0.022,0.022,0.022,0.022,0.022,0.022,
0,-0.128,0.019,0.022,0.022,0.022,0.022,0.022,0.022,0.022,
0,0.011,0.015,0.003,0.009,0.009,0.009,0.009,0.009,0.009,
0,0.032,-0.069,-0.101,-0.057,-0.024,-0.015,-0.018,0,0,
0,-0.056,0.08,-0.009,-0.009,0.003,0.003,0.003,0.003,0.003,
0,-0.287,-0.249,-0.186,-0.145,-0.195,-0.027,-0.135,-0.104,-0.152,
0,-0.137,-0.181,-0.274,-0.173,-0.232,-0.277,-0.215,-0.198,-0.174,
0,-0.098,0.027,-0.072,-0.117,-0.185,-0.177,-0.187,-0.056,-0.084,
0,-0.181,-0.089,-0.1,-0.092,-0.079,-0.145,-0.095,-0.17,-0.155,
0,-0.216,-0.292,-0.241,-0.224,-0.245,-0.171,-0.291,-0.232,-0.262,
0,-0.22,-0.267,-0.276,-0.235,-0.17,-0.115,-0.143,-0.129,-0.103,
0,-0.061,-0.078,-0.086,-0.106,-0.115,0.041,-0.008,-0.074,-0.056,
0,-0.236,-0.092,0.028,0.028,0.072,-0.018,-0.059,0.038,-0.003,
0,-0.188,-0.158,-0.141,-0.085,-0.04,-0.132,-0.095,-0.081,-0.231,
0,-0.219,-0.233,-0.148,-0.134,-0.142,-0.128,-0.085,0.026,-0.088,
0,0.012,0.006,0.006,0.006,0.006,0.006,0.006,0.006,0.006,
0,-0.167,-0.208,-0.159,-0.216,-0.103,-0.109,-0.044,-0.055,-0.178,
0,-0.057,-0.248,-0.193,-0.102,-0.16,-0.09,-0.08,-0.012,-0.003,
0,0.178,0.113,0.061,0.009,0.006,0.006,0.006,0.006,0.006,
0,-0.351,-0.224,-0.317,-0.063,0.057,0.046,-0.125,-0.201,-0.193,
0,-0.129,-0.041,-0.14,-0.092,-0.015,-0.021,-0.006,-0.003,0,
0,-0.027,0.128,-0.029,0.023,-0.113,-0.075,-0.08,-0.158,-0.058,
0,-0.187,-0.124,-0.236,-0.156,-0.13,-0.118,-0.137,-0.107,0.008,
0,-0.228,-0.267,-0.177,-0.18,-0.155,-0.156,-0.072,-0.146,-0.139,
0,-0.306,-0.296,-0.091,-0.085,-0.117,-0.149,-0.141,-0.138,-0.07,
0,-0.013,0.05,0.088,0.033,0.003,0.003,0,0,0,
0,-0.127,0.099,0.03,-0.006,-0.003,-0.03,-0.009,0.003,0,
0,-0.072,-0.107,-0.121,-0.062,-0.03,0,0,0,0,
0,-0.275,-0.243,-0.2,-0.066,-0.018,-0.099,-0.026,-0.082,-0.163,
0,-0.188,-0.126,-0.181,-0.276,-0.225,-0.239,-0.238,-0.269,-0.216,
0,-0.192,-0.182,-0.189,-0.246,-0.193,-0.093,-0.203,-0.13,-0.261,
0,-0.171,-0.268,-0.203,-0.168,-0.091,-0.242,-0.234,-0.241,-0.194,
0,-0.039,-0.041,-0.005,0.031,-0.175,-0.099,-0.011,-0.135,-0.026,
0,-0.246,-0.204,-0.224,-0.193,-0.077,-0.088,-0.181,-0.08,-0.061,
0,-0.281,-0.244,-0.203,-0.077,-0.105,-0.02,-0.16,-0.208,-0.181,
0,-0.147,-0.183,-0.258,-0.215,-0.15,-0.115,-0.22,-0.163,-0.084,
0,-0.052,-0.03,-0.015,-0.036,0,0.038,0.038,-0.003,0.041,
0,-0.093,-0.082,-0.307,0.06,-0.187,-0.105,-0.083,-0.212,-0.114,
0,-0.101,0.032,0.17,0.191,0.056,0.175,0.123,0.048,0.07,
0,0.024,0.006,0.003,0.003,0.003,0.003,0.003,0.003,0.003,
0,-0.233,-0.212,-0.049,-0.093,-0.129,-0.117,0.026,-0.157,-0.145,
0,-0.194,-0.257,-0.109,-0.211,-0.097,-0.179,-0.192,-0.137,-0.108,
0,-0.258,-0.161,-0.078,-0.03,-0.009,-0.018,-0.036,-0.003,0,
0,-0.216,-0.316,-0.27,-0.199,-0.183,-0.069,-0.103,-0.056,-0.024,
0,-0.01,-0.119,-0.172,-0.178,-0.097,-0.072,-0.156,-0.061,-0.122,
0,-0.09,-0.16,-0.306,-0.188,-0.118,-0.072,-0.106,-0.151,-0.072,
0,-0.209,-0.161,-0.161,-0.182,-0.1,-0.125,-0.098,-0.072,-0.05,
0,-0.323,-0.261,-0.214,-0.206,-0.116,-0.201,-0.222,-0.185,-0.171,
0,-0.042,-0.077,-0.045,-0.134,-0.103,-0.207,-0.167,-0.1,-0.197,
0,-0.003,-0.003,-0.003,-0.003,-0.003,-0.003,-0.003,-0.003,-0.003,
0,-0.066,-0.103,-0.091,-0.113,-0.024,-0.006,-0.003,0,0,
0,-0.204,-0.136,-0.081,0.047,-0.054,-0.076,-0.066,-0.058,-0.047,
0,-0.308,-0.121,-0.124,-0.174,-0.077,-0.117,-0.172,-0.197,-0.163,
0,-0.118,-0.106,-0.093,-0.064,-0.03,-0.024,-0.003,-0.003,-0.003,
0,-0.282,0.071,-0.225,-0.189,-0.034,-0.126,-0.065,-0.04,-0.074,
0,0.193,0.1,-0.129,-0.211,-0.218,-0.305,-0.243,-0.216,-0.152,
0,-0.192,-0.127,0.022,0.033,-0.103,0.073,0.052,-0.031,0.037,
0,-0.17,-0.299,-0.186,-0.146,-0.252,-0.317,-0.25,-0.214,-0.292,
0,0.034,0.006,0,0.003,0.003,0.003,0.003,0.003,0.003,
0,-0.299,-0.243,-0.262,-0.27,-0.24,-0.229,-0.188,-0.248,-0.173,
0,-0.14,-0.103,-0.086,-0.059,-0.006,-0.03,-0.003,-0.018,-0.003,
0,-0.345,-0.215,-0.247,-0.23,-0.266,-0.203,-0.2,-0.203,-0.238,
0,-0.063,-0.058,-0.092,0.036,0.015,0.039,0.098,0.067,0.13,
0,-0.149,-0.194,-0.188,-0.091,-0.191,-0.245,-0.116,-0.098,-0.108,
0,-0.299,-0.348,-0.314,-0.43,-0.274,-0.178,-0.216,-0.128,-0.179,
0,0,0,0,0,0,0,0,0,0,
0,0.032,-0.075,-0.183,-0.056,-0.051,-0.036,-0.086,0,0.006,
0,-0.21,-0.184,-0.16,-0.143,-0.033,-0.064,-0.127,-0.045,-0.064,
0,-0.128,-0.294,-0.108,-0.253,-0.245,-0.159,-0.183,-0.3,-0.221,
0,-0.227,-0.163,-0.013,-0.141,-0.125,-0.142,-0.119,-0.225,-0.103,
0,-0.052,-0.025,0.009,-0.04,-0.024,0.042,0.045,0.027,0.024,
0,-0.249,-0.201,-0.17,-0.211,-0.167,-0.155,-0.173,-0.166,-0.141,
0,-0.125,-0.199,-0.105,-0.079,-0.054,-0.081,-0.051,-0.025,-0.143,
0,0.08,0.033,0.003,0.003,0.003,0.003,0.003,0.003,0.003,
0,-0.239,-0.061,-0.038,0.01,-0.124,-0.016,0.028,0.028,-0.028,
0,-0.138,-0.147,-0.09,0.08,-0.031,0,-0.032,-0.006,0,
0,-0.183,-0.267,-0.17,-0.133,-0.246,-0.182,-0.201,-0.104,-0.166,
0,-0.239,-0.028,-0.179,-0.077,-0.012,-0.13,-0.112,-0.121,-0.193,
0,-0.07,-0.221,-0.151,-0.173,-0.177,-0.057,-0.073,-0.127,-0.168,
0,-0.123,-0.081,-0.143,-0.111,-0.12,-0.122,-0.184,-0.195,-0.108,
0,-0.135,-0.193,0.046,-0.037,-0.074,-0.053,-0.04,-0.091,-0.069,
0,0.042,-0.043,0.017,0.098,0.06,0.054,0.108,0.073,0.043,
0,-0.058,0,0.009,0.009,0.009,0.009,0.009,0.009,0.009,
0,-0.033,-0.078,-0.029,-0.092,-0.022,0.008,0.067,0.05,-0.05,
0,-0.215,-0.343,-0.298,-0.178,-0.041,-0.033,-0.286,-0.279,-0.168,
0,-0.213,-0.162,-0.176,-0.221,-0.148,-0.052,-0.022,-0.036,-0.111,
0,-0.291,-0.214,-0.114,-0.327,-0.174,-0.089,-0.043,-0.128,-0.176,
0,-0.181,-0.154,-0.078,-0.166,-0.112,-0.093,-0.053,-0.123,-0.076,
0,-0.267,-0.22,-0.21,-0.132,-0.182,-0.229,-0.205,-0.095,-0.185,
0,-0.189,-0.249,-0.31,-0.245,-0.27,-0.207,-0.121,-0.123,-0.123,
0,-0.14,-0.146,-0.119,-0.097,-0.061,-0.039,-0.009,-0.006,-0.092,
0,0.069,0.017,0.025,0.053,-0.025,-0.034,-0.097,-0.082,-0.005,
0,-0.312,-0.244,-0.201,-0.182,-0.139,-0.127,-0.288,-0.16,-0.086,
0,-0.112,-0.027,-0.09,-0.155,-0.042,-0.047,-0.056,-0.053,-0.047,
0,-0.205,0.035,-0.107,-0.025,-0.115,0.014,-0.025,-0.014,-0.034,
0,-0.177,-0.099,-0.151,-0.111,-0.097,-0.024,-0.027,-0.079,-0.06,
0,0.046,-0.115,-0.094,0.035,-0.098,-0.172,-0.054,-0.103,-0.062,
0,0.064,-0.036,-0.096,-0.198,-0.07,0.079,-0.02,0,0.026,
0,-0.174,-0.183,-0.167,-0.217,-0.089,-0.18,-0.172,-0.278,-0.172,
0,-0.257,-0.315,-0.365,-0.358,-0.287,-0.349,-0.281,-0.076,-0.103,
0,-0.35,-0.393,-0.34,-0.371,-0.302,-0.316,-0.363,-0.358,-0.306,
0,-0.176,-0.146,-0.024,0.095,0.049,-0.056,0.011,0.045,-0.009,
0,-0.235,-0.233,-0.111,-0.217,-0.157,-0.091,-0.162,-0.138,-0.08,
0,0.081,0.021,0.003,0.003,0.003,0.003,0.003,0.027,0.006,
0,-0.199,-0.148,-0.07,-0.086,-0.051,-0.145,-0.098,-0.175,-0.112,
0,-0.081,-0.088,-0.163,-0.021,0.016,-0.063,-0.201,-0.146,-0.046,
0,0.099,0.022,0.009,0.006,0.006,0.006,0.006,0.006,0.006,
0,-0.229,-0.122,-0.185,-0.149,-0.165,-0.137,-0.158,-0.043,-0.166,
0,-0.092,-0.113,-0.103,-0.006,-0.039,-0.006,-0.003,-0.012,0,
0,-0.032,-0.361,-0.284,-0.207,-0.169,-0.185,-0.181,-0.213,-0.158,
0,-0.068,-0.052,-0.17,-0.113,-0.093,-0.159,-0.113,-0.044,-0.042,




Further Data analysis of all test cases 
INSTANCEID avg med max min 
INSTANCE1 0, 0, 0, 0, 
INSTANCE2 0.03, 0.019, 0.313, -0.115, 
INSTANCE3 0.014, 0.006, 0.27, -0.186, 
INSTANCE4 0.01, 0, 0.302, -0.224, 
INSTANCE5 0.005, 0, 0.296, -0.279, 
INSTANCE6 -0.001, 0, 0.302, -0.272, 
INSTANCE7 0.002, 0, 0.286, -0.308, 
INSTANCE8 0.004, 0, 0.301, -0.176, 
INSTANCE9 0.001, 0, 0.263, -0.274, 
INSTANCE10 0.002, 0, 0.229, -0.193, 


INSTANCE1 0, 0, 0, 0, 
INSTANCE2 -0.154, -0.166, 0.411, -0.428, 
INSTANCE3 -0.141, -0.146, 0.222, -0.469, 
INSTANCE4 -0.125, -0.121, 0.297, -0.485, 
INSTANCE5 -0.114, -0.113, 0.205, -0.43, 
INSTANCE6 -0.108, -0.111, 0.156, -0.381, 
INSTANCE7 -0.103, -0.107, 0.175, -0.379, 
INSTANCE8 -0.102, -0.102, 0.123, -0.422, 
INSTANCE9 -0.098, -0.092, 0.133, -0.399, 
INSTANCE10 -0.101, -0.102, 0.13, -0.38, 



