0.0,0.0,0.0,0.0,0.0,0.0,0.0,0.0,0.0,0.0,
0.0,0.0,0.0,0.0,0.0,0.0,0.0,0.0,0.0,0.0,
0.0,0.0,0.0,0.0,0.0,0.0,0.0,0.0,0.0,0.0,
0.0,0.0,0.01,-0.039,-0.071,-0.071,-0.03,-0.069,-0.018,-0.09,
0.0,0.009,-0.005,0.021,0.024,0.045,0.022,0.06,0.056,0.045,
0.0,0.0,0.0,0.0,0.0,0.0,0.0,0.0,0.0,0.0,
0.0,0.019,-0.04,-0.019,0.022,0.0,0.008,-0.039,-0.008,0.005,
0.0,0.0,0.0,0.0,0.0,0.0,0.0,0.0,0.0,0.0,
0.0,-0.026,0.006,0.056,-0.045,-0.026,-0.003,-0.003,0.0,0.0,
0.0,0.0,0.0,0.0,0.0,0.0,0.0,0.0,0.0,0.0,
0.0,-0.007,0.011,0.049,-0.011,0.058,-0.045,-0.027,-0.022,-0.051,
0.0,0.0,0.0,0.0,0.0,0.0,0.0,0.0,0.0,0.0,
0.0,0.0,0.0,0.0,-0.009,0.0,0.0,0.0,0.0,0.0,
0.0,0.0,0.0,-0.003,0.035,-0.066,0.043,-0.033,-0.035,-0.011,
0.0,0.015,0.026,-0.006,0.009,0.0,0.015,0.006,0.009,0.0,
0.0,0.0,0.0,0.0,0.0,0.0,0.0,0.0,0.0,0.0,
0.0,0.0,-0.033,-0.008,0.011,-0.085,-0.062,-0.028,-0.051,-0.031,
0.0,-0.032,-0.025,-0.059,-0.005,0.061,-0.039,-0.023,0.032,0.02,
0.0,-0.003,-0.041,-0.011,0.049,0.033,0.051,0.022,0.02,0.029,
0.0,-0.067,-0.042,0.008,0.024,0.025,0.094,0.025,-0.023,0.012,
0.0,0.0,0.0,0.0,0.0,0.0,0.0,0.0,0.0,0.0,
0.0,0.0,0.044,-0.088,0.063,-0.068,-0.037,0.025,0.037,0.011,
0.0,0.0,0.0,0.0,0.0,0.0,0.0,0.0,0.0,0.0,
0.0,0.0,0.0,0.0,0.0,0.0,0.0,0.0,0.0,0.0,
0.0,0.0,0.0,0.0,-0.003,0.003,0.02,-0.04,-0.057,-0.022,
0.0,0.0,0.0,0.0,0.0,0.0,0.0,0.0,0.0,0.0,
0.0,0.0,0.0,-0.015,-0.019,-0.003,-0.043,-0.055,0.014,0.044,
0.0,0.0,-0.022,-0.008,-0.052,-0.065,0.041,-0.044,-0.062,0.014,
0.0,0.0,-0.018,0.0,0.013,-0.073,-0.035,0.006,-0.006,-0.028,
0.0,-0.024,0.01,0.005,0.056,-0.06,0.045,0.011,-0.011,-0.046,
0.0,0.0,0.041,0.011,-0.02,-0.021,-0.006,-0.006,-0.006,-0.003,
0.0,0.01,0.011,-0.031,-0.029,0.017,-0.018,-0.02,0.018,-0.006,
0.0,0.002,-0.008,0.008,-0.034,-0.024,-0.027,-0.005,0.021,0.024,
0.0,0.0,0.0,0.0,0.0,0.0,0.0,0.0,0.0,0.0,
0.0,0.0,0.0,0.0,0.0,0.0,0.0,0.0,0.0,0.0,
0.0,0.0,0.0,0.0,0.0,0.0,0.0,0.0,0.0,0.0,
0.0,0.0,0.0,0.0,0.0,0.0,0.0,0.0,0.0,0.0,
0.0,0.0,0.0,0.0,-0.009,-0.047,-0.03,0.029,0.066,0.085,
0.0,-0.017,0.013,0.026,0.036,0.04,0.084,0.07,-0.016,0.04,
0.0,0.0,0.0,0.0,0.0,0.0,0.0,0.0,0.0,0.0,
0.0,-0.014,0.048,0.04,0.051,-0.02,-0.067,0.045,-0.031,0.059,
0.0,0.0,0.0,0.0,0.0,0.0,0.0,0.0,0.0,0.0,
0.0,0.0,0.0,0.0,0.0,-0.019,0.011,0.016,-0.028,-0.084,
0.0,0.0,0.0,0.0,0.0,0.0,0.0,0.0,0.0,0.0,
0.0,0.0,0.0,0.0,0.0,0.0,0.0,0.0,0.0,0.0,
0.0,0.0,-0.003,-0.034,-0.014,-0.074,-0.008,0.006,0.011,-0.111,
0.0,0.0,0.0,0.0,0.0,0.0,0.0,0.0,0.0,0.0,
0.0,0.002,-0.011,-0.003,0.041,0.011,-0.014,-0.025,-0.027,-0.02,
0.0,0.0,0.0,0.0,0.0,0.0,0.0,0.0,0.0,0.0,
0.0,0.0,0.0,0.0,0.0,0.0,0.0,0.0,0.0,0.0,
0.0,0.0,0.0,0.0,0.0,0.0,0.0,0.0,-0.019,-0.011,
0.0,0.0,0.0,0.0,0.0,0.0,0.0,0.0,0.0,0.0,
0.0,-0.035,-0.017,0.007,0.047,-0.035,0.027,0.015,-0.015,-0.045,
0.0,0.0,0.0,0.0,0.0,0.0,0.0,0.0,0.0,0.0,
0.0,0.0,0.0,0.0,0.0,0.0,0.0,0.0,0.0,0.0,
0.0,0.015,-0.014,0.003,-0.003,-0.023,-0.021,-0.038,-0.032,-0.012,
0.0,0.0,0.0,0.0,0.0,0.0,0.0,0.0,0.0,0.0,
0.0,0.0,0.0,-0.016,-0.061,0.049,0.055,0.071,0.086,0.025,
0.0,0.0,0.0,-0.052,-0.028,-0.022,-0.024,-0.025,-0.03,-0.074,
0.0,0.0,0.0,0.0,0.0,0.0,0.0,0.0,0.0,0.0,
0.0,0.01,0.003,0.047,0.049,0.032,0.003,0.003,0.009,0.003,
0.0,0.0,0.0,0.0,0.0,0.0,0.0,0.0,0.0,0.0,
0.0,0.0,0.0,0.0,0.0,0.0,0.0,0.0,0.0,0.0,
0.0,0.005,-0.006,-0.003,0.0,0.0,0.0,0.0,0.0,0.0,
0.0,0.0,0.0,0.0,0.0,0.0,0.0,0.0,0.0,0.0,
0.0,0.0,0.0,0.0,0.0,0.0,0.0,0.0,0.0,0.0,
0.0,-0.01,-0.018,0.026,0.04,0.008,0.035,-0.015,-0.053,0.013,
0.0,0.0,-0.011,-0.016,0.069,0.017,0.085,0.008,0.013,-0.04,
0.0,0.0,0.0,0.0,0.0,0.0,0.0,0.0,0.0,0.0,
0.0,0.0,0.0,0.0,0.0,0.0,0.0,0.0,0.0,0.0,
0.0,0.0,0.0,-0.009,-0.014,0.003,0.0,0.139,-0.068,-0.128,
0.0,0.0,0.082,0.057,0.008,-0.094,0.044,0.036,0.054,0.02,
0.0,0.0,0.014,-0.038,0.06,0.003,0.009,0.009,0.006,0.006,
0.0,0.0,0.0,0.0,0.0,0.0,0.0,0.0,0.0,0.0,
0.0,0.005,-0.015,-0.088,-0.036,0.0,0.039,-0.03,-0.076,-0.034,
0.0,0.0,0.0,0.0,0.0,0.0,0.0,0.0,0.0,0.0,
0.0,0.0,0.003,-0.003,-0.003,-0.011,-0.015,-0.018,-0.003,0.032,
0.0,0.0,-0.039,-0.026,0.08,0.044,0.027,0.014,0.0,0.104,
0.0,-0.011,-0.019,-0.026,-0.003,-0.075,-0.079,-0.02,0.006,0.006,
0.0,0.0,0.0,0.0,0.0,0.0,0.0,0.0,0.0,0.0,
0.0,0.0,0.0,0.0,0.0,0.0,0.0,0.0,0.0,0.0,
0.0,0.0,0.0,0.0,0.0,0.0,0.0,0.0,0.0,0.0,
0.0,0.0,0.0,-0.014,0.0,0.084,-0.032,0.039,-0.011,0.019,
0.0,0.0,-0.011,-0.116,-0.104,0.064,0.048,0.014,0.109,0.017,
0.0,0.0,0.0,0.0,0.0,0.0,0.0,0.0,0.0,0.0,
0.0,0.0,0.0,0.0,0.0,0.0,0.0,0.0,0.0,0.0,
0.0,0.0,0.0,0.0,0.0,0.0,0.0,0.0,0.0,0.0,
0.0,-0.038,0.045,-0.116,-0.067,-0.086,-0.057,0.053,0.025,-0.054,
0.0,0.0,0.0,0.0,0.0,0.0,0.0,0.0,0.0,0.0,
0.0,-0.073,-0.042,-0.068,-0.09,-0.111,-0.029,-0.032,-0.003,0.0,
0.0,-0.017,0.069,-0.003,-0.027,-0.014,-0.006,0.025,0.006,0.079,
0.0,0.0,-0.013,-0.016,-0.003,0.0,-0.052,0.05,0.012,-0.026,
0.0,0.0,0.0,0.0,0.0,0.0,0.0,0.0,0.0,0.0,
0.0,0.002,-0.015,-0.072,-0.096,-0.012,0.005,-0.005,0.015,-0.015,
0.0,0.0,0.008,-0.02,-0.017,-0.012,-0.006,-0.034,-0.009,-0.034,
0.0,0.0,0.0,0.0,0.0,0.0,0.0,0.006,-0.031,0.006,
0.0,0.0,0.0,0.0,0.0,0.0,0.0,0.0,0.0,0.0,
0.0,0.0,0.0,0.0,0.0,0.0,0.0,0.0,0.0,0.0,
0.0,0.0,0.0,0.0,0.0,0.0,0.0,0.0,0.0,0.0,
0.0,0.0,-0.029,-0.005,-0.008,-0.008,-0.109,-0.06,-0.035,0.013,
0.0,-0.007,-0.011,-0.035,0.03,0.032,0.025,-0.047,-0.009,-0.122,
0.0,0.002,0.003,0.0,0.0,0.0,0.0,0.0,0.0,0.0,
0.0,0.0,0.0,0.0,0.0,0.0,0.0,0.0,0.0,0.0,
0.0,0.0,0.007,-0.003,0.003,0.023,0.021,-0.039,-0.088,-0.014,
0.0,0.0,0.0,0.008,-0.008,0.017,0.021,0.0,0.006,0.003,
0.0,0.0,0.0,0.0,0.0,0.0,0.0,0.0,0.0,0.0,
0.0,0.005,0.01,0.101,-0.018,-0.088,-0.056,-0.055,-0.003,-0.016,
0.0,0.0,0.0,0.0,0.0,0.0,0.0,0.0,0.0,0.0,
0.0,0.027,0.0,0.026,-0.003,-0.026,-0.011,-0.083,-0.015,-0.003,
0.0,0.0,0.0,0.0,0.014,0.031,0.009,0.08,0.032,0.015,
0.0,0.0,0.0,0.0,0.0,0.0,0.0,0.0,0.0,0.0,
0.0,0.021,0.009,0.0,0.0,0.0,0.0,0.0,0.0,0.0,
0.0,0.0,0.0,-0.008,-0.061,-0.003,0.003,-0.062,-0.025,0.019,
0.0,0.01,0.027,0.009,0.086,0.095,0.071,0.068,-0.019,-0.052,
0.0,0.0,0.0,0.0,0.0,0.0,0.0,0.0,0.0,0.0,
0.0,0.0,0.0,0.0,0.0,0.0,0.0,0.0,0.0,0.0,
0.0,0.0,0.0,0.01,0.068,0.142,0.114,0.077,0.089,0.12,
0.0,0.02,0.018,0.008,0.021,0.034,0.032,0.011,0.0,0.003,
0.0,0.0,0.0,0.0,0.0,0.0,0.0,0.0,0.0,0.0,
0.0,-0.014,-0.038,-0.036,-0.059,-0.006,-0.07,-0.041,-0.048,-0.006,
0.0,0.0,0.0,0.0,0.0,0.0,0.0,0.0,0.0,0.0,
0.0,0.0,0.0,0.0,0.0,0.0,0.0,0.0,0.0,0.0,
0.0,-0.002,0.046,-0.026,0.048,-0.025,-0.042,-0.028,-0.01,-0.023,
0.0,0.0,0.0,0.0,0.0,0.0,0.0,0.0,0.0,0.0,
0.0,0.0,0.0,0.0,0.0,0.0,0.0,0.0,0.0,0.0,
0.0,0.021,0.006,-0.003,0.006,0.006,0.003,0.003,0.003,0.003,
0.0,0.0,0.0,0.0,0.0,0.0,0.0,0.0,0.0,0.0,
0.0,-0.023,0.015,0.056,0.123,0.04,0.059,0.078,0.026,0.065,
0.0,0.0,0.0,0.0,0.0,0.0,0.0,0.0,0.0,0.0,
0.0,0.0,0.0,0.0,0.0,0.0,0.031,0.034,0.011,0.0,
0.0,0.0,-0.062,0.028,-0.051,-0.018,-0.003,0.108,0.042,0.039,
0.0,0.009,0.008,-0.029,0.003,0.003,-0.019,-0.062,-0.011,0.018,
0.0,0.0,0.0,0.0,0.007,0.013,0.016,-0.047,-0.033,-0.014,
0.0,0.0,0.0,0.0,0.0,0.0,0.0,0.0,0.0,0.0,
0.0,0.0,0.0,0.0,0.0,0.0,0.0,0.0,0.0,0.0,
0.0,-0.041,0.07,-0.027,0.038,0.044,0.043,0.032,0.026,0.035,
0.0,-0.01,0.008,0.035,-0.037,-0.059,-0.029,-0.048,-0.057,-0.035,
0.0,0.019,0.041,0.068,-0.019,0.011,0.003,0.013,0.049,0.067,
0.0,0.0,0.0,-0.003,-0.008,-0.003,-0.008,-0.014,-0.032,-0.028,
0.0,0.0,0.0,0.0,0.0,0.0,0.0,0.0,0.0,0.0,
0.0,0.0,0.024,0.017,0.005,-0.033,-0.038,-0.044,-0.056,-0.032,
0.0,0.0,0.0,0.0,0.0,0.0,0.0,0.0,0.0,0.0,
0.0,0.0,0.0,0.0,0.0,0.0,0.0,0.0,0.0,0.0,
0.0,0.0,0.0,0.0,0.0,0.0,0.0,0.0,0.0,0.0,
0.0,0.0,-0.011,0.01,0.015,0.045,0.088,0.055,0.005,-0.032,
0.0,0.0,-0.01,0.012,0.054,-0.021,0.054,0.061,0.048,0.016,
0.0,0.0,-0.048,-0.016,0.036,-0.005,-0.021,-0.087,-0.031,-0.011,
0.0,0.0,0.0,0.0,0.006,0.039,-0.016,0.072,-0.029,0.005,
0.0,0.0,0.0,0.0,0.0,0.0,0.0,0.0,0.0,0.0,
0.0,0.024,0.082,0.059,0.098,0.052,0.049,0.123,0.071,0.045,
0.0,0.0,0.0,0.0,0.0,0.0,0.0,0.0,0.0,0.0,
0.0,-0.003,0.003,0.014,0.082,0.045,0.04,0.09,0.061,0.048,
0.0,0.009,0.027,0.025,-0.019,0.014,0.037,0.014,-0.011,-0.057,
0.0,0.01,0.008,-0.006,0.0,0.029,-0.023,-0.034,-0.03,0.04,
0.0,0.0,0.0,0.003,0.016,0.021,-0.032,-0.048,-0.051,0.008,
0.0,0.0,0.0,0.0,0.0,0.0,0.0,0.0,0.0,0.0,
0.0,-0.002,0.044,0.015,-0.008,0.008,0.056,0.044,0.008,0.044,
0.0,0.0,0.0,0.0,0.0,0.0,0.0,0.0,0.0,0.0,
0.0,0.0,0.0,0.0,0.0,0.0,0.0,0.0,0.0,0.0,
0.0,0.0,0.0,0.0,0.0,0.0,0.0,0.0,0.0,0.0,
0.0,0.002,0.025,0.023,-0.039,0.013,0.017,0.053,0.059,0.02,
0.0,0.0,0.0,0.0,0.0,0.0,0.0,0.0,0.0,0.0,
0.0,0.0,-0.049,-0.107,-0.062,-0.157,-0.13,-0.126,-0.163,-0.137,
0.0,0.0,0.0,0.0,0.0,0.0,0.0,0.0,0.0,0.0,
0.0,0.0,0.089,0.013,-0.005,-0.095,-0.016,0.072,0.016,-0.003,
0.0,-0.014,0.046,-0.021,-0.04,-0.027,-0.045,0.103,0.016,0.112,
0.0,0.005,-0.015,-0.058,-0.022,-0.018,0.019,-0.116,-0.016,0.01,
0.0,0.0,0.0,0.0,0.0,0.0,0.0,0.0,0.0,0.0,
0.0,0.012,0.02,-0.015,-0.008,0.052,-0.003,-0.014,-0.075,-0.003,
0.0,0.0,0.0,0.0,0.0,0.0,0.0,0.0,0.0,0.0,
0.0,-0.05,-0.018,0.035,-0.034,-0.003,-0.003,0.048,0.024,-0.048,
0.0,0.0,0.0,0.0,0.0,0.0,0.0,0.0,0.0,0.0,
0.0,0.0,-0.017,-0.012,-0.006,-0.003,0.0,0.0,0.0,0.0,
0.0,-0.002,-0.02,0.02,-0.045,-0.022,0.083,0.032,0.102,0.065,
0.0,0.0,0.0,0.0,0.0,0.0,0.0,0.0,0.0,0.0,
0.0,0.0,0.0,0.0,0.0,0.0,0.0,0.0,0.0,0.0,
0.0,-0.003,0.006,0.03,0.035,0.009,0.006,0.0,0.0,0.0,
0.0,0.0,0.008,0.026,0.017,-0.017,-0.003,0.011,0.014,0.026,
0.0,0.0,0.0,0.0,0.0,0.0,0.0,0.0,0.0,0.0,
0.0,-0.015,-0.003,-0.006,-0.003,0.0,0.0,0.003,0.003,0.0,
0.0,0.0,0.0,0.0,0.0,0.0,0.0,0.0,0.0,0.0,
0.0,0.0,0.0,0.0,0.0,0.0,0.0,-0.013,-0.017,0.122,
0.0,0.0,0.0,0.0,0.0,0.0,0.0,0.0,0.0,0.0,
0.0,0.0,0.0,0.0,0.0,0.0,0.0,0.0,0.0,0.0,
0.0,0.0,0.0,0.0,0.0,0.0,0.0,0.0,0.0,0.0,
0.0,0.0,0.0,0.0,0.0,0.0,0.0,0.0,0.0,0.0,
0.0,0.0,0.0,0.0,0.0,0.0,0.0,0.0,-0.016,0.056,
0.0,0.0,0.0,0.017,0.044,-0.006,-0.059,-0.014,-0.014,0.043,
0.0,0.009,-0.008,0.017,-0.017,-0.022,0.017,-0.031,-0.107,-0.08,
0.0,0.0,0.0,0.0,0.0,0.0,0.0,0.0,0.0,0.0,
0.0,0.0,0.0,0.0,0.0,0.003,0.0,0.012,0.006,0.0,
0.0,-0.015,-0.064,-0.025,-0.026,-0.018,0.003,0.006,0.0,0.021,
0.0,0.0,0.0,0.0,0.0,0.0,0.0,0.0,0.0,0.0,
0.0,0.0,0.0,0.0,0.0,0.0,0.0,0.0,0.0,0.0,
0.0,0.002,0.0,-0.016,0.043,0.014,0.022,0.081,0.046,0.008,
0.0,0.0,0.0,0.0,0.0,0.0,0.0,0.003,0.038,-0.005,
0.0,0.0,0.0,0.0,0.0,0.0,0.0,0.0,0.0,0.0,
0.0,0.015,-0.011,-0.034,-0.022,0.0,-0.026,-0.032,-0.037,-0.032,
0.0,0.0,0.0,0.0,0.0,0.0,0.0,0.0,0.0,0.0,
0.0,0.0,0.0,0.0,0.0,0.0,0.0,0.0,0.0,0.0,
0.0,0.0,0.0,0.0,0.0,0.0,0.0,0.0,0.0,0.0,
0.0,-0.019,-0.011,-0.02,-0.046,-0.112,0.034,0.052,-0.006,0.026,
0.0,0.0,0.0,0.0,0.0,0.0,0.008,-0.014,0.017,-0.009,
0.0,0.0,0.0,-0.006,0.0,0.0,0.0,0.0,0.0,0.0,
0.0,0.033,0.082,-0.035,-0.09,-0.089,0.032,0.023,0.029,-0.035,
0.0,0.0,0.0,0.0,0.0,0.016,0.017,-0.072,-0.043,-0.008,
0.0,-0.008,-0.006,0.0,0.0,0.0,0.0,0.0,0.0,0.0,
0.0,0.0,0.0,0.0,0.0,0.0,0.0,0.0,0.0,0.0,
0.0,0.0,0.0,0.0,0.0,0.0,0.0,0.0,0.0,0.0,
0.0,0.0,0.0,0.0,0.0,0.0,0.0,0.0,0.0,0.0,
0.0,0.009,0.031,0.023,-0.073,-0.064,-0.026,-0.061,-0.033,-0.026,
0.0,0.005,-0.011,-0.008,-0.013,-0.008,-0.05,-0.033,0.006,0.036,
0.0,0.0,0.0,0.0,0.0,0.0,0.0,0.0,0.0,0.0,
0.0,-0.034,-0.015,0.039,-0.066,0.023,-0.018,-0.037,-0.063,-0.029,
0.0,-0.01,-0.017,0.037,0.029,0.003,0.0,0.0,0.0,0.0,
0.0,0.0,0.0,0.0,0.0,0.0,0.0,0.0,0.0,0.0,
0.0,0.0,0.0,0.0,-0.014,-0.003,-0.009,0.003,-0.017,-0.037,
0.0,0.0,0.0,0.0,0.0,0.0,0.0,0.0,0.0,0.0,
0.0,0.0,0.0,0.0,0.0,0.0,0.0,0.0,0.0,0.0,
0.0,-0.022,-0.016,0.09,-0.006,-0.055,-0.04,-0.031,-0.026,-0.026,
0.0,0.0,0.03,-0.011,0.028,0.118,0.091,0.149,0.137,0.111,
0.0,-0.018,-0.056,0.021,-0.044,-0.021,-0.034,-0.008,0.043,-0.082,
0.0,0.0,0.0,0.0,0.0,-0.003,0.0,0.003,0.003,0.006,
0.0,0.007,0.008,0.0,0.0,0.0,0.0,0.0,0.0,0.0,
0.0,0.0,0.085,0.061,0.01,0.013,0.051,-0.043,-0.01,-0.008,
0.0,-0.01,-0.046,-0.045,-0.078,-0.078,-0.029,-0.098,0.011,0.033,
0.0,0.0,0.0,0.0,0.0,0.0,0.0,0.0,0.0,0.0,
0.0,0.0,0.0,0.0,0.0,0.0,0.0,0.0,0.0,0.0,
0.0,0.0,-0.003,-0.021,-0.028,-0.005,-0.038,0.014,-0.058,0.083,
0.0,-0.044,0.025,-0.029,-0.016,-0.063,-0.04,0.054,0.005,-0.02,
0.0,0.0,0.0,0.0,0.0,0.0,0.0,0.0,0.0,0.0,
0.0,0.0,0.0,0.0,-0.024,0.016,-0.046,0.054,0.097,0.046,
0.0,0.0,0.0,0.0,0.0,0.0,0.0,0.0,0.0,0.0,
0.0,0.0,-0.005,-0.008,-0.041,-0.082,-0.024,0.076,0.071,0.124,
0.0,-0.005,0.049,-0.04,-0.119,-0.018,-0.011,-0.04,0.013,-0.008,
0.0,0.0,0.0,0.0,0.0,0.0,0.0,0.0,0.0,0.0,
0.0,0.0,0.0,0.0,0.0,0.0,0.0,0.0,0.0,0.0,
0.0,-0.007,-0.038,-0.012,0.14,0.093,0.117,0.091,0.072,0.078,
0.0,0.0,0.0,0.0,0.0,0.0,0.0,0.0,0.0,0.0,
0.0,0.0,0.0,0.0,0.0,0.0,0.0,0.0,0.0,0.0,
0.0,0.0,0.0,0.0,0.0,0.0,0.0,0.0,0.0,0.0,
0.0,0.0,0.0,0.0,0.0,0.0,0.0,0.0,0.0,0.0,
0.0,0.0,0.0,0.0,0.0,0.02,0.035,0.043,-0.008,-0.017,
0.0,0.0,0.0,0.0,0.0,0.0,0.0,0.0,0.0,0.0,
0.0,0.0,0.0,0.0,0.0,0.0,0.0,0.0,0.0,0.0,
0.0,-0.024,-0.008,-0.036,-0.052,-0.025,0.022,0.029,-0.008,-0.011,
0.0,0.005,0.011,-0.003,-0.009,0.003,0.003,0.0,0.0,0.0,
0.0,0.0,0.0,0.0,0.0,0.0,0.0,0.0,0.0,0.0,
0.0,0.0,0.0,0.0,0.0,0.0,0.0,0.0,0.0,0.0,
0.0,-0.003,0.0,0.0,-0.046,-0.048,-0.023,-0.023,-0.035,-0.026,
0.0,0.0,0.0,0.0,0.0,0.0,0.003,0.0,0.0,0.0,
0.0,0.0,0.0,0.0,0.0,0.0,0.0,0.0,0.0,0.0,
0.0,0.0,0.0,0.0,0.0,0.0,0.0,0.0,0.0,0.0,
0.0,0.0,0.0,0.0,0.0,0.0,0.0,0.0,0.0,0.0,
0.0,0.0,0.0,0.0,0.0,0.0,0.0,0.0,0.0,0.0,
0.0,0.0,0.0,0.0,0.0,0.0,0.0,0.0,0.0,0.0,
0.0,0.0,0.0,0.0,0.0,0.0,0.0,0.0,0.0,0.0,
0.0,0.0,0.0,0.0,0.0,0.0,0.0,0.0,0.0,0.0,
0.0,0.0,0.003,-0.003,0.0,0.0,0.011,0.0,-0.017,-0.023,
0.0,0.018,-0.025,0.003,0.0,0.016,0.024,-0.008,-0.058,-0.11,
0.0,-0.023,-0.018,-0.021,-0.003,0.0,0.0,0.0,0.0,0.0,
0.0,0.0,0.0,0.0,0.0,0.0,0.0,0.0,0.0,0.0,
0.0,0.0,0.0,0.0,0.0,0.0,0.0,0.0,0.0,0.0,
0.0,0.0,0.013,-0.014,-0.003,-0.005,-0.025,-0.036,-0.075,0.029,
0.0,0.0,-0.003,0.039,0.077,0.031,-0.019,-0.046,-0.016,0.084,
0.0,0.0,0.0,0.0,0.0,0.0,0.0,0.0,0.0,0.0,
0.0,0.0,0.0,0.018,-0.016,-0.01,-0.031,-0.038,-0.035,0.106,
0.0,0.0,0.0,0.03,0.011,0.015,-0.026,-0.012,-0.031,0.08,
0.0,0.0,0.0,0.0,0.0,0.008,0.026,-0.049,0.014,-0.005,
0.0,0.0,0.0,-0.005,0.022,-0.006,0.006,-0.008,-0.024,-0.022,
0.0,0.0,0.0,0.0,0.0,0.0,0.0,0.0,0.0,0.0,
0.0,0.0,0.0,0.0,0.0,0.0,0.0,0.0,0.0,0.0,
0.0,0.0,0.0,0.0,0.0,0.003,0.006,0.02,0.0,-0.065,
0.0,0.0,0.021,-0.022,0.025,0.008,-0.014,-0.098,-0.056,0.025,
0.0,0.0,0.0,0.035,0.065,-0.029,-0.005,0.032,0.03,0.037,
0.0,0.003,-0.062,-0.157,-0.098,-0.103,-0.072,-0.042,-0.122,-0.053,
0.0,0.0,0.0,0.0,0.0,0.0,0.0,0.0,0.0,0.0,
0.0,0.0,0.0,0.0,0.0,0.0,0.0,0.0,0.0,0.0,
0.0,0.0,0.0,0.0,0.0,0.0,0.0,0.0,0.0,0.0,
0.0,0.0,0.0,0.0,0.0,0.0,0.0,0.0,0.0,0.0,
0.0,0.0,-0.01,0.003,-0.006,0.011,0.023,0.017,-0.04,0.003,
0.0,0.005,0.073,-0.045,0.003,0.008,0.0,-0.033,0.014,-0.025,
0.0,0.0,0.0,0.0,0.0,0.0,0.0,0.0,0.0,0.0,
0.0,0.005,-0.01,0.008,-0.043,0.014,0.035,0.022,0.038,-0.057,
0.0,-0.024,-0.067,-0.076,-0.037,0.067,0.037,0.017,0.057,-0.025,
0.0,-0.024,0.06,0.006,-0.053,0.022,0.068,0.064,0.023,0.029,
0.0,0.0,0.0,0.0,0.0,0.0,0.0,0.0,0.0,0.0,
0.0,0.0,0.0,0.0,0.0,0.0,0.0,0.0,0.0,0.0,
0.0,0.0,0.0,0.029,0.085,0.108,0.014,0.024,-0.045,-0.011,
0.0,0.0,0.0,0.0,0.0,0.0,0.0,0.0,0.0,0.0,
0.0,0.0,0.0,0.0,0.0,0.0,0.0,0.0,0.0,0.0,
0.0,0.0,0.0,0.0,0.0,0.0,0.0,0.0,0.0,0.0,
0.0,0.008,-0.009,-0.012,0.0,-0.006,-0.006,0.064,-0.042,-0.026,
0.0,0.0,0.0,0.0,0.0,-0.021,-0.015,-0.003,0.0,0.0,
0.0,-0.06,-0.071,0.06,0.048,0.031,-0.028,-0.051,-0.068,-0.018,
0.0,0.0,0.0,0.0,0.003,-0.009,0.023,0.006,0.014,0.0,
0.0,0.0,0.0,-0.009,0.023,0.018,0.003,-0.027,-0.009,-0.003,
0.0,0.0,0.0,0.0,0.0,0.0,0.0,0.0,0.0,0.0,
0.0,0.0,0.0,0.0,0.0,0.0,0.0,0.0,0.0,0.0,
0.0,0.0,0.0,0.05,0.064,0.012,0.024,0.018,0.067,0.015,
0.0,0.0,0.0,0.0,0.0,0.0,0.0,0.0,0.0,0.0,
0.0,0.0,0.0,0.025,0.033,-0.014,0.059,0.047,0.045,0.063,
0.0,-0.014,-0.005,0.041,-0.04,0.015,0.027,0.0,0.029,-0.061,
0.0,0.0,0.0,0.0,0.0,0.0,0.0,0.0,0.0,0.0,
0.0,0.0,0.0,0.0,0.0,0.0,0.0,0.0,0.0,0.0,
0.0,0.0,0.0,0.0,0.006,0.021,0.003,0.0,0.0,0.0,
0.0,0.0,0.0,0.0,0.0,0.0,0.0,0.0,0.0,0.0,
0.0,0.0,0.0,0.0,0.0,0.0,0.0,0.0,0.0,0.0,
0.0,0.0,-0.05,-0.085,-0.087,-0.058,-0.074,-0.163,-0.082,-0.097,
0.0,-0.041,-0.036,-0.042,-0.016,-0.052,-0.005,0.035,0.03,-0.005,
0.0,0.0,0.0,0.0,0.0,0.0,0.0,0.0,0.0,0.0,
0.0,0.0,0.0,0.0,0.0,0.0,0.0,0.0,0.0,0.0,
0.0,0.0,0.0,0.0,0.0,0.0,0.0,0.0,0.0,0.0,
0.0,0.0,0.0,0.0,0.0,0.0,0.0,0.0,0.0,0.0,
0.0,0.0,0.0,0.017,-0.021,-0.06,-0.009,0.009,-0.009,0.0,
0.0,0.0,0.0,0.0,0.0,0.0,0.0,0.0,0.0,0.0,
0.0,-0.017,-0.003,0.0,0.0,0.0,0.0,0.0,0.0,0.0,
0.0,0.0,0.0,0.0,0.0,0.0,0.0,0.0,0.0,0.0,
0.0,0.045,-0.017,0.003,-0.026,-0.003,0.0,0.003,0.003,0.003,
0.0,0.0,0.0,0.0,0.0,0.0,0.0,0.0,0.0,0.0,
0.0,0.0,-0.009,-0.03,0.04,0.009,0.0,0.0,-0.003,-0.003,
0.0,0.0,0.0,0.0,0.0,0.0,0.0,0.0,0.0,0.0,
0.0,0.0,0.0,0.0,0.0,0.0,0.0,0.0,0.0,0.0,
0.0,-0.013,-0.003,-0.003,-0.037,-0.005,0.0,-0.076,0.07,0.053,
0.0,0.051,0.009,0.003,0.0,0.0,0.0,0.0,0.0,0.0,
0.0,0.0,0.0,0.0,0.0,0.0,0.0,0.0,0.0,0.0,
0.0,-0.011,-0.009,-0.006,-0.012,0.003,0.003,0.003,0.003,0.003,
0.0,0.0,0.0,0.006,0.0,-0.052,-0.003,-0.015,-0.071,-0.039,
0.0,0.0,0.0,0.0,0.0,0.0,0.0,0.0,0.0,0.0,
0.0,0.0,0.0,0.0,0.0,0.0,0.0,0.0,0.0,0.0,
0.0,0.0,0.003,-0.021,0.039,0.014,-0.088,0.019,-0.028,-0.011,
0.0,0.0,0.0,-0.033,0.009,-0.008,-0.024,-0.03,-0.056,-0.103,
0.0,-0.026,-0.019,0.005,0.008,-0.024,0.057,0.003,0.031,-0.056,
0.0,0.0,-0.005,-0.003,-0.023,0.005,-0.003,-0.024,-0.008,0.0,
0.0,0.0,0.023,-0.051,-0.079,-0.085,-0.037,-0.089,-0.013,-0.003,
0.0,0.0,0.0,0.0,0.0,0.0,0.0,0.0,0.0,0.0,
0.0,0.0,0.0,0.0,0.0,0.0,0.0,0.0,0.0,0.0,
0.0,0.0,0.0,0.0,0.0,0.0,0.0,0.0,0.0,0.0,
0.0,0.021,-0.023,0.098,0.089,-0.044,0.068,0.07,-0.044,-0.125,
0.0,0.0,0.0,0.0,0.0,0.0,0.0,0.0,0.0,0.0,
0.0,0.0,0.0,0.0,0.0,0.0,0.0,0.0,0.0,0.0,
0.0,0.025,0.073,0.091,0.076,0.064,0.055,0.03,0.036,0.058,
0.0,0.0,0.0,0.0,0.0,0.0,0.0,0.0,0.0,0.0,
0.0,0.0,0.0,0.0,0.0,0.0,0.0,0.0,0.0,0.0,
0.0,0.0,0.0,0.0,0.0,0.0,0.0,0.0,0.0,0.0,
0.0,0.0,0.0,0.0,0.0,0.0,0.0,0.0,0.0,0.0,
0.0,-0.002,0.012,-0.057,-0.014,-0.053,-0.074,0.095,0.048,0.033,
0.0,-0.04,0.011,0.058,0.0,-0.02,-0.033,-0.038,0.061,-0.058,
0.0,0.0,0.0,0.016,-0.013,0.017,-0.006,-0.033,0.069,0.071,
0.0,0.0,0.0,0.0,0.0,0.0,0.0,0.0,0.0,0.0,
0.0,0.0,0.0,0.0,0.011,-0.003,0.003,0.023,-0.011,0.03,
0.0,0.0,0.0,0.0,0.0,0.0,0.0,0.0,0.0,0.0,
0.0,0.0,0.0,0.0,0.0,0.0,0.0,0.0,0.0,0.0,
0.0,-0.005,0.06,0.006,0.026,0.006,-0.014,-0.088,-0.058,0.014,
0.0,0.008,-0.022,0.05,-0.017,-0.088,-0.087,0.016,-0.027,-0.008,
0.0,0.0,0.0,0.0,0.0,0.0,0.0,0.0,0.0,0.0,
0.0,0.0,0.0,0.0,-0.003,-0.016,-0.012,-0.048,-0.092,-0.045,
0.0,0.0,0.0,0.0,-0.008,-0.021,-0.089,0.014,-0.039,-0.061,
0.0,0.0,0.0,0.0,0.0,0.0,0.0,0.0,0.0,0.0,
0.0,0.0,-0.005,0.064,0.029,-0.066,-0.019,-0.03,-0.011,0.061,
0.0,0.0,-0.008,0.008,0.0,-0.006,0.023,0.092,0.023,0.072,
0.0,0.007,0.024,0.079,0.023,0.042,0.055,0.053,0.014,0.022,
0.0,0.0,0.0,0.0,0.0,0.0,0.0,0.0,0.0,0.0,
0.0,0.0,0.018,0.006,0.069,-0.011,-0.044,0.061,0.042,0.065,
0.0,0.0,0.0,0.0,0.0,0.0,0.0,0.0,0.0,0.0,
0.0,0.0,0.0,0.0,0.0,0.0,0.0,0.0,0.0,0.0,
0.0,0.0,0.0,0.0,0.0,0.0,0.0,0.0,0.0,0.0,
0.0,0.002,0.005,-0.057,-0.041,-0.043,0.006,0.04,-0.035,-0.037,
0.0,0.0,0.0,0.0,0.0,0.0,0.0,0.0,0.0,0.0,
0.0,0.0,0.0,0.0,0.0,0.0,0.0,0.0,0.0,0.0,
0.0,-0.012,0.034,0.011,0.06,-0.088,-0.028,-0.006,0.011,0.056,
0.0,0.023,-0.006,-0.009,-0.041,0.028,-0.032,-0.037,-0.02,0.006,
0.0,-0.012,0.039,0.021,0.019,-0.021,0.011,0.048,-0.021,-0.021,
0.0,0.0,0.015,-0.027,0.005,-0.04,-0.043,-0.103,0.037,-0.052,
0.0,0.0,0.0,0.0,0.0,0.0,0.0,0.0,0.0,0.0,
0.0,0.0,0.0,0.0,0.0,0.0,0.0,0.0,0.0,0.0,
0.0,0.0,0.0,0.0,0.0,0.0,0.0,0.0,0.0,0.0,
0.0,-0.023,0.02,0.027,-0.035,0.012,0.018,0.018,0.027,-0.012,
0.0,0.0,0.005,0.065,0.006,-0.014,0.042,-0.005,-0.05,-0.017,
0.0,0.0,0.0,0.0,0.0,0.0,0.0,0.0,0.0,0.0,
0.0,0.0,-0.017,-0.003,0.0,0.0,0.0,0.0,0.0,0.0,
0.0,0.005,0.003,-0.027,-0.006,0.0,0.0,0.0,0.0,0.0,
0.0,0.0,0.0,0.0,0.0,0.0,0.0,0.0,0.0,0.0,
0.0,0.0,0.0,0.0,0.0,0.0,0.0,0.0,0.0,0.0,
0.0,0.0,0.0,0.0,0.0,0.0,0.0,0.0,0.0,0.0,
0.0,0.015,-0.006,-0.006,-0.014,-0.021,-0.044,-0.012,0.032,0.123,
0.0,0.0,0.0,-0.069,-0.018,0.011,0.039,-0.003,-0.054,-0.066,
0.0,-0.01,0.055,-0.008,-0.008,-0.027,-0.037,-0.038,-0.019,0.058,
0.0,0.0,0.0,0.0,0.0,0.0,0.0,0.0,0.0,-0.003,
0.0,0.0,0.0,0.0,0.0,0.0,0.0,0.0,0.0,0.0,
0.0,0.0,0.0,0.0,0.0,0.0,0.0,0.0,0.0,0.0,
0.0,0.0,0.0,0.0,0.0,0.0,0.0,0.0,0.0,0.0,
0.0,0.0,0.0,0.0,0.0,0.0,0.0,0.0,0.0,0.0,
0.0,-0.028,0.006,-0.003,-0.003,0.0,0.0,0.0,0.0,0.0,
0.0,0.0,0.0,0.02,-0.047,0.006,0.028,0.017,-0.024,0.102,
0.0,-0.014,0.037,0.033,-0.014,-0.019,0.0,0.131,0.097,0.053,
0.0,0.046,-0.069,-0.103,-0.088,-0.068,-0.042,0.055,0.017,-0.049,
0.0,0.01,-0.021,-0.036,0.045,0.07,0.051,0.02,-0.03,0.031,
0.0,0.0,0.0,0.0,0.0,0.0,0.0,0.0,0.0,0.0,
0.0,0.0,0.0,0.0,0.0,0.0,0.0,0.0,0.0,0.0,
0.0,0.0,0.0,0.0,0.0,0.029,0.049,0.035,0.017,0.026,
0.0,0.0,0.0,0.0,0.0,0.0,0.0,0.0,0.0,0.0,
0.0,0.0,0.0,0.005,0.0,0.009,-0.024,-0.124,-0.071,0.009,
0.0,0.048,-0.055,-0.033,0.035,-0.048,0.006,0.077,-0.075,0.048,
0.0,0.0,0.0,0.0,0.0,0.0,0.0,0.0,0.0,0.0,
0.0,0.0,0.0,-0.003,-0.02,-0.028,-0.014,-0.062,0.025,0.04,
0.0,0.0,0.0,0.0,0.0,0.0,0.0,0.0,0.0,0.0,
0.0,0.0,0.0,0.0,0.0,0.0,0.0,0.0,0.0,0.0,
0.0,0.0,0.0,0.0,0.0,0.0,0.0,0.0,0.0,0.0,
0.0,0.0,0.0,0.0,0.0,0.0,0.0,0.0,0.0,0.0,
0.0,0.0,0.0,0.0,0.0,0.0,0.0,0.0,0.0,0.021,
0.0,0.008,0.032,-0.017,0.024,0.02,-0.072,0.046,0.014,0.006,
0.0,-0.007,-0.08,-0.047,0.008,-0.022,-0.009,-0.036,-0.011,0.005,
0.0,0.012,0.014,-0.044,-0.025,0.038,0.05,-0.019,0.028,0.0,
0.0,0.0,0.0,0.0,0.0,0.0,0.0,0.0,0.0,0.0,
0.0,0.0,0.0,0.0,0.0,0.0,0.0,0.0,0.0,0.0,
0.0,0.0,0.0,0.0,0.0,0.0,0.0,0.0,0.0,0.0,
0.0,0.0,0.0,0.0,0.0,0.0,0.018,0.0,-0.006,0.012,
0.0,0.007,-0.008,-0.095,-0.113,-0.013,-0.138,-0.068,-0.071,-0.073,
0.0,-0.003,-0.006,0.003,-0.009,0.003,-0.009,-0.006,-0.015,-0.012,
0.0,0.0,0.0,0.0,0.003,0.014,-0.017,0.0,0.0,-0.041,
0.0,0.0,0.0,0.0,0.0,0.0,0.0,0.0,0.0,-0.031,
0.0,0.0,0.0,0.0,0.0,0.0,0.0,0.0,0.0,0.0,
0.0,0.0,0.0,0.0,0.0,0.0,-0.006,-0.045,0.006,0.029,
0.0,-0.005,-0.042,-0.065,-0.051,-0.032,0.079,0.048,-0.026,-0.018,
0.0,0.0,0.0,0.0,0.0,0.0,0.0,0.0,0.0,0.0,
0.0,0.0,0.015,-0.014,0.008,-0.055,-0.003,-0.018,0.014,0.048,
0.0,0.006,0.0,-0.003,-0.005,0.011,0.023,0.034,-0.009,0.017,
0.0,0.0,0.0,0.0,0.0,0.0,0.0,0.0,0.0,0.0,
0.0,-0.062,-0.1,-0.032,-0.047,-0.024,0.056,-0.05,-0.053,0.026,
0.0,0.0,0.035,0.015,-0.051,-0.003,-0.057,-0.006,0.003,-0.003,
0.0,0.0,0.0,0.0,0.0,0.0,0.0,0.0,0.0,0.0,
0.0,0.0,0.0,0.0,0.0,0.0,0.0,0.0,0.0,0.0,
0.0,0.0,0.0,0.0,0.0,0.0,0.0,0.0,0.0,0.0,
0.0,0.0,0.0,0.0,0.0,0.0,0.0,0.0,0.0,0.0,
0.0,0.0,0.012,0.003,0.0,0.0,0.0,0.0,0.0,0.009,
0.0,0.0,0.0,0.0,0.0,0.0,0.0,0.0,0.0,0.0,
0.0,0.0,-0.023,0.0,-0.048,-0.006,-0.003,0.0,0.0,0.0,
0.0,0.0,0.0,0.0,0.0,0.0,0.0,0.0,0.0,0.0,
0.0,0.0,0.0,0.0,0.0,0.0,0.0,0.0,0.0,0.0,
0.0,0.0,0.0,0.0,0.059,-0.047,-0.021,-0.018,-0.018,-0.003,
0.0,-0.026,-0.022,-0.043,-0.03,-0.044,-0.077,-0.044,-0.024,-0.093,
0.0,0.0,0.0,0.0,0.0,0.0,0.0,0.0,0.0,0.0,
0.0,-0.012,-0.067,-0.016,0.043,-0.045,-0.005,0.024,0.003,0.073,
0.0,-0.033,0.015,-0.055,-0.052,-0.018,-0.024,-0.003,0.0,0.0,
0.0,0.0,0.0,0.0,0.0,0.0,0.0,0.0,0.0,0.0,
0.0,0.0,0.0,-0.009,-0.038,-0.014,0.003,-0.043,-0.019,-0.039,
0.0,0.0,0.0,0.0,0.0,0.0,0.0,0.0,0.0,0.0,
0.0,0.0,0.0,0.0,0.0,0.0,0.0,0.0,0.0,0.0,
0.0,0.0,0.0,0.0,0.0,0.0,0.0,0.0,0.0,0.0,
0.0,0.0,-0.067,0.024,-0.037,0.022,-0.019,-0.063,-0.047,-0.027,
0.0,0.0,0.0,0.0,0.0,0.0,0.0,0.0,0.0,0.0,
0.0,0.0,0.0,0.0,0.0,0.0,0.0,0.0,0.0,0.0,
0.0,0.008,0.008,-0.042,-0.082,-0.034,-0.072,-0.095,-0.078,0.066,
0.0,0.0,0.0,0.0,0.0,0.0,0.0,0.0,0.0,0.0,
0.0,0.0,0.0,0.0,0.0,0.0,0.0,0.0,0.0,0.0,
0.0,-0.003,-0.033,0.03,0.009,0.003,0.006,0.006,0.003,0.006,
0.0,-0.015,0.028,0.097,0.036,0.074,0.021,0.009,0.021,0.009,
0.0,0.017,-0.013,-0.013,-0.011,-0.024,-0.057,-0.035,-0.038,0.061,
0.0,0.0,0.0,0.0,0.0,0.0,0.0,0.0,0.0,0.0,
0.0,-0.009,-0.042,-0.03,-0.005,-0.003,0.003,-0.067,-0.023,-0.068,
0.0,0.0,0.0,0.0,0.0,0.0,0.0,0.0,0.0,-0.009,
0.0,0.0,0.0,0.0,0.0,0.0,0.0,0.0,0.0,0.0,
0.0,0.0,0.0,-0.028,0.013,-0.011,-0.106,-0.095,0.071,0.121,
0.0,0.0,0.0,0.0,0.0,0.0,0.0,0.0,0.0,0.0,
0.0,0.0,0.021,0.019,-0.034,-0.063,-0.077,0.0,0.059,0.103,
0.0,0.0,0.005,0.005,0.048,-0.049,0.015,-0.03,-0.04,-0.027,
0.0,-0.045,-0.009,0.032,0.012,0.0,0.0,0.0,0.0,0.038,
0.0,0.0,-0.027,0.009,-0.003,0.003,0.012,0.012,0.012,0.009,
0.0,-0.012,0.003,0.005,0.018,0.017,-0.003,0.053,0.069,0.003,
0.0,0.0,0.0,0.0,0.0,0.0,0.0,0.0,0.0,0.0,
0.0,0.0,0.0,0.0,0.0,0.0,0.0,0.0,0.0,0.0,
0.0,0.0,0.0,0.0,0.0,0.0,0.0,0.0,0.0,0.0,
0.0,0.0,0.0,0.0,0.0,0.0,0.0,0.0,0.0,0.0,
0.0,0.0,0.0,0.022,-0.078,0.022,0.035,0.03,-0.014,-0.027,
0.0,-0.011,0.005,0.056,0.03,0.013,-0.03,0.018,-0.008,0.03,
0.0,0.0,0.0,0.0,0.0,0.0,0.0,0.0,0.0,0.0,
0.0,-0.024,0.019,-0.022,0.005,-0.002,-0.034,-0.02,-0.027,-0.04,
0.0,0.0,0.0,0.0,0.0,0.0,0.0,0.0,0.0,0.0,
0.0,0.0,0.0,0.0,0.0,0.0,0.0,0.0,0.0,0.0,
0.0,0.0,0.0,0.009,0.015,0.006,0.0,0.006,-0.046,0.003,
0.0,0.068,-0.008,-0.003,-0.003,-0.047,-0.024,-0.05,-0.074,-0.079,
0.0,0.0,0.0,0.0,0.0,0.0,0.0,0.0,0.0,0.0,
0.0,0.0,0.0,0.0,0.0,0.0,0.0,0.0,0.0,0.0,
0.0,0.0,0.0,0.0,0.0,0.0,0.0,0.0,0.0,0.0,
0.0,0.0,0.0,0.0,0.0,0.0,0.0,0.0,0.0,0.0,
0.0,0.0,0.0,0.0,0.0,0.0,0.0,0.0,0.0,0.0,
0.0,0.005,0.016,-0.015,-0.052,0.013,0.013,0.067,0.041,0.045,
0.0,-0.017,0.0,0.011,-0.02,-0.003,0.0,0.02,0.003,0.035,
0.0,0.005,-0.003,-0.003,-0.011,-0.003,-0.031,-0.018,-0.009,-0.029,
0.0,0.0,0.0,0.0,0.0,0.0,0.0,-0.022,-0.037,0.032,
0.0,0.0,0.0,0.005,-0.003,-0.006,-0.003,-0.025,-0.017,-0.03,
0.0,0.0,0.0,0.0,0.0,0.0,0.0,0.0,0.0,0.0,
0.0,0.0,0.0,0.0,0.0,0.0,0.0,0.0,0.0,0.0,
0.0,0.0,0.0,0.0,0.0,0.0,0.0,0.0,0.003,-0.009,
0.0,0.0,0.0,0.0,0.0,0.0,0.0,0.0,0.0,0.0,
0.0,0.0,0.003,0.036,0.013,0.053,0.059,-0.025,-0.014,-0.057,
0.0,0.0,0.0,0.0,0.0,0.0,0.0,0.0,0.0,0.0,
0.0,0.0,0.0,0.0,0.0,0.0,0.0,0.0,0.0,0.0,
0.0,0.0,0.0,0.0,0.0,0.0,0.0,0.0,0.0,0.0,

0.0,-0.176,-0.218,-0.046,-0.094,-0.063,-0.046,-0.063,-0.006,-0.038,
0.0,-0.107,-0.104,-0.046,-0.078,-0.108,-0.213,-0.094,-0.055,-0.113,
0.0,0.006,0.035,-0.035,-0.012,-0.076,-0.121,-0.033,-0.06,-0.031,
0.0,-0.235,-0.197,-0.132,-0.106,-0.149,-0.17,-0.142,-0.133,-0.107,
0.0,-0.098,-0.06,-0.156,-0.145,-0.13,-0.219,-0.156,-0.175,-0.156,
0.0,0.03,0.088,0.03,0.012,0.035,0.012,0.032,0.012,0.009,
0.0,-0.266,-0.161,-0.168,-0.221,-0.225,-0.186,-0.176,-0.17,-0.069,
0.0,-0.15,-0.069,-0.021,-0.049,-0.003,0.006,0.012,0.015,0.015,
0.0,-0.149,-0.096,-0.093,0.014,-0.009,-0.085,-0.065,-0.046,-0.067,
0.0,-0.044,0.083,-0.019,-0.112,0.034,-0.056,-0.095,-0.011,0.019,
0.0,-0.098,-0.109,-0.135,-0.132,-0.179,-0.107,-0.084,-0.045,-0.029,
0.0,-0.103,-0.098,-0.068,-0.027,-0.068,-0.012,-0.003,-0.003,-0.003,
0.0,-0.04,-0.079,-0.119,-0.088,-0.035,-0.027,-0.084,-0.015,-0.006,
0.0,0.017,-0.062,-0.16,-0.136,-0.023,-0.051,0.008,-0.018,-0.06,
0.0,-0.136,-0.272,-0.106,-0.17,-0.153,-0.168,-0.103,-0.172,-0.088,
0.0,-0.1,-0.012,-0.023,-0.062,-0.018,-0.006,-0.035,-0.012,-0.009,
0.0,-0.11,-0.109,-0.113,-0.169,-0.188,-0.121,0.028,-0.075,-0.017,
0.0,-0.225,-0.074,-0.164,-0.15,-0.244,-0.172,-0.233,-0.176,-0.175,
0.0,-0.124,-0.029,-0.113,-0.162,-0.176,-0.149,-0.107,-0.163,-0.118,
0.0,-0.166,-0.08,-0.12,-0.154,-0.129,-0.177,-0.131,-0.16,-0.156,
0.0,-0.094,-0.009,0.031,-0.048,0.014,-0.064,-0.103,0.091,-0.02,
0.0,-0.176,-0.1,0.073,-0.091,-0.003,0.008,-0.099,-0.043,-0.03,
0.0,0.01,-0.15,-0.217,-0.105,-0.035,-0.09,-0.078,-0.032,0.006,
0.0,-0.035,0.012,0.041,0.012,0.012,0.012,0.012,0.012,0.012,
0.0,-0.1,0.033,-0.028,-0.163,-0.188,-0.111,-0.095,-0.127,-0.055,
0.0,-0.037,-0.012,0.1,-0.011,-0.099,-0.006,0.006,0.103,0.021,
0.0,-0.064,0.19,0.018,0.06,-0.071,-0.07,0.008,-0.009,-0.033,
0.0,-0.092,-0.095,-0.011,-0.099,-0.109,-0.081,0.063,0.011,-0.016,
0.0,-0.167,-0.074,-0.072,-0.102,-0.059,-0.075,-0.124,-0.071,-0.016,
0.0,-0.185,-0.072,-0.193,-0.12,-0.133,-0.184,-0.172,-0.112,-0.205,
0.0,-0.144,-0.182,-0.199,-0.2,-0.19,-0.178,-0.184,-0.22,-0.293,
0.0,-0.077,-0.226,-0.211,-0.207,-0.285,-0.243,-0.136,-0.116,-0.113,
0.0,-0.172,-0.212,-0.161,-0.125,-0.306,-0.269,-0.253,-0.197,-0.171,
0.0,-0.028,-0.143,-0.085,-0.111,-0.103,-0.124,-0.085,-0.196,-0.122,
0.0,-0.083,0.003,0.0,0.048,-0.081,-0.042,-0.041,0.026,0.006,
0.0,-0.112,-0.093,-0.094,-0.12,-0.111,-0.021,-0.076,-0.068,-0.123,
0.0,-0.086,-0.116,-0.116,-0.102,-0.136,-0.147,-0.14,-0.175,-0.14,
0.0,-0.126,-0.099,-0.071,-0.054,-0.003,0.025,-0.022,0.017,-0.051,
0.0,-0.159,-0.069,-0.203,-0.162,-0.14,-0.128,-0.215,-0.057,-0.136,
0.0,-0.087,-0.182,-0.115,-0.029,-0.142,-0.081,-0.137,0.089,0.006,
0.0,0.12,0.067,0.018,0.015,0.035,0.118,0.083,0.062,0.009,
0.0,-0.049,-0.168,-0.179,-0.11,-0.177,-0.191,-0.11,-0.166,-0.187,
0.0,-0.075,-0.233,-0.082,-0.102,-0.109,-0.091,-0.13,-0.088,0.024,
0.0,0.015,-0.118,-0.078,-0.089,-0.058,-0.055,-0.03,-0.003,-0.003,
0.0,0.042,0.024,0.021,0.021,0.021,0.021,0.021,0.021,0.021,
0.0,-0.038,-0.098,-0.115,-0.016,-0.045,-0.07,-0.049,0.024,0.12,
0.0,-0.126,-0.058,0.006,-0.03,0.003,0.006,0.006,0.006,0.006,
0.0,-0.198,-0.186,-0.167,-0.196,-0.165,-0.162,-0.193,-0.071,-0.166,
0.0,-0.125,-0.113,-0.208,-0.151,-0.062,-0.096,-0.049,-0.083,-0.054,
0.0,-0.137,-0.184,-0.175,-0.172,-0.131,-0.043,-0.041,-0.024,-0.003,
0.0,0.055,-0.224,-0.096,-0.179,-0.022,-0.031,-0.135,-0.066,-0.103,
0.0,-0.051,-0.073,0.021,-0.081,0.012,-0.003,0.023,-0.02,0.006,
0.0,-0.207,-0.218,-0.23,-0.283,-0.118,-0.166,-0.185,-0.143,-0.067,
0.0,0.003,0.0,-0.003,0.0,0.0,0.0,0.0,0.0,0.0,
0.0,-0.003,0.0,-0.141,-0.024,-0.009,-0.003,0.0,0.0,-0.006,
0.0,-0.133,-0.056,-0.181,-0.142,-0.13,-0.174,-0.141,-0.151,-0.092,
0.0,-0.294,-0.191,-0.224,-0.208,-0.151,-0.224,-0.197,-0.207,-0.203,
0.0,-0.149,-0.274,-0.23,-0.19,-0.219,-0.256,-0.282,-0.212,-0.225,
0.0,-0.117,-0.165,-0.092,-0.005,-0.098,-0.122,-0.161,-0.103,-0.085,
0.0,-0.027,-0.03,0.026,-0.083,0.0,-0.02,0.0,-0.07,-0.04,
0.0,-0.149,-0.055,-0.129,-0.121,-0.208,-0.151,-0.051,-0.155,-0.186,
0.0,0.061,0.006,0.003,0.003,0.003,0.003,0.003,0.003,0.003,
0.0,-0.109,-0.29,-0.12,-0.058,-0.163,-0.14,-0.133,-0.131,-0.122,
0.0,-0.043,-0.003,0.006,0.006,0.009,0.009,0.009,0.009,0.009,
0.0,0.035,0.024,0.006,0.003,0.003,0.003,0.003,0.003,0.003,
0.0,-0.161,-0.187,-0.18,-0.099,0.003,-0.015,-0.006,0.006,0.003,
0.0,-0.117,-0.184,-0.197,-0.118,-0.119,-0.067,-0.183,-0.07,-0.065,
0.0,-0.083,0.005,0.057,0.076,0.06,0.049,0.099,0.038,0.112,
0.0,-0.158,-0.048,0.006,0.012,0.012,0.012,0.012,0.012,0.012,
0.0,-0.121,-0.122,-0.147,-0.15,-0.052,-0.139,-0.183,-0.107,-0.09,
0.0,-0.075,-0.068,-0.087,-0.031,-0.018,-0.012,0.023,0.138,0.168,
0.0,-0.248,-0.302,-0.286,-0.162,-0.046,-0.216,-0.168,-0.096,-0.155,
0.0,-0.065,-0.087,0.014,-0.065,-0.082,-0.08,-0.035,-0.049,-0.029,
0.0,0.017,-0.078,-0.029,-0.006,0.003,-0.006,0.0,0.076,0.012,
0.0,-0.042,-0.129,-0.068,-0.126,-0.17,-0.147,0.003,-0.034,-0.067,
0.0,0.006,0.027,0.072,0.015,0.009,0.009,0.003,0.015,0.003,
0.0,-0.122,-0.128,-0.192,-0.152,-0.123,-0.101,-0.167,-0.167,-0.254,
0.0,-0.097,0.063,0.056,-0.184,-0.087,-0.048,0.014,-0.036,-0.03,
0.0,0.013,-0.153,-0.026,-0.019,0.016,-0.114,-0.111,-0.082,-0.062,
0.0,-0.179,-0.129,-0.12,-0.186,-0.219,-0.104,-0.046,-0.196,-0.073,
0.0,0.016,-0.035,-0.048,-0.055,-0.044,-0.006,-0.018,-0.006,-0.003,
0.0,-0.056,-0.27,-0.323,-0.375,-0.313,-0.272,-0.291,-0.266,-0.189,
0.0,-0.059,-0.219,-0.233,-0.186,-0.192,-0.085,-0.021,-0.026,-0.071,
0.0,-0.211,-0.039,-0.018,0.003,-0.079,-0.061,-0.046,-0.16,-0.128,
0.0,-0.182,-0.072,-0.003,-0.073,-0.003,0.006,0.006,0.006,0.006,
0.0,-0.112,-0.151,-0.051,-0.185,-0.175,-0.098,-0.156,-0.113,-0.17,
0.0,0.029,0.057,0.012,0.003,0.078,0.041,0.018,0.012,0.009,
0.0,0.021,-0.177,0.032,-0.051,0.0,0.02,-0.012,0.009,0.042,
0.0,0.027,-0.054,-0.032,-0.012,-0.062,-0.009,-0.009,-0.003,-0.003,
0.0,-0.097,0.002,-0.061,-0.083,-0.019,0.006,-0.009,-0.103,-0.071,
0.0,-0.095,-0.203,-0.106,-0.129,-0.117,-0.173,-0.133,-0.094,-0.146,
0.0,-0.062,-0.172,-0.264,-0.103,-0.133,-0.065,-0.164,-0.007,-0.118,
0.0,-0.169,0.021,-0.051,-0.074,-0.059,-0.064,-0.096,-0.104,-0.097,
0.0,-0.02,-0.161,-0.184,-0.169,-0.089,-0.041,-0.096,-0.061,-0.048,
0.0,-0.273,-0.138,-0.094,-0.12,-0.105,-0.069,-0.095,-0.084,-0.1,
0.0,-0.172,-0.074,-0.053,-0.078,-0.022,-0.02,0.006,-0.006,-0.091,
0.0,-0.093,0.056,0.024,0.076,0.071,0.027,0.038,0.015,0.044,
0.0,-0.216,0.021,0.034,0.0,-0.006,0.003,0.003,0.003,0.003,
0.0,-0.081,-0.191,-0.117,-0.095,-0.006,0.022,0.026,0.039,-0.037,
0.0,-0.115,-0.186,-0.239,-0.306,-0.222,-0.109,-0.211,-0.172,-0.089,
0.0,0.005,-0.137,-0.038,-0.105,0.0,-0.044,-0.114,-0.107,0.005,
0.0,-0.04,-0.047,-0.067,-0.091,-0.041,-0.086,-0.029,-0.057,-0.16,
0.0,-0.196,-0.217,-0.165,-0.122,-0.098,-0.138,-0.122,-0.081,-0.024,
0.0,-0.144,-0.198,-0.162,-0.155,-0.194,-0.125,-0.086,-0.074,-0.132,
0.0,-0.171,-0.083,0.081,0.064,-0.099,-0.043,-0.012,-0.012,-0.003,
0.0,0.003,0.0,0.0,0.0,0.0,0.0,0.0,0.0,0.0,
0.0,-0.285,-0.156,-0.159,-0.158,-0.104,-0.212,-0.034,-0.105,-0.181,
0.0,-0.095,-0.188,-0.142,-0.151,-0.115,-0.113,-0.134,-0.172,-0.169,
0.0,-0.142,-0.217,-0.222,-0.214,-0.138,-0.139,-0.135,-0.135,-0.116,
0.0,-0.04,0.138,0.158,0.107,0.044,0.018,0.021,0.021,0.003,
0.0,-0.063,-0.157,-0.098,-0.026,-0.015,-0.035,-0.038,-0.199,-0.083,
0.0,-0.085,-0.031,-0.06,-0.103,-0.163,-0.127,-0.101,-0.211,-0.123,
0.0,-0.263,-0.215,-0.052,-0.095,-0.128,-0.178,-0.07,-0.125,0.003,
0.0,-0.212,-0.073,-0.174,-0.231,-0.103,-0.17,-0.155,-0.129,-0.023,
0.0,-0.178,-0.257,-0.279,-0.218,-0.097,-0.121,-0.201,-0.092,-0.15,
0.0,-0.048,0.038,0.0,-0.006,-0.003,-0.006,0.055,0.018,0.012,
0.0,-0.152,0.003,-0.152,-0.159,-0.135,-0.135,-0.066,-0.053,-0.009,
0.0,-0.122,-0.116,-0.059,-0.124,-0.214,-0.186,-0.155,-0.188,-0.066,
0.0,-0.101,-0.029,-0.018,-0.003,0.0,-0.026,0.0,0.0,0.0,
0.0,-0.039,-0.019,0.033,-0.051,-0.04,0.102,0.064,0.0,-0.015,
0.0,-0.26,-0.221,-0.2,-0.172,-0.162,-0.124,-0.176,-0.131,-0.1,
0.0,-0.013,-0.124,-0.197,-0.189,-0.058,-0.024,0.003,0.006,0.006,
0.0,-0.239,-0.178,-0.091,-0.092,-0.029,-0.007,0.03,-0.125,-0.145,
0.0,-0.09,-0.143,-0.227,-0.278,-0.172,-0.124,-0.239,-0.184,-0.21,
0.0,-0.088,0.014,0.015,-0.009,-0.113,-0.049,-0.006,-0.055,-0.018,
0.0,0.007,-0.208,-0.135,-0.107,-0.112,-0.062,-0.043,-0.012,-0.012,
0.0,0.045,0.039,0.039,0.036,0.036,0.036,0.036,0.036,0.036,
0.0,-0.05,-0.054,-0.199,-0.212,-0.194,-0.19,-0.155,-0.112,-0.144,
0.0,-0.043,0.0,0.006,0.006,0.006,0.006,0.006,0.006,0.006,
0.0,-0.165,-0.213,-0.122,-0.076,-0.173,-0.033,-0.029,-0.016,-0.046,
0.0,-0.206,-0.214,-0.18,-0.145,-0.063,-0.045,-0.091,-0.014,-0.02,
0.0,-0.123,-0.098,-0.172,-0.185,-0.167,-0.153,-0.065,-0.109,-0.062,
0.0,-0.136,-0.154,-0.075,-0.005,-0.064,-0.047,-0.123,-0.067,-0.045,
0.0,-0.081,-0.024,0.09,-0.025,0.003,-0.045,-0.003,-0.018,0.104,
0.0,0.022,-0.013,-0.017,-0.014,-0.032,-0.021,0.019,-0.051,-0.042,
0.0,-0.208,-0.127,-0.083,-0.049,-0.104,-0.109,-0.2,-0.14,-0.095,
0.0,-0.035,-0.291,-0.167,-0.195,-0.13,-0.143,-0.123,-0.228,-0.125,
0.0,-0.099,-0.162,-0.117,-0.079,-0.14,-0.145,-0.023,-0.046,-0.104,
0.0,-0.162,-0.149,-0.181,-0.117,-0.101,-0.127,-0.084,-0.103,-0.052,
0.0,-0.019,-0.185,-0.196,-0.071,-0.095,-0.086,-0.028,-0.07,-0.05,
0.0,-0.003,0.043,-0.006,0.036,-0.113,-0.064,-0.111,-0.005,-0.074,
0.0,-0.19,-0.008,-0.137,-0.11,-0.129,-0.27,-0.064,-0.133,-0.138,
0.0,-0.118,-0.05,-0.023,-0.128,-0.136,-0.142,-0.051,-0.124,-0.098,
0.0,-0.259,-0.225,-0.246,-0.138,-0.142,-0.206,-0.228,-0.17,-0.126,
0.0,-0.152,-0.2,-0.073,-0.087,-0.118,-0.136,-0.12,0.005,-0.012,
0.0,-0.109,-0.088,-0.137,-0.233,-0.143,-0.137,-0.221,-0.253,-0.224,
0.0,-0.167,-0.083,-0.162,-0.21,-0.169,-0.105,-0.051,-0.046,-0.12,
0.0,-0.147,-0.119,-0.114,-0.128,-0.21,-0.224,-0.146,-0.114,-0.076,
0.0,-0.157,-0.14,-0.239,-0.117,-0.215,-0.21,-0.178,-0.265,-0.182,
0.0,-0.125,-0.186,-0.192,-0.255,-0.208,-0.218,-0.24,-0.201,-0.17,
0.0,0.103,0.071,0.061,0.059,0.059,0.059,0.059,0.059,0.059,
0.0,-0.087,-0.108,-0.112,-0.152,-0.113,-0.118,-0.148,-0.106,-0.085,
0.0,-0.209,-0.157,-0.146,-0.082,-0.217,-0.134,-0.204,-0.152,-0.098,
0.0,-0.165,-0.139,-0.175,-0.006,-0.181,-0.206,-0.128,-0.065,-0.152,
0.0,-0.168,-0.064,0.032,0.024,0.048,0.0,-0.116,-0.104,-0.025,
0.0,-0.083,-0.255,-0.16,-0.094,-0.167,-0.14,-0.145,-0.208,-0.183,
0.0,-0.174,-0.233,-0.186,-0.18,-0.185,-0.087,-0.133,-0.203,-0.254,
0.0,0.029,-0.055,-0.055,-0.012,-0.05,-0.064,0.003,0.006,0.003,
0.0,-0.084,-0.02,-0.003,0.0,0.0,0.0,0.0,0.0,0.0,
0.0,-0.033,0.057,-0.006,0.003,-0.012,-0.024,-0.003,0.0,0.0,
0.0,-0.134,-0.028,-0.133,-0.118,-0.149,-0.171,-0.205,-0.214,-0.167,
0.0,0.093,0.086,0.049,0.015,0.003,0.0,0.049,0.024,0.032,
0.0,-0.234,-0.178,-0.079,-0.152,-0.07,-0.147,-0.222,-0.068,-0.114,
0.0,-0.013,-0.062,-0.024,-0.003,0.0,0.0,0.0,0.0,0.0,
0.0,-0.107,-0.18,-0.218,-0.195,-0.183,-0.094,-0.076,-0.087,-0.082,
0.0,-0.116,-0.084,-0.085,-0.121,-0.054,-0.1,-0.206,-0.208,-0.192,
0.0,-0.152,-0.176,-0.224,-0.222,-0.094,-0.27,-0.071,-0.142,-0.08,
0.0,-0.122,-0.161,-0.23,-0.157,-0.076,-0.179,-0.14,-0.179,-0.235,
0.0,-0.059,-0.116,-0.028,-0.075,-0.062,-0.039,-0.156,-0.081,-0.069,
0.0,-0.109,-0.158,-0.103,-0.041,-0.024,-0.044,-0.006,0.0,0.0,
0.0,-0.144,-0.105,-0.16,-0.045,-0.059,-0.059,-0.055,-0.043,0.0,
0.0,-0.174,-0.187,-0.168,-0.138,-0.285,-0.184,-0.19,-0.296,-0.242,
0.0,0.003,-0.072,-0.015,0.009,0.009,0.012,0.006,0.009,0.006,
0.0,-0.157,-0.221,-0.266,-0.127,-0.166,-0.231,-0.252,-0.211,-0.169,
0.0,-0.017,0.009,0.058,0.012,0.006,0.006,0.006,0.006,0.006,
0.0,0.005,-0.053,-0.018,0.018,0.021,0.021,0.021,0.021,0.021,
0.0,-0.008,-0.054,-0.021,-0.003,0.0,0.0,0.0,0.0,0.0,
0.0,-0.148,-0.154,-0.138,-0.159,-0.166,-0.102,-0.118,-0.135,-0.186,
0.0,-0.073,-0.067,0.014,-0.005,0.011,-0.205,-0.108,-0.134,-0.084,
0.0,-0.007,-0.129,-0.1,-0.138,-0.073,-0.108,-0.114,-0.034,0.041,
0.0,-0.162,-0.144,-0.072,-0.053,-0.015,-0.015,-0.012,-0.003,-0.003,
0.0,-0.035,0.065,0.118,0.049,0.057,0.057,0.118,-0.036,-0.103,
0.0,0.019,0.003,0.003,0.003,0.003,0.003,0.003,0.003,0.003,
0.0,0.02,-0.012,-0.018,0.0,0.003,0.003,0.003,0.003,0.003,
0.0,-0.099,-0.153,0.047,-0.005,0.034,-0.019,0.014,0.0,0.023,
0.0,0.034,0.015,0.018,0.003,0.003,0.003,0.003,0.003,0.003,
0.0,-0.055,-0.022,-0.21,-0.211,-0.161,-0.187,-0.035,-0.081,-0.143,
0.0,-0.151,-0.176,-0.157,-0.177,-0.174,-0.102,-0.201,-0.132,-0.144,
0.0,0.049,-0.162,-0.166,-0.088,-0.024,-0.044,-0.07,0.067,0.053,
0.0,0.411,0.222,0.297,0.122,0.12,0.12,0.12,0.12,0.12,
0.0,-0.078,-0.069,-0.084,-0.102,-0.048,0.003,0.006,0.006,0.006,
0.0,0.07,0.051,-0.035,0.011,0.0,0.003,-0.043,-0.281,-0.153,
0.0,-0.127,-0.064,-0.056,-0.145,-0.06,-0.038,-0.018,-0.003,-0.003,
0.0,-0.052,-0.009,-0.009,0.009,0.012,0.012,0.012,0.012,0.012,
0.0,-0.089,-0.07,0.036,0.011,-0.089,-0.096,0.014,-0.014,0.011,
0.0,-0.196,-0.165,-0.068,-0.038,-0.179,-0.136,-0.03,-0.17,-0.073,
0.0,-0.07,-0.06,0.003,-0.032,0.0,0.0,0.0,0.0,0.0,
0.0,-0.16,-0.166,-0.205,-0.115,-0.087,-0.127,-0.079,-0.124,-0.097,
0.0,-0.21,-0.189,-0.106,-0.173,-0.233,-0.244,-0.176,-0.14,-0.07,
0.0,0.003,-0.097,-0.018,0.0,-0.04,-0.006,0.0,0.003,0.003,
0.0,-0.171,-0.127,-0.124,-0.115,-0.127,-0.15,-0.065,-0.122,-0.011,
0.0,0.058,-0.196,-0.254,-0.084,-0.137,-0.087,-0.084,-0.141,-0.102,
0.0,-0.13,-0.057,-0.206,-0.013,0.013,-0.008,0.003,-0.033,-0.082,
0.0,-0.066,-0.076,-0.057,-0.127,-0.164,-0.131,-0.105,-0.147,-0.126,
0.0,-0.154,-0.155,-0.087,-0.14,-0.033,-0.086,-0.008,0.051,0.011,
0.0,-0.059,-0.073,0.024,0.052,-0.032,0.0,-0.006,0.0,0.06,
0.0,0.11,0.027,0.006,0.003,0.003,0.003,0.003,0.003,0.003,
0.0,-0.081,-0.025,-0.065,-0.065,-0.12,-0.073,-0.038,-0.015,-0.041,
0.0,-0.071,-0.075,-0.256,-0.26,-0.187,-0.145,-0.125,-0.152,-0.153,
0.0,0.037,0.073,0.06,0.035,0.027,0.068,0.083,0.032,0.049,
0.0,-0.148,-0.269,-0.202,-0.044,-0.037,-0.103,-0.093,-0.071,-0.175,
0.0,-0.124,-0.147,-0.11,-0.183,-0.111,-0.098,-0.12,-0.178,-0.205,
0.0,0.068,0.08,0.009,0.0,0.054,0.052,0.012,0.006,0.003,
0.0,-0.215,-0.07,-0.096,-0.035,-0.092,-0.068,-0.007,0.033,-0.086,
0.0,-0.24,-0.187,-0.061,-0.049,-0.04,-0.009,-0.032,0.003,-0.054,
0.0,0.112,0.058,0.058,0.058,0.058,0.058,0.058,0.058,0.058,
0.0,-0.233,-0.282,-0.179,-0.246,-0.264,-0.165,-0.258,-0.132,-0.1,
0.0,-0.105,0.028,-0.188,-0.264,-0.099,-0.154,-0.161,-0.178,-0.13,
0.0,-0.11,-0.132,-0.269,-0.165,-0.152,-0.178,-0.076,-0.186,-0.099,
0.0,-0.176,-0.159,-0.161,-0.095,-0.115,-0.191,-0.155,-0.205,-0.182,
0.0,-0.207,-0.171,-0.177,-0.105,-0.226,-0.248,-0.16,-0.27,-0.127,
0.0,-0.097,-0.124,-0.111,0.008,0.003,-0.016,-0.031,-0.039,0.042,
0.0,-0.011,0.051,0.143,0.064,0.024,0.009,0.006,0.015,0.012,
0.0,-0.111,-0.22,-0.108,-0.177,-0.239,-0.171,-0.217,-0.168,-0.147,
0.0,-0.161,-0.135,-0.169,-0.215,-0.106,-0.186,-0.19,-0.147,-0.084,
0.0,0.005,-0.046,-0.077,-0.081,-0.081,-0.144,-0.013,-0.025,-0.098,
0.0,-0.02,-0.061,-0.144,-0.098,-0.12,-0.073,-0.193,-0.22,-0.218,
0.0,-0.112,-0.14,-0.1,-0.098,-0.17,-0.055,0.022,0.036,0.064,
0.0,-0.09,-0.061,-0.026,-0.101,-0.039,0.03,-0.079,-0.086,-0.104,
0.0,-0.121,-0.245,-0.13,-0.192,-0.238,-0.162,-0.228,-0.192,-0.129,
0.0,-0.099,-0.229,-0.244,-0.224,-0.245,-0.211,-0.192,-0.142,-0.142,
0.0,-0.154,-0.078,-0.151,-0.098,-0.061,-0.039,-0.187,-0.209,-0.099,
0.0,-0.128,-0.122,-0.02,-0.117,-0.12,-0.052,-0.133,-0.042,-0.048,
0.0,-0.196,-0.209,-0.195,-0.256,-0.14,-0.107,-0.184,-0.078,-0.173,
0.0,-0.062,-0.124,-0.107,-0.042,0.063,-0.093,0.011,0.018,-0.086,
0.0,-0.109,-0.036,0.005,-0.054,0.013,-0.064,0.008,0.024,-0.081,
0.0,-0.193,-0.123,-0.131,-0.163,-0.065,-0.078,-0.026,-0.009,-0.1,
0.0,0.0,-0.143,-0.222,-0.133,-0.124,-0.073,-0.032,0.009,0.003,
0.0,-0.212,-0.149,-0.054,-0.049,-0.057,-0.057,-0.006,-0.018,-0.003,
0.0,-0.037,0.018,0.028,0.028,0.028,0.028,0.028,0.028,0.028,
0.0,-0.12,-0.138,-0.055,-0.086,-0.118,-0.122,-0.115,-0.198,-0.154,
0.0,-0.101,-0.019,-0.037,-0.009,0.003,0.0,0.0,0.0,0.0,
0.0,-0.081,-0.033,-0.051,-0.06,-0.074,-0.095,-0.159,-0.068,-0.138,
0.0,0.003,-0.056,-0.015,0.035,-0.084,-0.026,-0.044,-0.009,0.0,
0.0,-0.054,-0.012,-0.003,0.006,0.006,0.006,0.006,0.006,0.006,
0.0,-0.069,-0.128,-0.133,-0.117,-0.102,-0.104,-0.137,-0.114,-0.123,
0.0,-0.179,-0.214,-0.147,-0.204,-0.241,-0.153,-0.202,-0.2,-0.237,
0.0,-0.239,-0.188,-0.163,-0.034,-0.09,-0.164,-0.087,-0.098,-0.173,
0.0,-0.298,-0.173,-0.297,-0.235,-0.115,-0.174,-0.159,-0.2,-0.144,
0.0,-0.128,-0.12,-0.267,-0.114,-0.2,-0.189,-0.078,-0.034,-0.151,
0.0,-0.174,-0.147,-0.151,-0.144,-0.101,-0.038,-0.054,0.009,-0.074,
0.0,0.042,0.048,0.069,-0.023,-0.021,0.006,0.009,0.024,0.006,
0.0,-0.017,-0.003,0.0,0.003,0.003,0.003,0.003,0.018,0.006,
0.0,-0.111,-0.095,0.003,-0.103,-0.06,-0.077,-0.063,-0.009,0.037,
0.0,0.063,0.034,0.034,0.034,0.034,0.034,0.034,0.034,0.034,
0.0,-0.06,-0.049,-0.006,0.006,0.006,0.009,0.015,0.009,0.009,
0.0,0.0,-0.024,-0.003,-0.015,-0.003,-0.015,-0.003,-0.015,-0.003,
0.0,-0.045,-0.037,-0.064,-0.065,-0.104,-0.069,-0.017,0.071,-0.098,
0.0,-0.12,0.029,0.008,-0.064,0.052,0.054,0.078,0.076,0.044,
0.0,-0.177,-0.157,-0.158,-0.143,-0.128,-0.086,-0.126,-0.039,0.002,
0.0,0.067,-0.068,0.015,0.009,0.006,0.006,0.006,0.006,0.006,
0.0,-0.219,-0.208,-0.157,-0.06,-0.07,-0.152,-0.074,-0.224,-0.156,
0.0,-0.217,-0.124,-0.094,-0.236,-0.109,-0.053,-0.056,0.003,0.006,
0.0,-0.168,0.068,-0.089,-0.165,0.052,-0.063,0.048,0.075,0.032,
0.0,-0.061,-0.203,-0.177,-0.154,-0.072,-0.172,-0.093,-0.058,-0.167,
0.0,-0.231,-0.062,-0.068,-0.049,-0.304,-0.145,-0.049,-0.015,0.0,
0.0,-0.235,-0.234,-0.173,-0.16,-0.116,-0.15,-0.138,-0.084,-0.167,
0.0,-0.019,0.024,0.011,0.04,0.009,0.029,0.024,0.081,0.041,
0.0,-0.04,-0.171,-0.139,-0.11,-0.025,0.016,-0.046,-0.014,-0.097,
0.0,-0.017,0.003,0.058,-0.014,-0.014,-0.044,-0.071,-0.102,-0.027,
0.0,-0.058,-0.052,-0.026,0.006,0.003,0.003,0.003,0.135,0.018,
0.0,-0.157,-0.14,-0.165,-0.074,-0.033,-0.015,0.0,0.0,0.0,
0.0,-0.045,-0.112,-0.075,-0.151,-0.03,-0.087,-0.094,-0.051,-0.047,
0.0,-0.264,-0.104,-0.133,-0.111,-0.143,-0.053,0.021,-0.085,-0.128,
0.0,-0.247,-0.244,-0.121,-0.03,-0.099,-0.142,-0.039,-0.128,-0.135,
0.0,-0.123,-0.011,0.041,-0.05,-0.072,-0.067,-0.087,-0.089,-0.152,
0.0,-0.124,-0.106,-0.021,0.012,0.003,0.015,0.009,0.006,0.012,
0.0,-0.085,-0.038,-0.005,-0.14,-0.12,0.006,0.046,-0.065,-0.047,
0.0,-0.155,-0.024,0.003,0.003,0.003,0.003,0.003,0.003,0.003,
0.0,-0.051,-0.04,0.003,-0.003,-0.097,-0.155,-0.085,-0.041,-0.047,
0.0,-0.259,-0.197,-0.229,-0.149,-0.248,-0.211,-0.127,-0.171,-0.199,
0.0,-0.261,-0.185,-0.102,-0.127,-0.059,-0.042,-0.003,0.022,-0.003,
0.0,-0.165,-0.087,-0.127,-0.099,-0.091,0.009,-0.137,-0.072,-0.04,
0.0,-0.197,-0.033,-0.09,-0.007,-0.106,-0.05,-0.118,-0.133,-0.016,
0.0,-0.121,-0.063,-0.098,-0.008,-0.009,-0.162,-0.161,-0.186,-0.104,
0.0,-0.014,-0.181,-0.231,-0.092,-0.194,-0.135,-0.044,-0.009,-0.006,
0.0,-0.051,0.0,-0.017,-0.047,-0.006,0.0,0.0,0.0,0.0,
0.0,-0.062,-0.062,-0.02,-0.269,-0.146,-0.113,-0.075,-0.06,-0.074,
0.0,-0.02,0.013,0.099,0.0,-0.066,0.0,-0.009,0.076,-0.049,
0.0,-0.073,-0.216,-0.184,-0.078,-0.025,-0.163,-0.13,-0.089,-0.177,
0.0,-0.124,-0.128,-0.045,-0.015,-0.019,-0.025,-0.003,-0.012,-0.003,
0.0,-0.029,-0.018,-0.053,-0.015,0.009,0.003,0.0,0.006,0.003,
0.0,-0.074,-0.044,0.032,-0.003,0.006,0.077,-0.048,-0.017,0.0,
0.0,-0.084,0.055,-0.017,-0.04,-0.067,0.015,0.0,-0.003,-0.003,
0.0,0.04,0.014,-0.05,-0.127,-0.144,-0.049,0.026,0.056,-0.045,
0.0,-0.108,-0.095,-0.134,-0.104,-0.123,-0.243,-0.158,-0.058,-0.025,
0.0,-0.12,-0.042,0.023,0.012,-0.041,-0.158,-0.054,0.006,0.003,
0.0,-0.142,-0.143,-0.172,-0.223,-0.088,-0.219,-0.164,-0.201,-0.225,
0.0,-0.149,-0.196,-0.134,-0.216,-0.146,-0.095,-0.1,-0.09,-0.2,
0.0,-0.099,0.006,-0.055,-0.003,0.03,0.003,0.0,0.0,0.0,
0.0,-0.051,-0.174,-0.101,-0.047,-0.003,0.0,0.0,0.0,0.0,
0.0,-0.106,-0.054,0.011,0.037,0.046,0.006,0.006,0.041,0.058,
0.0,0.063,-0.131,-0.141,-0.066,-0.071,-0.106,-0.022,-0.121,-0.122,
0.0,0.131,0.081,0.062,0.062,0.034,0.034,0.034,0.034,0.034,
0.0,-0.045,-0.138,-0.098,-0.081,-0.125,-0.088,-0.061,-0.063,-0.077,
0.0,-0.134,-0.095,-0.051,-0.132,-0.166,-0.14,-0.084,-0.114,-0.104,
0.0,0.003,-0.071,-0.075,-0.053,-0.099,-0.073,-0.091,-0.077,-0.092,
0.0,-0.067,-0.179,-0.232,-0.12,-0.269,-0.159,-0.186,-0.16,-0.164,
0.0,-0.142,-0.016,-0.09,-0.053,-0.031,-0.036,0.065,0.045,-0.014,
0.0,-0.194,-0.09,-0.099,-0.178,-0.137,-0.092,-0.17,-0.095,-0.037,
0.0,-0.086,-0.054,-0.056,-0.033,-0.025,-0.015,-0.019,0.0,0.0,
0.0,-0.171,-0.024,-0.147,-0.05,-0.03,-0.009,0.0,0.0,0.0,
0.0,-0.15,-0.126,-0.172,-0.207,-0.101,-0.075,-0.077,-0.021,-0.056,
0.0,-0.014,-0.006,0.0,0.0,0.0,0.0,0.0,0.0,0.0,
0.0,-0.066,-0.07,-0.201,-0.207,-0.171,-0.116,-0.137,-0.076,-0.148,
0.0,-0.105,-0.042,-0.125,-0.096,-0.093,-0.15,-0.024,-0.085,-0.018,
0.0,0.047,0.006,0.003,0.003,0.003,0.003,0.003,0.003,0.003,
0.0,-0.101,-0.064,-0.015,0.0,0.003,0.003,0.006,0.006,0.006,
0.0,-0.028,-0.165,-0.023,-0.08,-0.032,-0.12,-0.069,-0.012,-0.042,
0.0,0.069,0.037,0.037,0.037,0.037,0.037,0.037,0.037,0.037,
0.0,-0.123,-0.261,-0.159,-0.231,-0.148,-0.184,-0.128,-0.218,-0.166,
0.0,0.034,0.044,0.0,0.0,0.0,0.0,0.0,0.0,0.0,
0.0,-0.025,-0.093,-0.097,-0.093,-0.039,-0.033,-0.003,-0.006,0.027,
0.0,-0.127,0.0,0.024,0.031,0.048,-0.044,-0.07,-0.085,-0.02,
0.0,-0.025,-0.009,0.0,0.0,0.0,0.0,0.0,0.0,0.0,
0.0,-0.18,-0.112,-0.027,-0.003,-0.003,-0.003,-0.003,-0.003,-0.003,
0.0,-0.05,0.021,0.012,0.019,0.003,0.003,0.003,0.003,0.003,
0.0,0.143,0.077,-0.13,-0.078,-0.017,-0.012,-0.021,0.074,0.021,
0.0,0.017,0.003,0.0,0.0,0.0,0.0,0.0,0.0,0.0,
0.0,-0.059,-0.006,0.003,0.003,0.003,0.003,0.003,0.003,0.003,
0.0,-0.045,-0.101,-0.096,-0.08,-0.144,0.062,0.011,-0.003,0.019,
0.0,-0.081,-0.045,0.061,0.03,0.087,0.044,0.036,0.058,0.103,
0.0,-0.14,-0.115,-0.088,-0.055,-0.056,-0.065,-0.081,-0.1,-0.065,
0.0,-0.179,0.093,-0.047,0.114,-0.013,0.082,0.105,0.11,0.107,
0.0,-0.191,-0.134,-0.051,-0.053,-0.003,-0.089,0.024,0.026,-0.003,
0.0,-0.098,-0.118,-0.203,-0.089,-0.048,-0.048,-0.009,-0.075,-0.012,
0.0,-0.189,-0.202,-0.058,-0.027,-0.064,-0.08,-0.042,-0.018,-0.056,
0.0,-0.138,-0.114,0.03,-0.077,-0.03,-0.009,-0.047,-0.066,-0.009,
0.0,-0.051,-0.018,0.003,-0.116,0.057,-0.046,-0.043,-0.032,0.11,
0.0,-0.093,-0.113,-0.172,-0.101,-0.101,-0.144,-0.056,-0.077,-0.091,
0.0,0.033,0.016,0.016,0.016,0.016,0.016,0.016,0.016,0.016,
0.0,-0.135,-0.073,-0.136,-0.238,-0.085,-0.124,-0.232,-0.188,-0.245,
0.0,0.0,0.012,0.003,0.0,0.0,0.0,0.0,0.0,0.0,
0.0,0.105,0.028,0.022,0.022,0.022,0.022,0.022,0.022,0.022,
0.0,-0.135,-0.027,-0.009,0.021,-0.003,0.0,0.0,0.0,0.0,
0.0,0.12,0.016,0.016,0.016,0.016,0.016,0.016,0.016,0.016,
0.0,-0.098,-0.03,-0.12,-0.037,-0.034,-0.055,-0.075,-0.109,-0.066,
0.0,-0.144,-0.13,-0.162,-0.142,-0.17,-0.072,-0.081,-0.194,-0.072,
0.0,-0.113,-0.101,-0.095,0.042,-0.168,-0.073,-0.05,-0.129,-0.154,
0.0,-0.17,-0.095,-0.106,-0.1,-0.159,-0.126,-0.136,-0.056,-0.107,
0.0,-0.179,-0.104,0.005,-0.008,-0.017,-0.026,-0.06,-0.134,-0.085,
0.0,-0.207,-0.124,-0.104,-0.119,-0.124,-0.131,-0.147,-0.131,-0.117,
0.0,0.025,0.119,0.059,0.033,0.106,0.039,0.012,0.0,0.0,
0.0,-0.07,-0.134,-0.112,-0.151,-0.053,-0.097,-0.053,-0.048,-0.05,
0.0,-0.18,-0.104,-0.027,0.033,0.085,0.042,-0.034,0.003,-0.022,
0.0,-0.158,-0.264,-0.284,-0.122,-0.26,-0.223,-0.264,-0.253,-0.308,
0.0,-0.046,0.008,-0.016,0.058,0.106,0.05,-0.022,0.059,0.053,
0.0,-0.204,-0.126,0.015,-0.049,-0.063,-0.013,-0.06,-0.029,-0.011,
0.0,0.018,0.006,0.003,0.006,0.009,0.009,0.009,0.009,0.009,
0.0,-0.1,-0.092,-0.19,-0.074,-0.028,-0.076,-0.09,-0.024,-0.032,
0.0,-0.061,0.052,0.093,0.128,0.057,0.055,0.012,0.036,0.036,
0.0,-0.185,-0.13,-0.243,-0.227,-0.093,-0.097,-0.066,-0.089,-0.177,
0.0,0.031,-0.125,-0.101,-0.179,-0.064,-0.161,-0.138,-0.099,-0.221,
0.0,-0.176,-0.21,-0.16,-0.182,-0.126,-0.111,-0.138,-0.079,-0.099,
0.0,-0.139,-0.02,-0.015,-0.058,-0.064,-0.102,-0.095,-0.039,-0.039,
0.0,0.047,-0.078,-0.163,-0.093,-0.009,-0.003,0.0,0.0,0.0,
0.0,-0.056,-0.073,-0.096,-0.064,-0.006,-0.018,0.0,0.003,0.003,
0.0,0.114,0.039,-0.073,-0.188,-0.051,-0.139,-0.145,-0.042,-0.189,
0.0,-0.018,-0.006,0.003,0.009,0.018,0.006,0.003,0.003,0.003,
0.0,0.0,0.0,0.003,0.003,0.003,0.003,0.003,0.003,0.003,
0.0,0.037,-0.161,-0.183,-0.12,0.016,-0.005,-0.122,-0.089,-0.028,
0.0,-0.178,-0.245,-0.207,-0.14,-0.119,-0.099,-0.089,-0.078,-0.084,
0.0,-0.18,-0.18,-0.162,-0.138,-0.116,-0.155,-0.16,-0.17,-0.089,
0.0,-0.051,-0.059,-0.085,-0.091,-0.067,-0.13,-0.089,-0.019,-0.088,
0.0,-0.182,-0.108,-0.033,-0.042,-0.003,-0.018,-0.003,0.0,0.0,
0.0,-0.058,-0.021,-0.048,-0.051,-0.121,-0.083,-0.009,-0.012,-0.048,
0.0,0.0,0.003,0.0,0.0,0.0,0.0,0.0,0.0,0.0,
0.0,-0.061,-0.191,-0.183,-0.091,-0.18,-0.105,-0.206,-0.055,-0.106,
0.0,0.152,0.151,0.097,0.095,0.097,0.05,0.129,0.097,0.071,
0.0,-0.1,0.013,-0.073,-0.165,-0.099,-0.23,-0.085,-0.095,-0.036,
0.0,0.047,0.049,0.015,0.019,0.019,0.019,0.019,0.019,0.019,
0.0,0.041,0.039,0.048,0.015,0.009,0.009,0.009,0.009,0.009,
0.0,-0.107,-0.145,-0.074,-0.107,-0.107,-0.033,-0.053,-0.097,-0.039,
0.0,-0.014,-0.021,0.044,0.052,0.074,0.166,0.08,0.098,0.085,
0.0,-0.022,-0.003,0.003,0.003,0.003,0.003,0.003,0.003,0.003,
0.0,-0.098,-0.172,-0.1,-0.011,0.015,0.05,0.012,0.036,0.027,
0.0,-0.117,-0.13,-0.121,-0.226,-0.125,-0.06,-0.114,-0.092,-0.112,
0.0,-0.186,-0.064,-0.072,-0.108,-0.09,-0.099,-0.131,-0.035,-0.105,
0.0,-0.07,-0.132,-0.189,-0.043,-0.061,-0.079,-0.017,-0.121,-0.159,
0.0,0.067,0.067,0.039,0.022,0.022,0.022,0.022,0.022,0.022,
0.0,-0.128,0.019,0.022,0.022,0.022,0.022,0.022,0.022,0.022,
0.0,0.011,0.015,0.003,0.009,0.009,0.009,0.009,0.009,0.009,
0.0,0.107,0.024,0.03,0.015,0.012,0.003,0.0,0.0,0.0,
0.0,-0.027,0.033,0.009,0.003,0.0,0.0,0.0,0.0,0.0,
0.0,-0.217,-0.127,-0.02,-0.071,-0.079,-0.105,-0.092,-0.015,0.0,
0.0,-0.149,-0.168,-0.226,-0.189,-0.056,-0.128,-0.05,-0.118,-0.076,
0.0,-0.12,-0.049,-0.051,-0.074,-0.047,-0.048,-0.167,-0.136,-0.044,
0.0,-0.088,0.045,0.091,0.056,-0.025,-0.058,-0.032,-0.032,-0.022,
0.0,-0.159,-0.222,-0.146,-0.155,-0.1,-0.061,-0.072,-0.077,-0.102,
0.0,-0.114,-0.192,-0.072,-0.214,-0.103,-0.136,-0.056,-0.098,-0.085,
0.0,-0.134,-0.008,-0.082,0.068,-0.07,-0.161,0.006,-0.108,-0.129,
0.0,-0.106,-0.024,-0.019,-0.093,-0.132,-0.088,-0.064,-0.024,-0.118,
0.0,-0.137,-0.114,0.003,-0.076,-0.108,0.021,0.085,-0.094,-0.07,
0.0,-0.064,0.016,-0.027,-0.008,-0.029,-0.119,-0.04,0.035,-0.03,
0.0,0.012,0.006,0.006,0.006,0.006,0.006,0.006,0.006,0.006,
0.0,-0.067,-0.039,-0.057,-0.03,-0.089,-0.044,0.016,-0.118,-0.098,
0.0,0.01,0.022,0.003,0.003,0.003,0.0,0.0,0.003,0.0,
0.0,0.139,0.082,0.053,0.009,0.006,0.006,0.006,0.006,0.006,
0.0,-0.305,-0.122,-0.292,-0.165,-0.12,-0.134,-0.146,-0.093,-0.151,
0.0,-0.068,-0.03,-0.012,0.003,0.003,0.0,0.0,0.0,0.0,
0.0,0.008,-0.103,-0.034,-0.097,0.064,-0.038,-0.075,-0.082,-0.027,
0.0,-0.064,-0.129,-0.141,-0.052,-0.158,-0.072,-0.036,-0.061,-0.078,
0.0,-0.022,-0.144,-0.152,-0.197,-0.169,-0.121,-0.126,-0.066,-0.085,
0.0,-0.085,-0.034,0.014,0.052,-0.03,-0.02,0.0,0.003,0.06,
0.0,0.04,0.055,0.088,0.033,0.003,0.003,0.0,0.0,0.0,
0.0,-0.129,0.15,0.057,0.015,0.003,0.003,0.003,0.003,0.003,
0.0,0.003,-0.08,-0.027,-0.045,-0.006,0.0,0.0,0.0,0.0,
0.0,-0.168,-0.138,-0.083,-0.155,-0.054,-0.095,-0.105,-0.149,-0.187,
0.0,0.096,0.014,-0.068,-0.139,-0.016,0.05,-0.039,0.026,0.021,
0.0,-0.211,-0.152,-0.225,-0.123,-0.127,-0.206,-0.225,-0.165,-0.178,
0.0,-0.196,-0.162,-0.052,-0.107,-0.066,-0.211,-0.078,-0.093,-0.099,
0.0,-0.16,0.016,0.041,0.084,0.041,-0.06,-0.039,-0.003,0.083,
0.0,-0.217,-0.103,-0.015,-0.006,-0.003,0.0,0.0,0.0,0.0,
0.0,-0.101,-0.198,-0.161,-0.199,-0.098,-0.167,-0.14,-0.086,-0.262,
0.0,-0.046,-0.053,-0.021,-0.039,-0.039,-0.113,-0.077,-0.077,-0.086,
0.0,-0.082,-0.149,-0.063,-0.086,-0.07,-0.067,-0.021,0.0,0.0,
0.0,-0.102,-0.117,-0.283,-0.125,-0.083,-0.147,-0.151,-0.112,-0.08,
0.0,-0.052,-0.02,0.095,0.137,0.101,0.059,0.067,0.091,0.05,
0.0,0.024,0.006,0.003,0.003,0.003,0.003,0.003,0.003,0.003,
0.0,-0.028,0.047,-0.174,-0.064,-0.013,-0.151,-0.027,0.014,-0.124,
0.0,-0.124,0.011,-0.02,0.028,-0.015,0.034,0.015,0.015,0.027,
0.0,-0.18,-0.058,-0.026,0.003,0.039,0.039,0.003,0.0,0.0,
0.0,-0.114,-0.044,-0.039,-0.096,-0.085,-0.132,-0.042,-0.018,-0.006,
0.0,-0.031,-0.099,-0.02,-0.046,-0.003,-0.003,-0.003,0.0,0.0,
0.0,-0.182,-0.078,-0.033,-0.033,-0.053,-0.051,-0.091,-0.053,-0.024,
0.0,-0.116,0.036,0.0,-0.003,0.0,-0.021,0.0,0.003,0.003,
0.0,0.012,0.012,0.006,0.003,0.003,0.0,0.003,0.0,0.003,
0.0,-0.053,-0.061,-0.063,-0.069,-0.023,0.0,0.0,0.0,0.058,
0.0,-0.003,-0.003,-0.003,-0.003,-0.003,-0.003,-0.003,-0.003,-0.003,
0.0,-0.095,-0.024,-0.015,-0.003,0.0,0.0,0.0,0.0,0.0,
0.0,-0.101,-0.036,0.057,0.087,0.092,0.021,-0.003,0.006,-0.006,
0.0,-0.115,-0.044,-0.072,-0.174,-0.034,-0.028,-0.042,-0.081,0.011,
0.0,-0.095,-0.134,-0.012,-0.036,-0.042,-0.024,-0.08,-0.03,-0.024,
0.0,-0.124,-0.021,-0.104,-0.21,-0.053,-0.028,-0.133,-0.054,-0.073,
0.0,0.133,0.186,0.11,0.067,0.024,0.03,0.006,0.003,0.003,
0.0,-0.094,-0.174,-0.191,-0.075,-0.163,-0.196,-0.307,-0.14,-0.176,
0.0,-0.211,-0.136,-0.174,-0.095,-0.119,-0.119,-0.204,-0.029,-0.115,
0.0,0.013,-0.012,-0.036,-0.048,-0.006,-0.053,-0.045,-0.062,-0.018,
0.0,-0.174,-0.129,-0.176,-0.26,-0.154,-0.19,-0.107,-0.204,-0.167,
0.0,-0.129,-0.075,-0.024,-0.024,0.0,-0.033,-0.003,-0.003,0.0,
0.0,-0.181,-0.022,-0.08,-0.107,-0.177,-0.254,-0.141,-0.132,-0.088,
0.0,0.023,0.05,0.07,0.119,0.081,0.081,0.062,0.024,0.056,
0.0,-0.058,-0.021,0.009,0.003,0.003,0.003,0.003,0.003,0.003,
0.0,-0.273,-0.209,-0.112,-0.208,-0.149,-0.157,-0.113,-0.191,-0.093,
0.0,0.0,0.0,0.0,0.0,0.0,0.0,0.0,0.0,0.0,
0.0,0.032,-0.075,-0.183,-0.056,-0.051,-0.036,-0.086,0.0,0.006,
0.0,-0.205,-0.064,-0.003,0.0,-0.006,0.0,0.0,0.0,0.0,
0.0,-0.02,-0.006,-0.052,-0.05,-0.012,-0.006,-0.009,-0.006,-0.006,
0.0,-0.192,-0.163,-0.184,-0.178,-0.086,-0.081,-0.099,-0.094,-0.053,
0.0,-0.1,-0.199,-0.072,-0.125,-0.047,-0.047,-0.003,-0.009,0.0,
0.0,-0.135,-0.143,-0.11,-0.066,-0.102,-0.12,-0.173,-0.143,-0.156,
0.0,-0.057,-0.153,-0.065,-0.038,-0.14,-0.138,-0.084,-0.124,-0.031,
0.0,0.06,0.106,0.053,0.021,0.009,0.098,0.096,0.009,0.003,
0.0,-0.143,-0.015,-0.02,-0.097,-0.061,-0.043,-0.034,-0.122,-0.083,
0.0,-0.059,0.016,-0.028,-0.074,-0.083,-0.095,-0.051,-0.014,-0.012,
0.0,-0.155,-0.193,-0.216,-0.169,-0.178,-0.163,-0.14,-0.142,-0.225,
0.0,-0.14,-0.112,-0.097,-0.129,-0.092,-0.072,-0.066,-0.04,-0.042,
0.0,0.013,0.017,-0.09,-0.029,-0.032,-0.006,-0.06,-0.115,-0.062,
0.0,-0.137,-0.076,-0.094,-0.144,-0.219,-0.096,-0.078,-0.125,-0.07,
0.0,0.002,-0.075,-0.059,-0.005,-0.115,-0.011,0.067,0.021,0.015,
0.0,0.046,0.038,0.015,0.046,0.006,0.015,0.006,0.003,0.003,
0.0,-0.058,0.0,0.009,0.009,0.009,0.009,0.009,0.009,0.009,
0.0,-0.171,-0.194,-0.133,-0.133,-0.164,-0.194,-0.129,-0.149,-0.133,
0.0,0.089,0.047,-0.282,-0.155,-0.225,-0.219,-0.133,-0.014,-0.135,
0.0,-0.141,-0.183,-0.078,-0.028,-0.105,-0.05,-0.084,-0.059,-0.042,
0.0,-0.244,-0.263,-0.189,-0.207,-0.275,-0.156,-0.171,-0.152,-0.11,
0.0,-0.178,-0.077,-0.205,-0.12,-0.072,-0.003,0.003,0.003,0.003,
0.0,-0.143,-0.245,-0.182,-0.096,-0.226,-0.079,-0.162,-0.128,-0.06,
0.0,0.0,0.024,0.033,0.03,0.003,0.006,0.003,0.003,0.003,
0.0,-0.019,-0.085,-0.046,-0.066,-0.069,-0.161,-0.105,-0.117,-0.171,
0.0,0.089,-0.006,-0.079,-0.157,-0.014,-0.025,-0.078,0.003,-0.096,
0.0,-0.105,-0.233,-0.217,-0.255,-0.112,-0.111,-0.098,-0.14,-0.069,
0.0,-0.135,-0.018,-0.047,-0.012,-0.003,0.0,0.0,0.0,0.0,
0.0,-0.092,0.0,-0.022,-0.069,-0.088,-0.107,-0.006,0.003,-0.054,
0.0,0.011,-0.024,-0.021,-0.006,-0.003,0.003,0.0,0.0,0.0,
0.0,0.159,0.065,-0.029,0.043,0.015,0.003,0.038,0.006,0.009,
0.0,-0.036,0.012,-0.012,-0.003,0.006,0.003,0.003,0.003,0.003,
0.0,-0.093,-0.084,0.023,-0.03,-0.124,-0.115,-0.089,-0.041,-0.135,
0.0,-0.105,-0.223,-0.282,-0.332,-0.245,-0.212,-0.111,-0.102,-0.116,
0.0,-0.128,-0.109,-0.042,0.003,-0.083,-0.057,-0.076,-0.079,-0.036,
0.0,0.013,0.067,0.111,0.099,0.052,0.027,0.108,0.125,0.015,
0.0,-0.173,-0.148,-0.202,-0.186,-0.188,-0.064,-0.096,-0.123,-0.1,
0.0,0.092,0.021,0.003,0.003,0.003,0.003,0.003,0.027,0.006,
0.0,-0.092,0.118,0.079,-0.04,-0.049,-0.09,-0.086,-0.024,0.014,
0.0,-0.176,-0.178,-0.159,-0.155,-0.055,-0.069,-0.121,-0.116,-0.123,
0.0,0.099,0.022,0.009,0.006,0.006,0.006,0.006,0.006,0.006,
0.0,-0.174,-0.031,-0.093,-0.179,-0.146,-0.197,-0.099,-0.098,-0.091,
0.0,-0.104,0.012,-0.024,0.0,-0.021,-0.006,-0.053,-0.006,-0.018,
0.0,0.0,-0.093,-0.079,-0.058,-0.033,-0.077,-0.033,-0.006,-0.015,
0.0,-0.011,-0.033,-0.08,-0.11,-0.139,-0.12,-0.072,-0.036,-0.039,


